# NLO BK equation solver 0.0-dev build  (build Oct 13 2025 12:18:44)
# Initial condition: MV model, Q_s0^2 = 0.101849 GeV^2, \gamma = 2.7358, coefficient of E inside Log is 1, x0=0.01, \Lambda_QCD = 0.241 GeV
# # LO Kernel RC:  Parent dipole. NLO Kernel RC:  Parent dipole
# Nc=3, Nf=4
# Using RungeKutta method in K1
# Resumming double log
# Resumming single log, K_sub=0.65 resum rc: parent
# BK K1 integration relative accuracy: 0.02# NLO BK as^2 terms: MC integration method: Vegas, points=1000000
# Kinematical constraint: none
# Target kinematical constraint: disabled

###1.000000000000000e-05
###1.160836920850890e+00
###100
###1.000000000000000e+00
###0.000000000000000e+00
2.739756183366487e-30
6.124601812885000e-30
1.368940970287680e-29
3.059363652535118e-29
6.836212436957251e-29
1.527342929651765e-28
3.411870734464128e-28
7.620473574083300e-28
1.701778598508957e-27
3.799742043867920e-27
8.482684624406178e-27
1.893384405528715e-26
4.225407353807917e-26
9.428023379893424e-26
2.103259602983989e-25
4.691190503687644e-25
1.046137868188377e-24
2.332426943259667e-24
5.199217141060598e-24
1.158713429634131e-23
2.581782121470775e-23
5.751296615182275e-23
1.280889336729168e-22
2.852029570677931e-22
6.348772558352092e-22
1.412913110719916e-21
3.143601829732167e-21
6.992335912701192e-21
1.554876175954577e-20
3.456559373587379e-20
7.681793512684107e-20
1.706660467065268e-19
3.790467595849483e-19
8.415785069625696e-19
1.867873421100578e-18
4.144247743755360e-18
9.191442003750782e-18
2.037770056182250e-17
4.515999362558064e-17
1.000398391655632e-16
2.215161535842178e-16
4.902793820117005e-16
1.084625419005453e-15
2.398311202832539e-15
5.300442838708010e-15
1.170820805568321e-14
2.584822266273857e-14
5.703254536371855e-14
1.257638930897825e-13
2.771527370366919e-13
6.103805392364075e-13
1.343347351047815e-12
2.954401122812737e-12
6.492784645398470e-12
1.425802781544159e-11
3.128535143605153e-11
6.859014522059287e-11
1.502475548768176e-10
3.288244541319612e-10
7.189821825884974e-10
1.570566775269006e-09
3.427416173943337e-09
7.472032358428153e-09
1.627284018199603e-08
3.540254687966409e-08
7.693949307342056e-08
1.670356253292054e-07
3.622599390368103e-07
7.848660967419226e-07
1.698849313893563e-06
3.673894147833642e-06
7.938692547392857e-06
1.714221172655073e-05
3.699503742049526e-05
7.980798451134863e-05
1.721287453886333e-04
3.712334137644380e-04
8.007650531084431e-04
1.727753895585216e-03
3.728798798180111e-03
8.046602669456671e-03
1.734354386493941e-02
3.723686098898249e-02
7.914995220855980e-02
1.643434090964743e-01
3.241354708551951e-01
5.754883583413390e-01
8.471605095379280e-01
9.838810646330555e-01
9.998874959181612e-01
9.999999980889205e-01
1.000000000000000e+00
1.000000000000000e+00
1.000000000000000e+00
1.000000000000000e+00
1.000000000000000e+00
1.000000000000000e+00
1.000000000000000e+00
1.000000000000000e+00
1.000000000000000e+00
###4.000000000000000e-01
5.887267195148985e-13
4.213615562725926e-12
-5.686856772619646e-12
4.707874403532467e-12
-7.365682672619218e-12
2.149306006472107e-12
4.472433862657356e-13
-5.416596595268984e-13
3.624423230358951e-12
-5.450339243417612e-12
2.135439810688459e-12
-8.905649025237150e-13
3.457159460321890e-12
-1.309862326695431e-12
1.598830696581269e-12
3.240441929237851e-12
2.493044061647968e-12
1.140293874569244e-11
6.110212782978242e-12
6.919634671987195e-12
1.780073764764204e-11
1.488643556807661e-11
1.226355364574588e-11
2.676072017260345e-11
3.280786861632547e-11
3.920514910841172e-11
5.152689272892140e-11
6.469621330226639e-11
9.476482059746468e-11
1.255293742982249e-10
1.548541034631414e-10
2.244298221626134e-10
3.029684670276779e-10
4.100566211240625e-10
5.458004764592954e-10
7.129409487274324e-10
9.528237374196962e-10
1.266870262155905e-09
1.654267681608690e-09
2.175116343810431e-09
2.850488226761031e-09
3.705657725302405e-09
4.865735472596931e-09
6.330662386815565e-09
8.201116441743465e-09
1.073979366633323e-08
1.385589216351930e-08
1.810310368628338e-08
2.359859227259515e-08
3.073754258452557e-08
4.043384350080024e-08
5.360410540204044e-08
7.161642581307835e-08
9.650056042897060e-08
1.328207153061223e-07
1.838798225309347e-07
2.604452351240317e-07
3.751496381232842e-07
5.484747257790928e-07
8.115557444651773e-07
1.218328156129954e-06
1.844468806378450e-06
2.823445119079961e-06
4.340448796479537e-06
6.695586732977183e-06
1.033358582434395e-05
1.605222735973584e-05
2.492383307157618e-05
3.877799850533347e-05
6.042857666778943e-05
9.410909225016760e-05
1.469761889126338e-04
2.310808279783706e-04
3.659333744927020e-04
5.847361006081510e-04
9.462694311027081e-04
1.558515642554453e-03
2.617994448540569e-03
4.498003997328898e-03
7.943177778503846e-03
1.438525409783166e-02
2.668211147910392e-02
5.050000559792615e-02
9.657223342497809e-02
1.837442627708076e-01
3.379569004723054e-01
5.698683921415172e-01
8.169256423870225e-01
9.532507716890208e-01
9.861235039165436e-01
9.999999980889205e-01
1.000000000000000e+00
1.000000000000000e+00
1.000000000000000e+00
1.000000000000000e+00
1.000000000000000e+00
1.000000000000000e+00
1.000000000000000e+00
1.000000000000000e+00
1.000000000000000e+00
###8.000000000000000e-01
1.814519390692347e-12
9.162874067189532e-12
-1.074065102285395e-11
5.615732703497616e-12
-4.048890428047959e-12
4.201162296305223e-12
3.647082311972919e-12
-8.049192345856090e-12
-1.355020586818099e-13
-5.068054736267307e-12
-2.773173643755112e-13
-1.867256604521525e-12
7.741274179164678e-12
-4.064211137211047e-12
4.430816100740744e-12
1.260340466975222e-12
4.378267627079927e-12
1.300448766962177e-11
1.529706243151571e-11
1.829545542089884e-11
1.977268217292697e-11
3.335519677313708e-11
3.448137876093248e-11
5.356015729713828e-11
6.490312832359184e-11
8.806409898194800e-11
1.083085285438933e-10
1.371590866043818e-10
1.959834044838472e-10
2.610204603440800e-10
3.401785371245966e-10
4.677035438555225e-10
6.309522976386279e-10
8.404197433246345e-10
1.114401194180825e-09
1.492412969393529e-09
1.941049043087557e-09
2.585857419219950e-09
3.387406242377111e-09
4.445745270453404e-09
5.810509805008360e-09
7.578268072641065e-09
9.982047226965737e-09
1.306358180909786e-08
1.681873480547751e-08
2.223863695484808e-08
2.885977323892482e-08
3.806183853165658e-08
4.989680891104759e-08
6.594074817022405e-08
8.773152565809290e-08
1.178289100317954e-07
1.600318790639466e-07
2.197358575146642e-07
3.077622215982244e-07
4.332406192704188e-07
6.215370108920814e-07
9.035452333867358e-07
1.332549465887023e-06
1.981096253574946e-06
2.976917082788826e-06
4.484318952555510e-06
6.846881143022262e-06
1.044826878545866e-05
1.599870700423445e-05
2.445614206770837e-05
3.762441063911307e-05
5.767482236978229e-05
8.859278469391001e-05
1.362394726636513e-04
2.088189642694239e-04
3.205337575701824e-04
4.925562510960258e-04
7.603644389393102e-04
1.179511672837600e-03
1.839363994712766e-03
2.900660741514719e-03
4.596196340314147e-03
7.493250126595520e-03
1.239590287921282e-02
2.091670254913772e-02
3.605691405010990e-02
6.343934044078552e-02
1.130925886880238e-01
2.016327799940953e-01
3.504632311682919e-01
5.654624309838989e-01
7.917993491361675e-01
9.268622293003155e-01
9.729625714101102e-01
9.999999980889205e-01
1.000000000000000e+00
1.000000000000000e+00
1.000000000000000e+00
1.000000000000000e+00
1.000000000000000e+00
1.000000000000000e+00
1.000000000000000e+00
1.000000000000000e+00
1.000000000000000e+00
###1.200000000000000e+00
4.295683645189253e-12
8.932382197459931e-12
-9.757738502493827e-12
1.070562920223979e-11
-3.428540297143117e-12
1.040122907330698e-11
-1.666513367237441e-12
3.288937300767123e-11
4.820365734488624e-13
-2.988759854356694e-12
6.255418446466324e-12
-2.542729634889131e-13
9.115159001825434e-12
-2.890570662690209e-12
4.580352202187980e-12
3.877051897482267e-12
5.226785797280663e-12
1.870342495608870e-11
2.129322573005139e-11
2.507698078655203e-11
3.262411833064695e-11
4.523112475370265e-11
5.391897497246588e-11
7.895206092204376e-11
9.281327260233937e-11
1.391619440851783e-10
1.698808300772198e-10
2.211819033194270e-10
3.058395238049079e-10
4.070499752535432e-10
5.376716069799982e-10
7.308364639381686e-10
9.766531471206264e-10
1.299556811851778e-09
1.719328895753780e-09
2.297319872849477e-09
2.997304077568718e-09
3.968603252907129e-09
5.217463302116079e-09
6.830566041478986e-09
8.967508990835140e-09
1.172080363836827e-08
1.542468848811115e-08
2.024075623537361e-08
2.624713898062379e-08
3.484014123710058e-08
4.544427198468656e-08
6.058568312630336e-08
8.018428097535961e-08
1.070369421513814e-07
1.445574914331276e-07
1.968101466539200e-07
2.713624875839162e-07
3.785377152501708e-07
5.347946693116304e-07
7.653734941241512e-07
1.107946299007052e-06
1.622662680419243e-06
2.398418381213211e-06
3.576587469882356e-06
5.365446259973857e-06
8.067116770928636e-06
1.228588571950970e-05
1.862687418388635e-05
2.828038562345307e-05
4.293934311043420e-05
6.548442023502974e-05
9.944940900741747e-05
1.512744267878160e-04
2.300724652474851e-04
3.492315079662429e-04
5.301146334731007e-04
8.035861595390664e-04
1.222268831374345e-03
1.864800084267341e-03
2.851377336464278e-03
4.395815897251988e-03
6.799923077801989e-03
1.071102240050240e-02
1.707143814863460e-02
2.762053357657504e-02
4.545322215882553e-02
7.604845336606386e-02
1.288136564396366e-01
2.182663905056888e-01
3.619433788469344e-01
5.621947978067122e-01
7.709899534981830e-01
9.041939367953785e-01
9.606668042843211e-01
9.999999980889205e-01
1.000000000000000e+00
1.000000000000000e+00
1.000000000000000e+00
1.000000000000000e+00
1.000000000000000e+00
1.000000000000000e+00
1.000000000000000e+00
1.000000000000000e+00
1.000000000000000e+00
###1.600000000000000e+00
6.396572903519905e-12
4.866426913988648e-13
-6.760736908089616e-12
8.777071643781048e-12
1.418683844162237e-12
1.168173651392253e-11
4.639813393219081e-11
5.275833117209293e-11
-5.151713224039517e-11
1.345210701298921e-11
1.801103155236963e-11
9.178260225169387e-12
-4.708291874367873e-12
4.691068753795304e-12
6.968345717043134e-12
1.097934849341658e-11
7.393892635248426e-12
1.991479989620413e-11
2.643460373548678e-11
3.440408621549949e-11
4.386258277625303e-11
6.303425801825695e-11
7.765250116796156e-11
1.107109550514506e-10
1.333194447125892e-10
1.912669583391937e-10
2.407447304102732e-10
3.145000255505890e-10
4.269497101808411e-10
5.722720133468718e-10
7.472952653848490e-10
1.012893374856755e-09
1.347019486297878e-09
1.784466333350318e-09
2.371853818909351e-09
3.143773769312428e-09
4.118141071764785e-09
5.435814020016935e-09
7.168635081977643e-09
9.381605643052257e-09
1.232720932426227e-08
1.615759413445602e-08
2.133292678643119e-08
2.796670631675433e-08
3.677278257788570e-08
4.887225407903123e-08
6.420954034662087e-08
8.665531380664741e-08
1.157365473489356e-07
1.564134277762178e-07
2.139927912572051e-07
2.947212422438125e-07
4.120112590374018e-07
5.811008750545663e-07
8.302556966929285e-07
1.197994137171766e-06
1.748301957464761e-06
2.573909563886651e-06
3.808045327876974e-06
5.674705871953140e-06
8.515316231069155e-06
1.276907085520915e-05
1.927652988035544e-05
2.913220257532005e-05
4.390373751650956e-05
6.634056315732473e-05
1.003428647557930e-04
1.511651007717469e-04
2.279442694361811e-04
3.435260302931160e-04
5.161561786869109e-04
7.774231295528963e-04
1.166173009954845e-03
1.753406722263800e-03
2.642390853507746e-03
3.982869382968614e-03
6.042716943543360e-03
9.187034949863920e-03
1.413679296923405e-02
2.195466068305814e-02
3.448254373376860e-02
5.485944762383241e-02
8.839009617569621e-02
1.438364860736637e-01
2.338320040207075e-01
3.726298578877510e-01
5.600052411916318e-01
7.538747457016481e-01
8.847934846112082e-01
9.493643813451352e-01
9.999999980889205e-01
1.000000000000000e+00
1.000000000000000e+00
1.000000000000000e+00
1.000000000000000e+00
1.000000000000000e+00
1.000000000000000e+00
1.000000000000000e+00
1.000000000000000e+00
1.000000000000000e+00
###2.000000000000000e+00
4.808211959010074e-12
2.166872121825400e-12
-9.847500381798513e-12
-9.477754931387215e-12
2.324741427770092e-11
1.606555994552940e-11
4.750459225294605e-11
5.427503680703709e-11
-4.123930554065050e-11
3.194794638224909e-11
1.893753078378494e-11
1.277072704907723e-11
-9.781432027315484e-13
8.042125293664625e-12
1.509521624197920e-11
1.446918162259455e-11
1.479247779566232e-11
2.776934383509692e-11
3.498935685158736e-11
4.080422251643468e-11
5.852281251458973e-11
8.208733098708338e-11
1.016778162574551e-10
1.386790169571096e-10
1.739321085818700e-10
2.440474762959552e-10
3.168455143372035e-10
4.135456101588902e-10
5.566578157015774e-10
7.418996034375757e-10
9.748338122556203e-10
1.312223977748527e-09
1.743144124942978e-09
2.299901713062766e-09
3.057405994291383e-09
4.059840728039255e-09
5.314097529719749e-09
7.005579879251811e-09
9.261678956897598e-09
1.211181797629198e-08
1.595091395064204e-08
2.105023907213300e-08
2.782726631829505e-08
3.673391034671054e-08
4.866507765016826e-08
6.506413595138446e-08
8.611056221077344e-08
1.172418730158225e-07
1.584417881026886e-07
2.164609546984258e-07
2.992880742442556e-07
4.171886789120074e-07
5.893455819418232e-07
8.392371794710898e-07
1.208999562346652e-06
1.756412891488683e-06
2.576497392032087e-06
3.804320751954696e-06
5.617951172095139e-06
8.371284286499520e-06
1.253728136472798e-05
1.873882613765862e-05
2.813243943337394e-05
4.229982264601536e-05
6.343298964631815e-05
9.516898606339715e-05
1.428689241560173e-04
2.139142107461001e-04
3.196610975746518e-04
4.781568921922683e-04
7.132032773966020e-04
1.064346404732611e-03
1.582475044047998e-03
2.356171718716958e-03
3.513880493384080e-03
5.234742862279457e-03
7.841767653509326e-03
1.175386474412932e-02
1.776410807126807e-02
2.703610729765322e-02
4.148951205142635e-02
6.427533860018604e-02
1.004857682626632e-01
1.582462109529060e-01
2.484873353945026e-01
3.827402368559268e-01
5.588298020964695e-01
7.399146434360544e-01
8.682660143402984e-01
9.391777585690952e-01
9.999999980889205e-01
1.000000000000000e+00
1.000000000000000e+00
1.000000000000000e+00
1.000000000000000e+00
1.000000000000000e+00
1.000000000000000e+00
1.000000000000000e+00
1.000000000000000e+00
1.000000000000000e+00
###2.400000000000000e+00
3.124633596008947e-11
-7.149813096526923e-12
-1.358351098178171e-11
-3.450273814255960e-11
1.186429780493267e-11
1.981373568941383e-11
4.771429283336116e-11
5.419243834527654e-11
-3.542718770429072e-11
3.091298424935495e-11
2.248086431075589e-11
1.454717359853912e-11
1.073716491497544e-11
1.121626959750952e-11
2.001320714066086e-11
2.242352424337724e-11
2.486733367142502e-11
3.819584573911751e-11
4.785048012805915e-11
5.433079502854592e-11
6.930734125409493e-11
1.042671379684197e-10
1.254963211248358e-10
1.743100944302107e-10
2.199519007417670e-10
3.014248396788771e-10
3.962429702329133e-10
5.206429491686945e-10
6.955098965714349e-10
9.257741106196847e-10
1.217987995461980e-09
1.650717763636048e-09
2.152955659068163e-09
2.862739715717822e-09
3.788278491046179e-09
5.032259181392986e-09
6.582679054780989e-09
8.699425319159970e-09
1.154052800961842e-08
1.511406980714257e-08
1.997141522895867e-08
2.647584758730745e-08
3.514527349934176e-08
4.664459581570899e-08
6.233705201372209e-08
8.392931593498671e-08
1.125009973427501e-07
1.540151781880862e-07
2.101753274793408e-07
2.903346927480878e-07
4.054163493051557e-07
5.705159446250271e-07
8.131569086938542e-07
1.168647059901916e-06
1.690778633681782e-06
2.467106437441237e-06
3.627215177434406e-06
5.363601824761475e-06
7.905396853114462e-06
1.176805785482978e-05
1.756269181884383e-05
2.614899653200815e-05
3.908598943357860e-05
5.846540742983021e-05
8.722909463554241e-05
1.299936724314321e-04
1.938257145435473e-04
2.884153147054168e-04
4.277535252071294e-04
6.352943926355032e-04
9.411588671944223e-04
1.393064497798735e-03
2.054709123512452e-03
3.032712549475296e-03
4.481493045122250e-03
6.608194099691848e-03
9.791023045654870e-03
1.449694111145641e-02
2.158639103230444e-02
3.230025737028645e-02
4.865577137100374e-02
7.370204637922197e-02
1.123799596246577e-01
1.721365102129288e-01
2.624098381051619e-01
3.924090326004563e-01
5.585983740539363e-01
7.286850876869732e-01
8.543038633135689e-01
9.300910178113388e-01
9.999999980889205e-01
1.000000000000000e+00
1.000000000000000e+00
1.000000000000000e+00
1.000000000000000e+00
1.000000000000000e+00
1.000000000000000e+00
1.000000000000000e+00
1.000000000000000e+00
1.000000000000000e+00
###2.800000000000000e+00
1.381572406031670e-11
-4.757483769898741e-12
-3.029670224403851e-12
-4.641386783914362e-11
1.101550631691316e-11
3.274680172858987e-11
8.346848023956369e-11
4.884991873936574e-11
-9.335115084715027e-12
3.627449314230947e-11
2.535727629863437e-11
2.000363903004147e-11
1.488712344629539e-11
1.563028168956279e-11
2.616048478698459e-11
3.559823644582813e-11
3.433353862436473e-11
4.798919115638080e-11
6.283545612780417e-11
6.895994014724708e-11
8.923536679351184e-11
1.288067226987399e-10
1.563946936287082e-10
2.163509147592309e-10
2.708420245978311e-10
3.683346046460532e-10
4.817715851676362e-10
6.329913246263855e-10
8.442596077458236e-10
1.121803552773143e-09
1.478017858315936e-09
1.991611298207697e-09
2.608246857334760e-09
3.461308178788831e-09
4.571935235888733e-09
6.087409823264841e-09
7.983487548042782e-09
1.054756619035602e-08
1.403580799277880e-08
1.844124413177814e-08
2.445569060930180e-08
3.256968624751785e-08
4.343323713746865e-08
5.811856284629349e-08
7.827600908895294e-08
1.060883689914531e-07
1.438262130057653e-07
1.983161943063188e-07
2.735998097089796e-07
3.809439629149362e-07
5.368758028459404e-07
7.611347711037341e-07
1.092750003712865e-06
1.579760683423869e-06
2.295100794083162e-06
3.355127462894824e-06
4.941259041998895e-06
7.304282475145106e-06
1.075083909828148e-05
1.595555530524387e-05
2.374208113848333e-05
3.519776960177829e-05
5.249423219749779e-05
7.793724368284027e-05
1.156915722451949e-04
1.714030197251646e-04
2.539734627847719e-04
3.754850030158907e-04
5.533069544246899e-04
8.164884534337293e-04
1.201756614576068e-03
1.765756258608052e-03
2.584941784949031e-03
3.785211107126425e-03
5.546533800600405e-03
8.105181425035754e-03
1.189002313943039e-02
1.741272387387838e-02
2.559567036593393e-02
3.774529261079827e-02
5.595459093007690e-02
8.314533077447217e-02
1.240961655532636e-01
1.855697439986780e-01
2.757125577457240e-01
4.017789086855428e-01
5.592604859090361e-01
7.198061290575675e-01
8.425916767061371e-01
9.221194653912039e-01
9.999999980889205e-01
1.000000000000000e+00
1.000000000000000e+00
1.000000000000000e+00
1.000000000000000e+00
1.000000000000000e+00
1.000000000000000e+00
1.000000000000000e+00
1.000000000000000e+00
1.000000000000000e+00
###3.200000000000000e+00
9.741788824511557e-12
6.004976325479597e-12
-9.566266014319581e-12
-4.521656607361574e-11
-4.071508895815641e-12
3.483541083865701e-11
8.380457541378320e-11
7.236190193607906e-11
-1.053164641851086e-11
4.085220225973189e-11
2.529636249299368e-11
2.515991823422619e-11
1.773708139890400e-11
1.897541539075233e-11
3.282982193943897e-11
4.304858479798868e-11
3.556615960642378e-11
5.781544260047997e-11
7.494381836784883e-11
8.286091233999447e-11
1.100843939462386e-10
1.484422140111523e-10
1.931500769644262e-10
2.614392004075067e-10
3.267506799632298e-10
4.403761497903374e-10
5.728660622047692e-10
7.563666099372781e-10
1.041780867565701e-09
1.330083669372200e-09
1.757927939914054e-09
2.362739604320684e-09
3.095705940439030e-09
4.106007441658733e-09
5.425761729253002e-09
7.231526491426665e-09
9.529745101120780e-09
1.258680492668318e-08
1.680016557622066e-08
2.216197589416191e-08
2.951993316784790e-08
3.952134926375509e-08
5.299108648715601e-08
7.142896287791784e-08
9.698942118659929e-08
1.324423631857988e-07
1.814107179181352e-07
2.520713470272064e-07
3.511752818230329e-07
4.922194692772187e-07
6.988531083803568e-07
9.982838731952029e-07
1.439569013165596e-06
2.090245824716947e-06
3.044639269258202e-06
4.455396048399274e-06
6.548452185461405e-06
9.690634886057388e-06
1.423038324096412e-05
2.105279228838760e-05
3.122801198563662e-05
4.610114990598941e-05
6.839662143989515e-05
1.011470190292146e-04
1.492714233974058e-04
2.200771702723785e-04
3.239287321160575e-04
4.763492527303786e-04
6.978103626408729e-04
1.023207917562602e-03
1.496965793402659e-03
2.183815298822219e-03
3.175922739416019e-03
4.615823448037386e-03
6.711523240861357e-03
9.731008127391191e-03
1.413830884852050e-02
2.049951408481534e-02
2.978998837921068e-02
4.337502808908353e-02
6.338032716701757e-02
9.260734126247397e-02
1.356475960655268e-01
1.986229117586299e-01
2.885199675941947e-01
4.109374037443168e-01
5.607356139862065e-01
7.129415649164874e-01
8.328914338980478e-01
9.152168660281917e-01
9.999999980889205e-01
1.000000000000000e+00
1.000000000000000e+00
1.000000000000000e+00
1.000000000000000e+00
1.000000000000000e+00
1.000000000000000e+00
1.000000000000000e+00
1.000000000000000e+00
1.000000000000000e+00
###3.600000000000000e+00
7.295812297525904e-12
7.750810654158531e-12
-6.013778902277456e-12
-3.969253429745071e-11
-1.734472413127357e-12
3.615834842095328e-11
8.647420722362862e-11
7.453387125747375e-11
-3.857755069329011e-12
4.550812366408816e-11
2.877045751893523e-11
2.001527457247483e-11
3.449441736442120e-11
3.334266311071106e-11
3.754539538231173e-11
5.223445025911047e-11
4.152378032103230e-11
7.100451937110613e-11
8.656404240614880e-11
9.546010930529772e-11
1.348883051388118e-10
1.758391296605984e-10
2.280861178815261e-10
3.051177270616792e-10
3.849861346580255e-10
5.149455961093537e-10
6.708388894664822e-10
8.878921680287748e-10
1.214501271662198e-09
1.557228178766481e-09
2.064948086603674e-09
2.760617960911308e-09
3.628214866808188e-09
4.812438523535034e-09
6.362032112690399e-09
8.493175700857570e-09
1.120913097328906e-08
1.485476317461071e-08
1.990960367643646e-08
2.637704374098073e-08
3.531277771276769e-08
4.755753035843943e-08
6.418869120610614e-08
8.713238493595178e-08
1.192260747459327e-07
1.640023577888803e-07
2.268056011422886e-07
3.174030180269131e-07
4.455877463835388e-07
6.283207601263452e-07
8.976506307509511e-07
1.288910497788249e-06
1.865329760774334e-06
2.715952027417379e-06
3.961270821576162e-06
5.796502327970902e-06
8.521663795418294e-06
1.257587464589427e-05
1.843483083050206e-05
2.719019984262975e-05
4.016508600938672e-05
5.907212357600933e-05
8.722743544386118e-05
1.284271202399140e-04
1.885204116064117e-04
2.766285359202661e-04
4.047207670106678e-04
5.920393497714537e-04
8.623716940190017e-04
1.257123195218350e-03
1.828449645712175e-03
2.649824930266179e-03
3.829775443801983e-03
5.527412201129497e-03
7.978895136355352e-03
1.148191233112796e-02
1.653719831801200e-02
2.375748576540396e-02
3.416646420895695e-02
4.917626507291069e-02
7.092829517129695e-02
1.020967294127596e-01
1.470596160533467e-01
2.113555827072447e-01
3.009198980637503e-01
4.199791212390902e-01
5.629776647706114e-01
7.078665188478830e-01
8.249740354326717e-01
9.093455179944273e-01
9.999999980889205e-01
1.000000000000000e+00
1.000000000000000e+00
1.000000000000000e+00
1.000000000000000e+00
1.000000000000000e+00
1.000000000000000e+00
1.000000000000000e+00
1.000000000000000e+00
1.000000000000000e+00
###4.000000000000000e+00
1.525178561208318e-10
9.323249842938209e-11
1.038579619698511e-11
-2.703085133761508e-11
-1.086492085774622e-12
4.250643525808769e-11
8.684502365789357e-11
6.448924355001905e-11
5.251514373946164e-13
4.831182012733471e-11
3.407301263697921e-11
2.598053464064182e-11
3.709984680707819e-11
3.979767972107017e-11
4.457359193376373e-11
5.913597506626182e-11
5.173046919747481e-11
8.656525327578359e-11
9.679675930814399e-11
1.154331529364748e-10
1.572763568975519e-10
2.020950374265541e-10
2.643863404392780e-10
3.501718592758461e-10
4.495655533796622e-10
5.929527698635198e-10
7.768985576490985e-10
1.028190185899369e-09
1.400571185024968e-09
1.803679896299999e-09
2.388756107344786e-09
3.189818341939428e-09
4.205245157638489e-09
5.579832023637348e-09
7.385850099487190e-09
9.889322473959413e-09
1.309004757312226e-08
1.740168779945657e-08
2.343025427053572e-08
3.120980057402841e-08
4.202411709023447e-08
5.689445993100741e-08
7.733742700777248e-08
1.057557601019875e-07
1.457246713749884e-07
2.019599686580870e-07
2.816289857405063e-07
3.965275495217915e-07
5.606059003852717e-07
7.940662298228932e-07
1.140331502155778e-06
1.643359649926416e-06
2.383686298794743e-06
3.475350460886984e-06
5.068785756684466e-06
7.418499604442008e-06
1.089670547999612e-05
1.603282005683890e-05
2.345733424537991e-05
3.449139279308862e-05
5.076679527547683e-05
7.435008605577727e-05
1.093051537352112e-04
1.602120890365357e-04
2.340005147724547e-04
3.417325104119684e-04
4.972346761168733e-04
7.236381949100499e-04
1.048382710982585e-03
1.520087213875771e-03
2.198278761572308e-03
3.166224138336064e-03
4.548499599853205e-03
6.524264020332491e-03
9.350529736415279e-03
1.335995457870165e-02
1.908651657722979e-02
2.718754049116944e-02
3.872271594199150e-02
5.514676823043231e-02
7.860330170985973e-02
1.116180073841137e-01
1.583670000948955e-01
2.238217985594655e-01
3.129843793472841e-01
4.289520636385922e-01
5.659195632359300e-01
7.043279660017859e-01
8.186697069994846e-01
9.044248798509286e-01
9.999999980889205e-01
1.000000000000000e+00
1.000000000000000e+00
1.000000000000000e+00
1.000000000000000e+00
1.000000000000000e+00
1.000000000000000e+00
1.000000000000000e+00
1.000000000000000e+00
1.000000000000000e+00
###4.399999999999999e+00
1.153653285442721e-10
5.665477512946935e-11
2.665243302158342e-11
-1.482551778161408e-11
-6.904801846318211e-12
4.480688120366793e-11
6.126722535088812e-11
5.958199886076073e-11
1.275893939823343e-11
4.393945446497042e-11
2.874737546694035e-11
3.301065264540851e-11
4.666408808224412e-11
5.075686571204292e-11
5.069773069014626e-11
6.328547042083313e-11
6.150908513089452e-11
9.713931557523308e-11
1.083388876137532e-10
1.312776583319289e-10
1.861578015102917e-10
2.371489603669279e-10
3.065069207805839e-10
4.024731505088927e-10
5.163915573787289e-10
6.825684994294240e-10
8.925966921737341e-10
1.181064487626551e-09
1.599899943225523e-09
2.071284306108272e-09
2.744187402961107e-09
3.658079268295719e-09
4.836106893131862e-09
6.431959693657332e-09
8.536203480979385e-09
1.144258935144717e-08
1.520595293210148e-08
2.030471639427624e-08
2.740350528302573e-08
3.678237266544813e-08
4.985036126210169e-08
6.793088255264404e-08
9.286941623828135e-08
1.278879537242951e-07
1.771165592015627e-07
2.475103584099663e-07
3.476138890459055e-07
4.922880255187380e-07
6.991428487858250e-07
9.947128424076814e-07
1.433566375702801e-06
2.075057869181526e-06
3.010614821756358e-06
4.412954283799905e-06
6.400344682852822e-06
9.362493946224949e-06
1.373021967027669e-05
2.011466885328970e-05
2.940676922423261e-05
4.307460968714533e-05
6.319289897233875e-05
9.218476124461919e-05
1.349379668145149e-04
1.969193191954193e-04
2.862917780537509e-04
4.161494493165873e-04
6.023924473328440e-04
8.723978874260927e-04
1.257338429525267e-03
1.813485617848130e-03
2.608334283848543e-03
3.735036219273641e-03
5.335078214372247e-03
7.606632706232326e-03
1.082833470848165e-02
1.536640109605976e-02
2.177840827049990e-02
3.078547992267674e-02
4.345864434543518e-02
6.128596107794015e-02
8.639938086696376e-02
1.211847566733224e-01
1.695891383902857e-01
2.360736963783117e-01
3.248040315554544e-01
4.379293038612059e-01
5.695127470319339e-01
7.021700663533411e-01
8.137817535498127e-01
9.004151867031622e-01
9.999999980889205e-01
1.000000000000000e+00
1.000000000000000e+00
1.000000000000000e+00
1.000000000000000e+00
1.000000000000000e+00
1.000000000000000e+00
1.000000000000000e+00
1.000000000000000e+00
1.000000000000000e+00
###4.800000000000000e+00
1.213489320558916e-10
4.085602580026925e-11
2.917233480800393e-11
-3.618078362935924e-11
-2.829255821071994e-11
3.968960929474626e-11
6.361452868258439e-11
6.495168382548992e-11
3.662572355242634e-11
5.094978599575240e-11
3.043442892004157e-11
3.593495896606271e-11
5.364610009716528e-11
5.425405623447399e-11
6.137535654921388e-11
6.856451828557422e-11
6.100083270851966e-11
1.111313087917438e-10
1.367968328882176e-10
1.513966841892764e-10
2.130137018769657e-10
2.674992238880241e-10
3.477454230690218e-10
4.566772077021801e-10
5.879716497027444e-10
7.763112055458476e-10
1.017085135168132e-09
1.344659504793471e-09
1.814520435065642e-09
2.361427522273328e-09
3.129288412070244e-09
4.176997769132578e-09
5.533030958615220e-09
7.370978236327149e-09
9.815489513585079e-09
1.318404800579024e-08
1.760276454961217e-08
2.362399238374104e-08
3.201362687088674e-08
4.324528777735827e-08
5.900429014094875e-08
8.094055260528452e-08
1.112737673932601e-07
1.542344181165660e-07
2.149217995592711e-07
3.023665506486805e-07
4.268852482502577e-07
6.072808846674886e-07
8.659332396241563e-07
1.236536716048785e-06
1.786953371695872e-06
2.593155317813958e-06
3.764484155076166e-06
5.505011061226912e-06
7.987549832115152e-06
1.166930923996871e-05
1.708420020887225e-05
2.494139996647396e-05
3.638494062604552e-05
5.311041223595669e-05
7.764817258886440e-05
1.128282920022960e-04
1.644973652061027e-04
2.390109980954942e-04
3.459572052145678e-04
5.005780433191188e-04
7.213585055260733e-04
1.039395459738917e-03
1.490662059408471e-03
2.139037713316565e-03
3.059757521942881e-03
4.358928006758895e-03
6.191499520496063e-03
8.776975111292759e-03
1.241520845342070e-02
1.750397057828392e-02
2.462456177981403e-02
3.455323768149621e-02
4.837354804694121e-02
6.759281535271541e-02
9.428795662764887e-02
1.308000350462721e-01
1.807508678756125e-01
2.481616024857001e-01
3.364266848357617e-01
4.469417373446660e-01
5.737033074521830e-01
7.012259536502288e-01
8.101815800633798e-01
8.972373156281449e-01
9.999999980889205e-01
1.000000000000000e+00
1.000000000000000e+00
1.000000000000000e+00
1.000000000000000e+00
1.000000000000000e+00
1.000000000000000e+00
1.000000000000000e+00
1.000000000000000e+00
1.000000000000000e+00
###5.200000000000000e+00
1.181186735385126e-10
-3.788233443647729e-11
2.194132087096490e-11
-1.701135722345973e-11
-2.297316222668939e-11
-7.336996416701840e-12
7.003013169911931e-11
6.654892463206170e-11
3.778665570852269e-11
4.298400625598805e-11
2.528293685110919e-11
2.216475959280580e-11
6.435799549828319e-11
5.969104079826352e-11
4.769881637102046e-11
7.629018149785452e-11
7.389451328001205e-11
1.234948522814000e-10
1.536695705739384e-10
1.722082088743349e-10
2.403407797738150e-10
3.030177149126145e-10
3.956659343251451e-10
5.142359131382561e-10
6.646512159659561e-10
8.777619650383391e-10
1.140630373321770e-09
1.521818975623599e-09
2.049398765403908e-09
2.682253874100744e-09
3.554301709566952e-09
4.750847389679516e-09
6.306256544919383e-09
8.422916186274834e-09
1.126129949954123e-08
1.515870073491116e-08
2.035168219707656e-08
2.747967516337809e-08
3.737311288327362e-08
5.081399681540493e-08
6.976536267571613e-08
9.630809189526389e-08
1.330788796821464e-07
1.856528516855418e-07
2.602935591244598e-07
3.679697895393626e-07
5.217438752350530e-07
7.450029329788643e-07
1.066051537118795e-06
1.526010698685770e-06
2.210154218287651e-06
3.210521491108941e-06
4.661048342606547e-06
6.803669781148160e-06
9.866662622226970e-06
1.438842192468618e-05
2.102365398715841e-05
3.059568258090413e-05
4.452010036941208e-05
6.475969713129771e-05
9.433256962870995e-05
1.365954046925038e-04
1.983366986605726e-04
2.870327329891542e-04
4.136361026979970e-04
5.959257036654081e-04
8.549167529747054e-04
1.225838384512535e-03
1.749691951614819e-03
2.498824707498191e-03
3.555362130484726e-03
5.039586852862717e-03
7.120490230428213e-03
1.003800313404145e-02
1.411333922952969e-02
1.977752121360992e-02
2.762562694546609e-02
3.849228090760721e-02
5.346383293764358e-02
7.406379359499284e-02
1.023041757199687e-01
1.404711817662345e-01
1.918766910723473e-01
2.601052896885714e-01
3.479066035454222e-01
4.560153538925389e-01
5.784635701484159e-01
7.013550468703971e-01
8.077089989853844e-01
8.948178653672803e-01
9.999999980889205e-01
1.000000000000000e+00
1.000000000000000e+00
1.000000000000000e+00
1.000000000000000e+00
1.000000000000000e+00
1.000000000000000e+00
1.000000000000000e+00
1.000000000000000e+00
1.000000000000000e+00
###5.600000000000001e+00
1.295607437070449e-10
-4.327250733025933e-11
-6.950339196556876e-12
-1.570433847833938e-11
-6.575399934819138e-11
2.391468027795057e-11
5.157960896178326e-11
6.846952199384259e-11
2.934293818862196e-11
2.573199074421467e-11
2.057764892040449e-11
2.842456451216541e-11
6.611142020848913e-11
6.171812448942697e-11
5.706864872782342e-11
8.391810177335524e-11
8.561862162061959e-11
1.269744037284115e-10
1.695046998503742e-10
1.870230543278425e-10
2.633379888750841e-10
3.388933834435437e-10
4.431435472577219e-10
5.758242990385351e-10
7.373127031364284e-10
9.869700905578369e-10
1.286302356293084e-09
1.716744033341998e-09
2.307223619802675e-09
3.030130627685786e-09
4.022583609129996e-09
5.388627803576611e-09
7.174470153391325e-09
9.613298776821068e-09
1.290196443161145e-08
1.742168806758236e-08
2.352565135766181e-08
3.196304470709023e-08
4.362254745506142e-08
5.971179976744798e-08
8.246015332473790e-08
1.144945935845243e-07
1.590352679182450e-07
2.231168995055573e-07
3.144850035077829e-07
4.465008928239541e-07
6.355353399285768e-07
9.096286839906330e-07
1.304885811228198e-06
1.871038161982397e-06
2.716114505097403e-06
3.942361262181864e-06
5.722787360335665e-06
8.335708417138230e-06
1.207366177259738e-05
1.757468849618758e-05
2.561941785932622e-05
3.715795431211971e-05
5.392346703731872e-05
7.818532876943312e-05
1.134640819005434e-04
1.637679842735479e-04
2.368399681574264e-04
3.414254900699450e-04
4.899583532033657e-04
7.028331024244900e-04
1.004084017380349e-03
1.432861666294306e-03
2.036013856888401e-03
2.894369656564322e-03
4.097604204151900e-03
5.779911509124180e-03
8.125111441063081e-03
1.139252166930981e-02
1.592582183868778e-02
2.218670319420213e-02
3.078379566914499e-02
4.260209105979459e-02
5.873237323267561e-02
8.069571131588182e-02
1.104563741383379e-01
1.502088854899277e-01
2.029757487640480e-01
2.719513514738334e-01
3.592998941497211e-01
4.651831320515130e-01
5.837315008482893e-01
7.024479500834769e-01
8.062506937116170e-01
8.930972168573730e-01
9.999999980889205e-01
1.000000000000000e+00
1.000000000000000e+00
1.000000000000000e+00
1.000000000000000e+00
1.000000000000000e+00
1.000000000000000e+00
1.000000000000000e+00
1.000000000000000e+00
1.000000000000000e+00
###6.000000000000001e+00
9.140116892337244e-11
-3.495370613832855e-11
-5.005085054478062e-12
-4.831194633230967e-12
-7.876128751218520e-11
3.483613337115320e-14
4.674015662031373e-11
7.657239958127081e-11
2.452624951725400e-11
4.119559343246857e-11
1.922590020134243e-11
3.741332937791902e-11
6.616935963018144e-11
6.574810048611764e-11
6.733980936540438e-11
9.111773895755749e-11
9.775391507912166e-11
1.393480520807486e-10
1.841041175097202e-10
2.126835753420312e-10
2.934800345909350e-10
3.757024830377172e-10
4.935181740123959e-10
6.426313002466406e-10
8.281215367522820e-10
1.103841114012647e-09
1.445982562096678e-09
1.927206279029003e-09
2.590423449922744e-09
3.415160790378980e-09
4.548462433133230e-09
6.102007701429571e-09
8.154247367311004e-09
1.095638564072604e-08
1.477911470736503e-08
2.002163746175036e-08
2.719505224476866e-08
3.717072866425923e-08
5.095277913138980e-08
7.008423964781114e-08
9.743297775790238e-08
1.359198366372831e-07
1.898013816149456e-07
2.675162882943138e-07
3.789683255180464e-07
5.399096151071137e-07
7.705840634561983e-07
1.105301827456221e-06
1.587722199391815e-06
2.278998758091062e-06
3.312928261742539e-06
4.804589259260949e-06
6.968233641856660e-06
1.013052918863214e-05
1.465435623520167e-05
2.128201656239225e-05
3.091123277340385e-05
4.474883937438647e-05
6.475429111450732e-05
9.359730416235689e-05
1.353037235675718e-04
1.946785109834471e-04
2.803710819889060e-04
4.025369727409908e-04
5.755742741322228e-04
8.222682846467342e-04
1.170059096077939e-03
1.662246306200484e-03
2.352316728911214e-03
3.327686915010218e-03
4.688789457422047e-03
6.582110746859625e-03
9.207044931276484e-03
1.284329959274057e-02
1.785533505896395e-02
2.472904831278328e-02
3.409907780214110e-02
4.688361899799659e-02
6.417841738646084e-02
8.749381779542754e-02
1.187474280645600e-01
1.600240522390370e-01
2.140783354721577e-01
2.837296495007106e-01
3.706274286812761e-01
4.744675250084064e-01
5.894774578401627e-01
7.043734734652314e-01
8.057006475188837e-01
8.920196472008294e-01
9.999999980889205e-01
1.000000000000000e+00
1.000000000000000e+00
1.000000000000000e+00
1.000000000000000e+00
1.000000000000000e+00
1.000000000000000e+00
1.000000000000000e+00
1.000000000000000e+00
1.000000000000000e+00
###6.400000000000001e+00
7.370401274991474e-11
4.464808983455739e-11
1.781716309954662e-11
-1.060282529395778e-11
-8.431136541630922e-11
-3.732759537853920e-11
4.851211998573770e-11
9.353441059384916e-11
9.906745134422891e-12
4.568186077051357e-11
2.752691019712212e-11
4.324383390603051e-11
7.010375724396640e-11
7.144518155153260e-11
6.838081821238650e-11
9.792638267680763e-11
1.101082012321870e-10
1.542666664414169e-10
2.049859760881322e-10
2.386010651692064e-10
3.256351473181580e-10
4.205499963996232e-10
5.485202275702614e-10
7.162922993369061e-10
9.265987330857815e-10
1.234567041608954e-09
1.622809549336813e-09
2.163634531537471e-09
2.905572192188143e-09
3.846569052060646e-09
5.131910126464326e-09
6.906619909666760e-09
9.268059219602347e-09
1.249784349605726e-08
1.693516289318490e-08
2.302845742050896e-08
3.145892631513712e-08
4.321019454163975e-08
5.956404325457788e-08
8.235783182844368e-08
1.150731093999779e-07
1.612894960844042e-07
2.262867393169693e-07
3.201401105167617e-07
4.552911676795567e-07
6.504701409600415e-07
9.304811498332977e-07
1.336744814431115e-06
1.922002787636370e-06
2.761435080837270e-06
4.011901722160188e-06
5.815829031905175e-06
8.420725424426762e-06
1.222101946442007e-05
1.765436934951372e-05
2.557149314303724e-05
3.702690760274880e-05
5.346973232162686e-05
7.715466876365429e-05
1.111677653602198e-04
1.601197106437776e-04
2.296492035699201e-04
3.294204402390615e-04
4.711445125708074e-04
6.712432042539081e-04
9.552177046726647e-04
1.353789678879726e-03
1.915039856082662e-03
2.698122884982109e-03
3.800893025157153e-03
5.331044532301074e-03
7.448912962310202e-03
1.036950251882577e-02
1.439308509261537e-02
1.990401241381752e-02
2.740949537097467e-02
3.757497976802868e-02
5.134186705453594e-02
6.980997251550672e-02
9.446437562787796e-02
1.271792672485486e-01
1.699220728235957e-01
2.251965342513807e-01
2.954697270726219e-01
3.819223761032687e-01
4.838670542236041e-01
5.956732630190280e-01
7.070500754738437e-01
8.059599195113477e-01
8.915131674079035e-01
9.999999980889205e-01
1.000000000000000e+00
1.000000000000000e+00
1.000000000000000e+00
1.000000000000000e+00
1.000000000000000e+00
1.000000000000000e+00
1.000000000000000e+00
1.000000000000000e+00
1.000000000000000e+00
###6.800000000000002e+00
2.558492191368931e-10
3.074569926926062e-11
2.471055055718084e-11
-2.294014191872419e-12
-7.377909272070442e-11
-3.737372530894415e-11
6.188789976230967e-11
9.929397532568027e-11
3.158465464646349e-11
4.145782841606568e-11
3.322668734203247e-11
4.172183221821314e-11
7.966331227267506e-11
8.086042097900742e-11
8.331561649486991e-11
1.405921160272900e-10
1.283638793950634e-10
1.652435712026575e-10
2.300155683823198e-10
2.678257617316282e-10
3.652703435929140e-10
4.694882262971663e-10
6.103818936086971e-10
8.061796980014513e-10
1.036225252757505e-09
1.379806452073480e-09
1.820996130078470e-09
2.430752018174321e-09
3.257864752713017e-09
4.330469430967238e-09
5.792265480981331e-09
7.817956557124468e-09
1.053711758296634e-08
1.427312287015590e-08
1.942513837317972e-08
2.653941387812463e-08
3.643325928611487e-08
5.029091248862680e-08
6.966957156220453e-08
9.679818366728624e-08
1.358135064523807e-07
1.912261946384849e-07
2.695955435226460e-07
3.825308731500662e-07
5.458642825742476e-07
7.805444574204802e-07
1.119107608237231e-06
1.608927325730293e-06
2.314509505932380e-06
3.330783416873477e-06
4.828575759586158e-06
6.992870773971509e-06
1.011009147703629e-05
1.464527108510814e-05
2.111578633399429e-05
3.050793412564838e-05
4.402627979531566e-05
6.344401966002414e-05
9.127654297865776e-05
1.311069542149091e-04
1.881694704307048e-04
2.690236288899187e-04
3.844521188950977e-04
5.480685665837046e-04
7.776855767470282e-04
1.102421258952688e-03
1.556493370393224e-03
2.192698804638502e-03
3.076431866933075e-03
4.315695286528716e-03
6.026647001375989e-03
8.383476641346635e-03
1.161614244721822e-02
1.604561046382743e-02
2.207467254750219e-02
3.023382245967631e-02
4.121502434689722e-02
5.597426811155156e-02
7.562224782548363e-02
1.016095145044014e-01
1.357479638503292e-01
1.799150594641831e-01
2.363463685952559e-01
3.071884392891890e-01
3.932101673931974e-01
4.934225073967146e-01
6.022618184177680e-01
7.103964849132938e-01
8.069494726055289e-01
8.915237106864826e-01
9.999999980889205e-01
1.000000000000000e+00
1.000000000000000e+00
1.000000000000000e+00
1.000000000000000e+00
1.000000000000000e+00
1.000000000000000e+00
1.000000000000000e+00
1.000000000000000e+00
1.000000000000000e+00
###7.200000000000002e+00
2.400893399324777e-10
1.253986962140007e-11
2.695933687065559e-11
-3.945769153330428e-12
-1.018125976367892e-10
1.406745954496444e-10
-4.765373034391495e-11
9.834100966707433e-11
3.482247101736140e-11
7.776707167597488e-11
3.873682397114340e-11
6.050558624211467e-11
8.451870797308080e-11
8.621910509889116e-11
9.342634886274672e-11
1.494274152556730e-10
1.403121193382961e-10
1.837131633836800e-10
2.506427355806552e-10
2.996069167634027e-10
3.866550155126208e-10
5.197995401074654e-10
6.774380115272234e-10
8.941161824623719e-10
1.154165174706053e-09
1.537007698408940e-09
2.036592986052629e-09
2.720344382115074e-09
3.652445716156152e-09
4.876508017525287e-09
6.543031643774906e-09
8.857740315781894e-09
1.199082567532260e-08
1.631620369039994e-08
2.230315644954294e-08
3.061461630659104e-08
4.222065517191975e-08
5.858191905535665e-08
8.154525253814549e-08
1.138011571916833e-07
1.603115247538894e-07
2.264391157835921e-07
3.205526632998393e-07
4.557399791217853e-07
6.520026692546600e-07
9.338306357027649e-07
1.340284755690654e-06
1.927801491535996e-06
2.773289771121933e-06
3.994719881113768e-06
5.778366753577321e-06
8.359525348193508e-06
1.206373035551550e-05
1.743836311997325e-05
2.509714205219405e-05
3.616167606045221e-05
5.202505516641450e-05
7.479673740470920e-05
1.072935043887957e-04
1.536066818972262e-04
2.197490587082587e-04
3.131867312984708e-04
4.459135230380476e-04
6.336170761713413e-04
8.957279501110812e-04
1.265026134916059e-03
1.779398081040987e-03
2.496596865959012e-03
3.488935830587149e-03
4.874524021315371e-03
6.778000522737193e-03
9.387879507223801e-03
1.294928662786424e-02
1.780357946696853e-02
2.437280472979785e-02
3.320912138829115e-02
4.502364221500273e-02
6.078922080380882e-02
8.161631121042227e-02
1.089265463301395e-01
1.444817077522769e-01
1.900143833828239e-01
2.475447307249677e-01
3.189169422808208e-01
4.045171023265359e-01
5.031074637292218e-01
6.092198334066726e-01
7.143237499607666e-01
8.085878297179484e-01
8.920144612236112e-01
9.999999980889205e-01
1.000000000000000e+00
1.000000000000000e+00
1.000000000000000e+00
1.000000000000000e+00
1.000000000000000e+00
1.000000000000000e+00
1.000000000000000e+00
1.000000000000000e+00
1.000000000000000e+00
###7.600000000000002e+00
2.151827128332462e-10
-7.855782324431538e-12
1.873264800845423e-11
1.654287807311779e-11
-1.034717191143784e-10
1.498004495908591e-10
-6.758386403116253e-11
8.937437277356750e-11
2.270004258772822e-11
7.764956921384954e-11
4.540045806847984e-11
6.888747966955032e-11
8.866629428814766e-11
9.700091163896240e-11
1.048692619833184e-10
1.645148367044583e-10
1.519260301655355e-10
1.997191192177202e-10
2.757635666703544e-10
3.267028993955279e-10
4.381203986619785e-10
5.728744458269203e-10
7.536809142884103e-10
9.902699206350892e-10
1.284762773979890e-09
1.712934948285465e-09
2.275513633632181e-09
3.044265846014082e-09
4.099350583856816e-09
5.488661375688668e-09
7.398822267075131e-09
1.004980628779172e-08
1.366334153519637e-08
1.867605287354804e-08
2.565557122883153e-08
3.535070401553588e-08
4.898833802530777e-08
6.826745762326458e-08
9.547135062989258e-08
1.337357146085592e-07
1.890959057755544e-07
2.678756732690956e-07
3.801670128386727e-07
5.418821001706375e-07
7.765775510616622e-07
1.113750426252707e-06
1.598648580356185e-06
2.299906217291320e-06
3.307793316926747e-06
4.765219531635355e-06
6.878271468666534e-06
9.937686372557079e-06
1.431205160414287e-05
2.064584412940797e-05
2.965064326329640e-05
4.260926295110926e-05
6.111671106532064e-05
8.765356739999100e-05
1.253793168665683e-04
1.789317939310088e-04
2.551715165163300e-04
3.625259390034197e-04
5.143958856164333e-04
7.285354631821110e-04
1.026209482540565e-03
1.443970794203170e-03
2.023783620828929e-03
2.828391654568261e-03
3.937396281880705e-03
5.479521285688278e-03
7.587872136567126e-03
1.046554274182471e-02
1.437306819124226e-02
1.967013518741854e-02
2.679962934394929e-02
3.633344080165025e-02
4.900173169678013e-02
6.578466105399715e-02
8.779749453830589e-02
1.164267280398444e-01
1.533643874760386e-01
2.002195013283399e-01
2.587960046238734e-01
3.306630601085411e-01
4.158581391784038e-01
5.129260720339069e-01
6.165206893324386e-01
7.187987283444977e-01
8.107789717805409e-01
8.929238575324568e-01
9.999999980889205e-01
1.000000000000000e+00
1.000000000000000e+00
1.000000000000000e+00
1.000000000000000e+00
1.000000000000000e+00
1.000000000000000e+00
1.000000000000000e+00
1.000000000000000e+00
1.000000000000000e+00
###8.000000000000002e+00
-3.817743689666350e-11
-6.291711829775745e-12
-1.423148290519257e-12
1.601272684710553e-11
-6.917524715752823e-11
1.521792797681589e-10
-6.283098446447988e-11
8.742277358683555e-11
2.984009038011115e-11
9.424695579514875e-11
5.526487746585252e-11
6.263843525886914e-11
1.094323769056165e-10
1.040763952549885e-10
1.180601508085439e-10
1.768586564467498e-10
1.715574335940110e-10
2.236754556990456e-10
3.039297769854417e-10
3.648837552611830e-10
4.869311231334953e-10
6.345732954129000e-10
8.393165848651882e-10
1.097988081536208e-09
1.430592589068736e-09
1.909418972591091e-09
2.544517384119453e-09
3.411184356962506e-09
4.607833616613891e-09
6.196384502912563e-09
8.379415294014670e-09
1.142111256363969e-08
1.559949456479516e-08
2.140762504897603e-08
2.954495526848397e-08
4.087838156789465e-08
5.688971312227307e-08
7.966011312846501e-08
1.118011344965637e-07
1.571543842603321e-07
2.228631319376442e-07
3.165096948162264e-07
4.499394950537793e-07
6.424633601886229e-07
9.219176103908478e-07
1.323656955904814e-06
1.899594794819245e-06
2.732471885513239e-06
3.926978567696286e-06
5.655345045930186e-06
8.148734777621096e-06
1.175242603425847e-05
1.689220969228737e-05
2.431181799260750e-05
3.483756701450827e-05
4.993301104831952e-05
7.141892538710753e-05
1.021591792160921e-04
1.457334410384424e-04
2.073296059137054e-04
2.947574057593399e-04
4.174811289813255e-04
5.904206172555081e-04
8.334862998922149e-04
1.169960805199682e-03
1.640396041945560e-03
2.290757742649788e-03
3.189814155034216e-03
4.423919209360323e-03
6.132867322791848e-03
8.458310899544659e-03
1.161920035925012e-02
1.588971770961781e-02
2.164924066280540e-02
2.935831843964185e-02
3.960995032965855e-02
5.315084382257199e-02
7.096512258887334e-02
9.416755822745196e-02
1.241056536806590e-01
1.624063413872738e-01
2.105491589024742e-01
2.701292405127431e-01
3.424511557425863e-01
4.272545529635018e-01
5.228908486560162e-01
6.241356953567133e-01
7.237381928973408e-01
8.135066418864343e-01
8.942173408388369e-01
9.999999980889205e-01
1.000000000000000e+00
1.000000000000000e+00
1.000000000000000e+00
1.000000000000000e+00
1.000000000000000e+00
1.000000000000000e+00
1.000000000000000e+00
1.000000000000000e+00
1.000000000000000e+00
###8.400000000000002e+00
-3.755475845028739e-11
-1.418786042986790e-12
9.361945199640765e-12
9.485708516329575e-12
-6.910435337130232e-11
1.484586652275603e-10
-5.959387167309549e-11
8.933478192865723e-11
3.452370252630208e-11
1.014203077534417e-10
6.139303925662701e-11
7.128282129823680e-11
1.163341322523345e-10
1.203695054275894e-10
1.297052011046933e-10
1.897093653621709e-10
1.925665126192720e-10
2.492497498775787e-10
3.346955414209968e-10
4.070391699298778e-10
5.373271028790339e-10
7.009880883540119e-10
9.291173040281304e-10
1.217712030747131e-09
1.592950023432627e-09
2.128714733546266e-09
2.847795600261908e-09
3.826701736094883e-09
5.184210602430588e-09
6.999951733926103e-09
9.502223464149494e-09
1.300030334466923e-08
1.783767220057187e-08
2.457729281614762e-08
3.407328663503121e-08
4.731779266875666e-08
6.614767355843902e-08
9.298112345985754e-08
1.309004533740150e-07
1.845888020229780e-07
2.623637585682222e-07
3.733553301192177e-07
5.314846925673360e-07
7.597670465832862e-07
1.091219595257523e-06
1.567405249383864e-06
2.248627518712185e-06
3.232244200313126e-06
4.641650953181676e-06
6.677785349306742e-06
9.606472144951939e-06
1.382984761840780e-05
1.983722880038119e-05
2.848650268545704e-05
4.072649304330513e-05
5.822229164171920e-05
8.304563880902482e-05
1.184887327411846e-04
1.685541239105779e-04
2.390628821131101e-04
3.388527049729558e-04
4.785062373215007e-04
6.745383264344636e-04
9.492009456666905e-04
1.327814794831933e-03
1.855435234559058e-03
2.582062047284021e-03
3.582426154019533e-03
4.950264761378207e-03
6.836488881246606e-03
9.392888522677945e-03
1.285145887049957e-02
1.750221218379504e-02
2.374282198385289e-02
3.205378697433436e-02
4.304280467365180e-02
5.747244392219921e-02
7.633328556628736e-02
1.007326580482390e-01
1.319691503768481e-01
1.716155438764226e-01
2.210066253964144e-01
2.815424340836364e-01
3.542883734249458e-01
4.387034814962392e-01
5.329916595222226e-01
6.320309693236023e-01
7.291113316539820e-01
8.166770753560655e-01
8.958368644490198e-01
9.999999980889205e-01
1.000000000000000e+00
1.000000000000000e+00
1.000000000000000e+00
1.000000000000000e+00
1.000000000000000e+00
1.000000000000000e+00
1.000000000000000e+00
1.000000000000000e+00
1.000000000000000e+00
###8.800000000000002e+00
-3.893803817311933e-11
-1.101973972984678e-11
1.662609322191790e-11
1.547259468757907e-11
-2.835088910439589e-11
1.562307250715512e-10
-5.894454005261160e-11
9.183203852554509e-11
3.914645226338155e-11
1.013611845253475e-10
6.944251416308985e-11
8.303769055835953e-11
1.261232998154240e-10
1.333812339786711e-10
1.425337321068036e-10
2.040919863294468e-10
2.147353731962480e-10
2.752337795443114e-10
3.666746675225000e-10
4.511561009031726e-10
5.951901909839921e-10
7.758901588710899e-10
1.025053998719001e-09
1.355025661753733e-09
1.774481931107963e-09
2.376962305942448e-09
3.189875189958987e-09
4.299812265772757e-09
5.842684319415339e-09
7.921535474073922e-09
1.079448062090214e-08
1.482709014705091e-08
2.043084388973488e-08
2.828432924229333e-08
3.933594101504306e-08
5.483370781376343e-08
7.693264497192189e-08
1.084197705521496e-07
1.531638915927703e-07
2.165351499273842e-07
3.084245546934636e-07
4.395002031345874e-07
6.263925620478141e-07
8.961254366938580e-07
1.287341539759968e-06
1.849221930762339e-06
2.652192364299165e-06
3.808696650898292e-06
5.463498054477136e-06
7.852287373072116e-06
1.127418808373029e-05
1.620085186398378e-05
2.318620322056279e-05
3.322770543686989e-05
4.738872237525572e-05
6.757450164066537e-05
9.611238002114066e-05
1.367996399961166e-04
1.940458582935897e-04
2.744192317295757e-04
3.878306127660720e-04
5.460279623043309e-04
7.673164714766098e-04
1.076446107510234e-03
1.500803556556448e-03
2.090290976152570e-03
2.898897326763939e-03
4.007890628158585e-03
5.518548874973348e-03
7.593490653982580e-03
1.039338106414895e-02
1.416561827928559e-02
1.921349432574782e-02
2.595597124823280e-02
3.488837895369841e-02
4.663602145535895e-02
6.197101784974341e-02
8.189147205483317e-02
1.074891587774238e-01
1.400191267840343e-01
1.809897020458441e-01
2.315917285919697e-01
2.930484117914678e-01
3.661954314497999e-01
4.502216397713384e-01
5.432275842012525e-01
6.401919781191978e-01
7.348723159695952e-01
8.202343117796324e-01
8.977640014025700e-01
9.999999980889205e-01
1.000000000000000e+00
1.000000000000000e+00
1.000000000000000e+00
1.000000000000000e+00
1.000000000000000e+00
1.000000000000000e+00
1.000000000000000e+00
1.000000000000000e+00
1.000000000000000e+00
###9.200000000000003e+00
-9.789045932984189e-11
-1.569725624594772e-12
2.013846413976714e-11
1.504171092249301e-11
-1.436006475237719e-11
1.371855404025985e-10
-5.216206714383798e-11
1.309227149364158e-10
4.491146358590130e-11
1.059683157940627e-10
1.869424302916256e-11
7.071446172349347e-11
1.355935832943935e-10
1.437369291148049e-10
1.572888327760536e-10
2.202586933668474e-10
2.263736076167579e-10
3.009888907110750e-10
4.024827538467183e-10
4.985643129688534e-10
6.574012800052090e-10
8.591164474112174e-10
1.134948272701481e-09
1.499085409694370e-09
1.978878684519501e-09
2.655858174362050e-09
3.576227821160686e-09
4.837935761293733e-09
6.594216318869952e-09
8.980587823641754e-09
1.228632328396266e-08
1.694091180538804e-08
2.343294470177690e-08
3.255114681356918e-08
4.545199614785348e-08
6.358415476943037e-08
8.948390940089783e-08
1.264344433342218e-07
1.790915553978032e-07
2.536662778262128e-07
3.619906639009254e-07
5.162821966675414e-07
7.365277680998323e-07
1.054100753531407e-06
1.514434555662917e-06
2.174429553411829e-06
3.116243501341537e-06
4.470902274075884e-06
6.405295523185071e-06
9.185315476125854e-06
1.317507562674430e-05
1.889610684905334e-05
2.698600844493060e-05
3.858142529447774e-05
5.490107330264099e-05
7.808426325670797e-05
1.107637418693078e-04
1.572581210796575e-04
2.224699501748399e-04
3.136875625932916e-04
4.420782983232236e-04
6.205463797328097e-04
8.694348813868840e-04
1.215997944145892e-03
1.689922590437554e-03
2.346181744522969e-03
3.242805843451011e-03
4.467982158690030e-03
6.130713943001643e-03
8.405824802669092e-03
1.146315998250802e-02
1.556424652428557e-02
2.102776251428381e-02
2.829157341632035e-02
3.786702094219833e-02
5.039302473544088e-02
6.664980807227522e-02
8.764387174179730e-02
1.144476898146064e-01
1.482655199008434e-01
1.905239726169202e-01
2.423185671877501e-01
3.046606026108474e-01
3.781591250479631e-01
4.618224369978600e-01
5.535970927938981e-01
6.485819304732746e-01
7.409401853291239e-01
8.241534176495268e-01
8.999464974465036e-01
9.999999980889205e-01
1.000000000000000e+00
1.000000000000000e+00
1.000000000000000e+00
1.000000000000000e+00
1.000000000000000e+00
1.000000000000000e+00
1.000000000000000e+00
1.000000000000000e+00
1.000000000000000e+00
###9.600000000000003e+00
-9.775781287033383e-11
9.466438935367306e-12
-5.491342455635405e-11
1.713903831728823e-11
-8.949515198100585e-12
1.390556836163732e-10
-4.313642450271240e-11
1.430107027719426e-10
5.322281131461530e-11
1.141088665376695e-10
3.181382697241394e-11
8.426012293139269e-11
1.466992851186861e-10
1.626764539417958e-10
1.758249805619025e-10
2.409093690919679e-10
2.544957220231987e-10
3.348121779582753e-10
4.427214139445786e-10
5.546275537332383e-10
7.296695972713575e-10
9.535700924723724e-10
1.260296390753991e-09
1.673772763281767e-09
2.209859183724333e-09
2.973461502641612e-09
4.025982102745214e-09
5.451638019393845e-09
7.455008427625343e-09
1.019763075544776e-08
1.400806737547411e-08
1.938140343686347e-08
2.690857358134592e-08
3.749510364890651e-08
5.255135334292199e-08
7.376696042061982e-08
1.041017739958364e-07
1.474022554132614e-07
2.092287398814684e-07
2.967686261136481e-07
4.240537377649342e-07
6.052582516662275e-07
8.642289129037912e-07
1.236724258966874e-06
1.775629550395616e-06
2.547901392772331e-06
3.648794007307048e-06
5.228793954460243e-06
7.480033433949625e-06
1.071407145944308e-05
1.533442029375453e-05
2.194852660456059e-05
3.127560606087622e-05
4.461416859355375e-05
6.333385531251164e-05
8.986412053902037e-05
1.271417277969216e-04
1.800641367786751e-04
2.540264937206793e-04
3.572048567950383e-04
5.019863066144170e-04
7.026231688438287e-04
9.814759387557811e-04
1.368694557558757e-03
1.896138535817226e-03
2.624178827908502e-03
3.615207695006579e-03
4.964739768676835e-03
6.789065381955625e-03
9.276008750694177e-03
1.260538605245687e-02
1.705108476975129e-02
2.294907357955209e-02
3.075385909225894e-02
4.099302491196998e-02
5.431605483852966e-02
7.150799897328317e-02
9.359159056130543e-02
1.216001198956022e-01
1.567016003380252e-01
2.002415589429564e-01
2.531854552822374e-01
3.163741823582464e-01
3.902018308139942e-01
4.734977632946404e-01
5.640857413880190e-01
6.571779638307080e-01
7.472901868971312e-01
8.283720303132212e-01
9.023568393761915e-01
9.999999980889205e-01
1.000000000000000e+00
1.000000000000000e+00
1.000000000000000e+00
1.000000000000000e+00
1.000000000000000e+00
1.000000000000000e+00
1.000000000000000e+00
1.000000000000000e+00
1.000000000000000e+00
###1.000000000000000e+01
-9.385148498008438e-11
1.471513419064832e-11
-8.885363254845051e-11
7.116543893711170e-12
-4.291046779065195e-12
1.317852616156970e-10
-4.344112483524105e-11
1.364866636064633e-10
5.753662598275401e-11
1.176430929755699e-10
4.311566402974018e-11
9.455379823199491e-11
1.542486699699429e-10
1.784526341305400e-10
1.942561957942094e-10
2.565878468750011e-10
2.815443239039572e-10
3.677616419039653e-10
4.832473151153458e-10
6.117414885339216e-10
8.059894339426809e-10
1.055487644920825e-09
1.396292793114855e-09
1.860420152709792e-09
2.469586484510957e-09
3.330335204550019e-09
4.525877306012581e-09
6.153477726305363e-09
8.447213826072028e-09
1.160045854997471e-08
1.598449980759449e-08
2.219922427906284e-08
3.093535363265696e-08
4.324252029434110e-08
6.079093646850550e-08
8.555561088214559e-08
1.210387265267120e-07
1.717143846749318e-07
2.441190588409358e-07
3.466972617158749e-07
4.958286191536301e-07
7.079017705561006e-07
1.011248974825209e-06
1.446386970447279e-06
2.075555857016136e-06
2.976186420266245e-06
4.258063012303707e-06
6.092616573622628e-06
8.702866008360000e-06
1.242925665379867e-05
1.777981315690458e-05
2.539568128542388e-05
3.611045836240927e-05
5.139606480090272e-05
7.279329258529130e-05
1.030304184256511e-04
1.453899220970500e-04
2.053888489575895e-04
2.890016596340301e-04
4.052854380405259e-04
5.679615063265301e-04
7.927907364233748e-04
1.104189717993080e-03
1.535357283275604e-03
2.120609332785247e-03
2.925746411102077e-03
4.018036544803371e-03
5.499940643328555e-03
7.496160816196772e-03
1.020721189780946e-02
1.382184308440470e-02
1.863032997165259e-02
2.498130171167065e-02
3.334563779996085e-02
4.426867659594486e-02
5.841012953684898e-02
7.655462274317512e-02
9.974241250716398e-02
1.289647204274377e-01
1.653355360781129e-01
2.101416890746826e-01
2.641963191216246e-01
3.281993250940177e-01
4.023294839394946e-01
4.852551582359552e-01
5.746934454168859e-01
6.659634045712870e-01
7.538851341201407e-01
8.328508369421320e-01
9.049534697728494e-01
9.999999980889205e-01
1.000000000000000e+00
1.000000000000000e+00
1.000000000000000e+00
1.000000000000000e+00
1.000000000000000e+00
1.000000000000000e+00
1.000000000000000e+00
1.000000000000000e+00
1.000000000000000e+00
###1.040000000000000e+01
-9.455412730965450e-11
5.578416805141786e-11
-7.943487854370866e-11
2.892615451200692e-12
2.984529080728182e-11
1.184479840892307e-10
-4.293248027111206e-11
1.418614326715921e-10
5.912036521925577e-11
1.199379188050069e-10
5.121425023203896e-11
1.044988123388150e-10
1.654551755126023e-10
1.787530589661539e-10
2.120782101732544e-10
2.767622056253930e-10
3.135219592379300e-10
4.061949508935449e-10
5.303368593625775e-10
6.754730250558734e-10
8.908073074508857e-10
1.169699883407969e-09
1.550169724982509e-09
2.071527871203080e-09
2.762714154313306e-09
3.739251900127748e-09
5.096888879288121e-09
6.956325913116189e-09
9.576074117076566e-09
1.321079760052166e-08
1.827209032181084e-08
2.546465518632827e-08
3.559318181909573e-08
4.989650630299574e-08
7.032906434983026e-08
9.925571721509002e-08
1.406662755313008e-07
1.998264105674980e-07
2.845309248005623e-07
4.043764091140311e-07
5.784157900155831e-07
8.260738253987926e-07
1.180396411439555e-06
1.687469796216559e-06
2.419492022127589e-06
3.464359009414095e-06
4.951189779178214e-06
7.074919758867090e-06
1.009021995114889e-05
1.439160220631658e-05
2.053902053879292e-05
2.927814188560890e-05
4.154077016065500e-05
5.899861338698667e-05
8.336355706115122e-05
1.177084149656457e-04
1.656944842991926e-04
2.334751033902172e-04
3.276742446572983e-04
4.583557344156654e-04
6.405077742679368e-04
8.916012033596829e-04
1.238333201285311e-03
1.716916178059554e-03
2.364374416993271e-03
3.252222885952146e-03
4.452509481618158e-03
6.075576680409816e-03
8.253686001431499e-03
1.120177171998857e-02
1.511640648945612e-02
2.030423621094575e-02
2.712594457668186e-02
3.607025858344005e-02
4.769956676987819e-02
6.267901694965984e-02
8.179571723970284e-02
1.060962907647549e-01
1.365279586975715e-01
1.741702280837958e-01
2.202187778175391e-01
2.753583516453191e-01
3.401360829634562e-01
4.145409057299477e-01
4.970712972552918e-01
5.854042837509490e-01
6.749006387692402e-01
7.607092763927962e-01
8.375598568579230e-01
9.077318698972655e-01
9.999999980889205e-01
1.000000000000000e+00
1.000000000000000e+00
1.000000000000000e+00
1.000000000000000e+00
1.000000000000000e+00
1.000000000000000e+00
1.000000000000000e+00
1.000000000000000e+00
1.000000000000000e+00
###1.080000000000000e+01
-9.389969781093632e-11
6.550724842181561e-11
-7.466377668873606e-11
8.547738736764852e-13
3.289956086817581e-11
1.223582703940997e-10
-3.256526448797482e-11
2.132942610862899e-10
7.010372763387942e-11
1.328865943736241e-10
7.655887927746754e-11
1.220602198860522e-10
1.765979843076731e-10
1.986822147060403e-10
2.373768495488277e-10
3.052372008289487e-10
3.549077817227139e-10
4.532883437027393e-10
5.942171986473333e-10
7.477923008304852e-10
9.869738055237185e-10
1.301368566846053e-09
1.726708743757110e-09
2.319674399655328e-09
3.101786072739336e-09
4.207155898104084e-09
5.754345455285169e-09
7.886817019838699e-09
1.089375013274244e-08
1.507237259595082e-08
2.091909090588403e-08
2.923455401211162e-08
4.099774493223085e-08
5.760235651959213e-08
8.137867161801152e-08
1.150936731556958e-07
1.633554690925355e-07
2.323269472988736e-07
3.310246482929525e-07
4.707654887464617e-07
6.733790426938066e-07
9.617688845919202e-07
1.374211481363948e-06
1.963795869844485e-06
2.811414241968381e-06
4.020100418952085e-06
5.738886704731082e-06
8.189218860252408e-06
1.165946869482966e-05
1.660924471752931e-05
2.364896477922477e-05
3.364159965822155e-05
4.762676180279459e-05
6.749532338082745e-05
9.514456106034958e-05
1.340224572136875e-04
1.882742472012148e-04
2.645475039064979e-04
3.703307672405259e-04
5.167560268472625e-04
7.201224085140603e-04
9.996880964039678e-04
1.384609683933084e-03
1.914365440623680e-03
2.628707161031937e-03
3.604972074032375e-03
4.920513809756624e-03
6.693662716124189e-03
9.064559113705278e-03
1.226227777411360e-02
1.649266798498681e-02
2.207607785785022e-02
2.938826924430506e-02
3.893519076979274e-02
5.128877839566200e-02
6.712682860162483e-02
8.723096540550002e-02
1.126545976564338e-01
1.443050553759674e-01
1.832073468409285e-01
2.304764870013576e-01
2.866731978276849e-01
3.521839722970892e-01
4.268399978557057e-01
5.089647748055894e-01
5.962099582876674e-01
6.839866247360132e-01
7.677159337965300e-01
8.424585606001906e-01
9.106480783648431e-01
9.999999980889205e-01
1.000000000000000e+00
1.000000000000000e+00
1.000000000000000e+00
1.000000000000000e+00
1.000000000000000e+00
1.000000000000000e+00
1.000000000000000e+00
1.000000000000000e+00
1.000000000000000e+00
###1.120000000000000e+01
-1.188195392804489e-10
7.257673293547282e-11
-1.015003040129821e-10
5.556115268074982e-12
4.907568880277705e-11
1.229196541137998e-10
-2.255388177320445e-11
2.143065911799377e-10
9.066221176458494e-11
1.459643402508680e-10
8.078044615017097e-11
1.375816049576373e-10
1.911281704948662e-10
2.108333735524446e-10
2.606416219316022e-10
3.308948775842470e-10
3.937339574241643e-10
5.010159004447038e-10
6.544086947490072e-10
8.283332504162734e-10
1.094507469945348e-09
1.446524060670337e-09
1.927602834689927e-09
2.595650954522071e-09
3.486173612639394e-09
4.743610888404243e-09
6.507590695982052e-09
8.951989555656151e-09
1.239842689237500e-08
1.721794469258443e-08
2.396397876199200e-08
3.359008114463460e-08
4.723386177109645e-08
6.649858494120913e-08
9.412530584634519e-08
1.333757441459934e-07
1.895135261343947e-07
2.696877977314220e-07
3.846021666523726e-07
5.470395733643971e-07
7.824739682309777e-07
1.117223282381072e-06
1.595552384403734e-06
2.278223271300326e-06
3.257883919854379e-06
4.652231875153168e-06
6.632503182922948e-06
9.449020490208858e-06
1.343322034372648e-05
1.910249089793817e-05
2.714017300613897e-05
3.852936852763253e-05
5.443177211306913e-05
7.695961801216036e-05
1.082553595076206e-04
1.521374717971382e-04
2.132666310600958e-04
2.988124104962936e-04
4.172717682021281e-04
5.808588626336498e-04
8.072003379749096e-04
1.117649599453569e-03
1.543792415638308e-03
2.128629979409154e-03
2.914841204532029e-03
3.985636407777719e-03
5.424050752241397e-03
7.356346491950545e-03
9.930681782351059e-03
1.339197342864671e-02
1.795296143966523e-02
2.395035624794295e-02
3.177244124507473e-02
4.194235514726846e-02
5.504311885087085e-02
7.175664528762282e-02
9.286469711608539e-02
1.194241003148230e-01
1.522980532706154e-01
1.924485283871743e-01
2.409215092995831e-01
2.981466330021917e-01
3.643563908185792e-01
4.392270542565779e-01
5.209358027696804e-01
6.071035815005275e-01
6.931910405996066e-01
7.748814007843627e-01
8.475250386995030e-01
9.136509282816381e-01
9.999999980889205e-01
1.000000000000000e+00
1.000000000000000e+00
1.000000000000000e+00
1.000000000000000e+00
1.000000000000000e+00
1.000000000000000e+00
1.000000000000000e+00
1.000000000000000e+00
1.000000000000000e+00
###1.160000000000000e+01
-1.304750642460776e-10
7.493001425019877e-11
-1.004999878471713e-10
8.282672337420354e-12
5.216494896187999e-11
1.201248303871066e-10
-1.440445515169739e-11
2.160127525161182e-10
1.019458745335631e-10
1.517636898481729e-10
1.011539915063415e-10
1.550787333087896e-10
2.076495686695968e-10
2.329279862432670e-10
2.890963245936143e-10
3.619425578597794e-10
4.358573633287202e-10
5.532694860049130e-10
7.218879752100532e-10
9.189085606456294e-10
1.215835800491584e-09
1.620955541638138e-09
2.154177634689182e-09
2.908012248166336e-09
3.924751205322767e-09
5.356474105197855e-09
7.423479799364622e-09
1.017063764949962e-08
1.413552781747238e-08
1.968802926407999e-08
2.748545258664635e-08
3.862724698372287e-08
5.443536791424363e-08
7.677022547109291e-08
1.088310126363829e-07
1.543938562434742e-07
2.196310894225889e-07
3.126782525074874e-07
4.460195056427619e-07
6.344405342712151e-07
9.072503775211642e-07
1.294833744037826e-06
1.848126894492270e-06
2.635879996072804e-06
3.764837215455325e-06
5.368452400670228e-06
7.642466746035809e-06
1.087015689753602e-05
1.542731726204711e-05
2.190143668669003e-05
3.105199479144059e-05
4.399193067135072e-05
6.201833183976532e-05
8.749048900985266e-05
1.227993558864832e-04
1.721916707018345e-04
2.408255147966012e-04
3.365660168276472e-04
4.688489256878677e-04
6.510650842956033e-04
9.023688856467994e-04
1.246162869355237e-03
1.716814463344574e-03
2.360805861364188e-03
3.223757802927714e-03
4.395683914934671e-03
5.964900293240091e-03
8.066039301578931e-03
1.085528533217392e-02
1.459368887785710e-02
1.950107232245917e-02
2.593014216579034e-02
3.428118786517621e-02
4.509449349346397e-02
5.896280232649740e-02
7.657463140013621e-02
9.870323063218477e-02
1.264082065147726e-01
1.605054601777460e-01
2.018952473732903e-01
2.515555492444868e-01
3.097720715363909e-01
3.766482391480824e-01
4.517031030629404e-01
5.329744954097315e-01
6.180593015468619e-01
7.024974986740378e-01
7.821711274895253e-01
8.527306395731933e-01
9.167621668738871e-01
9.999999980889205e-01
1.000000000000000e+00
1.000000000000000e+00
1.000000000000000e+00
1.000000000000000e+00
1.000000000000000e+00
1.000000000000000e+00
1.000000000000000e+00
1.000000000000000e+00
1.000000000000000e+00
###1.200000000000001e+01
-1.313873529864026e-10
5.589401473554956e-11
-1.037459852870678e-10
1.011452220833112e-11
5.074899040050469e-11
1.249764885002024e-10
-9.678771468809216e-12
2.194900581049126e-10
1.091028908461795e-10
1.627359156419995e-10
1.184280316659317e-10
1.680654479453950e-10
2.240062223237967e-10
2.539510970342847e-10
3.184837085279258e-10
3.940698623290865e-10
4.788852410896588e-10
6.101795012087750e-10
7.964053064830696e-10
1.018938320283840e-09
1.352248972090997e-09
1.808806041443104e-09
2.412196104991788e-09
3.263016929480820e-09
4.423389927960450e-09
6.057934441261582e-09
8.424046864636123e-09
1.157788703530403e-08
1.612958075229282e-08
2.253275192065149e-08
3.153614957142031e-08
4.442120218010074e-08
6.270122437271515e-08
8.859374613355107e-08
1.257515242008384e-07
1.785781866281772e-07
2.541568164031044e-07
3.619364965963562e-07
5.163300492465461e-07
7.343484896913041e-07
1.049677883489562e-06
1.497060346906191e-06
2.134997870095837e-06
3.041756442208544e-06
4.338772197854707e-06
6.177480496719935e-06
8.780638479657213e-06
1.247018740403154e-05
1.766540196163924e-05
2.504212182317075e-05
3.542324548751314e-05
5.008115796789896e-05
7.045694142859504e-05
9.918133758572139e-05
1.389017320756914e-04
1.943260540471335e-04
2.711807886394284e-04
3.780699120875959e-04
5.253990671779383e-04
7.277980549100074e-04
1.006199341320961e-03
1.385947854226871e-03
1.904454234652890e-03
2.611912258713894e-03
3.556935594707516e-03
4.836651921987671e-03
6.544906696488577e-03
8.825144990846964e-03
1.184087532807094e-02
1.587038900912006e-02
2.114040904102702e-02
2.801944637580532e-02
3.692031649264436e-02
4.839663220621469e-02
6.305334908752076e-02
8.158156428228484e-02
1.047484306455939e-01
1.336070159303221e-01
1.689272773434806e-01
2.115539939716325e-01
2.623793038545994e-01
3.215583521771457e-01
3.890583732230871e-01
4.642604333902273e-01
5.450761881817483e-01
6.290841630552090e-01
7.118759358152442e-01
7.895542965421126e-01
8.580265961736830e-01
9.199376041373364e-01
9.999999980889205e-01
1.000000000000000e+00
1.000000000000000e+00
1.000000000000000e+00
1.000000000000000e+00
1.000000000000000e+00
1.000000000000000e+00
1.000000000000000e+00
1.000000000000000e+00
1.000000000000000e+00
###1.240000000000001e+01
-1.289170955682134e-10
6.287453172054661e-11
-1.072858429178019e-10
8.310832228754975e-12
5.577647603298844e-11
1.698878411710858e-10
2.695561302822862e-12
2.196388605437810e-10
1.213527825769689e-10
1.714676771915162e-10
1.365908808246315e-10
1.743086269484639e-10
2.422587328580666e-10
2.769435700050767e-10
3.477032036437095e-10
4.353325158065507e-10
5.293564161963135e-10
6.734317802178529e-10
8.799943558370930e-10
1.132392869784669e-09
1.505885982023271e-09
2.018374867971496e-09
2.704239517049523e-09
3.669539314415211e-09
4.995204583020714e-09
6.864836712237727e-09
9.566841727166653e-09
1.319336413617751e-08
1.842457057371433e-08
2.580663102783593e-08
3.619765299312462e-08
5.108468256502343e-08
7.222354900019405e-08
1.021652691743843e-07
1.451456744877242e-07
2.062781036542812e-07
2.936823615501322e-07
4.183143558840455e-07
5.966184765049181e-07
8.482996313176059e-07
1.211813390763620e-06
1.726936188537945e-06
2.460508212427706e-06
3.501021335320258e-06
4.986917260470775e-06
7.090007052862715e-06
1.006148402378894e-05
1.426537091164696e-05
2.017214259240676e-05
2.854698162049215e-05
4.029853609061435e-05
5.685086868690389e-05
7.982266286256774e-05
1.121256575736525e-04
1.566934787576758e-04
2.187375646243058e-04
3.045665808082566e-04
4.235890710341899e-04
5.872567236370156e-04
8.115570218984659e-04
1.119233915491340e-03
1.537748094248150e-03
2.107638842108046e-03
2.883266743199471e-03
3.915823337575740e-03
5.310109691811284e-03
7.166171295254320e-03
9.635584475523566e-03
1.289012690719194e-02
1.722534361286265e-02
2.287523824292793e-02
3.022209275650812e-02
3.969186944803879e-02
5.185397753144642e-02
6.732074438406500e-02
8.678311112288513e-02
1.110035253394618e-01
1.410253650519636e-01
1.775725605818051e-01
2.214233023840204e-01
2.733866675144154e-01
3.334968756195140e-01
4.015878720173295e-01
4.769005941971018e-01
5.572329721402555e-01
6.401618283445641e-01
7.213164424083869e-01
7.970189564206712e-01
8.633902854768144e-01
9.231944286636454e-01
9.999999980889205e-01
1.000000000000000e+00
1.000000000000000e+00
1.000000000000000e+00
1.000000000000000e+00
1.000000000000000e+00
1.000000000000000e+00
1.000000000000000e+00
1.000000000000000e+00
1.000000000000000e+00
###1.280000000000001e+01
-1.256875716392099e-10
9.453005005763717e-11
-9.847707104008282e-11
1.167625797521620e-11
5.498534954407898e-11
1.692210983185148e-10
6.318106040567997e-12
2.174466776155315e-10
1.271679138641913e-10
1.750015949334176e-10
1.503615976045832e-10
1.893348963141253e-10
2.741230929815438e-10
2.962770431867923e-10
3.778606189171681e-10
4.733081698770586e-10
5.780303920790845e-10
7.440167203314161e-10
9.698763222630550e-10
1.256096346501480e-09
1.675376122340563e-09
2.254153819956480e-09
3.032391490535648e-09
4.130626851468200e-09
5.646327138990043e-09
7.784925975733313e-09
1.086551520515276e-08
1.504712236206681e-08
2.105591403656188e-08
2.956258751855421e-08
4.155766733858414e-08
5.874124026142662e-08
8.314857402438118e-08
1.177502194984977e-07
1.673879992909021e-07
2.380396155542276e-07
3.389349317647297e-07
4.826793499744363e-07
6.881143402638054e-07
9.778565677055605e-07
1.395886426192258e-06
1.987373269226613e-06
2.828455909303911e-06
4.019437490749488e-06
5.717431684539092e-06
8.115884001883596e-06
1.149914014859257e-05
1.627495313598897e-05
2.297442158405105e-05
3.245829417172628e-05
4.572047974372846e-05
6.436563918421803e-05
9.019955195296918e-05
1.264310889229162e-04
1.763266172246400e-04
2.455817407065168e-04
3.411966737910587e-04
4.734220235315005e-04
6.548134418399938e-04
9.028281566797980e-04
1.242057691392553e-03
1.702341788308079e-03
2.327325778350308e-03
3.175825551784961e-03
4.301822011668419e-03
5.818211802927709e-03
7.830484609228992e-03
1.050011076778447e-02
1.400600328318070e-02
1.866165755243400e-02
2.470833509650450e-02
3.254124903622641e-02
4.260118094674852e-02
5.547024712032034e-02
7.176640146502805e-02
9.218398199873604e-02
1.174699601874157e-01
1.486648727478051e-01
1.864381686469239e-01
2.315016716332118e-01
2.845807093968369e-01
3.455898413941448e-01
4.142335248014133e-01
4.896154945120538e-01
5.694411615440325e-01
6.512705302495398e-01
7.307956646055520e-01
8.045136366265615e-01
8.688020722662330e-01
9.264663145949193e-01
9.999999980889205e-01
1.000000000000000e+00
1.000000000000000e+00
1.000000000000000e+00
1.000000000000000e+00
1.000000000000000e+00
1.000000000000000e+00
1.000000000000000e+00
1.000000000000000e+00
1.000000000000000e+00
###1.320000000000001e+01
-1.171333842509265e-10
9.363353282295006e-11
-9.772316422423639e-11
-8.674976627948864e-12
6.042306116410477e-11
1.686128130559578e-10
9.848686345657384e-12
2.175653958529832e-10
1.353415182284699e-10
1.824650115796980e-10
1.600296074587720e-10
2.035108797121307e-10
2.893779281417780e-10
3.152814372429372e-10
4.068752592030442e-10
5.078446814579607e-10
6.322276966412733e-10
8.152002320407372e-10
1.069704509119219e-09
1.394244424773120e-09
1.865859040729380e-09
2.519606674878520e-09
3.406737870825020e-09
4.656593277751402e-09
6.388813269991869e-09
8.838229336430273e-09
1.234683583382780e-08
1.717169512371227e-08
2.407266841753322e-08
3.386716559003153e-08
4.770004524863985e-08
6.750299248740359e-08
9.565098680526268e-08
1.355834366739919e-07
1.928292073373026e-07
2.742451041347265e-07
3.904564215804841e-07
5.559093807560162e-07
7.921875420792380e-07
1.124841140625257e-06
1.604237700383138e-06
2.281975134746522e-06
3.243603329785897e-06
4.603607033933494e-06
6.538216877005774e-06
9.266390672941436e-06
1.310830794971904e-05
1.852178268699742e-05
2.609750143668482e-05
3.680339706884165e-05
5.174264332515482e-05
7.269624879342179e-05
1.016782166848906e-04
1.422157629253369e-04
1.979407221934239e-04
2.750658492190344e-04
3.813228791357631e-04
5.278921934575284e-04
7.285100434578813e-04
1.002153361419169e-03
1.375359659637807e-03
1.880499367587841e-03
2.564550213672929e-03
3.491007615131977e-03
4.716597188105997e-03
6.362538139418618e-03
8.540272615566585e-03
1.142081680258163e-02
1.519149645312977e-02
2.018251202184958e-02
2.664363516115727e-02
3.498227905753861e-02
4.565301500944561e-02
5.925011029914479e-02
7.639495024282693e-02
9.778592700656695e-02
1.241548901330398e-01
1.565272797512504e-01
1.955249696340607e-01
2.417876516121079e-01
2.959556416817815e-01
3.578357433888045e-01
4.269842649166594e-01
5.024025044420123e-01
5.816880533336997e-01
6.623911855851626e-01
7.402977176137201e-01
8.120514531484123e-01
8.742689869664330e-01
9.297581365790775e-01
9.999999980889205e-01
1.000000000000000e+00
1.000000000000000e+00
1.000000000000000e+00
1.000000000000000e+00
1.000000000000000e+00
1.000000000000000e+00
1.000000000000000e+00
1.000000000000000e+00
1.000000000000000e+00
###1.360000000000001e+01
-1.114063341047894e-10
9.214827322706502e-11
-1.220023787550866e-10
-1.014084230931506e-11
6.017013238906256e-11
1.672599178986709e-10
2.302700939277561e-12
2.215388120666267e-10
1.460997271146420e-10
1.890105655537606e-10
1.809106860225508e-10
2.218662282795428e-10
3.109337592711985e-10
3.445495529846268e-10
4.429389388718152e-10
5.540248329476041e-10
6.927061575358722e-10
8.979745445079514e-10
1.184924263763898e-09
1.552919038146657e-09
2.082439384327258e-09
2.822635702607143e-09
3.835358726334123e-09
5.258979400251972e-09
7.233688845171982e-09
1.004005172165314e-08
1.405081248146790e-08
1.960664359337507e-08
2.753185240596809e-08
3.881140281524909e-08
5.472737013999079e-08
7.754547284676331e-08
1.099519878434606e-07
1.559796387791309e-07
2.218413340113081e-07
3.155211631936707e-07
4.490731082263771e-07
6.390904859203348e-07
9.102062781724659e-07
1.291193373206836e-06
1.839764181831850e-06
2.614324011161228e-06
3.711407414666809e-06
5.261273450858969e-06
7.459567275042367e-06
1.055451837637667e-05
1.490680939832901e-05
2.102914537457260e-05
2.958037013296281e-05
4.163317484669158e-05
5.841665332364475e-05
8.190664330255234e-05
1.143369395134961e-04
1.596036248823351e-04
2.216842174301880e-04
3.073944554866184e-04
4.252170193961834e-04
5.873612398589922e-04
8.087627324647261e-04
1.110010884732236e-03
1.519811543527119e-03
2.073057660068379e-03
2.820415251940176e-03
3.829926733137781e-03
5.161573341164888e-03
6.945166056027974e-03
9.297508073966652e-03
1.240059084981578e-02
1.644933174981525e-02
2.179119057735738e-02
2.868389565153418e-02
3.754834484460100e-02
4.885039863521384e-02
6.319700836874310e-02
8.121410022995451e-02
1.035955429029629e-01
1.310591396061199e-01
1.646170539430406e-01
2.048362477173102e-01
2.522892148957324e-01
3.075242787225030e-01
3.702290339681624e-01
4.398487300934467e-01
5.152502388621955e-01
5.939620059408695e-01
6.735257499170306e-01
7.497945195486507e-01
8.195896154316600e-01
8.797324807320477e-01
9.330525342260793e-01
9.999999980889205e-01
1.000000000000000e+00
1.000000000000000e+00
1.000000000000000e+00
1.000000000000000e+00
1.000000000000000e+00
1.000000000000000e+00
1.000000000000000e+00
1.000000000000000e+00
1.000000000000000e+00
###1.400000000000001e+01
-1.044086542243100e-10
9.258574765193366e-11
-2.083165590219129e-10
-5.770850796530405e-12
8.919637747790363e-11
1.703367173335497e-10
3.701423796041498e-12
2.263235407903647e-10
1.610534784071746e-10
1.864024450503946e-10
1.994602596136730e-10
2.375202880964544e-10
3.345626765867614e-10
3.753900938503052e-10
4.812203860996717e-10
6.129547969256456e-10
7.646776759653917e-10
9.944553052352274e-10
1.311959501157872e-09
1.733677507234212e-09
2.331743506805427e-09
3.169728656179896e-09
4.323703752854677e-09
5.945713112332919e-09
8.207266989762217e-09
1.141782420372601e-08
1.600352302861275e-08
2.239519978732023e-08
3.149782037521169e-08
4.446315701385408e-08
6.277895427711485e-08
8.903452935228362e-08
1.262566591785755e-07
1.792312757411167e-07
2.548708960499855e-07
3.624367551082353e-07
5.156892567495418e-07
7.334281885312582e-07
1.043762381292541e-06
1.479344706452713e-06
2.105470596530040e-06
2.988283974928786e-06
4.237057197912715e-06
5.998667945679359e-06
8.491213984530789e-06
1.199498421456214e-05
1.691326977943853e-05
2.381777328815936e-05
3.344542889157380e-05
4.698422921896196e-05
6.580025414041116e-05
9.208197983969518e-05
1.282847707299081e-04
1.787133454895537e-04
2.477354499860156e-04
3.427662161635222e-04
4.731393233060566e-04
6.521267360754957e-04
8.959854150972443e-04
1.226977846327875e-03
1.676098849217854e-03
2.280988065996160e-03
3.095864830662816e-03
4.194045094266879e-03
5.638372006338330e-03
7.567586174773561e-03
1.010497545343033e-02
1.344218131996975e-02
1.778221697094630e-02
2.349170956488429e-02
3.083305806071397e-02
4.024412395013198e-02
5.219826789116570e-02
6.731606587223861e-02
8.622476768973485e-02
1.096147959972461e-01
1.381874157219068e-01
1.729347633359137e-01
2.143750909957766e-01
2.630002789266459e-01
3.192706991081375e-01
3.827666748285347e-01
4.528062595671113e-01
5.281528381180836e-01
6.062568171957665e-01
6.846531132544574e-01
7.592808927171084e-01
8.271027306368209e-01
8.851778461075176e-01
9.363478523476345e-01
9.999999980889205e-01
1.000000000000000e+00
1.000000000000000e+00
1.000000000000000e+00
1.000000000000000e+00
1.000000000000000e+00
1.000000000000000e+00
1.000000000000000e+00
1.000000000000000e+00
1.000000000000000e+00
###1.440000000000001e+01
-1.002241843449609e-10
9.575759085674438e-11
-2.062287440445117e-10
-1.561968444127218e-12
9.172270564649584e-11
1.876080319761388e-10
1.236352828478920e-11
2.247134804530051e-10
1.704470642481731e-10
1.974278302044987e-10
2.176410254919453e-10
2.484976526724440e-10
3.517512198569327e-10
4.079109478238474e-10
5.227241318900177e-10
6.682998843204739e-10
8.412672264315282e-10
1.098987993166858e-09
1.455632935135874e-09
1.933868374864992e-09
2.611381620794794e-09
3.562579875818326e-09
4.876582140046735e-09
6.727590536383244e-09
9.315308015870831e-09
1.299053587615723e-08
1.823698432862440e-08
2.556632973149395e-08
3.602131400763861e-08
5.091837359550531e-08
7.195654436233290e-08
1.021186401473020e-07
1.448322765186100e-07
2.056504480441164e-07
2.924138587359289e-07
4.156481100793676e-07
5.910909300685011e-07
8.401393088659612e-07
1.194545017641408e-06
1.691325014731045e-06
2.404545768601928e-06
3.408697191824410e-06
4.826545748274498e-06
6.824078948223074e-06
9.643589918244774e-06
1.360167456957649e-05
1.914729789743696e-05
2.691348146412179e-05
3.773075219285073e-05
5.290498231870078e-05
7.395438212799233e-05
1.032794590975581e-04
1.436231076641780e-04
1.996853790500176e-04
2.762592470736118e-04
3.814199236370669e-04
5.254231760676712e-04
7.226191206948200e-04
9.906875936814665e-04
1.353711719709973e-03
1.845017674215600e-03
2.505247427470048e-03
3.392315120414740e-03
4.584724118682355e-03
6.148523998730422e-03
8.231702622701051e-03
1.096466657837293e-02
1.454820395404089e-02
1.919397984261010e-02
2.528674131714661e-02
3.309639919470714e-02
4.307293724368254e-02
5.570054978807506e-02
7.161057615693135e-02
9.143100476453887e-02
1.158467743824879e-01
1.455407730495644e-01
1.814872944278950e-01
2.241376369876780e-01
2.739167038841041e-01
3.312050578843354e-01
3.954440586529659e-01
4.658639668458678e-01
5.411059147229033e-01
6.185690530499458e-01
6.957604134863652e-01
7.687323539471594e-01
8.345924641040049e-01
8.906079540443005e-01
9.396000016506862e-01
9.999999980889205e-01
1.000000000000000e+00
1.000000000000000e+00
1.000000000000000e+00
1.000000000000000e+00
1.000000000000000e+00
1.000000000000000e+00
1.000000000000000e+00
1.000000000000000e+00
1.000000000000000e+00
###1.480000000000001e+01
-9.735283130538039e-11
9.725288877256391e-11
-2.050172135558771e-10
2.485266494983040e-12
9.539158225764886e-11
1.931466309920885e-10
1.988002739996603e-11
2.307338437899449e-10
1.842622556718522e-10
2.084777577297922e-10
2.335706782744490e-10
2.718996890643386e-10
3.771284647984051e-10
4.431384602082981e-10
5.694319495194949e-10
7.302742575952671e-10
9.282662815414330e-10
1.217040599778249e-09
1.617921250021314e-09
2.160551495110009e-09
2.929154114886537e-09
4.009252258748936e-09
5.506255128486855e-09
7.617380110721014e-09
1.057933309604001e-08
1.478522522204129e-08
2.078831509550367e-08
2.920423125877340e-08
4.118299564884110e-08
5.827195567072808e-08
8.242590326618581e-08
1.169816291486449e-07
1.659553175308545e-07
2.356526551489764e-07
3.349544862913005e-07
4.759426096115249e-07
6.763971179054926e-07
9.605408297022881e-07
1.364475010507906e-06
1.929935812220135e-06
2.740274399212789e-06
3.879759088238532e-06
5.485972215585683e-06
7.747154777314338e-06
1.092871728021438e-05
1.538833260794654e-05
2.162651473218618e-05
3.034762628409069e-05
4.247307362311071e-05
5.944521223863180e-05
8.294155275836836e-05
1.156044958661221e-04
1.604616450040426e-04
2.226670212360893e-04
3.074513247919870e-04
4.236499644502906e-04
5.823524265128248e-04
7.992063483156769e-04
1.093370628069369e-03
1.490751820805162e-03
2.027379720972065e-03
2.746707474240017e-03
3.710796148764500e-03
5.003344847119238e-03
6.694002733560320e-03
8.939854636121122e-03
1.187906079033579e-02
1.572105356288743e-02
2.068738963415530e-02
2.718104018716024e-02
3.547785050107087e-02
4.603950483045949e-02
5.936167816749215e-02
7.608548348614345e-02
9.683805839696330e-02
1.222958020053067e-01
1.531227931859100e-01
1.902666199815451e-01
2.341265148214649e-01
2.850414821288306e-01
3.433082712886208e-01
4.082616945106646e-01
4.790047307689948e-01
5.540958132361367e-01
6.308570271145687e-01
7.068241905213680e-01
7.781278518683525e-01
8.420254285305712e-01
8.959978862633051e-01
9.428339454825815e-01
9.999999980889205e-01
1.000000000000000e+00
1.000000000000000e+00
1.000000000000000e+00
1.000000000000000e+00
1.000000000000000e+00
1.000000000000000e+00
1.000000000000000e+00
1.000000000000000e+00
1.000000000000000e+00
###1.520000000000001e+01
-8.524374254144275e-11
9.471037854223229e-11
-2.031750922000214e-10
-2.774693169074823e-12
9.775871663126265e-11
1.878843208114246e-10
2.916761648054244e-11
2.350718226987574e-10
1.948368929317182e-10
2.216592104899440e-10
2.519532515081430e-10
2.880067799574226e-10
3.952461916054191e-10
4.805319332712325e-10
6.181278950399132e-10
7.996434168602220e-10
1.024565890794297e-09
1.348023195253687e-09
1.801651113990386e-09
2.417821500894623e-09
3.288587907003397e-09
4.516359406327228e-09
6.224110757120559e-09
8.631074588732123e-09
1.202164525680973e-08
1.683311447214064e-08
2.369701519930751e-08
3.334123821247114e-08
4.705952043953642e-08
6.663819425924660e-08
9.431883984746287e-08
1.338645809194564e-07
1.899398048258471e-07
2.696459931928940e-07
3.830500712787968e-07
5.440160955512830e-07
7.726374356312697e-07
1.096281744260749e-06
1.555634198971546e-06
2.197749457318460e-06
3.116781557993222e-06
4.406851073516948e-06
6.223303426833505e-06
8.775555871517102e-06
1.235940787348872e-05
1.737468105383816e-05
2.437762633422172e-05
3.414914020378950e-05
4.771175724864528e-05
6.666026998508952e-05
9.283123634406963e-05
1.291257162107833e-04
1.789254713179113e-04
2.478054568113632e-04
3.414910254168935e-04
4.696324434039981e-04
6.442466703243569e-04
8.823140925783460e-04
1.204541917576629e-03
1.638752776918100e-03
2.223941297602987e-03
3.006370957872543e-03
4.052467369202550e-03
5.451347660741729e-03
7.276595196851181e-03
9.694400254411763e-03
1.285071104436456e-02
1.696444469544688e-02
2.226565266359926e-02
2.917805395901336e-02
3.797963909591396e-02
4.914860171495048e-02
6.318702840218395e-02
8.074454755654302e-02
1.024483866576261e-01
1.289643591496332e-01
1.609347845179163e-01
1.992836602820503e-01
2.443392434697269e-01
2.963689511428607e-01
3.555851709301777e-01
4.212085648993732e-01
4.922231247867296e-01
5.671124864432242e-01
6.431379757073140e-01
7.178379112131071e-01
7.874486730445257e-01
8.493872760999187e-01
9.013102256063735e-01
9.460133488229272e-01
9.999999980889205e-01
1.000000000000000e+00
1.000000000000000e+00
1.000000000000000e+00
1.000000000000000e+00
1.000000000000000e+00
1.000000000000000e+00
1.000000000000000e+00
1.000000000000000e+00
1.000000000000000e+00
###1.560000000000001e+01
-7.658098123359017e-11
1.086776745734372e-10
-2.078050790267466e-10
-1.121579957512836e-13
9.839560489377608e-11
1.858728040042378e-10
3.864170255663980e-11
2.375007707508936e-10
2.067990361789630e-10
2.339254789847400e-10
2.695853683897211e-10
3.130885425964681e-10
4.257818573904850e-10
5.244014841855879e-10
6.750103972872862e-10
8.761206686558735e-10
1.132369441080975e-09
1.497071094091455e-09
2.009257356904695e-09
2.708853043060374e-09
3.693937225785118e-09
5.092379547695548e-09
7.040226187222784e-09
9.788288349631583e-09
1.366448114922086e-08
1.916631739200214e-08
2.700196965101969e-08
3.805141855546538e-08
5.375067782474958e-08
7.615398686348731e-08
1.078194562194894e-07
1.530304247926958e-07
2.170960064417699e-07
3.081010136609447e-07
4.374540270998943e-07
6.208622348636865e-07
8.810366724512204e-07
1.248870709375896e-06
1.770205499192994e-06
2.498072770534361e-06
3.538040261538608e-06
4.995590162223981e-06
7.045241757910949e-06
9.920254691039356e-06
1.394849736170640e-05
1.957858493565006e-05
2.742365805336412e-05
3.835208836164943e-05
5.349340312844160e-05
7.460307886734399e-05
1.036982573410292e-04
1.439610884811278e-04
1.991359257340531e-04
2.752799623949187e-04
3.786130032327616e-04
5.196628255269007e-04
7.114622386355757e-04
9.723420442433400e-04
1.324733145793689e-03
1.798572774974512e-03
2.435553281498531e-03
3.285250669953303e-03
4.418521439366586e-03
5.930613454008695e-03
7.898058188530517e-03
1.049728793925530e-02
1.388178046165868e-02
1.828067259739465e-02
2.393254098703983e-02
3.127998086681218e-02
4.060571564905366e-02
5.240401512956879e-02
6.717989237705749e-02
8.559349225904923e-02
1.082676818023577e-01
1.358572331838024e-01
1.689798206069605e-01
2.085307467841739e-01
2.547741351620634e-01
3.079005145084571e-01
3.680333692442270e-01
4.342679816996841e-01
5.055078089214267e-01
5.801394585624754e-01
6.553815038097540e-01
7.287791954789745e-01
7.966834889170705e-01
8.566595987899337e-01
9.065487690003495e-01
9.491352047193526e-01
9.999999980889205e-01
1.000000000000000e+00
1.000000000000000e+00
1.000000000000000e+00
1.000000000000000e+00
1.000000000000000e+00
1.000000000000000e+00
1.000000000000000e+00
1.000000000000000e+00
1.000000000000000e+00
