# NLO BK equation solver 0.0-dev build  (build Oct 13 2025 12:18:44)
# Initial condition: MV model, Q_s0^2 = 0.0846558 GeV^2, \gamma = 2.1896, coefficient of E inside Log is 1, x0=0.01, \Lambda_QCD = 0.241 GeV
# # LO Kernel RC:  Parent dipole. NLO Kernel RC:  Parent dipole
# Nc=3, Nf=4
# Using RungeKutta method in K1
# Resumming double log
# Resumming single log, K_sub=0.65 resum rc: parent
# BK K1 integration relative accuracy: 0.02# NLO BK as^2 terms: MC integration method: Vegas, points=1000000
# Kinematical constraint: none
# Target kinematical constraint: disabled

###1.000000000000000e-05
###1.160836920850890e+00
###100
###1.000000000000000e+00
###0.000000000000000e+00
1.844111627623449e-24
3.502648297027110e-24
6.651916322012715e-24
1.263096527851739e-23
2.398083889447584e-23
4.552277865030005e-23
8.640286743665330e-23
1.639686915310614e-22
3.111181946624771e-22
5.902280559215831e-22
1.119547278646959e-21
2.123201910983593e-21
4.025913756390121e-21
7.632378806119957e-21
1.446690165904985e-20
2.741631624762802e-20
5.194674471219148e-20
9.840583405076477e-20
1.863777804834952e-19
3.529194575617337e-19
6.681324025085616e-19
1.264596846010563e-18
2.392992409007202e-18
4.527173279118816e-18
8.562611606387013e-18
1.619106118764532e-17
3.060770554021353e-17
5.784541060039785e-17
1.092913565305661e-16
2.064321858140842e-16
3.897978162818370e-16
7.358127078953414e-16
1.388533386051437e-15
2.619398391136703e-15
4.939667834650815e-15
9.311923427543786e-15
1.754772098534772e-14
3.305488329239384e-14
6.224116408213571e-14
1.171494360305267e-13
2.204022388607262e-13
4.144743058224185e-13
7.790711888361985e-13
1.463680491509723e-12
2.748503449727871e-12
5.158434793249948e-12
9.676127508251634e-12
1.813998960611892e-11
3.398706286021448e-11
6.363854134078245e-11
1.190817219641335e-10
2.226773957565915e-10
4.161028138730711e-10
7.769723681476706e-10
1.449697587263363e-09
2.702728237687520e-09
5.034617097372565e-09
9.370343675034014e-09
1.742431032772721e-08
3.237076778081754e-08
6.008065529212879e-08
1.114008435732654e-07
2.063496632171420e-07
3.818315077092571e-07
7.058075382418582e-07
1.303300281957836e-06
2.404073042750087e-06
4.429984878897052e-06
8.154942185836789e-06
1.499754943168341e-05
2.755705084989124e-05
5.059335286250466e-05
9.282164661683634e-05
1.701989099047729e-04
3.119475217902012e-04
5.716044845317514e-04
1.047303474311811e-03
1.919012365283024e-03
3.516832471062159e-03
6.445831785932943e-03
1.181228539104540e-02
2.162627794493788e-02
3.949117094935262e-02
7.168956962105544e-02
1.285683294947239e-01
2.251952928139187e-01
3.775711280587298e-01
5.865178682436822e-01
8.077483219640662e-01
9.543237065824288e-01
9.969407804494280e-01
9.999812752960620e-01
9.999999987640055e-01
1.000000000000000e+00
1.000000000000000e+00
1.000000000000000e+00
1.000000000000000e+00
1.000000000000000e+00
1.000000000000000e+00
1.000000000000000e+00
###4.000000000000000e-01
5.149463555290749e-13
-1.003347562456847e-11
-1.503722506457486e-11
1.077915828497668e-11
-1.114252947187764e-11
4.775875574699526e-12
-2.979485365131830e-12
8.045390659191338e-12
-1.112100506385721e-12
4.917809047457791e-12
7.059005603628308e-12
1.891585614826209e-12
-1.044607515868451e-12
1.305623781005473e-12
3.859306939337550e-12
-8.397019970901549e-13
3.439664338779713e-12
5.265412515769758e-12
7.031572271000102e-12
9.921192013587356e-12
1.014933400996118e-11
4.210305552420962e-12
1.886777613450033e-11
1.760963850915536e-11
2.183985360432569e-11
3.910603928363052e-11
3.951174254717205e-11
5.988250307021916e-11
9.379541488951644e-11
1.016287941836238e-10
1.421585426048901e-10
1.826318902443004e-10
2.400652452029750e-10
3.241709286207793e-10
4.234906634170218e-10
5.659441175626519e-10
7.555327322613077e-10
9.904432029564923e-10
1.281888029570599e-09
1.684860473260763e-09
2.225659403624497e-09
2.882451163722171e-09
3.767133181126229e-09
4.914056194522938e-09
6.405179739941855e-09
8.280257932178423e-09
1.073974684343754e-08
1.408871322374920e-08
1.844470708991812e-08
2.436502903249132e-08
3.234385057744058e-08
4.349476238443286e-08
5.933268497750353e-08
8.183222397796039e-08
1.152146110819197e-07
1.653919953061937e-07
2.415501320574248e-07
3.566609411768830e-07
5.375700068683363e-07
8.011975368768855e-07
1.256567467056831e-06
1.929441686730517e-06
3.013513400626313e-06
4.705882465072486e-06
7.394000256455494e-06
1.161785645371593e-05
1.831657845353398e-05
2.896953214616482e-05
4.593653543661237e-05
7.311521869268546e-05
1.163571093401133e-04
1.857332524897024e-04
2.986123724925456e-04
4.831231487192949e-04
7.850844757306124e-04
1.283155216504820e-03
2.113908763426006e-03
3.509819994584964e-03
5.872500167371570e-03
9.911802558707595e-03
1.683327219929739e-02
2.875371898055306e-02
4.930745946147917e-02
8.450842302811638e-02
1.438647373442834e-01
2.406254784744472e-01
3.874949318339567e-01
5.830809405655833e-01
7.879022260111604e-01
9.293811838169177e-01
9.821133483035641e-01
9.951483319439907e-01
9.999999987640055e-01
1.000000000000000e+00
1.000000000000000e+00
1.000000000000000e+00
1.000000000000000e+00
1.000000000000000e+00
1.000000000000000e+00
1.000000000000000e+00
###8.000000000000000e-01
2.054239255530860e-12
-1.340401093664491e-11
-2.165031403071030e-11
2.362420387574293e-12
-1.137485189691548e-11
3.815696132754188e-12
8.606917164483036e-12
9.619227964152600e-12
-1.852381826893419e-12
7.345598053639009e-12
2.719994719624528e-12
5.721011115452552e-12
-4.403158628230889e-14
2.724493071962421e-12
1.883387035783072e-12
2.238339577094734e-12
5.635531588089777e-12
1.128744259156322e-11
1.005827424814036e-11
1.657343055440721e-11
1.973241913961964e-11
3.499919467056884e-12
3.364402980615195e-11
3.584012191367719e-11
5.086534955911746e-11
7.303088270756978e-11
8.501866201284447e-11
1.227084379228513e-10
1.753119763504516e-10
2.119212027738877e-10
2.873928667475242e-10
3.783190326868546e-10
4.986659051367056e-10
6.674595215077013e-10
8.749721989974390e-10
1.157234850912405e-09
1.552154253706688e-09
2.031474309366229e-09
2.623730560305632e-09
3.453894126667924e-09
4.553954184026037e-09
5.867222893708662e-09
7.724837978751361e-09
1.014321835369047e-08
1.314313165434600e-08
1.728378367858017e-08
2.250929945661581e-08
2.986401639599526e-08
3.931561294303658e-08
5.260002604139051e-08
7.043588936004298e-08
9.684850401172553e-08
1.341530924397916e-07
1.886941451342101e-07
2.693038167245439e-07
3.896523741199268e-07
5.713068556862083e-07
8.473660798349516e-07
1.273965114404470e-06
1.915143403061657e-06
2.942426675158497e-06
4.477823250130204e-06
6.913361970212093e-06
1.064155397546804e-05
1.643229464894884e-05
2.534443278572734e-05
3.924666041324580e-05
6.065808800767963e-05
9.393909462478901e-05
1.458388689165015e-04
2.256643162694312e-04
3.501907260751816e-04
5.440824393356075e-04
8.495299915497911e-04
1.330789632842997e-03
2.090317525850666e-03
3.306860203504950e-03
5.257961515225632e-03
8.414357391605648e-03
1.357826127949245e-02
2.204429073107821e-02
3.600863322051925e-02
5.908572202932020e-02
9.702790898080334e-02
1.584911012069589e-01
2.551345192281624e-01
3.968318020681530e-01
5.806335782264698e-01
7.713341625843938e-01
9.079989798308292e-01
9.684519182184743e-01
9.898110662820008e-01
9.999999987640055e-01
1.000000000000000e+00
1.000000000000000e+00
1.000000000000000e+00
1.000000000000000e+00
1.000000000000000e+00
1.000000000000000e+00
1.000000000000000e+00
###1.200000000000000e+00
-4.187021512818822e-11
4.310271265618887e-11
-8.291543120346696e-11
-8.085034088929635e-13
-1.157430120230639e-11
9.921690587800362e-13
1.130646685923340e-11
1.470120635783542e-11
-4.601861553906467e-12
9.302180539622282e-12
1.019594125528600e-10
7.461941891606103e-12
2.175537907391374e-12
-1.265488191536594e-12
3.009657959232529e-12
8.689809550973168e-12
7.679019156742048e-12
1.417514500358054e-11
1.337083450870999e-11
2.469000424766980e-11
3.209385988850626e-11
1.924027509124950e-11
4.630537713846483e-11
5.674468124959450e-11
7.860995922222830e-11
1.072032577714351e-10
1.349061033464380e-10
1.862515719491062e-10
2.609364124413198e-10
3.282666528834386e-10
4.487517792527837e-10
5.849738550892408e-10
7.675348753565627e-10
1.029514810757346e-09
1.350927091232249e-09
1.795220541312735e-09
2.369045714256880e-09
3.115227802040965e-09
4.037865394434140e-09
5.323668132385618e-09
6.984908938715096e-09
9.056022590391256e-09
1.193803315215688e-08
1.579333040278912e-08
2.054766403937171e-08
2.724729342029000e-08
3.568320492966218e-08
4.797601698518354e-08
6.383470962838376e-08
8.659170442745642e-08
1.180145959204926e-07
1.637633160418147e-07
2.304670797973799e-07
3.284326628519051e-07
4.724403845356245e-07
6.892265652854899e-07
1.007320815109540e-06
1.510436269755571e-06
2.269864194634044e-06
3.416490848699031e-06
5.198783650598347e-06
7.882384219662183e-06
1.206251565742559e-05
1.840904077233802e-05
2.813015233287056e-05
4.289359993498398e-05
6.568411911845530e-05
1.001793463472355e-04
1.530835346020458e-04
2.339433034461272e-04
3.569886798499139e-04
5.450106409448846e-04
8.310066950551592e-04
1.272150830988171e-03
1.951407766924266e-03
2.994871208336313e-03
4.623231539404746e-03
7.159706136326749e-03
1.113661372693838e-02
1.743741511020826e-02
2.743825613667722e-02
4.337709237761955e-02
6.881318353572982e-02
1.092708097933381e-01
1.725359068740628e-01
2.688309860448623e-01
4.057397422079455e-01
5.791151415434275e-01
7.575678438964377e-01
8.897331073901955e-01
9.559622422621560e-01
9.842760459678982e-01
9.999999987640055e-01
1.000000000000000e+00
1.000000000000000e+00
1.000000000000000e+00
1.000000000000000e+00
1.000000000000000e+00
1.000000000000000e+00
1.000000000000000e+00
###1.600000000000000e+00
-5.237591672975328e-11
4.410505692018123e-11
-7.060886788622903e-11
-2.832501325036766e-12
-1.509888248954263e-11
8.274524876510832e-12
1.106624813045268e-11
1.624970553564156e-11
-3.990629686612555e-11
1.364778436071501e-11
1.031029349175986e-10
1.217496741976951e-11
6.936147624975903e-12
5.058183532673552e-12
5.749488319366276e-12
8.681006177913160e-12
1.245094269498420e-11
1.993855101036918e-11
2.663949842309359e-11
3.451182677739762e-11
4.421726239454989e-11
3.449393329997040e-11
6.357214373115834e-11
8.113689107600532e-11
1.075522133493237e-10
1.478013122403532e-10
1.917411450002135e-10
2.583968134435786e-10
3.533502072382500e-10
4.563097771770662e-10
6.170691980736337e-10
8.063913467652660e-10
1.061431157783258e-09
1.414944632654143e-09
1.854858989799878e-09
2.465108920728025e-09
3.244303170547133e-09
4.261820403405030e-09
5.567038599735139e-09
7.322362093193782e-09
9.607309439129816e-09
1.255475188626641e-08
1.658100256509527e-08
2.197331443670356e-08
2.885031721329049e-08
3.853688980974708e-08
5.092047007034486e-08
6.932876747400726e-08
9.332945857850077e-08
1.282091025787970e-07
1.772810892801399e-07
2.486652749098774e-07
3.538887772393035e-07
5.086483818051169e-07
7.376625720601052e-07
1.082965746051136e-06
1.595734574485457e-06
2.388906021866972e-06
3.577628415837603e-06
5.372818108257297e-06
8.136203836634286e-06
1.228730565188580e-05
1.861259078452704e-05
2.825985173581373e-05
4.282703008784775e-05
6.481216854163357e-05
9.827126582883406e-05
1.484717149899910e-04
2.243288559239271e-04
3.390944279307788e-04
5.118618067836570e-04
7.716506249970495e-04
1.161681451139757e-03
1.752853787005531e-03
2.648944235508676e-03
3.998298213232559e-03
6.066136009085601e-03
9.212854120525192e-03
1.403449537506152e-02
2.148454515592495e-02
3.301856249658048e-02
5.085993624468319e-02
7.852237030484169e-02
1.212695428756025e-01
1.860821578861371e-01
2.818938489371519e-01
4.143358714936899e-01
5.784778048692527e-01
7.462759463523654e-01
8.742064534928203e-01
9.446741219848102e-01
9.787544606785551e-01
9.999999987640055e-01
1.000000000000000e+00
1.000000000000000e+00
1.000000000000000e+00
1.000000000000000e+00
1.000000000000000e+00
1.000000000000000e+00
1.000000000000000e+00
###2.000000000000000e+00
-4.858777376657585e-11
4.834753978489491e-11
-8.474781642781638e-11
-1.080785869118712e-11
-1.631344350405827e-11
1.019490525297227e-11
4.240112010562809e-11
1.622527017723619e-11
-4.561991451536231e-11
1.653417836769427e-11
9.692164602867050e-11
6.300279826382419e-12
1.863400042998805e-11
9.514530444671266e-12
8.570689084951053e-12
1.300077130669107e-11
1.718227414178449e-11
2.949332772218439e-11
3.146509969738002e-11
4.230853877834257e-11
6.031349171601018e-11
4.589575967723673e-11
8.106689023807344e-11
1.019772289342727e-10
1.417182944215639e-10
1.912417812274721e-10
2.514635942061049e-10
3.348936584569136e-10
4.577133319421076e-10
5.915444800969175e-10
7.925167502109882e-10
1.040694953151194e-09
1.372775367215009e-09
1.824250552842559e-09
2.390316026023150e-09
3.172992523896934e-09
4.178151771412093e-09
5.493867185722441e-09
7.212873786032673e-09
9.462711292199224e-09
1.246701701536745e-08
1.639617217182754e-08
2.173117956106911e-08
2.895891925951321e-08
3.836389471761855e-08
5.161482755014754e-08
6.882122806894946e-08
9.493704415716740e-08
1.293998016504026e-07
1.795624994027323e-07
2.513491221072990e-07
3.561354392027280e-07
5.115009082398375e-07
7.401863929167579e-07
1.080679756099648e-06
1.589473130159038e-06
2.352384222237402e-06
3.515544468871468e-06
5.246227830511041e-06
7.869660077662642e-06
1.185808794569760e-05
1.781219021598674e-05
2.681861222560045e-05
4.046556182966708e-05
6.091687333341248e-05
9.150320602738999e-05
1.375700710286065e-04
2.062770626307973e-04
3.086540130279568e-04
4.624334301019793e-04
6.916602820215988e-04
1.032371975243091e-03
1.537828767803164e-03
2.293744460941651e-03
3.424829512962865e-03
5.102151265094276e-03
7.635390858031026e-03
1.141662090537681e-02
1.710740605226107e-02
2.571304182024466e-02
3.876624267361490e-02
5.844522926552897e-02
8.821270279217350e-02
1.330557766623258e-01
1.992189847320197e-01
2.944213606186591e-01
4.227370819401408e-01
5.786763304423571e-01
7.371481778855903e-01
8.610789255039898e-01
9.345698975618416e-01
9.734242053877449e-01
9.999999987640055e-01
1.000000000000000e+00
1.000000000000000e+00
1.000000000000000e+00
1.000000000000000e+00
1.000000000000000e+00
1.000000000000000e+00
1.000000000000000e+00
###2.400000000000000e+00
-4.385330462399161e-11
4.694398088123608e-11
-8.951238889480815e-11
-1.505031888215249e-11
-1.965687403729528e-11
1.129947304140972e-11
4.089900965296499e-11
-2.705996889921537e-11
-4.800424818442943e-11
2.125336452470988e-11
9.667211758069375e-11
6.624248077836240e-12
2.210769032546020e-11
1.131841134777673e-11
1.419551344408989e-11
2.049376865350645e-11
2.314336103553737e-11
3.422779873249643e-11
3.695595404728118e-11
5.527592408432974e-11
7.870887772545080e-11
6.300921477562291e-11
1.007118678633936e-10
1.309254429150775e-10
1.771408835387377e-10
2.220593227635164e-10
3.131606380604811e-10
4.166329197158372e-10
5.687499875755798e-10
7.355599409325575e-10
9.808898770000858e-10
1.292912985358072e-09
1.705195560810835e-09
2.263470764986318e-09
2.961411770124345e-09
3.937258579712872e-09
5.176850848399608e-09
6.814894140127227e-09
8.998479804982276e-09
1.183826489620220e-08
1.565051185697204e-08
2.070693190412671e-08
2.760861857269667e-08
3.699925212104383e-08
4.954088571704471e-08
6.726203479594449e-08
9.081376594441290e-08
1.260171719731039e-07
1.734814640525583e-07
2.435242311387226e-07
3.442742775693205e-07
4.921186782278431e-07
7.110572251394080e-07
1.034803271279127e-06
1.515512046468362e-06
2.233285143674015e-06
3.312333580912847e-06
4.931198512942843e-06
7.346908488454547e-06
1.098540654433208e-05
1.647783295066311e-05
2.462523080268085e-05
3.688979583596618e-05
5.531109553574689e-05
8.269747960798002e-05
1.234646274132974e-04
1.842386716604373e-04
2.742657399249315e-04
4.071485504165574e-04
6.052792188638529e-04
8.980502755106871e-04
1.328832216976823e-03
1.961358958959590e-03
2.897202362620216e-03
4.282044679262356e-03
6.308587916063899e-03
9.331308172272113e-03
1.377233126103404e-02
2.035091490256230e-02
3.011815361672510e-02
4.467531188267056e-02
6.613664877866611e-02
9.789732593158819e-02
1.446611430727160e-01
2.119856466547626e-01
3.065141245399665e-01
4.310166612944671e-01
5.796480333779929e-01
7.299380063600367e-01
8.500688097155090e-01
9.256164181866887e-01
9.683952482397093e-01
9.999999987640055e-01
1.000000000000000e+00
1.000000000000000e+00
1.000000000000000e+00
1.000000000000000e+00
1.000000000000000e+00
1.000000000000000e+00
1.000000000000000e+00
###2.800000000000000e+00
-5.377552354658202e-11
5.366508872773694e-11
-8.936617795269079e-11
-2.944299998108649e-11
2.830988862644720e-11
1.697276476647631e-11
4.695453893637503e-11
-2.354161010681824e-11
-4.274958389770996e-11
3.692834648150838e-11
9.787553927887245e-11
9.652531456892026e-12
2.813268400686376e-11
1.724312534916708e-11
2.027580936030740e-11
2.788860528089808e-11
3.134846821305222e-11
4.237923348698665e-11
5.305405037592007e-11
6.754012374455644e-11
9.317813695883826e-11
9.603297009473966e-11
1.262189637008161e-10
1.609914389595245e-10
2.156727789509187e-10
2.749122408005510e-10
3.822329584599755e-10
5.073855776766955e-10
6.836785617343039e-10
8.909498914914382e-10
1.186457503599993e-09
1.562206644568465e-09
2.064436025958540e-09
2.734137552585181e-09
3.580752829119600e-09
4.768295359902842e-09
6.273916845678447e-09
8.274792447704851e-09
1.097399950470424e-08
1.448799260867426e-08
1.923495823249538e-08
2.562220403951817e-08
3.437268866320284e-08
4.632385198226231e-08
6.265150356516109e-08
8.577031236574254e-08
1.173527798524455e-07
1.639394894400004e-07
2.283896126788806e-07
3.222753195212364e-07
4.598829490949830e-07
6.621190826894070e-07
9.605992746094481e-07
1.410953966761697e-06
2.061193597420156e-06
3.037851395169663e-06
4.503976413827165e-06
6.692689213340689e-06
9.938133955350756e-06
1.481048567561969e-05
2.212596014855747e-05
3.288423130292821e-05
4.905264711611032e-05
7.310838122884377e-05
1.086059941843081e-04
1.611845219824192e-04
2.388082170418525e-04
3.533307627877566e-04
5.209097930380811e-04
7.689630105101717e-04
1.132505719175120e-03
1.662697481706319e-03
2.435261777303955e-03
3.565833986577457e-03
5.222460096342579e-03
7.623923888014274e-03
1.115506157859085e-02
1.627955163376144e-02
2.376299510994076e-02
3.470173359334974e-02
5.074235372012070e-02
7.393041313171393e-02
1.075952775486300e-01
1.561126194323978e-01
2.244465658637116e-01
3.182629572791505e-01
4.392418244012986e-01
5.813547376063452e-01
7.244027130300899e-01
8.409283205812356e-01
9.177737521677931e-01
9.637603256324100e-01
9.999999987640055e-01
1.000000000000000e+00
1.000000000000000e+00
1.000000000000000e+00
1.000000000000000e+00
1.000000000000000e+00
1.000000000000000e+00
1.000000000000000e+00
###3.200000000000000e+00
-4.492206837418467e-11
4.557901807904453e-11
-8.904650528400737e-11
-3.476708670092413e-11
2.869616294126522e-11
1.814711837896859e-11
4.551469960252723e-11
-2.274641960150723e-11
-4.379083222806844e-11
3.869711083070658e-11
9.799597775580048e-11
1.174858347735150e-11
2.571647822501136e-11
1.968364498625680e-11
3.039682910811437e-11
3.451263773200675e-11
3.626992922317175e-11
5.115760038247056e-11
6.212294247582975e-11
7.711181221005241e-11
1.078764657419490e-10
1.124592459959361e-10
1.511349041355907e-10
1.737512297998553e-10
2.571413044959997e-10
3.305544831577503e-10
4.547526399266352e-10
6.021746346264332e-10
8.065441514331061e-10
1.054336648791402e-09
1.402436522764321e-09
1.849870804957576e-09
2.445778408330359e-09
3.236663142113016e-09
4.254755706919835e-09
5.672191772340045e-09
7.472002150935888e-09
9.888173311610580e-09
1.314649301000795e-08
1.747240114317542e-08
2.333879272861711e-08
3.130393262357086e-08
4.222636761542636e-08
5.740061331098716e-08
7.837925389502689e-08
1.081489887297576e-07
1.494392190353356e-07
2.103191974114395e-07
2.959461133583539e-07
4.197114698805473e-07
6.031725057303657e-07
8.730271015215761e-07
1.270010946885335e-06
1.868188493946583e-06
2.732634289236279e-06
4.031292154432539e-06
5.968318078066570e-06
8.838086240747436e-06
1.309836604284795e-05
1.944574885886505e-05
2.893256536563532e-05
4.280049652589769e-05
6.352572436085377e-05
9.417129455294142e-05
1.390983321157027e-04
2.052710211574344e-04
3.022655544675859e-04
4.443797988290110e-04
6.510739567215347e-04
9.548282675435614e-04
1.396262450035006e-03
2.035957481168666e-03
2.961019370622305e-03
4.303150693922939e-03
6.248232670439817e-03
9.046792104616308e-03
1.310722135427516e-02
1.893777757984027e-02
2.734364987812452e-02
3.946138113905369e-02
5.696471694133086e-02
8.183397131109130e-02
1.173073099690985e-01
1.674458445701084e-01
2.366516837513281e-01
3.297388485701725e-01
4.474770292767925e-01
5.837395269238339e-01
7.203568475946464e-01
8.334534056566452e-01
9.109838160133404e-01
9.595525913106624e-01
9.999999987640055e-01
1.000000000000000e+00
1.000000000000000e+00
1.000000000000000e+00
1.000000000000000e+00
1.000000000000000e+00
1.000000000000000e+00
1.000000000000000e+00
###3.600000000000000e+00
-4.873817363793613e-11
2.905461893286056e-11
-9.207903105090635e-11
-4.173458782028271e-11
3.056545601494863e-11
1.431789504387523e-11
3.822740718202428e-11
-1.984370702893518e-11
-3.455234559488640e-11
4.294380068392802e-11
9.421584048864824e-11
1.737079489074743e-11
2.771466619183176e-11
2.266850885687650e-11
3.506331980370056e-11
3.962179809543953e-11
4.781598168291403e-11
5.996364738120338e-11
7.005424612706764e-11
9.361608473076340e-11
1.239688465271939e-10
1.339843834710564e-10
1.777955254510197e-10
2.066730895687266e-10
2.997861343591293e-10
3.871594182387732e-10
5.314721426453242e-10
7.015239782556949e-10
9.391172285490330e-10
1.230021832636201e-09
1.636461886867746e-09
2.163717498774541e-09
2.853178020339064e-09
3.784179029345519e-09
4.997857705088471e-09
6.657005875083129e-09
8.810468397390761e-09
1.171493044446595e-08
1.562481863043345e-08
2.085970090843906e-08
2.809579293199910e-08
3.792769647265496e-08
5.152578102659686e-08
7.054763204611018e-08
9.720818139062137e-08
1.352257666098195e-07
1.885426119370161e-07
2.668379547346148e-07
3.782601887210101e-07
5.392417174393256e-07
7.792400508351118e-07
1.132778157483666e-06
1.650819014438205e-06
2.428733247043227e-06
3.555261922388737e-06
5.239841865657486e-06
7.748830567989112e-06
1.143066265771918e-05
1.690041782204144e-05
2.499257377461534e-05
3.703544371468687e-05
5.454023041681820e-05
8.057825431914550e-05
1.188394139333342e-04
1.745659916062100e-04
2.562123549090030e-04
3.751827303824383e-04
5.483285927358745e-04
7.987705281148716e-04
1.164433186892096e-03
1.691657438497134e-03
2.451144344523601e-03
3.541292289808357e-03
5.109831803531526e-03
7.362616818393347e-03
1.057811630110371e-02
1.518727232860871e-02
2.174807035642155e-02
3.109192813692310e-02
4.439473260595135e-02
6.334300487329840e-02
8.984680748797705e-02
1.270400460097059e-01
1.786774075481680e-01
2.486519674816595e-01
3.410081885080457e-01
4.557473589549907e-01
5.867610249157565e-01
7.176215366228119e-01
8.274590193110056e-01
9.052051958442056e-01
9.558095667333220e-01
9.999999987640055e-01
1.000000000000000e+00
1.000000000000000e+00
1.000000000000000e+00
1.000000000000000e+00
1.000000000000000e+00
1.000000000000000e+00
1.000000000000000e+00
###4.000000000000000e+00
-4.816089016795172e-11
2.517245321538558e-11
-9.711842556069806e-11
-4.162932586400602e-11
4.481923255460542e-11
2.619404473366781e-11
3.407497804359312e-11
-1.716847275112790e-11
-1.774652467498800e-11
4.349328681597814e-11
1.047203562873589e-10
2.464076261156387e-11
3.475904009188885e-11
2.760458604258412e-11
4.132222777076247e-11
4.676749545387436e-11
5.338898588045705e-11
6.841389174908576e-11
7.591530367356272e-11
1.073473410995547e-10
1.450530948472030e-10
1.576216423053958e-10
2.058221205732129e-10
2.453981639509148e-10
3.443880063425998e-10
4.523703291456736e-10
6.138484873365566e-10
8.181857515466078e-10
1.083044860055513e-09
1.423798025598387e-09
1.889149932409651e-09
2.502763763404919e-09
3.308418595752447e-09
4.392348122472316e-09
5.816640358945041e-09
7.754025202394571e-09
1.031818243806053e-08
1.378206262705185e-08
1.847151209198548e-08
2.481639962752186e-08
3.359872391451243e-08
4.568918362779614e-08
6.252327810522854e-08
8.627677546574329e-08
1.198108458504712e-07
1.679085913712394e-07
2.359081983337146e-07
3.356139029319275e-07
4.786379560474516e-07
6.855934261354263e-07
9.941276180786999e-07
1.449806639863395e-06
2.115421153364723e-06
3.109511303725568e-06
4.550965024249845e-06
6.700003585749074e-06
9.888323079996166e-06
1.454009154438648e-05
2.143604841683615e-05
3.157294534026052e-05
4.659841995247439e-05
6.832156263782056e-05
1.004857374763372e-04
1.474710581744266e-04
2.155178245222895e-04
3.147376846883353e-04
4.583776788029469e-04
6.663037653064076e-04
9.651981125309559e-04
1.398885620419129e-03
2.020345675164936e-03
2.909821853288276e-03
4.177644038499043e-03
5.988639257121749e-03
8.567644652923416e-03
1.221980143340986e-02
1.739968533643521e-02
2.471105678920293e-02
3.500900640428627e-02
4.950024590725400e-02
6.987602874620634e-02
9.796717906883580e-02
1.368067586625020e-01
1.898453125868390e-01
2.604934140117862e-01
3.521171042257315e-01
4.640865099354887e-01
5.903750870271537e-01
7.160622991841628e-01
8.227969511790268e-01
9.003607603608779e-01
9.525371479796172e-01
9.999999987640055e-01
1.000000000000000e+00
1.000000000000000e+00
1.000000000000000e+00
1.000000000000000e+00
1.000000000000000e+00
1.000000000000000e+00
1.000000000000000e+00
###4.399999999999999e+00
-4.392812488210451e-11
2.640399422022112e-11
-1.035474750824594e-10
-4.261207217065058e-11
4.913759468796617e-11
2.893067519623757e-11
3.354811763728410e-11
-1.333875068919483e-11
-1.796217473146876e-11
4.151586472671502e-11
9.800318120585089e-11
2.717068303710575e-11
4.116765008449194e-11
3.156768806331192e-11
4.764021960294142e-11
5.693109914804155e-11
6.042619805311370e-11
7.483235609312079e-11
8.754471764518221e-11
1.226516160052550e-10
1.617154111687425e-10
1.837509177631649e-10
2.364014793176419e-10
2.885036760843087e-10
3.965523432063827e-10
5.217909273398243e-10
7.038841588910063e-10
9.362992684811045e-10
1.239781233042391e-09
1.631704823605322e-09
2.166914510181428e-09
2.872987649039665e-09
3.806585256533546e-09
5.062375373586387e-09
6.730069029515408e-09
8.997124630023620e-09
1.202650678098141e-08
1.615565513317722e-08
2.175130716912254e-08
2.940361991334728e-08
4.009503995540705e-08
5.492070867955870e-08
7.561944551474457e-08
1.051296931561935e-07
1.471181527680766e-07
2.073675995003881e-07
2.933983717099547e-07
4.190467512549856e-07
6.007061431969873e-07
8.633687604318234e-07
1.255417846857029e-06
1.834008935316291e-06
2.676621669997860e-06
3.930604813691035e-06
5.744870553286671e-06
8.443259175894058e-06
1.243368609233558e-05
1.822953977300772e-05
2.678951495819534e-05
3.930479553214773e-05
5.778216929601102e-05
8.436650485948363e-05
1.235267656675638e-04
1.804540251035155e-04
2.624188433537123e-04
3.813630872519357e-04
5.526821394299845e-04
7.991054014683838e-04
1.151617214820684e-03
1.660108325608950e-03
2.384133296221340e-03
3.414263256802328e-03
4.872943261709656e-03
6.942406211841113e-03
9.865946946960542e-03
1.397501827903924e-02
1.974691621110176e-02
2.782991489455687e-02
3.909612122181515e-02
5.477658486760445e-02
7.656339424550565e-02
1.062069381361462e-01
1.466161390675692e-01
2.009630827663736e-01
2.722078613102393e-01
3.631281925375238e-01
4.725550253792200e-01
5.945472681061988e-01
7.155509632890028e-01
8.193182873461163e-01
8.964225837393399e-01
9.497400607871980e-01
9.999999987640055e-01
1.000000000000000e+00
1.000000000000000e+00
1.000000000000000e+00
1.000000000000000e+00
1.000000000000000e+00
1.000000000000000e+00
1.000000000000000e+00
###4.800000000000000e+00
-4.899225837292471e-11
2.567376748563138e-11
-1.020238129325327e-10
-4.037909769481776e-11
5.059850742387388e-11
2.887432745244078e-11
3.771833744222380e-11
-1.130342158717531e-11
-1.913149766782886e-11
4.552189112548057e-11
9.724213958217634e-11
3.227871097036781e-11
4.332975671164550e-11
3.159650582672328e-11
4.927329611266732e-11
6.256985087258978e-11
6.556817888381151e-11
8.379329671341148e-11
9.957533971897629e-11
1.377336495544334e-10
1.830462136406704e-10
2.077391476505495e-10
2.707801086986320e-10
3.390850444076587e-10
4.529291919897442e-10
5.969134364806399e-10
8.008617669700344e-10
1.065805712105305e-09
1.401510344387114e-09
1.854593395491640e-09
2.472017638116177e-09
3.300270897790834e-09
4.409506895716486e-09
5.900436014749336e-09
7.761163772785864e-09
1.040595264925829e-08
1.398553702935644e-08
1.890074626786248e-08
2.556988175915144e-08
3.479305441886995e-08
4.775503564188980e-08
6.590186410714387e-08
9.130972343844795e-08
1.274892165850503e-07
1.798895312761747e-07
2.550390603397863e-07
3.627907260368830e-07
5.198672205281887e-07
7.479261486505759e-07
1.077647087719094e-06
1.572571433183755e-06
2.295135044503047e-06
3.349668810454391e-06
4.910290417682061e-06
7.166669640141853e-06
1.051166296385319e-05
1.544356144075982e-05
2.257040185813331e-05
3.305244596473992e-05
4.831597292064977e-05
7.074135141433263e-05
1.028968611162899e-04
1.500254294711889e-04
2.182022398863755e-04
3.158104007730034e-04
4.567898039908313e-04
6.588666485191749e-04
9.479854558153009e-04
1.359315569006911e-03
1.949406837834148e-03
2.784884195314506e-03
3.966625097865646e-03
5.629868435044780e-03
7.973205952194673e-03
1.125978204207582e-02
1.584654844742044e-02
2.223177621944441e-02
3.110407281944327e-02
4.335207647008419e-02
6.022471871547817e-02
8.338261762948634e-02
1.145649793936880e-01
1.564787176681406e-01
2.120568348933240e-01
2.838349244896842e-01
3.740592633604148e-01
4.811372748764223e-01
5.992368186325507e-01
7.159902110261032e-01
8.169108761059420e-01
8.932895695141685e-01
9.474205007427836e-01
9.999999987640055e-01
1.000000000000000e+00
1.000000000000000e+00
1.000000000000000e+00
1.000000000000000e+00
1.000000000000000e+00
1.000000000000000e+00
1.000000000000000e+00
###5.200000000000000e+00
-4.331290426932870e-11
5.057575832219494e-11
-8.343217323584160e-11
-4.440143571521399e-11
6.015452880279554e-11
3.285415180907128e-11
3.947653032892961e-11
-2.284309190237394e-12
-1.632714810141344e-11
4.877235183303649e-11
9.894558025349684e-11
4.184629311624658e-11
4.720179474853221e-11
3.693463924902743e-11
5.321843460087119e-11
6.957515603347934e-11
7.599795186336012e-11
1.048367914928659e-10
1.151257186796554e-10
1.536708371142072e-10
2.046485948018413e-10
2.274704657229554e-10
3.070715119851207e-10
3.859128984106054e-10
5.149885577404306e-10
6.768875065626152e-10
9.074950127907295e-10
1.205511043268685e-09
1.586840353912197e-09
2.109447186036089e-09
2.805832834904881e-09
3.754742074897344e-09
5.024426543819545e-09
6.745770178921186e-09
8.933349916717167e-09
1.202687779299517e-08
1.623558741335055e-08
2.208738186304901e-08
3.005209145253070e-08
4.113718242993294e-08
5.685159178931098e-08
7.891128216805294e-08
1.100597631837991e-07
1.546120924324941e-07
2.192718383389831e-07
3.123495276884598e-07
4.462650709055929e-07
6.414261367864679e-07
9.250632093590918e-07
1.334754307461669e-06
1.951474502145327e-06
2.845156147883839e-06
4.149905893121345e-06
6.071038409946213e-06
8.846969456587378e-06
1.294864153830291e-05
1.897044202031848e-05
2.763515399196550e-05
4.033603473293854e-05
5.874871971039182e-05
8.568237046233366e-05
1.241677513495492e-04
1.802880759874659e-04
2.610936375789953e-04
3.762348115106696e-04
5.417576037371699e-04
7.779152317727038e-04
1.113981375218649e-03
1.589803114076456e-03
2.268681796035254e-03
3.224461270433248e-03
4.569210586090795e-03
6.450434332773653e-03
9.084228505341827e-03
1.275248357898418e-02
1.783679811188815e-02
2.485727797430174e-02
3.453637997527437e-02
4.777874267892993e-02
6.584731640897062e-02
9.035872851990133e-02
1.230434977379061e-01
1.664075319167419e-01
2.231436070714653e-01
2.954005666235624e-01
3.849584483352540e-01
4.898582853358544e-01
6.044190615802403e-01
7.172779700005993e-01
8.154643914698783e-01
8.909144931089602e-01
9.455360022712020e-01
9.999999987640055e-01
1.000000000000000e+00
1.000000000000000e+00
1.000000000000000e+00
1.000000000000000e+00
1.000000000000000e+00
1.000000000000000e+00
1.000000000000000e+00
###5.600000000000001e+00
-2.882890766856076e-11
5.535050920151877e-11
-8.472272011001050e-11
-2.939200418438240e-11
6.454252041081228e-11
3.470128292115778e-11
4.046035118846319e-11
1.908594364061772e-12
3.161460288801933e-12
5.607935647381442e-11
9.254070846383017e-11
4.397553382996217e-11
5.099545609106337e-11
3.985538431726379e-11
6.200401533942948e-11
7.254291737052284e-11
8.165813136556698e-11
1.145747372684737e-10
1.283696701903914e-10
1.713052878436772e-10
2.277950119844198e-10
2.595661586686621e-10
3.421355449108823e-10
4.372376453836185e-10
5.817660162462520e-10
7.787370535036072e-10
1.021714670130482e-09
1.359191297345244e-09
1.793360004766374e-09
2.387982639110847e-09
3.179603950800789e-09
4.266175124847192e-09
5.723805529458499e-09
7.700584280214695e-09
1.027671390919167e-08
1.388726986749038e-08
1.886809672394738e-08
2.578630580965555e-08
3.532266317148183e-08
4.864095015683460e-08
6.764297278740098e-08
9.443274779418535e-08
1.324508145468999e-07
1.870214039400549e-07
2.665020916426911e-07
3.809909965442325e-07
5.462015477285382e-07
7.866998316869917e-07
1.136371577420670e-06
1.640945889871207e-06
2.400515782459088e-06
3.496878362786088e-06
5.093594977424957e-06
7.438703173170547e-06
1.081718529686589e-05
1.579703342782228e-05
2.307981371916938e-05
3.351632677934436e-05
4.875533838264024e-05
7.075667770111391e-05
1.027874915487415e-04
1.484486044610692e-04
2.146633946293435e-04
3.096269139334991e-04
4.442782837505225e-04
6.370067826492180e-04
9.106466070632724e-04
1.298139331917627e-03
1.844212519231000e-03
2.619572226161177e-03
3.705014046950614e-03
5.223950010294488e-03
7.337212795210691e-03
1.027753388725071e-02
1.434707974777509e-02
1.995149106652571e-02
2.762369858103565e-02
3.812892918736704e-02
5.237853835424093e-02
7.164224905092845e-02
9.749982906212196e-02
1.316469548478191e-01
1.764069902166243e-01
2.342387496520587e-01
3.069348250933863e-01
3.958528060708831e-01
4.987283564397574e-01
6.100374979499830e-01
7.193112096600399e-01
8.148800677688598e-01
8.892399661898970e-01
9.440773094811181e-01
9.999999987640055e-01
1.000000000000000e+00
1.000000000000000e+00
1.000000000000000e+00
1.000000000000000e+00
1.000000000000000e+00
1.000000000000000e+00
1.000000000000000e+00
###6.000000000000001e+00
-4.755052807911893e-11
5.287278233528735e-11
-8.346496539803704e-11
-2.672522381441524e-11
6.898341418228130e-11
2.754302236608352e-11
5.147602758579131e-11
-1.911200027337408e-11
4.944230467616058e-12
6.262970107259254e-11
9.157422918912352e-11
4.537416608654947e-11
5.419282510017019e-11
4.573501971191897e-11
6.941599243250438e-11
8.011877068720775e-11
9.216081532158752e-11
1.231649651504935e-10
1.595679332916928e-10
1.909719803043218e-10
2.537680794999127e-10
2.911368296007741e-10
3.778993231405649e-10
4.915796984560217e-10
6.535689879403864e-10
8.713114009448789e-10
1.149065083805900e-09
1.527913907664367e-09
2.022760076377818e-09
2.696445364753064e-09
3.598059218607400e-09
4.841572503140061e-09
6.519079415615071e-09
8.797184455022749e-09
1.182105662276790e-08
1.604769160908843e-08
2.192202818596633e-08
3.016259929784117e-08
4.152497363473800e-08
5.750482565353923e-08
8.043695494318720e-08
1.129168929045019e-07
1.591292338939283e-07
2.256908037275204e-07
3.227814773491940e-07
4.630061840283711e-07
6.653000016889002e-07
9.595188129228385e-07
1.387287004025370e-06
2.003078228354893e-06
2.930475223258011e-06
4.264673978245171e-06
6.201492173437278e-06
9.040072933850258e-06
1.311683510657173e-05
1.910598572399120e-05
2.783953731497217e-05
4.030267663693173e-05
5.842486114193838e-05
8.449404483750584e-05
1.222971984453127e-04
1.760126395916610e-04
2.535563702419144e-04
3.642302157806327e-04
5.205336283475169e-04
7.433145258756199e-04
1.058099287984164e-03
1.501832254943998e-03
2.124137808635499e-03
3.003598726703855e-03
4.228496545782699e-03
5.933818539888166e-03
8.292938129040224e-03
1.155670430134590e-02
1.604580312572510e-02
2.219036006003030e-02
3.053493561755848e-02
4.188496391445586e-02
5.715315558898930e-02
7.761098198609405e-02
1.048103300233793e-01
1.403882598962432e-01
1.864974064192708e-01
2.453675001186936e-01
3.184625801733379e-01
4.067597042417608e-01
5.077489486197477e-01
6.160778237214015e-01
7.220318736881263e-01
8.150719894906636e-01
8.882257705369854e-01
9.430363165079807e-01
9.999999987640055e-01
1.000000000000000e+00
1.000000000000000e+00
1.000000000000000e+00
1.000000000000000e+00
1.000000000000000e+00
1.000000000000000e+00
1.000000000000000e+00
###6.400000000000001e+00
-4.291658590096306e-11
5.294635783417256e-11
-8.426897261590917e-11
-2.542430722770118e-11
8.052558520735492e-11
2.849280970344611e-11
5.837337220770288e-11
-1.220637104775576e-11
6.334781425601080e-12
7.248171942059006e-11
9.190259566911530e-11
4.870990152301192e-11
5.307009988010144e-11
5.028244003872948e-11
5.593166360921391e-11
8.942399045797850e-11
1.021804733763417e-10
1.385722348193344e-10
1.753802926068064e-10
2.111256872097501e-10
2.803192147129005e-10
3.302102767418814e-10
4.357376092286680e-10
5.522024572269648e-10
7.307141007648349e-10
9.758730010632530e-10
1.289166373568993e-09
1.715652160393136e-09
2.279003355635021e-09
3.044025323655776e-09
4.072772899367126e-09
5.494907149436297e-09
7.426267020580183e-09
1.006026702202457e-08
1.361071042667118e-08
1.855381582022319e-08
2.548825401346518e-08
3.530650995936235e-08
4.883010914008155e-08
6.800975898047356e-08
9.562166702820242e-08
1.348192851862816e-07
1.907595768710565e-07
2.717621110472033e-07
3.896706959391992e-07
5.603905295694327e-07
8.060524848876619e-07
1.164069288004545e-06
1.683367698427200e-06
2.430040216049018e-06
3.552876342363911e-06
5.163092572522026e-06
7.495336965109675e-06
1.090286895242611e-05
1.579045838165180e-05
2.293231314260928e-05
3.330504477491082e-05
4.808786499222467e-05
6.948546851587333e-05
1.001440824541234e-04
1.444242528827796e-04
2.071663243306726e-04
2.973076057313525e-04
4.254463352076201e-04
6.056576532518621e-04
8.614817292493518e-04
1.221162176476193e-03
1.726164319753232e-03
2.431090796981806e-03
3.422915927174074e-03
4.797123964990313e-03
6.700964696449189e-03
9.320829553264088e-03
1.292449976030907e-02
1.785242707479717e-02
2.455706739227588e-02
3.359532559069146e-02
4.580651539131016e-02
6.210605400242262e-02
8.376152798181551e-02
1.122912728251271e-01
1.492692519301493e-01
1.966820314987560e-01
2.565422391208588e-01
3.299997959978279e-01
4.177057636261773e-01
5.169483729062644e-01
6.225032644361415e-01
7.253675045883298e-01
8.159642378741230e-01
8.877831969329292e-01
9.423589391173745e-01
9.999999987640055e-01
1.000000000000000e+00
1.000000000000000e+00
1.000000000000000e+00
1.000000000000000e+00
1.000000000000000e+00
1.000000000000000e+00
1.000000000000000e+00
###6.800000000000002e+00
-4.426370088007535e-11
1.104200170226539e-11
-8.133538452274185e-11
-3.115536038028785e-11
8.304291234677972e-11
1.613375898443554e-10
5.716167203507546e-11
-1.769488859541321e-11
8.584701358990635e-12
8.080074241947876e-11
9.674758797117074e-11
5.569043140094779e-11
6.247258158516973e-11
6.160352335281114e-11
6.912390401103400e-11
9.979629895612904e-11
1.136157072497944e-10
1.519307185342760e-10
1.931368808130144e-10
2.348821684197262e-10
3.115690886399104e-10
3.728009122216274e-10
4.863124096181623e-10
6.200532065263545e-10
8.170829896653198e-10
1.090658860423591e-09
1.443761450338350e-09
1.931690362601586e-09
2.566137086501373e-09
3.436629308039564e-09
4.612868753291462e-09
6.244748625236020e-09
8.472239714901746e-09
1.152435282524014e-08
1.569236144857615e-08
2.148798508331017e-08
2.969461152113950e-08
4.134831417395855e-08
5.743841819199335e-08
8.042494436838989e-08
1.135967188371440e-07
1.607920522309416e-07
2.282932598747008e-07
3.261951492506079e-07
4.689090926451351e-07
6.754284151462790e-07
9.722546072335117e-07
1.404783366102334e-06
2.031097685767770e-06
2.931287760276650e-06
4.277449744887910e-06
6.209956867542476e-06
8.997626949827683e-06
1.306059156587856e-05
1.887528630604634e-05
2.732774425002475e-05
3.956424240400160e-05
5.697246531858820e-05
8.206977725229003e-05
1.178784331110313e-04
1.694091053383761e-04
2.422063007674814e-04
3.462831016536075e-04
4.938139248383614e-04
7.002704677856574e-04
9.923320918703974e-04
1.401042590116556e-03
1.972510313896099e-03
2.766642736788159e-03
3.879175515127588e-03
5.412993705331194e-03
7.527659898199700e-03
1.042306327110670e-02
1.438415072355592e-02
1.976964652198649e-02
2.705459762681098e-02
3.680576993592020e-02
4.989516889255927e-02
6.723933192267553e-02
9.009457440814628e-02
1.199440212953331e-01
1.582955166784295e-01
2.069655190552568e-01
2.677713162109590e-01
3.415614781601702e-01
4.287032828076180e-01
5.263040289239788e-01
6.292810789177230e-01
7.292653881836249e-01
8.174863844045752e-01
8.878932931945873e-01
9.420397487986609e-01
9.999999987640055e-01
1.000000000000000e+00
1.000000000000000e+00
1.000000000000000e+00
1.000000000000000e+00
1.000000000000000e+00
1.000000000000000e+00
1.000000000000000e+00
###7.200000000000002e+00
1.209674829320306e-11
1.287828255289104e-11
-7.917350299077033e-11
-1.168786167341231e-11
8.920202985172172e-11
1.674470341439686e-10
5.977022659307240e-11
-7.072947822732118e-12
1.686559617601133e-11
8.890933411004164e-11
1.033322158158868e-10
6.361633909699380e-11
7.342674437773184e-11
6.943881602706869e-11
8.028657501905206e-11
1.094548212659130e-10
1.282382841923942e-10
1.727350408657662e-10
2.134603580905041e-10
2.625259362929837e-10
3.441891867145463e-10
4.171207247467897e-10
5.428560564353253e-10
6.984547615239247e-10
9.142832651449315e-10
1.221458064072390e-09
1.621049327127149e-09
2.168472118339990e-09
2.891608342006245e-09
3.883939491982092e-09
5.235407670823299e-09
7.111900282362698e-09
9.678885677465526e-09
1.322354808210311e-08
1.811777200499367e-08
2.493180792906402e-08
3.463960352851237e-08
4.847788411912214e-08
6.761659290367798e-08
9.512726630896313e-08
1.348456292855099e-07
1.915419209844657e-07
2.727074554049340e-07
3.904629987245943e-07
5.622784863447776e-07
8.107704006655100e-07
1.167816318002559e-06
1.686963936310931e-06
2.437868137216143e-06
3.520796908776005e-06
5.122584168789885e-06
7.423917768877356e-06
1.073485355516508e-05
1.554654307593557e-05
2.241646571176783e-05
3.235970761703268e-05
4.670915731303961e-05
6.707114234178667e-05
9.631403687845160e-05
1.378941978203823e-04
1.974956034281940e-04
2.814589109692819e-04
4.009407492533790e-04
5.698288930654822e-04
8.051542067330192e-04
1.136724021659127e-03
1.598899725741040e-03
2.242112194256383e-03
3.132350130229993e-03
4.374355089922601e-03
6.078516013034127e-03
8.416703815569847e-03
1.160308231481421e-02
1.593867590635322e-02
2.180087472237090e-02
2.968235402398899e-02
4.017093416572301e-02
5.415593277590149e-02
7.255996237375446e-02
9.661234314841646e-02
1.277709826142454e-01
1.674691986755606e-01
2.173633919737152e-01
2.790676843399406e-01
3.531721772194168e-01
4.397671254665437e-01
5.358211784650737e-01
6.363780319820865e-01
7.336582539466289e-01
8.195714647993062e-01
8.884949131111303e-01
9.420290189715563e-01
9.999999987640055e-01
1.000000000000000e+00
1.000000000000000e+00
1.000000000000000e+00
1.000000000000000e+00
1.000000000000000e+00
1.000000000000000e+00
1.000000000000000e+00
###7.600000000000002e+00
1.259468528847059e-11
-1.192640311516583e-10
-7.621651416701829e-11
5.720002167961923e-12
8.638867222508370e-11
1.781270663217654e-10
7.778836636998609e-11
8.675225976422284e-13
2.194029118014165e-11
1.009349770096077e-10
1.104742229290198e-10
7.122962854588298e-11
8.389661663162670e-11
7.454833636156888e-11
9.466938368458453e-11
1.162691441409577e-10
1.396921840551256e-10
1.919949974028556e-10
2.363873417353934e-10
2.924309958202728e-10
3.734355324565884e-10
4.653890703906372e-10
6.122163607112599e-10
7.798951807050425e-10
1.020964453743962e-09
1.367111469645016e-09
1.818007273288399e-09
2.436603155949966e-09
3.260248304403414e-09
4.392938960078449e-09
5.942888336842287e-09
8.112817453264455e-09
1.108372864183230e-08
1.520558401997945e-08
2.095031290640789e-08
2.895872320385482e-08
4.043969404321430e-08
5.682397976334987e-08
7.959210637969003e-08
1.124085059359309e-07
1.599112956715884e-07
2.277074819365110e-07
3.249175263832250e-07
4.660490281899194e-07
6.717774073284001e-07
9.693949982806636e-07
1.396344756803709e-06
2.016199448432445e-06
2.910949164969931e-06
4.204503905923142e-06
6.098486160780146e-06
8.825668631254289e-06
1.273286657334082e-05
1.839731759164974e-05
2.646459784601145e-05
3.809615313936174e-05
5.482687318434818e-05
7.850986431852050e-05
1.123876916337529e-04
1.604090416272818e-04
2.289563896378250e-04
3.252893453592926e-04
4.617889428133066e-04
6.540999382741110e-04
9.210047357743927e-04
1.295520985941488e-03
1.815591468784274e-03
2.536428586529371e-03
3.529940196648685e-03
4.910448943471727e-03
6.795896858685376e-03
9.370882259495571e-03
1.286315330458418e-02
1.759132303821381e-02
2.394931110920414e-02
3.244783729673929e-02
4.369200837514418e-02
5.859127249261396e-02
7.806465386043031e-02
1.033196236642167e-01
1.357733722685350e-01
1.767960643994864e-01
2.278772044678998e-01
2.904436809522516e-01
3.648376411456382e-01
4.509109342371987e-01
5.455090306939845e-01
6.437882281877502e-01
7.384969348635851e-01
8.221647121373664e-01
8.895526013867467e-01
9.423274717710421e-01
9.999999987640055e-01
1.000000000000000e+00
1.000000000000000e+00
1.000000000000000e+00
1.000000000000000e+00
1.000000000000000e+00
1.000000000000000e+00
1.000000000000000e+00
###8.000000000000002e+00
5.669092053084081e-11
-1.327387473077792e-10
-5.073073518530261e-11
1.043805563734345e-11
1.217904167104118e-10
1.748734559888032e-10
7.369678573362381e-11
2.869853021718610e-13
2.613830750057161e-11
9.916490209985663e-11
1.095160422734025e-10
7.326710363635073e-11
8.056720610447165e-11
9.685736915406269e-11
1.010145699297322e-10
1.268831458047104e-10
1.509389602889709e-10
2.083842241193431e-10
2.598244962505666e-10
3.216321594624528e-10
4.094891622312906e-10
5.144460674035654e-10
6.777542698219867e-10
8.712916306225503e-10
1.140042325846248e-09
1.526569493146114e-09
2.040057113001014e-09
2.742361908665742e-09
3.679320826491311e-09
4.975154146258632e-09
6.759611620460652e-09
9.263044432242308e-09
1.270739332873949e-08
1.751000873269251e-08
2.425635227942465e-08
3.368035945048962e-08
4.723482639099700e-08
6.666584982365705e-08
9.371343058802741e-08
1.327148651862611e-07
1.893205514734921e-07
2.701942337492967e-07
3.861440535937475e-07
5.544933704007836e-07
7.998686435090361e-07
1.154252253414993e-06
1.662324442245782e-06
2.398580038157064e-06
3.459464037008839e-06
4.993718637434810e-06
7.222984356138711e-06
1.043504001275911e-05
1.502269779090808e-05
2.165281894034567e-05
3.107557217139646e-05
4.460819950653563e-05
6.396717351871187e-05
9.140074899691145e-05
1.304649980473933e-04
1.856464248315763e-04
2.640957132930545e-04
3.740911368867007e-04
5.292571396387998e-04
7.472491995019368e-04
1.048549799485157e-03
1.469864979940157e-03
2.052558078146896e-03
2.857002514424143e-03
3.961115922163612e-03
5.489431744532931e-03
7.567336017412293e-03
1.039321355766345e-02
1.420688365277145e-02
1.934551689678547e-02
2.621849488199746e-02
3.535387055097514e-02
4.737436911289644e-02
6.320418834936149e-02
8.375860269213811e-02
1.102199494555865e-01
1.439588447781637e-01
1.862867672636256e-01
2.385215806483444e-01
3.019144695136610e-01
3.765711582741246e-01
4.621317248164054e-01
5.553406885518579e-01
6.514753578739554e-01
7.437347581455016e-01
8.252054374962411e-01
8.910017056357875e-01
9.428943605291371e-01
9.999999987640055e-01
1.000000000000000e+00
1.000000000000000e+00
1.000000000000000e+00
1.000000000000000e+00
1.000000000000000e+00
1.000000000000000e+00
1.000000000000000e+00
###8.400000000000002e+00
5.656449551842510e-11
-1.879310327765243e-10
-4.595101989109376e-11
2.771210864778272e-12
1.224161740721649e-10
1.726199485500448e-10
7.475782113512520e-11
-7.728113782094132e-12
2.995039412542216e-11
1.006078001825162e-10
1.091772204241826e-10
7.919468707193177e-11
7.930291751273060e-11
1.084587681854304e-10
1.069497177722302e-10
1.376887926285261e-10
1.610659845160931e-10
2.261251011236534e-10
2.815527711290715e-10
3.357076207270203e-10
4.498347232588246e-10
5.706325135542705e-10
7.509274217539220e-10
9.702008207992231e-10
1.272768532496775e-09
1.707391387183139e-09
2.288121196706213e-09
3.085083283018664e-09
4.159586165660479e-09
5.644505437221426e-09
7.698609185410580e-09
1.059104368077173e-08
1.460415757598232e-08
2.019882191487162e-08
2.812148474307446e-08
3.920094278696047e-08
5.516034321954205e-08
7.816919567955699e-08
1.102044122233034e-07
1.565384577977228e-07
2.237521610391784e-07
3.198702919317161e-07
4.576507563890700e-07
6.577947865880678e-07
9.491121340095090e-07
1.369120233128787e-06
1.970915163997978e-06
2.840837783502952e-06
4.092162420607781e-06
5.901702417800929e-06
8.514487422289230e-06
1.227716686146692e-05
1.763504451115641e-05
2.535784676302297e-05
3.630418791902139e-05
5.197079116775249e-05
7.427419373842498e-05
1.058964223251043e-04
1.507179821616072e-04
2.138280100252541e-04
3.032305642305988e-04
4.282270646794916e-04
6.038858557747654e-04
8.499098799141460e-04
1.188610676871967e-03
1.660591876283566e-03
2.310795142713716e-03
3.205031841032310e-03
4.427832361109080e-03
6.113619869763011e-03
8.396141601771099e-03
1.148611573198175e-02
1.563710893155721e-02
2.120436526798717e-02
2.861277613168718e-02
3.840504506448414e-02
5.122222175056563e-02
6.799890745044732e-02
8.963980761427127e-02
1.173140547132210e-01
1.523420118063847e-01
1.959390680393811e-01
2.492991937762662e-01
3.134805530163685e-01
3.883786158033349e-01
4.734428946087764e-01
5.653183451420574e-01
6.594158946921328e-01
7.493242799356460e-01
8.286387427007271e-01
8.928102707788773e-01
9.436953135473726e-01
9.999999987640055e-01
1.000000000000000e+00
1.000000000000000e+00
1.000000000000000e+00
1.000000000000000e+00
1.000000000000000e+00
1.000000000000000e+00
1.000000000000000e+00
###8.800000000000002e+00
3.893197979639084e-11
-1.857462507529084e-10
-4.622945326192972e-11
-4.033998151602919e-13
1.347429253716340e-10
1.750984579163056e-10
8.733301638675162e-11
-1.085467324732000e-12
3.924492604363552e-11
1.078759516475822e-10
1.137904204373265e-10
8.377121134755496e-11
8.107015258857381e-11
1.191514357411890e-10
1.213334733384909e-10
1.573267499924118e-10
1.723903567131947e-10
2.493497852517000e-10
3.103378832607403e-10
3.742850569407395e-10
4.965842113828647e-10
6.308299095986891e-10
8.349753897392912e-10
1.080281726207863e-09
1.423904951806293e-09
1.911038373975416e-09
2.571088293867441e-09
3.480566231746740e-09
4.709724088800499e-09
6.419121517171916e-09
8.784907242441349e-09
1.213505752126927e-08
1.680336403920896e-08
2.333571373367265e-08
3.262796621202932e-08
4.565759321908512e-08
6.448146326087210e-08
9.165902778576069e-08
1.295972980639774e-07
1.843659732038816e-07
2.639957504475388e-07
3.778842842971656e-07
5.409922735857663e-07
7.777644131967575e-07
1.122143468654716e-06
1.618133126490312e-06
2.327226922572477e-06
3.350537917688211e-06
4.819935039467516e-06
6.942150169319151e-06
9.992790152812572e-06
1.437831303583328e-05
2.060562103964414e-05
2.956032877099430e-05
4.221692199284091e-05
6.026894178389887e-05
8.585895242946748e-05
1.221388362013694e-04
1.733405817007999e-04
2.452011891060990e-04
3.466582788188717e-04
4.881007335485158e-04
6.861602397100977e-04
9.627020430248472e-04
1.342030817888251e-03
1.868767999091115e-03
2.591721236004911e-03
3.582360135714477e-03
4.931689276253334e-03
6.785179476480064e-03
9.284165590732966e-03
1.265246816097617e-02
1.715760480613204e-02
2.317123424129203e-02
3.113619910820635e-02
4.160634553380766e-02
5.523781158675233e-02
7.297869955054477e-02
9.572431803858605e-02
1.246060221514671e-01
1.609195152895517e-01
2.057606394131889e-01
2.602133491768506e-01
3.251538434473467e-01
4.002703047538668e-01
4.848345512364910e-01
5.754422697820470e-01
6.675913601349401e-01
7.552376843806714e-01
8.324262569500113e-01
8.949402813758383e-01
9.447185526249120e-01
9.999999987640055e-01
1.000000000000000e+00
1.000000000000000e+00
1.000000000000000e+00
1.000000000000000e+00
1.000000000000000e+00
1.000000000000000e+00
1.000000000000000e+00
###9.200000000000003e+00
4.572830714521498e-11
-1.835389366985227e-10
-4.410362981062727e-11
2.011767712270458e-11
1.320408864717831e-10
1.663833574305103e-10
8.475650208803972e-11
5.558642840390581e-12
3.808860799296531e-11
1.058726747470065e-10
1.176947264723590e-10
8.907319659211686e-11
9.556574892456121e-11
1.297511304732522e-10
1.358960557068290e-10
1.686823526083840e-10
1.872591555119150e-10
2.719465311754542e-10
3.428274564072262e-10
4.152942716299071e-10
5.475089345893191e-10
6.997795250103886e-10
9.263799666083571e-10
1.202884844892662e-09
1.594328617287788e-09
2.144302261779145e-09
2.891906459738253e-09
3.930757889553609e-09
5.338849184976956e-09
7.307425823085697e-09
1.004505310712727e-08
1.392414073216764e-08
1.935958226637624e-08
2.698793673534320e-08
3.787426983529901e-08
5.322643473443728e-08
7.536292791660801e-08
1.072811752955598e-07
1.522348257346299e-07
2.168216812707869e-07
3.108268296673548e-07
4.452758537359061e-07
6.381535469615579e-07
9.169510976851518e-07
1.321990589040427e-06
1.904722969756366e-06
2.737318466222828e-06
3.936129274150898e-06
5.652825092133202e-06
8.130116069545041e-06
1.167495096397271e-05
1.676491378324260e-05
2.397177803745154e-05
3.430620270137920e-05
4.887660864208513e-05
6.959028861038116e-05
9.883766355067773e-05
1.402772158469817e-04
1.985404955500790e-04
2.800530840492306e-04
3.947514642074628e-04
5.542186598641232e-04
7.766973348959064e-04
1.086441412978541e-03
1.509753405788179e-03
2.095612191277963e-03
2.896754808268153e-03
3.990685218382512e-03
5.474854621069007e-03
7.506458955362381e-03
1.023433448212712e-02
1.389519497558186e-02
1.877106631531132e-02
2.525032018587453e-02
3.379148861028230e-02
4.496073635085657e-02
5.942534097947213e-02
7.814729871355958e-02
1.020053851121273e-01
1.321016528721899e-01
1.696779013056116e-01
2.157566471794155e-01
2.712702799075716e-01
3.369364896574377e-01
4.122543483512792e-01
4.963282730839285e-01
5.856905292903379e-01
6.759733058829036e-01
7.614342523046274e-01
8.365487187429366e-01
8.973612715393738e-01
9.459231166733209e-01
9.999999987640055e-01
1.000000000000000e+00
1.000000000000000e+00
1.000000000000000e+00
1.000000000000000e+00
1.000000000000000e+00
1.000000000000000e+00
1.000000000000000e+00
###9.600000000000003e+00
5.242997535282023e-11
-1.985460258115593e-10
-4.243881180549429e-11
2.145691584298531e-11
1.374515091603757e-10
1.688520558613667e-10
8.264484984350531e-11
6.131799764808605e-12
4.339809306125326e-11
1.059349579914720e-10
1.223636020120494e-10
9.357613595908413e-11
1.106436927099867e-10
1.391260634237543e-10
1.482772646474137e-10
1.828243368318772e-10
2.121546085418405e-10
2.961518854451592e-10
3.708656504174869e-10
4.574186358926532e-10
6.058039554152091e-10
7.753449961959491e-10
1.027548694604333e-09
1.341575754505549e-09
1.784892855928601e-09
2.407205602011913e-09
3.258553794556096e-09
4.446322409344815e-09
6.066115386167456e-09
8.334392870080518e-09
1.150231122377683e-08
1.600408835137578e-08
2.233434003815101e-08
3.124296777649027e-08
4.400145745900405e-08
6.202966755305022e-08
8.804787156363738e-08
1.255131280548711e-07
1.785395711299919e-07
2.545392710075173e-07
3.651969605016350e-07
5.233922127632703e-07
7.506761296988460e-07
1.077620280978616e-06
1.552435457275592e-06
2.234446978261001e-06
3.206733642547172e-06
4.605247777574918e-06
6.603159339077398e-06
9.483086729253965e-06
1.358714028016997e-05
1.946901756097623e-05
2.777547016871659e-05
3.965453611888219e-05
5.635483770073129e-05
8.002979599162463e-05
1.133432565745322e-04
1.604826802999380e-04
2.265141816280236e-04
3.186297676531085e-04
4.478736356778981e-04
6.269795801966314e-04
8.760400406502048e-04
1.221843369096743e-03
1.692619196474709e-03
2.342126950620593e-03
3.227243349933895e-03
4.431437627777053e-03
6.059362715928975e-03
8.279479833316873e-03
1.124895778194363e-02
1.521780376060214e-02
2.048158510245582e-02
2.744444339382634e-02
3.658215261382700e-02
4.847141373812205e-02
6.378925810594055e-02
8.350810976894431e-02
1.084902709774443e-01
1.398010810085922e-01
1.786310412756405e-01
2.259283104823005e-01
2.824731173616639e-01
3.488364481694597e-01
4.243201522956337e-01
5.079078033071669e-01
5.960640317609257e-01
6.845368053966774e-01
7.678772221579968e-01
8.409398671882758e-01
9.000236179631472e-01
9.472862026396121e-01
9.999999987640055e-01
1.000000000000000e+00
1.000000000000000e+00
1.000000000000000e+00
1.000000000000000e+00
1.000000000000000e+00
1.000000000000000e+00
1.000000000000000e+00
###1.000000000000000e+01
5.414450815896602e-11
-2.007169921189088e-10
-4.271870546401331e-11
2.741760317280396e-11
1.406183505235940e-10
1.664841962077263e-10
8.513373696313348e-11
1.156902992069712e-11
4.995468407889162e-11
1.112157870208570e-10
1.267766840016203e-10
9.975684658804291e-11
1.189888674067427e-10
1.453713656773101e-10
1.540130586885544e-10
1.960453449019521e-10
2.373164154994060e-10
3.235408233339107e-10
4.156385743085650e-10
5.043922933270881e-10
6.674405589698601e-10
8.595051080643923e-10
1.137472160060749e-09
1.498695568511532e-09
2.000102614463006e-09
2.707097933722438e-09
3.677618668503379e-09
5.036530636697319e-09
6.902704202141986e-09
9.522149344454260e-09
1.318608983478281e-08
1.841412593571345e-08
2.578931481543147e-08
3.619496702229638e-08
5.111868024456937e-08
7.223677887442695e-08
1.028017500715964e-07
1.466605998849178e-07
2.090461510193087e-07
2.981970321661716e-07
4.280638754974159e-07
6.136244521658274e-07
8.796466086452982e-07
1.262188638793512e-06
1.816866509803749e-06
2.612680440916813e-06
3.744051513132911e-06
5.369249795693473e-06
7.684989283556951e-06
1.099695845932694e-05
1.574980796894782e-05
2.252234167562747e-05
3.206081285629174e-05
4.566134433979350e-05
6.473408710760492e-05
9.169515804165466e-05
1.295119861916671e-04
1.829308279025602e-04
2.575088284445280e-04
3.612308936277047e-04
5.063535459459771e-04
7.068950052984941e-04
9.848374613023374e-04
1.369558583407732e-03
1.891571644763325e-03
2.609601900793198e-03
3.584538586769783e-03
4.906404393269300e-03
6.687283896849111e-03
9.107022277050040e-03
1.233146495968847e-02
1.662321102088087e-02
2.229065128581106e-02
2.975886783802707e-02
3.951320248876132e-02
5.214246304185403e-02
6.833366687285641e-02
8.906389348600215e-02
1.151836847072025e-01
1.477085050869485e-01
1.877815565743236e-01
2.362797416256989e-01
2.938267522948874e-01
3.608491881611297e-01
4.364807165144559e-01
5.195848357946559e-01
6.065496748504319e-01
6.932542010190527e-01
7.745349581453922e-01
8.455603492720895e-01
9.028924383272529e-01
9.487996809263485e-01
9.999999987640055e-01
1.000000000000000e+00
1.000000000000000e+00
1.000000000000000e+00
1.000000000000000e+00
1.000000000000000e+00
1.000000000000000e+00
1.000000000000000e+00
###1.040000000000000e+01
5.646303057094270e-11
-2.053227018632221e-10
-6.798359142878040e-11
4.487329429034251e-11
1.409532507464563e-10
1.641023590745102e-10
8.475205552565783e-11
1.943661025509476e-11
5.440007141541989e-11
1.152408393668582e-10
1.356396030549457e-10
1.073117526102591e-10
1.280239500339266e-10
1.569998236150656e-10
1.694007463090323e-10
2.146059892447213e-10
2.634646960801278e-10
3.573307575241815e-10
4.535535026805503e-10
5.567871847562675e-10
7.336736215079411e-10
9.505455195987921e-10
1.267146115969413e-09
1.676821754807304e-09
2.246335263611795e-09
3.049965139123490e-09
4.159857350337590e-09
5.716742173630236e-09
7.866966371652945e-09
1.089342550027529e-08
1.514286662380561e-08
2.121432892325860e-08
2.979105018480758e-08
4.194197174265312e-08
5.938249460319343e-08
8.413111365599220e-08
1.198970552656386e-07
1.711561209554167e-07
2.443494497879612e-07
3.487286085899536e-07
5.006572338297093e-07
7.175489291504294e-07
1.028799385386597e-06
1.473989436114104e-06
2.119639380305364e-06
3.043358912887457e-06
4.355945878906533e-06
6.237019188992393e-06
8.910941011972208e-06
1.271580342368264e-05
1.818735781677142e-05
2.595860059471905e-05
3.686866759431958e-05
5.238712367266060e-05
7.409427067879048e-05
1.046907878920882e-04
1.474667621420403e-04
2.078064424316147e-04
2.917817168165839e-04
4.082059820985179e-04
5.706420289900556e-04
7.944703476748824e-04
1.103752223397100e-03
1.530510297599102e-03
2.107697512627859e-03
2.899346053159392e-03
3.970118401618083e-03
5.417535533599712e-03
7.360543802923235e-03
9.991424580996344e-03
1.348413923859714e-02
1.811450570383313e-02
2.420529223187552e-02
3.219616667267499e-02
4.258701335193574e-02
5.597835757070485e-02
7.306099373424309e-02
9.481920410504767e-02
1.220814888791597e-01
1.558255173853169e-01
1.971407134995033e-01
2.468149967872370e-01
3.053331511462171e-01
3.729821868544325e-01
4.487437996210130e-01
5.313389263210820e-01
6.171445289988702e-01
7.021269134646355e-01
7.813730203632444e-01
8.503780039251702e-01
9.059596265460532e-01
9.504591755880827e-01
9.999999987640055e-01
1.000000000000000e+00
1.000000000000000e+00
1.000000000000000e+00
1.000000000000000e+00
1.000000000000000e+00
1.000000000000000e+00
1.000000000000000e+00
###1.080000000000000e+01
5.996169926402139e-11
-2.009380771693331e-10
-6.408730595823143e-11
4.687962534679731e-11
1.597904545640079e-10
1.587004437923154e-10
8.520917344604101e-11
2.424683474442930e-11
6.562072026116584e-11
1.231412639067042e-10
1.438932704883167e-10
1.161138880896442e-10
1.375060877101835e-10
1.768132575138540e-10
1.881214910452162e-10
2.339999743345872e-10
2.919549156705475e-10
3.888868133227813e-10
4.953729881144350e-10
6.155104216521198e-10
8.128321237879846e-10
1.057134372259611e-09
1.411949887560942e-09
1.878800785204740e-09
2.526510118184350e-09
3.442616704847949e-09
4.712564786715816e-09
6.478452106817261e-09
8.982333674806399e-09
1.247820875842399e-08
1.741178345199263e-08
2.445530976728196e-08
3.444686053615098e-08
4.860050859752740e-08
6.897465522656611e-08
9.789894738848294e-08
1.396575898552211e-07
1.994811126236583e-07
2.851285788419926e-07
4.069635425554091e-07
5.840721041393408e-07
8.369188194881483e-07
1.199337696178915e-06
1.716921552755723e-06
2.465284831665139e-06
3.533917884631415e-06
5.051154856657458e-06
7.220857019567323e-06
1.029764332437852e-05
1.467842361718041e-05
2.093504321606743e-05
2.981559732809120e-05
4.225591459083219e-05
5.990020900926276e-05
8.452586596885158e-05
1.191329942228428e-04
1.674023029230311e-04
2.353080858467925e-04
3.295546524629051e-04
4.599436418480314e-04
6.411688761053619e-04
8.902682744645775e-04
1.233387737057507e-03
1.705554035263044e-03
2.342060499024802e-03
3.212415948924591e-03
4.385853823577184e-03
5.966600686202536e-03
8.081684134177728e-03
1.093558464200555e-02
1.471038500732239e-02
1.969600707183903e-02
2.622755490119223e-02
3.476149383236299e-02
4.580824015364325e-02
5.998183352124813e-02
7.797675326827160e-02
1.007773810208112e-01
1.291920294787327e-01
1.641579974866811e-01
2.067002493030136e-01
2.575306952425920e-01
3.169929105511153e-01
3.852335720279630e-01
4.610886427478403e-01
5.431699774414898e-01
6.278332613665502e-01
7.111131279816713e-01
7.883602264425524e-01
8.553611928169098e-01
9.091690107114050e-01
9.521962956486798e-01
9.999999987640055e-01
1.000000000000000e+00
1.000000000000000e+00
1.000000000000000e+00
1.000000000000000e+00
1.000000000000000e+00
1.000000000000000e+00
1.000000000000000e+00
###1.120000000000000e+01
5.228395420520856e-11
-1.993897545346696e-10
-6.456927234553160e-11
4.821107518285656e-11
1.593349475456180e-10
1.577964018682360e-10
8.875087244122146e-11
2.525473285982238e-11
6.707603754146011e-11
1.282527477923220e-10
1.513841122961664e-10
1.251743367636733e-10
1.476735697459059e-10
1.899941574945689e-10
2.059490407754758e-10
2.559606646681959e-10
3.233430667686922e-10
4.255195049026860e-10
5.404676708058308e-10
6.831624887664292e-10
9.001130947530368e-10
1.176826212084801e-09
1.575766963998880e-09
2.108574874835058e-09
2.847704890888520e-09
3.892402833140695e-09
5.349758962689999e-09
7.380520930664289e-09
1.026704565124127e-08
1.431123303411422e-08
2.003101470180057e-08
2.820695482781545e-08
3.982908824487775e-08
5.633082904622245e-08
8.004737716917214e-08
1.138191215980270e-07
1.624810621513419e-07
2.321640077420018e-07
3.320140298947109e-07
4.738585605597891e-07
6.800661718618541e-07
9.735916686240714e-07
1.394084677954424e-06
1.994329750904727e-06
2.858541938212341e-06
4.091097373120070e-06
5.839551664185066e-06
8.333207699324334e-06
1.186198644457652e-05
1.688394146473626e-05
2.402179875070992e-05
3.413676408564760e-05
4.827168551600354e-05
6.827861105987998e-05
9.612212891347373e-05
1.351535155761940e-04
1.895177862128598e-04
2.656567282812274e-04
3.711183386774928e-04
5.167158619807234e-04
7.183257927239878e-04
9.948179957400957e-04
1.374535893918301e-03
1.895645636203877e-03
2.595851622014632e-03
3.550227902770928e-03
4.833173098927860e-03
6.555870264379758e-03
8.852897887291423e-03
1.194199172401776e-02
1.601333695533440e-02
2.137032250661647e-02
2.836053270011191e-02
3.745816110130702e-02
4.918312942116835e-02
6.416019934027803e-02
8.308400709739920e-02
1.069434558289131e-01
1.365196950169533e-01
1.727049149866456e-01
2.164649058279538e-01
2.684315204078155e-01
3.288071263189248e-01
3.976061700716616e-01
4.735259372548921e-01
5.550781250355861e-01
6.385929788541710e-01
7.201982945770931e-01
7.954918130073326e-01
8.604828754688475e-01
9.125023248994153e-01
9.540301586780916e-01
9.999999987640055e-01
1.000000000000000e+00
1.000000000000000e+00
1.000000000000000e+00
1.000000000000000e+00
1.000000000000000e+00
1.000000000000000e+00
1.000000000000000e+00
###1.160000000000000e+01
5.554823827874989e-11
-2.122819988220322e-10
-6.543151287961752e-11
5.230504675143399e-11
1.632731940725436e-10
1.535257819633176e-10
9.144540587682207e-11
3.258101309962306e-11
7.863713610013222e-11
1.346130164891872e-10
1.575735491936578e-10
1.356479541052328e-10
1.591238181930429e-10
2.041790962117855e-10
2.248576689618905e-10
2.896822221810448e-10
3.545296311819082e-10
4.633679713195084e-10
5.932380469304920e-10
7.559427026066583e-10
9.983050882151462e-10
1.313194815156081e-09
1.760361017680539e-09
2.371640369844426e-09
3.214731668110314e-09
4.408138135368715e-09
6.083560304220619e-09
8.421568815870396e-09
1.174969218049605e-08
1.642811485238757e-08
2.305732290962267e-08
3.254484852435571e-08
4.606096513228077e-08
6.527555091335317e-08
9.284981952739074e-08
1.321858044120721e-07
1.887722693466852e-07
2.697468197143063e-07
3.858330994115031e-07
5.505433464263488e-07
7.896337385911552e-07
1.129564030186252e-06
1.615883678688693e-06
2.309901581998919e-06
3.305237813978090e-06
4.722350962697806e-06
6.730567359629948e-06
9.588262001987057e-06
1.362605030820265e-05
1.935711133330823e-05
2.747723473744537e-05
3.896398805551124e-05
5.497588529136700e-05
7.759008823216296e-05
1.089792345359012e-04
1.528908769439483e-04
2.139282181442264e-04
2.990681558823892e-04
4.167876032229457e-04
5.789129651966374e-04
8.026594088028588e-04
1.108737891473408e-03
1.527936979830067e-03
2.101590752914945e-03
2.870085553034670e-03
3.914560366585908e-03
5.313943793303753e-03
7.186940584242968e-03
9.676522772373285e-03
1.301301931038060e-02
1.739616701417479e-02
2.314210296505103e-02
3.060951292169867e-02
4.029078842651276e-02
5.271416989660208e-02
6.851372875803613e-02
8.838754250254885e-02
1.133182936117742e-01
1.440648994029640e-01
1.814739912353409e-01
2.264392101511764e-01
2.795123410121633e-01
3.407725104665572e-01
4.100944847000562e-01
4.860430214111839e-01
5.670494606446315e-01
6.494096449557838e-01
7.293574067571875e-01
8.027128001539013e-01
8.657103102124161e-01
9.159323486484843e-01
9.559239965947106e-01
9.999999987640055e-01
1.000000000000000e+00
1.000000000000000e+00
1.000000000000000e+00
1.000000000000000e+00
1.000000000000000e+00
1.000000000000000e+00
1.000000000000000e+00
###1.200000000000001e+01
5.645883105832564e-11
-2.113246231607967e-10
-6.799117752108697e-11
5.488580949337017e-11
1.623484076555066e-10
1.538436388159418e-10
9.453231382265931e-11
4.056183236804540e-11
8.694435278191484e-11
1.336268354600655e-10
1.637947515368395e-10
1.452953815873269e-10
1.726304655028200e-10
2.144044021821599e-10
2.465146804002017e-10
3.156189110616774e-10
3.894567725646750e-10
5.071087321757665e-10
6.531138831721375e-10
8.376334798433028e-10
1.109137728414493e-09
1.467206419834631e-09
1.973282907468638e-09
2.672049935910662e-09
3.631885294864417e-09
5.003828410983999e-09
6.925794455310735e-09
9.624637993321672e-09
1.345800948559241e-08
1.887459103544378e-08
2.655286694761621e-08
3.755591415138231e-08
5.323941726052765e-08
7.553731782576101e-08
1.075822456834819e-07
1.532869499713161e-07
2.189734724857337e-07
3.128930342782491e-07
4.474952125048060e-07
6.382055765304510e-07
9.143084493654270e-07
1.307325218293698e-06
1.868320106447336e-06
2.667330250396436e-06
3.810620628098979e-06
5.435679128857970e-06
7.734548862800576e-06
1.099878196281778e-05
1.560476440699073e-05
2.212787635202986e-05
3.134042963670728e-05
4.434798627476046e-05
6.243852021769275e-05
8.792791910249232e-05
1.232150412446231e-04
1.724727548136740e-04
2.407908482040518e-04
3.357977702329720e-04
4.668403639771794e-04
6.468919158698402e-04
8.946348652551686e-04
1.232668884901479e-03
1.694425043217315e-03
2.324409156156538e-03
3.166006778294028e-03
4.306400248837642e-03
5.829714330641011e-03
7.862382554025455e-03
1.055498950993485e-02
1.415241799979081e-02
1.886139609868984e-02
2.501310576620425e-02
3.297753245593113e-02
4.326274665185837e-02
5.640704078030048e-02
7.304929159183073e-02
9.389047129146809e-02
1.199066403407947e-01
1.518285351534076e-01
1.904575674831915e-01
2.366390471669336e-01
2.907863834943162e-01
3.528916122915805e-01
4.226946890822847e-01
4.986417924914572e-01
5.790633658159063e-01
6.602702876896649e-01
7.385834707168091e-01
8.100045737944445e-01
8.710168753843275e-01
9.194465752777999e-01
9.578726213521965e-01
9.999999987640055e-01
1.000000000000000e+00
1.000000000000000e+00
1.000000000000000e+00
1.000000000000000e+00
1.000000000000000e+00
1.000000000000000e+00
1.000000000000000e+00
###1.240000000000001e+01
6.145336140857517e-11
-2.077486618210005e-10
-6.767166933656297e-11
5.310447947017564e-11
1.625929065002326e-10
1.562679969799645e-10
9.577939544153281e-11
4.393333588805739e-11
9.449059360111507e-11
1.400558293130346e-10
1.724914673893200e-10
1.551250924819202e-10
1.875495383192589e-10
2.311643811048504e-10
2.659501285953072e-10
3.465477023876735e-10
4.274065725129466e-10
5.568450739928308e-10
7.186425281899717e-10
9.295251715507650e-10
1.232135867739156e-09
1.642060350978338e-09
2.216709689882715e-09
3.016039034986418e-09
4.112769271237154e-09
5.685769182932289e-09
7.893636109847412e-09
1.100135465099797e-08
1.542935598046802e-08
2.168575302612593e-08
3.058007280760177e-08
4.332810544289758e-08
6.149044083264015e-08
8.735427977864267e-08
1.244867012808902e-07
1.775156892497025e-07
2.535534922419652e-07
3.622336513021132e-07
5.179709838143535e-07
7.381553196540469e-07
1.056662879180853e-06
1.509232075362570e-06
2.154644343938473e-06
3.071838648483199e-06
4.381760716546562e-06
6.239846304560483e-06
8.864444579915627e-06
1.258314745699528e-05
1.781995315419108e-05
2.522227235389966e-05
3.564425851235470e-05
5.033619546152221e-05
7.071755993860244e-05
9.936866926731918e-05
1.389447599872977e-04
1.940670098198394e-04
2.703249801740319e-04
3.760860077497499e-04
5.216361638949045e-04
7.210665944012100e-04
9.947940458178365e-04
1.367281677755079e-03
1.874698258199379e-03
2.565201428955296e-03
3.484976190174788e-03
4.727764321250123e-03
6.382424944559742e-03
8.584190487611948e-03
1.149085476591218e-02
1.536248175707554e-02
2.041339120771318e-02
2.698845863213976e-02
3.546892834938499e-02
4.637772359582391e-02
6.026343951678900e-02
7.777080094165992e-02
9.959380192312502e-02
1.267128806519619e-01
1.598185519659753e-01
1.996668194666893e-01
2.470458024797450e-01
3.022411367699171e-01
3.651587599160434e-01
4.354081014227566e-01
5.112943547011234e-01
5.911204700068711e-01
6.711577851268197e-01
7.478402662471140e-01
8.173343905414729e-01
8.763740102505141e-01
9.230056072844502e-01
9.598577085822069e-01
9.999999987640055e-01
1.000000000000000e+00
1.000000000000000e+00
1.000000000000000e+00
1.000000000000000e+00
1.000000000000000e+00
1.000000000000000e+00
1.000000000000000e+00
###1.280000000000001e+01
3.721233863718771e-11
-2.216353983442088e-10
-6.974277507892733e-11
5.559988104070753e-11
1.607164952882481e-10
1.510883368206593e-10
1.006949896669292e-10
5.014426667457063e-11
1.006714393055756e-10
1.457546352767425e-10
1.798863874740986e-10
1.717046125957059e-10
2.036847371769395e-10
2.491254418367090e-10
2.900188434989458e-10
3.729311543382770e-10
4.673104813327710e-10
6.113962735030050e-10
7.939103383055703e-10
1.032967429555245e-09
1.375804605888821e-09
1.841205429968999e-09
2.494272434921097e-09
3.407833068208682e-09
4.665888400625003e-09
6.467188721677307e-09
9.007219551663206e-09
1.259043925975986e-08
1.769716200463442e-08
2.493166784104409e-08
3.521978814355241e-08
4.997159953321334e-08
7.098612695579609e-08
1.009056639167391e-07
1.439104597329043e-07
2.052498368659277e-07
2.930959860366971e-07
4.186491348611499e-07
5.982065432797471e-07
8.519374701287550e-07
1.218423556712339e-06
1.738376055822293e-06
2.478585287703124e-06
3.528248130166569e-06
5.025112130236150e-06
7.143905976741182e-06
1.013213607036117e-05
1.435629713648528e-05
2.029393583434224e-05
2.867172816716275e-05
4.043468189973768e-05
5.698148754995790e-05
7.988938095282288e-05
1.120224299601334e-04
1.563015021454488e-04
2.178162291020442e-04
3.027274660007600e-04
4.201983382317223e-04
5.814824401226855e-04
8.019229247017104e-04
1.103635027504108e-03
1.513248027759709e-03
2.069693819010643e-03
2.825107319679193e-03
3.828368431236481e-03
5.179783866168576e-03
6.974018646677707e-03
9.354943129329538e-03
1.248693053394588e-02
1.664686340693265e-02
2.205493227603476e-02
2.906998875634091e-02
3.808614649275901e-02
4.964039301036918e-02
6.428942572266241e-02
8.268357169213841e-02
1.055073426724719e-01
1.337393896118652e-01
1.680343345675744e-01
2.090999368194621e-01
2.576629910990603e-01
3.138745091257760e-01
3.775722867790292e-01
4.482287415482450e-01
5.240178119401052e-01
6.031959310529925e-01
6.820635737791105e-01
7.570986372812308e-01
8.246841357152751e-01
8.817602071221916e-01
9.266041114340724e-01
9.618503395559607e-01
9.999999987640055e-01
1.000000000000000e+00
1.000000000000000e+00
1.000000000000000e+00
1.000000000000000e+00
1.000000000000000e+00
1.000000000000000e+00
1.000000000000000e+00
###1.320000000000001e+01
3.501857569321450e-11
-2.096313008365790e-10
-3.099146187496247e-11
5.671934899419514e-11
1.588707108837393e-10
1.541592372216349e-10
1.020801615159314e-10
5.687616985096572e-11
1.078264179300153e-10
1.604009961350092e-10
1.886602797661409e-10
1.844381290514382e-10
2.185960350332083e-10
2.732596421305300e-10
3.167402756545055e-10
4.077494921392484e-10
5.136746920751695e-10
6.686354789407143e-10
8.784076786421449e-10
1.150074288568517e-09
1.536854905666118e-09
2.067255728601340e-09
2.811686126131121e-09
3.854348854724115e-09
5.299324650662827e-09
7.367038944763152e-09
1.028572432570540e-08
1.441667501473550e-08
2.030755079849424e-08
2.865923815036215e-08
4.054457145637150e-08
5.758672358345750e-08
8.187769697889837e-08
1.164288653408685e-07
1.660658483202231e-07
2.369212171501227e-07
3.381892526373202e-07
4.828166971257684e-07
6.894494477744294e-07
9.810280099636767e-07
1.401454135694474e-06
1.997305386880608e-06
2.844119265010256e-06
4.042129811224434e-06
5.748645855319206e-06
8.158142513926059e-06
1.155169601827772e-05
1.633738116508381e-05
2.305203702572103e-05
3.251290509737201e-05
4.575408337443688e-05
6.433647777959200e-05
9.003023680766544e-05
1.259785446930126e-04
1.754068152488198e-04
2.439005942863141e-04
3.382530796366662e-04
4.684380854271977e-04
6.467570989785636e-04
8.899003732346190e-04
1.221799257157758e-03
1.671352814179400e-03
2.280402102976983e-03
3.104994245957971e-03
4.197104657844407e-03
5.664288977635007e-03
7.606533644196139e-03
1.017643830814204e-02
1.354579747521040e-02
1.800834203192870e-02
2.379058028975648e-02
3.126374855915262e-02
4.083600098942596e-02
5.305608482275193e-02
6.849107175183528e-02
8.778862871670427e-02
1.116321077397698e-01
1.409911948581520e-01
1.764824406141170e-01
2.187585006041234e-01
2.684848753687175e-01
3.256955984677011e-01
3.901312727453758e-01
4.611465189815765e-01
5.368051109986615e-01
6.152980725787413e-01
6.929698913578872e-01
7.663500299729319e-01
8.320308054734222e-01
8.871447091786505e-01
9.302018909010672e-01
9.638604345770123e-01
9.999999987640055e-01
1.000000000000000e+00
1.000000000000000e+00
1.000000000000000e+00
1.000000000000000e+00
1.000000000000000e+00
1.000000000000000e+00
1.000000000000000e+00
###1.360000000000001e+01
3.971435487544796e-11
-2.141978950612480e-10
-4.592522464021015e-11
5.956680176982323e-11
1.603479837953063e-10
1.538656275337133e-10
1.010159243375770e-10
5.870985644976904e-11
1.157929756555314e-10
1.690679267992255e-10
1.957843062818289e-10
1.962982339102904e-10
2.349712752863667e-10
2.947565339854331e-10
3.456509621347813e-10
4.465810290455932e-10
5.617687503148818e-10
7.378902257155701e-10
9.731870589242237e-10
1.280033156058288e-09
1.718950634855848e-09
2.324843088718767e-09
3.173386401899778e-09
4.367825693069207e-09
6.026256896633999e-09
8.396875257539336e-09
1.175540244137438e-08
1.651229960563705e-08
2.329746112964946e-08
3.293815515096503e-08
4.664733369206331e-08
6.631426399266226e-08
9.433539800256023e-08
1.341976556658579e-07
1.914083918034469e-07
2.729815111853413e-07
3.895520329559002e-07
5.557290819094222e-07
7.929888493454967e-07
1.127158225256067e-06
1.608564166593455e-06
2.289428529018955e-06
3.255631607114504e-06
4.620067240457857e-06
6.559897106478602e-06
9.293480376819907e-06
1.313754261950620e-05
1.854681980331793e-05
2.611982710426900e-05
3.677435165250743e-05
5.164613956209923e-05
7.246873748417704e-05
1.012158681196510e-04
1.413492991477807e-04
1.964059207938819e-04
2.724919480865771e-04
3.771032900388671e-04
5.210756895876594e-04
7.178099985862258e-04
9.854411842780090e-04
1.349925537515184e-03
1.842330586538552e-03
2.507610662291527e-03
3.406299868418523e-03
4.592961105119157e-03
6.182913132786154e-03
8.281762300520391e-03
1.105148933232564e-02
1.467036215841336e-02
1.944984835949810e-02
2.562167932136577e-02
3.357312959038522e-02
4.372210730887854e-02
5.662973464927977e-02
7.287132931860837e-02
9.309156749540400e-02
1.179697879495514e-01
1.484678399026090e-01
1.851580193672842e-01
2.286374430189914e-01
2.795106894808337e-01
3.376905351385115e-01
4.028319611784990e-01
4.741623731320986e-01
5.496390985614271e-01
6.274187258217107e-01
7.038589570474053e-01
7.755802459836685e-01
8.393527389165976e-01
8.925148859120050e-01
9.337936549460116e-01
9.658588345555679e-01
9.999999987640055e-01
1.000000000000000e+00
1.000000000000000e+00
1.000000000000000e+00
1.000000000000000e+00
1.000000000000000e+00
1.000000000000000e+00
1.000000000000000e+00
###1.400000000000001e+01
4.369079974335418e-11
-2.124178912558557e-10
-6.513214633419050e-11
6.223716366042549e-11
1.607288403241896e-10
1.534572669971735e-10
1.052746274395426e-10
6.506658284172801e-11
1.266581887926876e-10
1.779746521498370e-10
2.082502312731239e-10
1.987978792170730e-10
2.521059534381030e-10
3.197572851727545e-10
3.780538458165065e-10
4.889461335897705e-10
6.185955683988552e-10
8.156197466073399e-10
1.080429735149939e-09
1.430168272765898e-09
1.927882033667656e-09
2.619509370713626e-09
3.586829620992444e-09
4.951495150883960e-09
6.852750331566485e-09
9.579154476184624e-09
1.343932003586902e-08
1.891064925052794e-08
2.672436729687146e-08
3.783619262411864e-08
5.363032751845543e-08
7.627631170799555e-08
1.085469354967435e-07
1.544619036560844e-07
2.202621792104654e-07
3.139976367518479e-07
4.478689061824675e-07
6.383027944193297e-07
9.101091261117444e-07
1.292294337629188e-06
1.841994498021638e-06
2.618459124650490e-06
3.718230519062691e-06
5.268954840749853e-06
7.468343588138711e-06
1.056207685676669e-05
1.490571890476735e-05
2.100584537037433e-05
2.953118690617880e-05
4.149978189833067e-05
5.816500873022977e-05
8.144599720236874e-05
1.135447207377859e-04
1.582454496100623e-04
2.194310457252272e-04
3.037894824105280e-04
4.195334074279532e-04
5.784514128230233e-04
7.950930228571218e-04
1.089142117192256e-03
1.488553648073147e-03
2.026934798987668e-03
2.752455031861208e-03
3.730089028103191e-03
5.017366537301797e-03
6.737527036442924e-03
9.001922198088404e-03
1.198222332735488e-02
1.586343931946181e-02
2.097403789562593e-02
2.755441530023439e-02
3.600151811416583e-02
4.674760196470230e-02
6.036456767830511e-02
7.743345936499167e-02
9.859734312832756e-02
1.245279538065035e-01
1.561729899766515e-01
1.940687066377106e-01
2.387410008073234e-01
2.907414917221203e-01
3.498640364018250e-01
4.156602389724426e-01
4.872605460222045e-01
5.625104652423133e-01
6.395415715569164e-01
7.147217718060561e-01
7.847637649754686e-01
8.466313347045059e-01
8.978538863848048e-01
9.373614344858745e-01
9.678420333727707e-01
9.999999987640055e-01
1.000000000000000e+00
1.000000000000000e+00
1.000000000000000e+00
1.000000000000000e+00
1.000000000000000e+00
1.000000000000000e+00
1.000000000000000e+00
###1.440000000000001e+01
-2.841504254480470e-10
-2.185564889036397e-10
-6.276064308580355e-11
6.283049815672722e-11
1.640127030261183e-10
1.562088842062188e-10
1.083481497022197e-10
7.374202229531486e-11
1.344117234205999e-10
1.883886756813899e-10
2.173501485436731e-10
2.171737108742742e-10
2.730388399677943e-10
3.461858373724802e-10
4.133180232142791e-10
5.368470113856212e-10
6.843124318524810e-10
9.041386657474639e-10
1.201089166595644e-09
1.600450809156691e-09
2.165675378151155e-09
2.953890209497845e-09
4.059019955691257e-09
5.620412805235173e-09
7.805152063008157e-09
1.093304161301994e-08
1.536568216518815e-08
2.165799212253372e-08
3.064282755872182e-08
4.344362043103840e-08
6.160661515935483e-08
8.766322467553124e-08
1.247404332420733e-07
1.775309066596550e-07
2.530444206913760e-07
3.606436040474400e-07
5.139870988427994e-07
7.318632770827581e-07
1.042443047687841e-06
1.478400409282701e-06
2.104776322165750e-06
2.987888589392206e-06
4.236953652405034e-06
5.995801190782524e-06
8.483826415756345e-06
1.197579232594475e-05
1.687353173195822e-05
2.373649339410016e-05
3.331127611492759e-05
4.672548165074403e-05
6.536114629616691e-05
9.133971739674741e-05
1.270962803306060e-04
1.767754993089023e-04
2.446553187136070e-04
3.379950380389979e-04
4.658125684539167e-04
6.409009770199564e-04
8.790019967258296e-04
1.201535896221081e-03
1.638471575349662e-03
2.226017443924722e-03
3.015965894889701e-03
4.077618911948171e-03
5.471742788957534e-03
7.329899925223840e-03
9.769232646462128e-03
1.297124417481916e-02
1.712813108938319e-02
2.258580439095118e-02
2.959131524473156e-02
3.855386505723054e-02
4.991707784944227e-02
6.426547055510819e-02
8.218068598036760e-02
1.043100937893178e-01
1.313076202958119e-01
1.641127305269828e-01
2.032090078148475e-01
2.490676568039065e-01
3.021726190016737e-01
3.622025004342436e-01
4.286172795208157e-01
5.004327941345873e-01
5.754140191776635e-01
6.516460570371188e-01
7.255275578763128e-01
7.938791425469055e-01
8.538402229468454e-01
9.031388964056658e-01
9.408850668369806e-01
9.698032650797428e-01
9.999999987640055e-01
1.000000000000000e+00
1.000000000000000e+00
1.000000000000000e+00
1.000000000000000e+00
1.000000000000000e+00
1.000000000000000e+00
1.000000000000000e+00
###1.480000000000001e+01
-2.858818277343623e-10
-2.306476171080134e-10
-6.006004548014162e-11
5.830263831942467e-11
1.656436706433033e-10
1.591373102653652e-10
1.125952747989731e-10
8.372189577222652e-11
1.424322451478853e-10
1.968696720524810e-10
2.307363451126154e-10
2.334368984841970e-10
2.954195738511291e-10
3.725983536026405e-10
4.533118152822255e-10
5.895293808184315e-10
7.576692044224569e-10
1.002949064064171e-09
1.339660080051285e-09
1.793373176629929e-09
2.436442035770970e-09
3.333273980551615e-09
4.597719747955095e-09
6.383420619773118e-09
8.893311616952313e-09
1.248223967144706e-08
1.757358006778503e-08
2.479708049123204e-08
3.512997702778807e-08
4.983359975769496e-08
7.070556417041450e-08
1.006356394540831e-07
1.431957925291559e-07
2.037604397296250e-07
2.902761622533545e-07
4.133986481153929e-07
5.887231466133724e-07
8.374555007032837e-07
1.191556855583926e-06
1.687868661451997e-06
2.400058561456798e-06
3.402167302821811e-06
4.817133576393641e-06
6.807272496091399e-06
9.615594946382685e-06
1.354987243606918e-05
1.906014012915903e-05
2.676681871129599e-05
3.749380538320283e-05
5.249887772286196e-05
7.329366224694282e-05
1.022262683669336e-04
1.419720226272437e-04
1.970879674827385e-04
2.722352217337333e-04
3.753204690244819e-04
5.162009153156714e-04
7.087174898065409e-04
9.700268734370350e-04
1.323084643477421e-03
1.800295596065280e-03
2.440476126850460e-03
3.299053498085328e-03
4.450266906691972e-03
5.957841996213352e-03
7.961790575522144e-03
1.058619439921183e-02
1.402129296598656e-02
1.846733507698229e-02
2.428793995205915e-02
3.173611035760530e-02
4.123432975210509e-02
5.323420210046072e-02
6.833535500074947e-02
8.712112251613205e-02
1.102320942803769e-01
1.383110557106712e-01
1.722835628852954e-01
2.125800002354513e-01
2.596172347145087e-01
3.138025213204398e-01
3.747010463771120e-01
4.416980595973356e-01
5.136736856470461e-01
5.883282836570345e-01
6.637084907624365e-01
7.362767000154916e-01
8.029249052278676e-01
8.609677522115986e-01
9.083492578056352e-01
9.443540922539653e-01
9.717238409212571e-01
9.999999987640055e-01
1.000000000000000e+00
1.000000000000000e+00
1.000000000000000e+00
1.000000000000000e+00
1.000000000000000e+00
1.000000000000000e+00
1.000000000000000e+00
###1.520000000000001e+01
-2.791826844875722e-10
-2.277063360394857e-10
-6.296630031230970e-11
6.122307389689420e-11
1.635212809175546e-10
1.698277927030057e-10
1.110992611970682e-10
9.240241288667114e-11
1.511697177396306e-10
2.050534169653752e-10
2.447010370974962e-10
2.543533220664100e-10
3.200953676746413e-10
4.035373107854256e-10
4.945582434633988e-10
6.488150391882688e-10
8.397374916151065e-10
1.115676765179078e-09
1.495621371822062e-09
2.011966583486685e-09
2.743897065119501e-09
3.768846608123778e-09
5.212239716518972e-09
7.254964322480059e-09
1.013528874516391e-08
1.424649325947606e-08
2.008994254776940e-08
2.838639808782058e-08
4.023651400400987e-08
5.711781172124722e-08
8.106824689772432e-08
1.153712929693158e-07
1.641169597180290e-07
2.334477407139677e-07
3.324085563605002e-07
4.730015496104715e-07
6.730237470446802e-07
9.563393746282390e-07
1.359179666542049e-06
1.923015317923673e-06
2.730832472599664e-06
3.865684683673106e-06
5.465885537818118e-06
7.712633992069716e-06
1.087636913813997e-05
1.529998156426830e-05
2.148575847663922e-05
3.011925262781939e-05
4.211648847296644e-05
5.886581001398317e-05
8.202981274587167e-05
1.141848081322983e-04
1.582843783500690e-04
2.193137863578069e-04
3.023550477817547e-04
4.159994973257145e-04
5.709908361908691e-04
7.823672958866035e-04
1.068570300239313e-03
1.454416302915041e-03
1.974850239984051e-03
2.671260472678052e-03
3.602949125545043e-03
4.849472004984734e-03
6.477401735150158e-03
8.635232093344903e-03
1.145488267836079e-02
1.513482478147990e-02
1.988381193237768e-02
2.608343706200188e-02
3.399219241636136e-02
4.404689784415423e-02
5.670655960364126e-02
7.258043256657035e-02
9.225427584467381e-02
1.163651507844940e-01
1.455388789546729e-01
1.806883838459292e-01
2.221852615066558e-01
2.703845317460164e-01
3.256244698751841e-01
3.873661618578065e-01
4.548735133644528e-01
5.269698442642938e-01
6.012438550773144e-01
6.757348697620954e-01
7.469387443104865e-01
8.118707920723621e-01
8.679959979764534e-01
9.134650863302703e-01
9.477536390614207e-01
9.735882984850123e-01
9.999999987640055e-01
1.000000000000000e+00
1.000000000000000e+00
1.000000000000000e+00
1.000000000000000e+00
1.000000000000000e+00
1.000000000000000e+00
1.000000000000000e+00
###1.560000000000001e+01
-2.761301272789567e-10
-2.240057770697129e-10
-6.442614037455446e-11
6.317491158608672e-11
1.629889069301132e-10
1.724576213736141e-10
1.123214245784084e-10
1.020516432099539e-10
1.607606658913456e-10
2.216928650366498e-10
2.584795812453570e-10
2.749272466032182e-10
3.481178380067862e-10
4.368363595806185e-10
5.439518082673124e-10
7.068556925910597e-10
9.320574716977478e-10
1.242346087813807e-09
1.673064210783350e-09
2.260840275830544e-09
3.094222870228925e-09
4.263716280010582e-09
5.911976699832325e-09
8.250925603189508e-09
1.155182436720373e-08
1.626302233666690e-08
2.296321742450960e-08
3.247368441354587e-08
4.604890381762035e-08
6.539674090411030e-08
9.283523121792106e-08
1.320435045139069e-07
1.878437964081790e-07
2.670666100427403e-07
3.800296820355393e-07
5.403845670635070e-07
7.680737010434677e-07
1.090146880888256e-06
1.547622166170120e-06
2.186717350739749e-06
3.101125739549461e-06
4.383670527691921e-06
6.188416304425423e-06
8.720144653190188e-06
1.227581922173784e-05
1.724040649699845e-05
2.417016569691212e-05
3.382491839847484e-05
4.722078370046558e-05
6.587685114755474e-05
9.162564469215741e-05
1.272918457161508e-04
1.761421075992040e-04
2.436099154687762e-04
3.351950161966404e-04
4.602887165422780e-04
6.305234309165664e-04
8.621783539304124e-04
1.175160060387993e-03
1.596249720500712e-03
2.162837971869227e-03
2.919289643629145e-03
3.928847934257852e-03
5.276464694395075e-03
7.031765859671918e-03
9.352284661378728e-03
1.237790930385071e-02
1.631516203328825e-02
2.138081407099268e-02
2.797654136508909e-02
3.636527091514238e-02
4.699377118752501e-02
6.033458451975423e-02
7.700252930183683e-02
9.758728048909353e-02
1.227168496930596e-01
1.530016489924751e-01
1.893285877799367e-01
2.320251073755887e-01
2.813725372339516e-01
3.376382712171626e-01
4.001811052948060e-01
4.681556044532755e-01
5.403088040417219e-01
6.141489519303405e-01
6.877012721580720e-01
7.575048078509244e-01
8.207000952522285e-01
8.749058354738538e-01
9.184817788487529e-01
9.510769201354327e-01
9.754109712858264e-01
9.999999987640055e-01
1.000000000000000e+00
1.000000000000000e+00
1.000000000000000e+00
1.000000000000000e+00
1.000000000000000e+00
1.000000000000000e+00
1.000000000000000e+00
