# NLO BK equation solver 0.0-dev build  (build Oct 13 2025 12:18:44)
# Initial condition: MV model, Q_s0^2 = 0.0934188 GeV^2, \gamma = 2.27849, coefficient of E inside Log is 1, x0=0.01, \Lambda_QCD = 0.241 GeV
# # LO Kernel RC:  Parent dipole. NLO Kernel RC:  Parent dipole
# Nc=3, Nf=4
# Using RungeKutta method in K1
# Resumming double log
# Resumming single log, K_sub=0.65 resum rc: parent
# BK K1 integration relative accuracy: 0.02# NLO BK as^2 terms: MC integration method: Vegas, points=1000000
# Kinematical constraint: none
# Target kinematical constraint: disabled

###1.000000000000000e-05
###1.160836920850890e+00
###100
###1.000000000000000e+00
###0.000000000000000e+00
2.393453375257343e-25
4.668199809254307e-25
9.103634674868638e-25
1.775087331292267e-24
3.460689966541629e-24
6.745936122231523e-24
1.314791102084984e-23
2.562150703231444e-23
4.992111641528803e-23
9.725095342332832e-23
1.894225139490011e-22
3.688889048800275e-22
7.182636745959866e-22
1.398281114345460e-21
2.721605936309598e-21
5.296316798623237e-21
1.030477064213662e-20
2.004545776658254e-20
3.898561651976420e-20
7.580555177495781e-20
1.473679640810488e-19
2.864229298682823e-19
5.565602029629289e-19
1.081217545319844e-18
2.099942249389033e-18
4.077477369834735e-18
7.915204849830757e-18
1.536085649411679e-17
2.980214197912384e-17
5.780351031413820e-17
1.120808312063956e-16
2.172572932819914e-16
4.209965589409528e-16
8.155280727898859e-16
1.579247667197640e-15
3.057081615493849e-15
5.915663972320045e-15
1.144283257760845e-14
2.212538117129865e-14
4.276302274962547e-14
8.261508137495388e-14
1.595350398734835e-13
3.079291161054478e-13
5.940664622524459e-13
1.145513406549715e-12
2.207684325650114e-12
4.252416073068792e-12
8.186275219743156e-12
1.574991018192167e-11
3.028306317152094e-11
5.818885762792506e-11
1.117341675657660e-10
2.144004320276742e-10
4.110983339112441e-10
7.876489491780288e-10
1.507900898962864e-09
2.884376885047366e-09
5.512596679259775e-09
1.052619559910414e-08
2.008093720394087e-08
3.827196649602141e-08
7.287016210792236e-08
1.386054029481159e-07
2.633681765499164e-07
4.999113144011711e-07
9.479082478528154e-07
1.795496697963088e-06
3.397459865830076e-06
6.422263450093693e-06
1.212839393982534e-05
2.288396428240524e-05
4.314274036465449e-05
8.127922654022068e-05
1.530394609229324e-04
2.880346922192745e-04
5.419700284505780e-04
1.019687018195770e-03
1.918586344193618e-03
3.610355223220285e-03
6.794174045489432e-03
1.278115976287264e-02
2.401141963430808e-02
4.495210037622355e-02
8.350384024794888e-02
1.526548871811808e-01
2.704758222435452e-01
4.521611030373517e-01
6.836877469942416e-01
8.899558616095757e-01
9.856120856960819e-01
9.997171227983890e-01
9.999998590752872e-01
9.999999999999445e-01
1.000000000000000e+00
1.000000000000000e+00
1.000000000000000e+00
1.000000000000000e+00
1.000000000000000e+00
1.000000000000000e+00
1.000000000000000e+00
###4.000000000000000e-01
3.001254770974722e-11
-2.745790394319110e-11
-2.968139280810124e-11
9.663480103622581e-12
-1.037666972523265e-12
-1.189215136637797e-12
1.131250550430970e-12
-1.543911038997961e-12
1.191657290744255e-11
-2.255715731604812e-12
7.047129684533311e-13
2.468363933377781e-12
8.762981417611964e-13
-2.360058545491010e-12
1.905150531521272e-12
1.157807158980504e-11
9.223872792980438e-12
9.268509556987178e-13
-3.016407806932460e-12
7.233099880643685e-12
1.145042242615494e-11
5.309230267855892e-12
1.887092523017819e-11
2.405208920934118e-11
2.528769344671417e-11
3.931433992824453e-11
4.055479480495602e-11
6.370416329642312e-11
8.375744963825267e-11
1.141925030202423e-10
1.578927993266808e-10
2.021052482123503e-10
2.687610899396975e-10
3.600132726322052e-10
4.778443903482317e-10
6.281019399352098e-10
8.337535715506492e-10
1.097143320750665e-09
1.419496465255617e-09
1.863552090690746e-09
2.435142514690999e-09
3.157185622666202e-09
4.116737231543214e-09
5.364048532415860e-09
6.950823458495758e-09
9.066306905504043e-09
1.168329202625207e-08
1.535958217653255e-08
2.009462414833051e-08
2.645947100255193e-08
3.503359385306012e-08
4.706403671770291e-08
6.404819629700982e-08
8.883293916793637e-08
1.248478355834832e-07
1.784107067518130e-07
2.599956167986975e-07
3.841088877173184e-07
5.755369675903399e-07
8.718741222019260e-07
1.333379242834679e-06
2.051467973305004e-06
3.198166245369040e-06
4.990023102015578e-06
7.786092126693035e-06
1.217079467000438e-05
1.917152954398802e-05
3.016052702073875e-05
4.771539540758326e-05
7.561032935009379e-05
1.201450599137708e-04
1.913323946900559e-04
3.069056542695593e-04
4.968147925726179e-04
8.094443645834417e-04
1.327987334486721e-03
2.202642333308909e-03
3.687506642277633e-03
6.239636821574755e-03
1.067458103521797e-02
1.841559056246950e-02
3.201313530674806e-02
5.591461411851761e-02
9.759134541870892e-02
1.687707882071483e-01
2.850288099231391e-01
4.576354478809452e-01
6.721902796313939e-01
8.642852867189982e-01
9.634530283555270e-01
9.902114476587573e-01
9.999998590752872e-01
9.999999999999445e-01
1.000000000000000e+00
1.000000000000000e+00
1.000000000000000e+00
1.000000000000000e+00
1.000000000000000e+00
1.000000000000000e+00
1.000000000000000e+00
###8.000000000000000e-01
6.320588830294916e-11
-2.708606625959188e-11
-1.945525854725925e-11
1.059584430073054e-11
-6.485174701588807e-12
-5.508101543801878e-13
1.804922962015802e-11
-1.759273331403112e-11
4.313343546609661e-11
4.667178897945847e-12
7.991668913870404e-12
1.194111319923811e-11
2.674044590153369e-12
-5.067672087693644e-13
4.061228423818648e-12
1.099124656003648e-11
1.256522421189846e-11
5.178258897149194e-12
3.213580494776906e-12
1.641270228946658e-11
1.957282596522444e-11
1.717254828172352e-11
3.266080859780729e-11
4.135747681170517e-11
5.661241784537731e-11
7.649242836201989e-11
9.144642330066581e-11
1.298501724103837e-10
1.831249052334159e-10
2.375040890881442e-10
3.203888901563763e-10
4.164935125780737e-10
5.532343209170497e-10
7.294999952737003e-10
9.731326890539421e-10
1.279886592674485e-09
1.692018657669456e-09
2.234174532011009e-09
2.896012035109514e-09
3.806378601361696e-09
4.996468266754090e-09
6.459029140670250e-09
8.442120371224685e-09
1.108305655060661e-08
1.434528119087537e-08
1.891664695175127e-08
2.450800672355899e-08
3.255137470005208e-08
4.291858400251562e-08
5.735946792062430e-08
7.719600829519116e-08
1.052886589292586e-07
1.457943159572358e-07
2.053199927870361e-07
2.923001717985781e-07
4.229250225690566e-07
6.203234803180483e-07
9.205436675898539e-07
1.379061630885705e-06
2.086269775622972e-06
3.175449841404387e-06
4.828954907693214e-06
7.453451723790396e-06
1.147874220360197e-05
1.765305631636204e-05
2.715445745225693e-05
4.198569611428857e-05
6.478321171884826e-05
1.001945517602592e-04
1.551103158636492e-04
2.398116875629348e-04
3.714090146369311e-04
5.763235615465491e-04
8.995337964006620e-04
1.409836413259454e-03
2.218229099619412e-03
3.521332281855383e-03
5.624193270296377e-03
9.066678963998157e-03
1.475964385548801e-02
2.422944308586363e-02
4.009448208512862e-02
6.672268655578030e-02
1.112139508814988e-01
1.840519681916192e-01
2.985804683136932e-01
4.629568712865496e-01
6.627600617418116e-01
8.426561189719292e-01
9.440179370250301e-01
9.808882321883168e-01
9.999998590752872e-01
9.999999999999445e-01
1.000000000000000e+00
1.000000000000000e+00
1.000000000000000e+00
1.000000000000000e+00
1.000000000000000e+00
1.000000000000000e+00
1.000000000000000e+00
###1.200000000000000e+00
6.478756925717345e-11
-1.046855906137829e-11
-2.777991317244638e-11
1.548108536138578e-11
-3.070822698156527e-12
2.119020378353005e-12
1.056666262216791e-11
-1.490752673841627e-11
5.454540533373510e-11
1.681124003177980e-12
9.703233189245376e-12
1.234242929035690e-11
7.241141311915773e-12
2.929615718086045e-12
2.762859923241219e-13
1.833251833012177e-11
1.765023370333943e-11
9.056582030406536e-12
1.004167263591374e-11
1.926425824110444e-11
2.221283342763156e-11
3.112147694345543e-11
4.515878165451336e-11
6.372828794763058e-11
9.430128583338315e-11
1.176884267755246e-10
1.481311160404577e-10
2.037699208873951e-10
2.821184036504653e-10
3.660168669093544e-10
4.915216261693558e-10
6.446786329394710e-10
8.589509049901912e-10
1.129353592535417e-09
1.498691795151076e-09
1.971995153912539e-09
2.605154220190137e-09
3.417977248183956e-09
4.466944779990098e-09
5.849594151875907e-09
7.673713175371947e-09
9.964416852929517e-09
1.308708966771783e-08
1.724181520936128e-08
2.244549554087985e-08
2.982085141534835e-08
3.904545982816579e-08
5.240950150336542e-08
6.990533600395635e-08
9.459582329375517e-08
1.291335935007849e-07
1.785772978693014e-07
2.510482251169862e-07
3.576248678449008e-07
5.140488146187764e-07
7.527478925113062e-07
1.108388521296320e-06
1.648922850950622e-06
2.468729339718639e-06
3.724895744845549e-06
5.645742705274657e-06
8.555979274897064e-06
1.307426567994360e-05
1.996199852600748e-05
3.042842579951183e-05
4.633266834470697e-05
7.088192372418798e-05
1.079848101079226e-04
1.648759893327609e-04
2.515525995935205e-04
3.835613540627436e-04
5.846892625879387e-04
8.909921714941767e-04
1.363212406733304e-03
2.092078596834984e-03
3.213927166567228e-03
4.973069163455157e-03
7.725424918970141e-03
1.207990014388336e-02
1.903743463068377e-02
3.020898995019019e-02
4.825100325746628e-02
7.741068333252969e-02
1.244204930937162e-01
1.985902800520431e-01
3.113164700386727e-01
4.682289081257979e-01
6.551718919571815e-01
8.244877632256686e-01
9.270062079663280e-01
9.720066929485556e-01
9.999998590752872e-01
9.999999999999445e-01
1.000000000000000e+00
1.000000000000000e+00
1.000000000000000e+00
1.000000000000000e+00
1.000000000000000e+00
1.000000000000000e+00
1.000000000000000e+00
###1.600000000000000e+00
6.511538720421529e-11
-1.243634925608948e-11
-3.282122780194297e-11
4.615413120177905e-11
-5.922435984396303e-12
-1.355351200647155e-11
9.145529507522915e-12
-1.636523727980980e-11
1.227777378752453e-11
4.795742063616385e-12
1.147181259636652e-11
1.274574475715663e-11
-4.608669798682050e-12
3.496550917864662e-12
2.689452276187535e-12
1.979544171953955e-11
1.946306807049024e-11
1.570835946781651e-11
1.591089536121776e-11
2.828796146319265e-11
3.350262316320496e-11
5.812869443119482e-11
6.406973810966675e-11
8.966104772893419e-11
1.240615686258701e-10
1.614303089471329e-10
2.156762509322383e-10
2.809978527581442e-10
3.851438820022495e-10
5.024098594754959e-10
6.736045700577063e-10
8.885590975575733e-10
1.181109438374210e-09
1.551852606975722e-09
2.051962660346636e-09
2.703354723015483e-09
3.563263331329011e-09
4.684610885148077e-09
6.142091223996518e-09
8.031431621266911e-09
1.056676213699838e-08
1.379242511667183e-08
1.819385736282989e-08
2.402437865242195e-08
3.158369024635395e-08
4.219090519086540e-08
5.571654055665607e-08
7.584613934324596e-08
1.022985318080559e-07
1.403618012284002e-07
1.939998324662585e-07
2.716380092647730e-07
3.864233639695164e-07
5.551373649301921e-07
8.047535598716644e-07
1.183195640778615e-06
1.750244266542423e-06
2.608442100471968e-06
3.898222374298248e-06
5.865917096182808e-06
8.856653560035424e-06
1.337142599303143e-05
2.024522524203186e-05
3.073327642804601e-05
4.649949528411201e-05
7.028692739593717e-05
1.064767199169603e-04
1.608096724593912e-04
2.427034886266401e-04
3.664148512193267e-04
5.527782499492932e-04
8.328196913672339e-04
1.252932501125229e-03
1.889862310038369e-03
2.856672565419625e-03
4.315886409928093e-03
6.559480379126888e-03
9.985701001350216e-03
1.527648654934873e-02
2.350405709712252e-02
3.634979353810055e-02
5.647559365910060e-02
8.799980332799796e-02
1.372640029044845e-01
2.125079559994694e-01
3.233964599124772e-01
4.735347209715943e-01
6.492537045230000e-01
8.093201174149361e-01
9.122102380615037e-01
9.637052349562696e-01
9.999998590752872e-01
9.999999999999445e-01
1.000000000000000e+00
1.000000000000000e+00
1.000000000000000e+00
1.000000000000000e+00
1.000000000000000e+00
1.000000000000000e+00
1.000000000000000e+00
###2.000000000000000e+00
6.678191542400350e-11
-1.013397448016021e-11
-4.147436153801411e-11
3.858375540915131e-11
-2.042995695956889e-11
-1.550923265943091e-11
-2.136085299305615e-12
-1.920766750585521e-11
1.577695300747640e-11
8.629615787358788e-12
1.162700172457804e-11
1.726628260021286e-11
-2.100506359770845e-12
3.877772581225036e-12
4.925028331916124e-12
1.700474713743426e-11
2.346816324361720e-11
2.240994304707634e-11
1.554916829712340e-11
3.619572168405307e-11
4.452178047206342e-11
5.561992015062304e-11
8.171474871749394e-11
1.139360894845793e-10
1.596263500922778e-10
2.092919462650350e-10
2.793493917672413e-10
3.672205473957346e-10
5.010322263100475e-10
6.508324817701331e-10
8.690407817093281e-10
1.147088723357143e-09
1.521139508792749e-09
2.001346611259493e-09
2.633127546828260e-09
3.485532328361359e-09
4.592407241869593e-09
6.036338140134595e-09
7.944117626274849e-09
1.038493776770403e-08
1.371274766786850e-08
1.801431332579584e-08
2.393141999036865e-08
3.172332263975562e-08
4.209533901615245e-08
5.667417378656183e-08
7.592728534941294e-08
1.039266453400502e-07
1.417575815005787e-07
1.967719997217161e-07
2.753931956399425e-07
3.895899532499533e-07
5.592775424306677e-07
8.084068896250311e-07
1.179999164618086e-06
1.739487726499986e-06
2.578272254452248e-06
3.846897906818992e-06
5.727041432624974e-06
8.597810339657191e-06
1.293252562063696e-05
1.941863131173831e-05
2.922433326436016e-05
4.407770515088011e-05
6.629044193526122e-05
9.945111525041977e-05
1.494407527297998e-04
2.239709514654472e-04
3.348487184033497e-04
5.011284263965878e-04
7.492129390799775e-04
1.117627473493209e-03
1.664180897166925e-03
2.481507009020405e-03
3.706455671248606e-03
5.525463387824405e-03
8.280062239696309e-03
1.240637844754143e-02
1.865152840117113e-02
2.814754287109638e-02
4.266233166455387e-02
6.477113033698331e-02
9.849962819529418e-02
1.497831474999539e-01
2.258815664753199e-01
3.349474133210504e-01
4.789539869334679e-01
6.448196235967062e-01
7.967347332728276e-01
8.994309176102878e-01
9.560897508597178e-01
9.999998590752872e-01
9.999999999999445e-01
1.000000000000000e+00
1.000000000000000e+00
1.000000000000000e+00
1.000000000000000e+00
1.000000000000000e+00
1.000000000000000e+00
1.000000000000000e+00
###2.400000000000000e+00
7.544027284507665e-11
-7.266828659606140e-12
-4.229455767278339e-11
4.034530393092587e-11
-2.150443590933800e-11
-1.542390869153353e-11
1.295588937162010e-11
-1.656078197973865e-11
9.200579946869192e-12
1.758330635339931e-11
1.876159634378833e-11
2.939802648963667e-11
7.878488614813837e-13
7.937362595249345e-12
8.771712395057136e-12
2.185663055951003e-11
2.622350406546250e-11
2.662561509434587e-11
2.123357945483865e-11
4.519633908049801e-11
5.447182460629694e-11
6.764787544110108e-11
1.035820781749183e-10
1.427718164728212e-10
1.951502256191661e-10
2.579299709644052e-10
3.470409729473212e-10
4.545757170983645e-10
6.210933932168764e-10
8.078436279076609e-10
1.075516502459581e-09
1.421886226584443e-09
1.880547154212081e-09
2.480346294972800e-09
3.262378040313690e-09
4.321264358982775e-09
5.697907802263629e-09
7.494487691644788e-09
9.907737097439354e-09
1.299357306020913e-08
1.720710330147679e-08
2.276500959785831e-08
3.036722633560334e-08
4.058089564281879e-08
5.433813516386114e-08
7.377668866780349e-08
9.988014004335869e-08
1.380826668643183e-07
1.901649338259361e-07
2.665652583203676e-07
3.770182252908860e-07
5.376440283191660e-07
7.774893767701493e-07
1.131465878142530e-06
1.656844931613408e-06
2.446082198080959e-06
3.619919702486357e-06
5.406979282174818e-06
8.019432998882613e-06
1.200762121953460e-05
1.798542844171803e-05
2.687791277006080e-05
4.023366157419808e-05
6.031304094457341e-05
9.014491124930598e-05
1.343598800088572e-04
2.004023495692567e-04
2.981543130791818e-04
4.423413667231133e-04
6.570453234097472e-04
9.744927943164458e-04
1.441133393619713e-03
2.126655142850489e-03
3.140512914306290e-03
4.642746556600116e-03
6.843817093118482e-03
1.013512173194144e-02
1.498452692714928e-02
2.220048816516591e-02
3.296629109492190e-02
4.911928699772969e-02
7.313126839903066e-02
1.089394717835719e-01
1.620305570732011e-01
2.387953049776476e-01
3.460895797575017e-01
4.845419269490290e-01
6.417176324635052e-01
7.864347751858506e-01
8.884723155242200e-01
9.492165921281150e-01
9.999998590752872e-01
9.999999999999445e-01
1.000000000000000e+00
1.000000000000000e+00
1.000000000000000e+00
1.000000000000000e+00
1.000000000000000e+00
1.000000000000000e+00
1.000000000000000e+00
###2.800000000000000e+00
6.980037653954770e-11
4.297095831619610e-12
-3.636049843756077e-11
4.271454704656005e-11
-1.086171387584199e-11
-8.087886293929856e-12
1.627470244772956e-11
-1.411724569829029e-11
1.275960920991237e-11
3.170282072580452e-11
2.125881730097680e-11
3.075902865951225e-11
-9.038855151279520e-14
6.431235828353306e-12
1.350165994738915e-11
2.181782497002955e-11
2.614428679242175e-11
3.439593679801367e-11
3.673619337870092e-11
5.707982102135519e-11
6.913829380247926e-11
9.058292242147666e-11
1.297162561456292e-10
1.746315068837290e-10
2.373267634808784e-10
3.132156461195611e-10
4.230157480818180e-10
5.522933928181197e-10
7.494420979225779e-10
9.767117098616991e-10
1.298089532747166e-09
1.719895114455892e-09
2.269084588410612e-09
2.996790931807529e-09
3.942386359192415e-09
5.228899207398336e-09
6.900808100293857e-09
9.095972979600660e-09
1.207385987586771e-08
1.589940125958389e-08
2.113430426133792e-08
2.816475088561873e-08
3.780189798974731e-08
5.088521004609235e-08
6.877954980761164e-08
9.420973853020959e-08
1.289647044217994e-07
1.797329970468493e-07
2.503757104262847e-07
3.533567193867809e-07
5.039228007784148e-07
7.233572625343007e-07
1.051672020600483e-06
1.537189065808496e-06
2.254238935042976e-06
3.328422996720796e-06
4.927012672940841e-06
7.342557827910124e-06
1.086431324401805e-05
1.619452707479525e-05
2.416237805224411e-05
3.592566611567095e-05
5.351093941363490e-05
7.974701771243133e-05
1.184400283364222e-04
1.755644855347988e-04
2.600324789439794e-04
3.844162600650295e-04
5.664037621952135e-04
8.354950723191205e-04
1.230261585963957e-03
1.805376976212733e-03
2.643070021678925e-03
3.868938369886090e-03
5.668110173303892e-03
8.278282286076379e-03
1.212510813100921e-02
1.771873162191356e-02
2.592207831853445e-02
3.795986890973122e-02
5.571661600403760e-02
8.156305760224575e-02
1.193254891117316e-01
1.740455576574777e-01
2.513604090867179e-01
3.569073858262525e-01
4.903247909979990e-01
6.398246163682852e-01
7.781436188085714e-01
8.791641462807639e-01
9.430989289771666e-01
9.999998590752872e-01
9.999999999999445e-01
1.000000000000000e+00
1.000000000000000e+00
1.000000000000000e+00
1.000000000000000e+00
1.000000000000000e+00
1.000000000000000e+00
1.000000000000000e+00
###3.200000000000000e+00
6.939943689110618e-11
6.265457293654704e-12
-3.449268309006983e-11
3.720083664136433e-11
-2.766261634821330e-11
-8.728180209096972e-12
2.185010684623193e-11
-1.316231737321167e-11
6.368360026830046e-12
3.447983399453399e-11
2.291961496357231e-11
3.037420728164331e-11
3.172808664762389e-12
8.685536099798775e-12
1.569446976105916e-11
2.700049017398669e-11
3.061489383444781e-11
4.058486768268354e-11
4.107571563551552e-11
6.920887829255291e-11
8.693783546359269e-11
1.090601490903373e-10
1.563321326026851e-10
2.070019414076185e-10
2.835399984261925e-10
3.722878398059352e-10
5.010827471646158e-10
6.587254280626023e-10
8.859191023336652e-10
1.156588003239911e-09
1.537325981354025e-09
2.039233659324964e-09
2.691649848507919e-09
3.549910957387035e-09
4.672740757999610e-09
6.222872730723450e-09
8.224748224259305e-09
1.089227346702617e-08
1.450268696455203e-08
1.917673468773494e-08
2.564425144113701e-08
3.439332380862261e-08
4.646705513607535e-08
6.309744266651738e-08
8.606466878878614e-08
1.187431029533410e-07
1.642835625371516e-07
2.307648637422501e-07
3.245633104032350e-07
4.603821328715593e-07
6.612729924614958e-07
9.545354130068541e-07
1.391593147798165e-06
2.038884552371305e-06
2.994351427157115e-06
4.416906181782492e-06
6.534868239227297e-06
9.708597021872135e-06
1.432383722382182e-05
2.126293631847434e-05
3.159598596078566e-05
4.674408515915286e-05
6.930509296423424e-05
1.027406586514961e-04
1.516876477026818e-04
2.236350933290954e-04
3.290472374186994e-04
4.836839970199731e-04
7.081429114057162e-04
1.037865729194492e-03
1.518137078390982e-03
2.211930922778698e-03
3.215313865486883e-03
4.669177195139112e-03
6.784813674248328e-03
9.826552939820194e-03
1.425157775985408e-02
2.061116080262133e-02
2.981504207915018e-02
4.312950664318111e-02
6.245355912592620e-02
9.006909293988094e-02
1.296675185679365e-01
1.858691492382968e-01
2.636138708246201e-01
3.674915060052656e-01
4.963319387301550e-01
6.390111977356078e-01
7.715973010427649e-01
8.713501802128183e-01
9.377306035146984e-01
9.999998590752872e-01
9.999999999999445e-01
1.000000000000000e+00
1.000000000000000e+00
1.000000000000000e+00
1.000000000000000e+00
1.000000000000000e+00
1.000000000000000e+00
1.000000000000000e+00
###3.600000000000000e+00
7.312438558242230e-11
1.871475362951337e-11
-3.653863112318705e-11
4.178409891375012e-11
-2.952522577911932e-11
-3.385791245190069e-11
2.615027403512312e-11
-5.388314657600105e-12
8.444346794838730e-12
3.257149389453476e-11
3.097040637762098e-11
2.863295939540094e-11
6.416687167164721e-12
1.683855063419957e-11
2.392269625539477e-11
3.215351362609985e-11
3.340057000008107e-11
5.493559691493157e-11
5.453725280169850e-11
8.129470733896400e-11
1.061331033972921e-10
1.211115612321030e-10
1.829493770472654e-10
2.444832418626899e-10
3.328741588295404e-10
4.353545594964603e-10
5.848382497119169e-10
7.701231399101468e-10
1.033201704821300e-09
1.347969762621048e-09
1.792818588122253e-09
2.380145767594484e-09
3.145464276792247e-09
4.159286590850344e-09
5.478521076587913e-09
7.321712777629929e-09
9.695887659031288e-09
1.288315987159897e-08
1.725018080507596e-08
2.293347396994571e-08
3.085280009742750e-08
4.167289272380825e-08
5.670723654340494e-08
7.758631263630628e-08
1.067794654112629e-07
1.482930431038271e-07
2.072446095198760e-07
2.930808655146824e-07
4.156526557611342e-07
5.921887872919618e-07
8.546272584371140e-07
1.238501549282379e-06
1.809714615875338e-06
2.655029877002086e-06
3.898250663998001e-06
5.737680587431086e-06
8.482817855010455e-06
1.256377108550641e-05
1.848411051269758e-05
2.733446145007509e-05
4.044290798443437e-05
5.955907614842204e-05
8.792173983530593e-05
1.296535934193401e-04
1.903502102809074e-04
2.792034686891267e-04
4.082871327673482e-04
5.969567162590929e-04
8.688167090997526e-04
1.265745503727642e-03
1.839925431735221e-03
2.662997824736690e-03
3.845461892210429e-03
5.545771929205840e-03
7.995407679587266e-03
1.148969315577653e-02
1.651572020074741e-02
2.366091437326627e-02
3.387740218994206e-02
4.846743170838066e-02
6.933149290196677e-02
9.864998497945734e-02
1.399843816792467e-01
1.975415059631973e-01
2.756177769378776e-01
3.779068764571022e-01
5.025831202500025e-01
6.391836880920647e-01
7.666033172902744e-01
8.648976131935261e-01
9.331151740173022e-01
9.999998590752872e-01
9.999999999999445e-01
1.000000000000000e+00
1.000000000000000e+00
1.000000000000000e+00
1.000000000000000e+00
1.000000000000000e+00
1.000000000000000e+00
1.000000000000000e+00
###4.000000000000000e+00
7.010616574938950e-11
1.970238796025429e-11
-3.497241220075222e-11
4.262809929800002e-11
-2.859491871263726e-11
-3.182271617367417e-11
2.956178648600858e-11
2.451340370271381e-12
2.662745567813695e-11
3.418305568564201e-11
4.975849367520044e-11
3.294108885322567e-11
1.053081587183289e-11
3.096338032458221e-11
2.783466908815013e-11
4.020758246022890e-11
4.345694222878469e-11
6.409768758519423e-11
6.780539531256777e-11
1.030754110889167e-10
1.252434228439693e-10
1.474185407989068e-10
2.133208414904246e-10
2.845889158370372e-10
3.846148757791037e-10
5.035390553057687e-10
6.779055020012093e-10
8.910640927841025e-10
1.193711723657565e-09
1.556722309722588e-09
2.071559206411885e-09
2.751648051752107e-09
3.641098941705357e-09
4.827454437298559e-09
6.369406647988516e-09
8.544838100010237e-09
1.134869918353537e-08
1.513908113722471e-08
2.038795314902732e-08
2.726737213848987e-08
3.693612547156753e-08
5.022284833043656e-08
6.884014296222420e-08
9.494516098981577e-08
1.319433938977786e-07
1.843171677912911e-07
2.595286457787880e-07
3.690282258796105e-07
5.261459365338082e-07
7.530402429788657e-07
1.091062483458064e-06
1.585897645634562e-06
2.317663821060977e-06
3.401879908481670e-06
4.988892798068401e-06
7.335475649435707e-06
1.082481360781752e-05
1.595221965677698e-05
2.343749883539022e-05
3.451852486804529e-05
5.088409384167339e-05
7.459055282149980e-05
1.096138888134191e-04
1.608552949571469e-04
2.349411574173233e-04
3.429252825951361e-04
4.986307207234261e-04
7.252334867216509e-04
1.049764394810163e-03
1.520628484734953e-03
2.197524154486153e-03
3.161044906194126e-03
4.536316245960634e-03
6.500060523269710e-03
9.302054749351370e-03
1.326973451684351e-02
1.891150553258773e-02
2.686900482047267e-02
3.811158258666825e-02
5.397059039231233e-02
7.634848120468209e-02
1.073167178306263e-01
1.502866448408912e-01
2.090863938735779e-01
2.874213998338557e-01
3.881960077303895e-01
5.090910047677414e-01
6.402571087721837e-01
7.629776898260823e-01
8.596900570894159e-01
9.292127754848274e-01
9.999998590752872e-01
9.999999999999445e-01
1.000000000000000e+00
1.000000000000000e+00
1.000000000000000e+00
1.000000000000000e+00
1.000000000000000e+00
1.000000000000000e+00
1.000000000000000e+00
###4.399999999999999e+00
7.585589695386615e-11
2.225644349392904e-11
-3.206740290856170e-11
1.657242332438941e-10
-3.054705340259011e-11
-3.656672712241009e-11
3.028775639488550e-11
4.724800052266339e-12
2.765407900455273e-11
3.591815921180539e-11
5.219558221724438e-11
3.586947759582397e-11
1.429190854719755e-11
3.689551171105797e-11
3.327792687632710e-11
4.668652859456860e-11
4.131641974895746e-11
7.750329924786683e-11
8.012992025077972e-11
1.181378118953539e-10
1.454623124158417e-10
1.738473613988649e-10
2.472253092114081e-10
3.244276444118543e-10
4.405653269134721e-10
5.782538489307338e-10
7.758059947848787e-10
1.020558031978275e-09
1.367547204310225e-09
1.788056363419695e-09
2.377409375994245e-09
3.159810463835177e-09
4.186897336730265e-09
5.570427853329740e-09
7.382341222053655e-09
9.920382635479581e-09
1.322714557300870e-08
1.772215722637963e-08
2.399720472728648e-08
3.233449077637202e-08
4.407804551359020e-08
6.037678086273614e-08
8.331786847738277e-08
1.157475248276973e-07
1.619355213703286e-07
2.277738796665459e-07
3.242889552167012e-07
4.609294847280373e-07
6.601747094234715e-07
9.482216775778946e-07
1.377343354157849e-06
2.006959983125763e-06
2.930745863662564e-06
4.299746084692738e-06
6.295668704243557e-06
9.244664347768478e-06
1.361115442191259e-05
1.997846186542114e-05
2.928182663398605e-05
4.294900539602909e-05
6.307783713438353e-05
9.207070157298993e-05
1.347384374196465e-04
1.967691746614541e-04
2.859885752937437e-04
4.153698452025813e-04
6.011304833409343e-04
8.695126174665782e-04
1.252217023209130e-03
1.804028296241310e-03
2.591788726948181e-03
3.707746574871056e-03
5.289756823624742e-03
7.533218035526080e-03
1.070713800577019e-02
1.516799669757478e-02
2.144662256139394e-02
3.023494292093338e-02
4.251445881999807e-02
5.964261977259896e-02
8.350218433865782e-02
1.160688530187702e-01
1.605867742432469e-01
2.205384213572892e-01
2.990655562306196e-01
3.984124084271238e-01
5.158608947075672e-01
6.421403088326789e-01
7.605776127939701e-01
8.556043341368568e-01
9.259984852946265e-01
9.999998590752872e-01
9.999999999999445e-01
1.000000000000000e+00
1.000000000000000e+00
1.000000000000000e+00
1.000000000000000e+00
1.000000000000000e+00
1.000000000000000e+00
1.000000000000000e+00
###4.800000000000000e+00
7.944845814784194e-11
6.080560046044475e-11
-3.017049238727590e-11
1.616100438692455e-10
-2.791224426592128e-11
-3.211427732635245e-11
3.265981711724079e-11
7.857941625196666e-12
2.870481620322501e-11
3.897234942906388e-11
5.278376849635446e-11
3.965743321610045e-11
1.677653749810248e-11
4.230457652791204e-11
3.837223009132360e-11
5.346208261941162e-11
4.925777861691239e-11
8.559217110370523e-11
9.417780344633197e-11
1.408930922256508e-10
1.674098911119253e-10
2.023802285661860e-10
2.851470792311563e-10
3.704205606877575e-10
5.014218841115262e-10
6.598901310548244e-10
8.817284294430089e-10
1.160685679003906e-09
1.553188769527443e-09
2.038966297558894e-09
2.711847881294849e-09
3.611363478907269e-09
4.795688122461769e-09
6.399204747282647e-09
8.520152030040252e-09
1.148290535183664e-08
1.537664858469261e-08
2.069503380690156e-08
2.818783480012427e-08
3.825513670389227e-08
5.251336618471488e-08
7.246538336133706e-08
1.005822686077730e-07
1.406257802130200e-07
1.979596086721665e-07
2.801139646753858e-07
4.003587030372811e-07
5.718441777370865e-07
8.219565618920647e-07
1.183287970774777e-06
1.723289473194741e-06
2.512106958839697e-06
3.666961083304981e-06
5.372804151074071e-06
7.852627883334257e-06
1.150511719393791e-05
1.688806432638544e-05
2.471052878424618e-05
3.611583434828209e-05
5.277498948522277e-05
7.717002595339363e-05
1.122651579783087e-04
1.635485942938274e-04
2.377960299627754e-04
3.440080688132362e-04
4.973626048688449e-04
7.164942697544511e-04
1.031071973581101e-03
1.477429205934291e-03
2.117757942804161e-03
3.025730761897333e-03
4.305602877033988e-03
6.108356146054698e-03
8.647806604508953e-03
1.221333606720539e-02
1.718980950758223e-02
2.412358554947742e-02
3.376008535981709e-02
4.708768724692152e-02
6.548081758482109e-02
9.076841047821987e-02
1.249135745981678e-01
1.709009394607100e-01
2.319186067399827e-01
3.106035040578768e-01
4.086015399293525e-01
5.228906262281774e-01
6.447609850460162e-01
7.592685487224365e-01
8.525370854016218e-01
9.234251662665066e-01
9.999998590752872e-01
9.999999999999445e-01
1.000000000000000e+00
1.000000000000000e+00
1.000000000000000e+00
1.000000000000000e+00
1.000000000000000e+00
1.000000000000000e+00
1.000000000000000e+00
###5.200000000000000e+00
8.809388113684822e-11
6.045486672141676e-11
-2.573396284827145e-11
1.681059632202531e-10
-1.996615129548218e-11
-2.192420268751117e-11
4.258823930220639e-11
1.221128844982238e-11
3.767754368281193e-11
4.269674887656356e-11
5.158744830554154e-11
4.580702663654591e-11
2.555919272759168e-11
5.015573410620323e-11
4.339537897608313e-11
6.252992205150702e-11
7.055971184268127e-11
9.261142216481611e-11
1.097221084401143e-10
1.633978337157933e-10
1.928199651125512e-10
2.365696753567674e-10
3.244944336660100e-10
4.236044752376157e-10
5.681783359422238e-10
7.498225547780504e-10
9.983453442004342e-10
1.315255628049456e-09
1.757458060266076e-09
2.316442065723855e-09
3.094261790808681e-09
4.114581399544650e-09
5.487078014195553e-09
7.339152200685164e-09
9.812281480932843e-09
1.325394661255872e-08
1.786475418364468e-08
2.419411585346815e-08
3.311597455294251e-08
4.525043953274058e-08
6.253603614078835e-08
8.682683584372646e-08
1.212289424529661e-07
1.704492712446236e-07
2.412603479736527e-07
3.433427184599082e-07
4.918057683698851e-07
7.051779893067058e-07
1.016312631063910e-06
1.465011844642646e-06
2.138945518692977e-06
3.114106871729539e-06
4.541711120368097e-06
6.644155744391214e-06
9.691844340219545e-06
1.416304982462110e-05
2.071510013722488e-05
3.022724303395343e-05
4.405115338551456e-05
6.413304530579692e-05
9.341007015324275e-05
1.354170655216764e-04
1.964205756258041e-04
2.844144668774421e-04
4.096509275255819e-04
5.896421931619357e-04
8.456036230441771e-04
1.210894323489591e-03
1.727058991988483e-03
2.463393086698618e-03
3.501230089726684e-03
4.956729544441658e-03
6.994319582252616e-03
9.846654220392999e-03
1.382312274988865e-02
1.933180152220415e-02
2.694642278963346e-02
3.744663912072321e-02
5.183287907081165e-02
7.148467608586619e-02
9.818498627645009e-02
1.338566361791533e-01
1.812466113255922e-01
2.432571079754047e-01
3.220572702464770e-01
4.187842800103265e-01
5.301945282411822e-01
6.480463528671800e-01
7.589356382040299e-01
8.503875522036105e-01
9.214331209584631e-01
9.999998590752872e-01
9.999999999999445e-01
1.000000000000000e+00
1.000000000000000e+00
1.000000000000000e+00
1.000000000000000e+00
1.000000000000000e+00
1.000000000000000e+00
1.000000000000000e+00
###5.600000000000001e+00
1.223436647577933e-10
6.778491107881953e-11
-1.383012195995637e-13
1.702135986155647e-10
-1.510095424959596e-11
-2.982819894303828e-11
4.386245678749740e-11
1.377254763870648e-11
4.403468395868479e-11
5.773391406780519e-11
4.784184683586604e-11
5.006452609469317e-11
3.315253361190774e-11
3.136602269667478e-11
5.064859796411491e-11
7.365595253818694e-11
9.011523478331592e-11
1.063805642475624e-10
1.237815731601977e-10
1.858395620348009e-10
2.175979590519253e-10
2.711486664210353e-10
3.687141272639357e-10
4.800891884009911e-10
6.421694696481486e-10
8.473439060797382e-10
1.127514814366333e-09
1.485194165084999e-09
1.982686835437908e-09
2.624171851859236e-09
3.510058055658412e-09
4.680700657983305e-09
6.260031116866348e-09
8.405353203907252e-09
1.128392034123452e-08
1.530642021284512e-08
2.074614172336106e-08
2.828772655001327e-08
3.894251928339895e-08
5.351713369026999e-08
7.439185015714893e-08
1.039259348698045e-07
1.459381844303004e-07
2.060676628093455e-07
2.929970785025960e-07
4.187226136168942e-07
6.011394309378690e-07
8.645999952463316e-07
1.247576887545429e-06
1.803231091434918e-06
2.628130713424427e-06
3.827062584436656e-06
5.573297303825294e-06
8.137841342112715e-06
1.184588332490976e-05
1.726655730246660e-05
2.518055614374579e-05
3.662888122011262e-05
5.321917174043237e-05
7.719645428083179e-05
1.120080237190915e-04
1.618171935444080e-04
2.337438583627281e-04
3.370784673455226e-04
4.834292795940411e-04
6.928939678445215e-04
9.894151951406617e-04
1.410355520901436e-03
2.002238589349184e-03
2.842779027360055e-03
4.020075969398016e-03
5.663406854706913e-03
7.950796872468122e-03
1.113282239243731e-02
1.553862050818262e-02
2.159966592490621e-02
2.991731537328858e-02
4.129662350645972e-02
5.675099625069605e-02
7.765462068023518e-02
1.057519266556924e-01
1.429080682866116e-01
1.916419125130067e-01
2.545714847923939e-01
3.334645247265377e-01
4.289993989825637e-01
5.377508422882709e-01
6.519464119884955e-01
7.594766039982837e-01
8.490644805045198e-01
9.200129370744103e-01
9.999998590752872e-01
9.999999999999445e-01
1.000000000000000e+00
1.000000000000000e+00
1.000000000000000e+00
1.000000000000000e+00
1.000000000000000e+00
1.000000000000000e+00
1.000000000000000e+00
###6.000000000000001e+00
1.264046623335996e-10
6.948580664204099e-11
-3.718757790556850e-12
1.488713200727260e-10
-5.860234283898113e-12
-2.337772327525803e-11
4.320771268203096e-11
2.501530103460655e-11
4.458740360967878e-11
6.163712382153691e-11
5.691843147431981e-11
5.728749457010498e-11
4.177068603122299e-11
4.103934558266025e-11
6.071391794278453e-11
8.836589335202138e-11
1.015001338891291e-10
1.225637519226890e-10
1.456419499071603e-10
2.086269182801167e-10
2.471760265078176e-10
3.117412144611043e-10
4.136731073686397e-10
5.392740506584547e-10
7.241890232449635e-10
9.504267889456015e-10
1.270761570827721e-09
1.671310746090662e-09
2.234196629580285e-09
2.965545672717219e-09
3.973787647140673e-09
5.311549903206726e-09
7.139791239096466e-09
9.621432146330994e-09
1.298344891769665e-08
1.767813233689966e-08
2.411833194227008e-08
3.310160500518692e-08
4.573757608118663e-08
6.326630084193114e-08
8.849204555803220e-08
1.242108084842782e-07
1.751694638799260e-07
2.485239494107376e-07
3.547993967501452e-07
5.086533687948230e-07
7.314258283259804e-07
1.054180018429902e-06
1.522188999812681e-06
2.203545716808622e-06
3.206199654831543e-06
4.666163385205525e-06
6.784527593682967e-06
9.886081481270663e-06
1.435878671812939e-05
2.087485769555117e-05
3.035103268916943e-05
4.401181588801285e-05
6.374439045709529e-05
9.213356266238265e-05
1.331853578503958e-04
1.917482104783247e-04
2.758711058571803e-04
3.963255451336860e-04
5.660392511802885e-04
8.080153756036650e-04
1.149023228871021e-03
1.630491682346051e-03
2.304685878327460e-03
3.257463545733556e-03
4.584649056513572e-03
6.428535303636227e-03
8.979919149414506e-03
1.250902123360825e-02
1.736381738882601e-02
2.399935073728059e-02
3.303961136444576e-02
4.531242334540127e-02
6.184525684345536e-02
8.399608998782979e-02
1.134760430418024e-01
1.520670170566420e-01
2.020911476481564e-01
2.658850339092260e-01
3.448455115034755e-01
4.392510857206196e-01
5.455598973285206e-01
6.564072903926210e-01
7.607883059984542e-01
8.484965143534574e-01
9.190815457131438e-01
9.999998590752872e-01
9.999999999999445e-01
1.000000000000000e+00
1.000000000000000e+00
1.000000000000000e+00
1.000000000000000e+00
1.000000000000000e+00
1.000000000000000e+00
1.000000000000000e+00
###6.400000000000001e+00
1.380891173764867e-10
6.096501340959078e-11
-2.442484573237027e-12
1.532115419946903e-10
-7.860041071055931e-12
-1.945387418150231e-11
6.606012501508917e-11
3.146899330782497e-11
5.207374398266260e-11
6.086477069689150e-11
6.530537661417877e-11
6.641199595878992e-11
5.321512814141724e-11
5.063736370120272e-11
7.257332804063100e-11
1.004739010871937e-10
1.177591105056820e-10
1.396157792545554e-10
1.678997325458575e-10
2.366104256787560e-10
2.800554990523927e-10
3.530545233433726e-10
4.663912729438097e-10
6.071789098117503e-10
8.106494365494235e-10
1.068587419287700e-09
1.423716688632115e-09
1.880066885469979e-09
2.514654487623088e-09
3.349628449633977e-09
4.497546826873452e-09
6.030753680413724e-09
8.143294772742692e-09
1.102321375734808e-08
1.495486199534930e-08
2.044291012124158e-08
2.805813435076836e-08
3.875787547481945e-08
5.378825557328475e-08
7.481641281417269e-08
1.052009362181088e-07
1.482741090215465e-07
2.099922172549712e-07
2.989913821113361e-07
4.283253709403992e-07
6.152354078475688e-07
8.858113558815211e-07
1.277620528624471e-06
1.846208540136989e-06
2.670681006709362e-06
3.884233598205114e-06
5.647233778016124e-06
8.196673716570122e-06
1.191767334753930e-05
1.726968450251216e-05
2.503742904120105e-05
3.629684996699393e-05
5.247122650155595e-05
7.575481410179120e-05
1.091306014455301e-04
1.571945072725641e-04
2.255310069918949e-04
3.232411980961460e-04
4.626519906988680e-04
6.581592697064456e-04
9.357726460923441e-04
1.325394770308043e-03
1.872778434492054e-03
2.635676039436499e-03
3.709368027829540e-03
5.196588937574504e-03
7.253951997118186e-03
1.008488752399636e-02
1.397801121856115e-02
1.930096772596099e-02
2.653201327749806e-02
3.631218416669296e-02
4.949507890293784e-02
6.711586298640144e-02
9.051322235932159e-02
1.213563387718952e-01
1.613485660232128e-01
2.126108525165892e-01
2.772201444744761e-01
3.562296800854824e-01
4.495784313308178e-01
5.536193460361877e-01
6.613693323085200e-01
7.627923923020815e-01
8.486077935330596e-01
9.186296281769751e-01
9.999998590752872e-01
9.999999999999445e-01
1.000000000000000e+00
1.000000000000000e+00
1.000000000000000e+00
1.000000000000000e+00
1.000000000000000e+00
1.000000000000000e+00
1.000000000000000e+00
###6.800000000000002e+00
1.353680192116148e-10
7.437209191858828e-11
1.896261664737465e-12
1.525886601411537e-10
4.292938017632623e-12
-1.416222137615875e-11
6.496412405917345e-11
3.863747060060527e-11
5.763070277541953e-11
7.555566092953184e-11
7.130877976954339e-11
7.326257740449104e-11
5.988063909928592e-11
6.297799724808513e-11
8.503367811154118e-11
1.104296388036503e-10
1.329561372837751e-10
1.622563901995203e-10
1.973018406434818e-10
2.630337034850073e-10
3.132496982193239e-10
3.981417350931553e-10
5.211937277837957e-10
6.803998605328372e-10
9.065330399259980e-10
1.199392567640682e-09
1.594841277309485e-09
2.111022930987389e-09
2.832378685804994e-09
3.784917459105914e-09
5.092209512743798e-09
6.855853946862366e-09
9.295880569806650e-09
1.264488663112599e-08
1.724196204677985e-08
2.366895705757898e-08
3.267621741405371e-08
4.541397609821948e-08
6.324375262211783e-08
8.847475607501818e-08
1.249580542258786e-07
1.768167403924889e-07
2.512260673065118e-07
3.586916614697663e-07
5.151606918755282e-07
7.411627096028555e-07
1.067654317822180e-06
1.541314661635852e-06
2.226630153869945e-06
3.220049634543114e-06
4.676155087377328e-06
6.789862656922974e-06
9.834760189526834e-06
1.426991047234876e-05
2.062552713965257e-05
2.982168479470297e-05
4.310523878259163e-05
6.212230865785531e-05
8.941705669669840e-05
1.283832236516318e-04
1.842766090633151e-04
2.634899508791846e-04
3.762671275305146e-04
5.365890907985604e-04
7.604547000403375e-04
1.077148292519969e-03
1.519543520744646e-03
2.138491648118505e-03
2.997148392488234e-03
4.200666836581108e-03
5.859058492065880e-03
8.142596005819080e-03
1.126804282303835e-02
1.554307935762588e-02
2.135329790882782e-02
2.919895806824371e-02
3.973927990157682e-02
5.384900909492544e-02
7.256547129576392e-02
9.720733541043890e-02
1.293922796698787e-01
1.707559528497713e-01
2.232089296516252e-01
2.885878856550744e-01
3.676292025724105e-01
4.599767232451886e-01
5.619063911100823e-01
6.667747263563799e-01
7.654203907755356e-01
8.493207890086913e-01
9.186041678494957e-01
9.999998590752872e-01
9.999999999999445e-01
1.000000000000000e+00
1.000000000000000e+00
1.000000000000000e+00
1.000000000000000e+00
1.000000000000000e+00
1.000000000000000e+00
1.000000000000000e+00
###7.200000000000002e+00
1.358851569203450e-10
7.852376998907352e-11
4.498385440018938e-12
1.536460398547825e-10
3.617182309387100e-11
-9.655877318262681e-12
6.764033334674675e-11
4.592659723339434e-11
6.652227430927324e-11
7.604824442883313e-11
8.081145172120517e-11
8.124029806047645e-11
7.190187604719549e-11
7.702763082304342e-11
9.984469190241787e-11
1.217691035442245e-10
1.542780171894531e-10
1.781147707674376e-10
2.261309988427151e-10
3.092097633309382e-10
3.543037527342466e-10
4.501117009460865e-10
5.844441535167186e-10
7.639327421640568e-10
1.014709672852506e-09
1.347392151939584e-09
1.787828494054505e-09
2.371372500688811e-09
3.190966045978557e-09
4.277411895518664e-09
5.771398728317433e-09
7.807784332465228e-09
1.062678307235064e-08
1.452009826701562e-08
1.991207228716940e-08
2.745049189001600e-08
3.810234097294884e-08
5.324073549765263e-08
7.440507566234541e-08
1.045727895381022e-07
1.482686189351361e-07
2.105153811601745e-07
2.997601129551552e-07
4.291935970167780e-07
6.170925060006710e-07
8.892813177557110e-07
1.281162136745624e-06
1.849346480386028e-06
2.670602893779010e-06
3.855856181656954e-06
5.596219915363109e-06
8.113430442831215e-06
1.172660218302228e-05
1.697492665769775e-05
2.447434394070810e-05
3.528976397492381e-05
5.082948171233417e-05
7.308750121453288e-05
1.048745675482682e-04
1.500881665539268e-04
2.147013676902952e-04
3.059977357810533e-04
4.354094953211812e-04
6.187438544845767e-04
8.737099859413071e-04
1.232979139710657e-03
1.732828742733753e-03
2.428929993209747e-03
3.390971649659733e-03
4.733061831914742e-03
6.573751353365476e-03
9.097199841846964e-03
1.253276547890236e-02
1.720778053100210e-02
2.352358480069851e-02
3.200516334875336e-02
4.332002604813943e-02
5.837510723532459e-02
7.819798918213677e-02
1.040816508974772e-01
1.376043811840485e-01
1.802904168417134e-01
2.338914809976280e-01
3.000011761048818e-01
3.790673577037497e-01
4.704669922799232e-01
5.704055015579349e-01
6.726082006585726e-01
7.686087001259675e-01
8.506069889374834e-01
9.189382144269951e-01
9.999998590752872e-01
9.999999999999445e-01
1.000000000000000e+00
1.000000000000000e+00
1.000000000000000e+00
1.000000000000000e+00
1.000000000000000e+00
1.000000000000000e+00
1.000000000000000e+00
###7.600000000000002e+00
1.463866711027451e-10
9.453992232577888e-11
1.845155398656000e-12
1.495694514286632e-10
3.724934600753725e-11
-7.199072984732850e-12
7.319408073780677e-11
5.146168779359740e-11
7.294290460998248e-11
8.167281069539864e-11
8.930288835120130e-11
8.833798666002036e-11
8.021068343191242e-11
9.115148329379293e-11
1.181886683498609e-10
1.372942052402528e-10
1.747291356739812e-10
2.020452146119297e-10
2.554930658299866e-10
3.436865448822593e-10
3.974736322187587e-10
5.096738161253920e-10
6.533854939683590e-10
8.550568226112618e-10
1.132745485962141e-09
1.507102308388862e-09
2.004393581782064e-09
2.665133098950239e-09
3.597665950052173e-09
4.835846008989476e-09
6.549454561918300e-09
8.901505504340669e-09
1.216268331997587e-08
1.669884793382148e-08
2.302536661341524e-08
3.187611610281593e-08
4.446736341955281e-08
6.248732841150326e-08
8.754734342885017e-08
1.235035238252879e-07
1.756821301121392e-07
2.501697936670090e-07
3.569104874625911e-07
5.119504427558263e-07
7.369428859302569e-07
1.062415444238837e-06
1.530539542461408e-06
2.208767985397960e-06
3.186493811405661e-06
4.591578431775290e-06
6.659409350194004e-06
9.638385152280471e-06
1.390031108233939e-05
2.007482634593471e-05
2.887125324844600e-05
4.151379241406920e-05
5.959667051878159e-05
8.549300486975833e-05
1.222941415806369e-04
1.744653935709517e-04
2.487626723466143e-04
3.533803787761116e-04
5.011685149004068e-04
7.097740154096292e-04
9.986476246200298e-04
1.404266396668332e-03
1.966257586415521e-03
2.745717459816354e-03
3.818332992251585e-03
5.308756435133379e-03
7.343328965656215e-03
1.011994320922210e-02
1.388145762974683e-02
1.897383820658614e-02
2.581700763300927e-02
3.495311075113741e-02
4.706187936515401e-02
6.307853220637542e-02
8.401421947674231e-02
1.111349307300543e-01
1.459843180941460e-01
1.899663686307234e-01
2.446728151134458e-01
3.114719356565196e-01
3.905382936523483e-01
4.810463873400851e-01
5.791336834912015e-01
6.788322939934747e-01
7.722932580856799e-01
8.523729931571881e-01
9.196279796604572e-01
9.999998590752872e-01
9.999999999999445e-01
1.000000000000000e+00
1.000000000000000e+00
1.000000000000000e+00
1.000000000000000e+00
1.000000000000000e+00
1.000000000000000e+00
1.000000000000000e+00
###8.000000000000002e+00
1.479110463962799e-10
9.499727775372688e-11
9.146916231288007e-12
1.484864592815161e-10
4.506317931474106e-11
-2.194018030719925e-12
2.351731172212436e-11
5.758065734229118e-11
7.898908118089490e-11
9.013784392086010e-11
9.718886144179276e-11
9.740035361961511e-11
9.455051641936248e-11
1.044482025112030e-10
1.282628492656667e-10
1.531097679616051e-10
1.949753555047177e-10
2.246203103273005e-10
2.844994165034752e-10
3.784845230202759e-10
4.440625671844691e-10
5.673110498252489e-10
7.290013818163595e-10
9.551535559668641e-10
1.263289837388368e-09
1.685676205926217e-09
2.247906846647584e-09
3.000435755918249e-09
4.060636982121274e-09
5.477526806713872e-09
7.444534977006423e-09
1.016701324312636e-08
1.395352886312930e-08
1.923735477607630e-08
2.665643420174249e-08
3.705274510786699e-08
5.193111758396656e-08
7.326222424840222e-08
1.029645424899018e-07
1.457591564977372e-07
2.078695622726137e-07
2.966058553521792e-07
4.239311399452060e-07
6.086297028908916e-07
8.767574020480611e-07
1.264371291090085e-06
1.820644379904764e-06
2.625792981819333e-06
3.784081851071532e-06
5.444880164550839e-06
7.883781805649860e-06
1.138828723972121e-05
1.638941003697548e-05
2.361332950215518e-05
3.387566359719781e-05
4.857416691084163e-05
6.951220064594003e-05
9.946510209113372e-05
1.418653668734155e-04
2.017509969301667e-04
2.867725358845843e-04
4.060892496820583e-04
5.740138565931788e-04
8.101848365967127e-04
1.136089636653047e-03
1.591936845199534e-03
2.221175077876850e-03
3.090168847413608e-03
4.281155562042303e-03
5.929631261552694e-03
8.170410467316163e-03
1.121382218553322e-02
1.531744838686615e-02
2.084594515544216e-02
2.823588741744327e-02
3.804634932017372e-02
5.096880308919686e-02
6.796110709580874e-02
9.001572815764945e-02
1.183764002587895e-01
1.545343271603363e-01
1.997908497068634e-01
2.555627318720737e-01
3.230161122299171e-01
4.020759726837642e-01
4.917325575999614e-01
5.880620759504669e-01
6.853901593007555e-01
7.764198615523732e-01
8.545643673730912e-01
9.206205879932229e-01
9.999998590752872e-01
9.999999999999445e-01
1.000000000000000e+00
1.000000000000000e+00
1.000000000000000e+00
1.000000000000000e+00
1.000000000000000e+00
1.000000000000000e+00
1.000000000000000e+00
###8.400000000000002e+00
1.228834505757541e-10
9.195353496137032e-11
1.081917032701271e-11
1.476223128836470e-10
4.888454412344380e-11
-3.483826710685355e-13
2.649344507208015e-11
6.354321737213116e-11
8.333907342624169e-11
8.997621458434255e-11
1.024392022681830e-10
1.055720145840383e-10
9.867578717360327e-11
1.188210427976417e-10
1.425254706923457e-10
1.571818163193084e-10
2.232558016128901e-10
2.461751294616082e-10
3.154654229318536e-10
4.121786147457242e-10
4.915495727689137e-10
6.294103859665842e-10
8.126217550309352e-10
1.064240220319268e-09
1.412401370398487e-09
1.884726850326670e-09
2.519958207563720e-09
3.377986067444970e-09
4.583317154511291e-09
6.211106744059018e-09
8.476657081927887e-09
1.162871777813606e-08
1.603288231872336e-08
2.218804611016435e-08
3.090030593853960e-08
4.311462594589916e-08
6.066750726293190e-08
8.589510159147483e-08
1.210590285251896e-07
1.718765729198459e-07
2.456237318276282e-07
3.510087059304987e-07
5.021816041231281e-07
7.213337010811168e-07
1.039616298897281e-06
1.498935036906314e-06
2.156606462827902e-06
3.107536730714571e-06
4.472931371071570e-06
6.426326037633017e-06
9.286832182182143e-06
1.338914050496380e-05
1.922800320621600e-05
2.763680647743288e-05
3.954572176390342e-05
5.655170817916560e-05
8.068804556995181e-05
1.151500933355052e-04
1.637706126276801e-04
2.321972878877791e-04
3.290443830379526e-04
4.645230525832038e-04
6.544957110242874e-04
9.208044411713433e-04
1.286920157972909e-03
1.797061029393170e-03
2.498728089079070e-03
3.463944623338154e-03
4.781787239083033e-03
6.598528077631529e-03
9.057344510360520e-03
1.238197665323874e-02
1.684461709594186e-02
2.282684696278635e-02
3.078321430096785e-02
4.128778206908316e-02
5.504381379770471e-02
7.302470900742442e-02
9.620876815471471e-02
1.258067054349076e-01
1.632613012335539e-01
2.097607940498087e-01
2.665712731216320e-01
3.346489158303166e-01
4.136783598089766e-01
5.025143450333164e-01
5.971783971456300e-01
6.922563832787002e-01
7.809501306118315e-01
8.571488369758811e-01
9.218966243793882e-01
9.999998590752872e-01
9.999999999999445e-01
1.000000000000000e+00
1.000000000000000e+00
1.000000000000000e+00
1.000000000000000e+00
1.000000000000000e+00
1.000000000000000e+00
1.000000000000000e+00
###8.800000000000002e+00
1.270878670790746e-10
1.698510281494547e-10
1.353619461741306e-11
1.531530329337361e-10
3.609678208504301e-11
-3.056769088646883e-12
3.194236303493022e-11
6.847559626292299e-11
8.846996179000685e-11
9.333839985467567e-11
1.089990768453698e-10
1.126436271021135e-10
1.040482117406855e-10
1.318461506652051e-10
1.469118161975411e-10
1.757683031743859e-10
2.443436490379941e-10
2.721978383559950e-10
3.448929614970751e-10
4.500552316337092e-10
5.417427303679086e-10
7.008401046675657e-10
9.035727562589737e-10
1.187827359941206e-09
1.576134885674493e-09
2.109836236433927e-09
2.830188539765957e-09
3.809521372774229e-09
5.185848558432355e-09
7.056641872009537e-09
9.668201063697724e-09
1.332261954817846e-08
1.844367192589285e-08
2.562923791884758e-08
3.583659014311626e-08
5.020364350157471e-08
7.086922014955829e-08
1.006337459505454e-07
1.422528302058230e-07
2.023591357803751e-07
2.896482005626556e-07
4.143128885357878e-07
5.931621452667441e-07
8.521860619457893e-07
1.228222155936472e-06
1.770101408005418e-06
2.544489716879297e-06
3.662398788895447e-06
5.264182940315442e-06
7.559629993167737e-06
1.089103683772999e-05
1.567065376573724e-05
2.244954990192006e-05
3.219145709263651e-05
4.594677444838554e-05
6.553179209848823e-05
9.323863880651283e-05
1.327029902276966e-04
1.882167447557002e-04
2.660952504745055e-04
3.759292597297215e-04
5.290784366120325e-04
7.431712950540891e-04
1.042220244558347e-03
1.451962880742646e-03
2.020824128077586e-03
2.800427938417465e-03
3.868771412785977e-03
5.321854698176134e-03
7.317068466512109e-03
1.000658411660424e-02
1.362739216702885e-02
1.846579133380500e-02
2.492198351903160e-02
3.346310123029640e-02
4.468227134792178e-02
5.929101769636706e-02
7.827298513861446e-02
1.025973657200222e-01
1.334339771696900e-01
1.721706725761522e-01
2.198837503958678e-01
2.776908059746169e-01
3.463651914241714e-01
4.253587415692617e-01
5.134049576813536e-01
6.064776044983400e-01
6.993878458339665e-01
7.858179847065100e-01
8.600872134696624e-01
9.234249885901956e-01
9.999998590752872e-01
9.999999999999445e-01
1.000000000000000e+00
1.000000000000000e+00
1.000000000000000e+00
1.000000000000000e+00
1.000000000000000e+00
1.000000000000000e+00
1.000000000000000e+00
###9.200000000000003e+00
1.499720410127221e-10
1.663642478252280e-10
1.285819146956253e-11
1.668108599886517e-10
3.807160009102744e-11
1.707144165756703e-12
3.661173684911562e-11
7.281282797251519e-11
9.463259409792738e-11
1.008136432516116e-10
1.133514598421750e-10
1.254040901875318e-10
1.156620904717243e-10
1.409142152907056e-10
1.598413172112749e-10
1.933955228353809e-10
2.637647812530576e-10
2.995219373429113e-10
3.789606411798781e-10
4.921814936216994e-10
5.994229403132600e-10
7.757482171860400e-10
1.005008281086561e-09
1.324758645327030e-09
1.762949357976062e-09
2.364997936236608e-09
3.182714156055948e-09
4.302157063447330e-09
5.877552160607524e-09
8.033307136137802e-09
1.104896734666770e-08
1.528961036768534e-08
2.124433029462930e-08
2.963834114955297e-08
4.159036676511024e-08
5.848205177396380e-08
8.278647067356468e-08
1.177426752051540e-07
1.669924693210900e-07
2.378000504088503e-07
3.407854736159302e-07
4.878340669564444e-07
6.990580667524140e-07
1.003869090762732e-06
1.445849204142596e-06
2.082177956403995e-06
2.990213784258758e-06
4.298452978076490e-06
6.168789866272332e-06
8.851399717844163e-06
1.271677985484032e-05
1.826013073574294e-05
2.609985998242387e-05
3.733551544541624e-05
5.315693458598527e-05
7.561639307370452e-05
1.072870281766028e-04
1.523031159116704e-04
2.154260113632317e-04
3.036793717431831e-04
4.277841045462560e-04
6.003009270346580e-04
8.406057719588812e-04
1.175274485804958e-03
1.632171132449862e-03
2.264360553720486e-03
3.127545843947469e-03
4.306115940885365e-03
5.903208988851176e-03
8.087772499387533e-03
1.102095866547321e-02
1.495253933227277e-02
2.018436153411293e-02
2.713241947113850e-02
3.627936570529603e-02
4.823235667111145e-02
6.371073872779613e-02
8.371189346410893e-02
1.091783866465761e-01
1.412498254007917e-01
1.812635504665129e-01
2.301644371005833e-01
2.889314198624343e-01
3.581733916546079e-01
4.371222051630632e-01
5.243912140983769e-01
6.159310839544256e-01
7.067630752655421e-01
7.909981377798496e-01
8.633307750221102e-01
9.251659794294360e-01
9.999998590752872e-01
9.999999999999445e-01
1.000000000000000e+00
1.000000000000000e+00
1.000000000000000e+00
1.000000000000000e+00
1.000000000000000e+00
1.000000000000000e+00
1.000000000000000e+00
###9.600000000000003e+00
1.527199196203291e-10
1.646593904621402e-10
1.825185771302745e-11
1.671663937751935e-10
3.852797328827790e-11
-1.345194332297178e-12
4.144418846732649e-11
7.793562698802365e-11
9.573203659040638e-11
1.083641639030144e-10
1.201862232697921e-10
1.375709513581540e-10
1.183331934058360e-10
1.541187724652825e-10
1.724628540358903e-10
2.123385021462223e-10
2.871924251773951e-10
3.287835406197294e-10
4.154823617474511e-10
5.385753167596009e-10
6.633073035174680e-10
8.586302867348215e-10
1.116934558433018e-09
1.479244240081335e-09
1.972345974596926e-09
2.654212122247930e-09
3.586894053298897e-09
4.865161655873824e-09
6.676787012099254e-09
9.157742357182323e-09
1.264582441112323e-08
1.758991964793680e-08
2.450532731437258e-08
3.430501651150212e-08
4.831059834058346e-08
6.809321689906145e-08
9.664925597937677e-08
1.376382641805920e-07
1.957327900052629e-07
2.789473393720312e-07
4.001472034586374e-07
5.732110169222371e-07
8.211309268533429e-07
1.178777477491932e-06
1.696684834345414e-06
2.440971186322187e-06
3.501484117614136e-06
5.025877907426930e-06
7.200665432480511e-06
1.030397392651727e-05
1.478969745158744e-05
2.119092199908553e-05
3.021850953267636e-05
4.312484368814128e-05
6.124521313443520e-05
8.689997379151053e-05
1.229662024492060e-04
1.741181841643822e-04
2.456064684975542e-04
3.452645908923951e-04
4.849894520382623e-04
6.786242265657503e-04
9.474712822312361e-04
1.320712639610090e-03
1.828505069867506e-03
2.528798328678717e-03
3.481761615562643e-03
4.777847375699354e-03
6.528082881923366e-03
8.913378465876767e-03
1.210324781526782e-02
1.636073788940770e-02
2.200298112965597e-02
2.946203714908642e-02
3.923596186436176e-02
5.194270274690996e-02
6.830897962824900e-02
8.934279263704814e-02
1.159582707109905e-01
1.492685855468474e-01
1.905358197278366e-01
2.406043103247364e-01
3.003088795006533e-01
3.700783343581442e-01
4.489690970034498e-01
5.354706939995725e-01
6.255265507599768e-01
7.143620425826329e-01
7.964493301527531e-01
8.668357813417678e-01
9.270881978987183e-01
9.999998590752872e-01
9.999999999999445e-01
1.000000000000000e+00
1.000000000000000e+00
1.000000000000000e+00
1.000000000000000e+00
1.000000000000000e+00
1.000000000000000e+00
1.000000000000000e+00
###1.000000000000000e+01
1.560032694106884e-10
1.610737152284071e-10
2.181251337187784e-11
1.559542648904346e-10
4.193709015465581e-11
2.735673022856285e-12
4.479128808441086e-11
8.757654786280375e-11
9.782928231392197e-11
1.125240240863569e-10
1.254980450660450e-10
1.419689252269961e-10
1.217442311933548e-10
1.667277821581652e-10
1.843463744731754e-10
2.319039849614862e-10
3.119771175001475e-10
3.585980443543024e-10
4.566269080214258e-10
5.900527134594507e-10
7.344790517787629e-10
9.530777366678944e-10
1.243825540007543e-09
1.653335710158843e-09
2.211892714080516e-09
2.985529558882981e-09
4.048345297365071e-09
5.514918205980807e-09
7.593990921486111e-09
1.046203606049714e-08
1.449398477740627e-08
2.023273538075853e-08
2.829720207112088e-08
3.972146272079751e-08
5.609505923280069e-08
7.929766242425307e-08
1.127219552117800e-07
1.607304535099110e-07
2.290307003049458e-07
3.266126291605174e-07
4.687786844678904e-07
6.715535325475421e-07
9.622073205860066e-07
1.379686144054967e-06
1.984463843445243e-06
2.850830034128125e-06
4.084603316930369e-06
5.854633421308919e-06
8.372889551868942e-06
1.195348708848474e-05
1.713148772705768e-05
2.449747960198684e-05
3.485303514545149e-05
4.962020798467776e-05
7.030193060604579e-05
9.949902925903285e-05
1.404171507116855e-04
1.983368679823312e-04
2.790143623595394e-04
3.911699468820653e-04
5.479440206147264e-04
7.645393501088193e-04
1.064364240801175e-03
1.479342257566914e-03
2.041913092984191e-03
2.815342523230361e-03
3.864138072386859e-03
5.285700265217700e-03
7.198516281531685e-03
9.796077078552776e-03
1.325610351430820e-02
1.785622648010250e-02
2.392539065466371e-02
3.191565199445669e-02
4.233675947195233e-02
5.581764827147919e-02
7.308977548731638e-02
9.516963189724784e-02
1.229406628056653e-01
1.574893705148611e-01
1.999988448415091e-01
2.512090376738503e-01
3.118157195682445e-01
3.820885902263405e-01
4.609041633788198e-01
5.466485016805424e-01
6.352609017714046e-01
7.221484375313715e-01
8.021221686867049e-01
8.705693812546771e-01
9.291628611373108e-01
9.999998590752872e-01
9.999999999999445e-01
1.000000000000000e+00
1.000000000000000e+00
1.000000000000000e+00
1.000000000000000e+00
1.000000000000000e+00
1.000000000000000e+00
1.000000000000000e+00
###1.040000000000000e+01
1.540322532148828e-10
1.621736350094371e-10
1.905642336247343e-11
1.588510582685645e-10
3.959847653216481e-11
6.900942120187784e-12
5.014798899403298e-11
9.739658937046315e-11
1.031563315338961e-10
1.180685839449863e-10
1.289965037447552e-10
1.499209679387013e-10
1.334399450319610e-10
1.816416589613328e-10
1.929666361277070e-10
2.520766770546759e-10
3.341480879051529e-10
3.930670302174329e-10
4.996845461527088e-10
6.459054193960947e-10
8.120849598926110e-10
1.055916798190933e-09
1.385949478899615e-09
1.848240744161676e-09
2.483640897793361e-09
3.362872330422072e-09
4.580073279823983e-09
6.262513692676527e-09
8.650406489818965e-09
1.196715429956556e-08
1.664026767915880e-08
2.330082324164325e-08
3.269639436588211e-08
4.601611290076887e-08
6.513547870809525e-08
9.227814219175915e-08
1.314028636091691e-07
1.875286836399672e-07
2.675493095494914e-07
3.818051505442035e-07
5.478577958218870e-07
7.846874370350596e-07
1.124266274389444e-06
1.610983547095402e-06
2.313599359011058e-06
3.318617004934302e-06
4.749237526001909e-06
6.795979861691712e-06
9.701092314570943e-06
1.383865429605575e-05
1.977419274830734e-05
2.821625225917404e-05
4.005300453276284e-05
5.689051336370825e-05
8.041196816285131e-05
1.135249970662172e-04
1.597960616095464e-04
2.251434435941299e-04
3.159085136182797e-04
4.417763309668213e-04
6.170457430556645e-04
8.586122896913319e-04
1.191973582530312e-03
1.652036006700988e-03
2.273558238674013e-03
3.125358202827692e-03
4.276560555922920e-03
5.831639954053338e-03
7.916839107470148e-03
1.073875107855209e-02
1.448265512148827e-02
1.944106871738304e-02
2.595607116147896e-02
3.449608966288215e-02
4.558529993127040e-02
5.986011430742773e-02
7.805985734562566e-02
1.011954942169290e-01
1.301352468623855e-01
1.659154461638019e-01
2.096518499369481e-01
2.619846479248264e-01
3.234564065030156e-01
3.942005603724519e-01
4.729234559215943e-01
5.579138487270250e-01
6.451102656191811e-01
7.300969791361200e-01
8.079887253381430e-01
8.744863961845611e-01
9.313858874366936e-01
9.999998590752872e-01
9.999999999999445e-01
1.000000000000000e+00
1.000000000000000e+00
1.000000000000000e+00
1.000000000000000e+00
1.000000000000000e+00
1.000000000000000e+00
1.000000000000000e+00
###1.080000000000000e+01
1.595290729124928e-10
1.678057318110332e-10
1.622347983803645e-11
1.615799793946746e-10
4.179626507020782e-11
8.684898714647087e-12
5.317854207345119e-11
1.026339858548486e-10
1.068611971241239e-10
1.237003017262791e-10
1.426467880053989e-10
1.537183160643201e-10
1.489989430466866e-10
1.943061455759970e-10
2.074095832460067e-10
2.757379390830915e-10
3.605463160740406e-10
4.301878135846505e-10
5.474182775486221e-10
7.085319577820228e-10
8.992525786691903e-10
1.174113466885511e-09
1.546507077242316e-09
2.069795712790429e-09
2.792224072967993e-09
3.795689123779099e-09
5.187735290984769e-09
7.121318381416880e-09
9.868069189398016e-09
1.370420175289031e-08
1.912872161972032e-08
2.685124224704895e-08
3.778491296987773e-08
5.331485197603074e-08
7.560987817667577e-08
1.073412156216048e-07
1.529900355334612e-07
2.184517057452190e-07
3.119802719035908e-07
4.452346530365158e-07
6.386915988457859e-07
9.145738281010104e-07
1.309726207797326e-06
1.875118619775469e-06
2.688975364186419e-06
3.851340382388893e-06
5.503624776197018e-06
7.862988469956474e-06
1.120489491548561e-05
1.596164419136700e-05
2.275033080537850e-05
3.238893214008134e-05
4.587285850176569e-05
6.500358716724533e-05
9.166880404583752e-05
1.291036323797076e-04
1.813433815624959e-04
2.547617284230823e-04
3.565778245988365e-04
4.974124042732564e-04
6.927935272768984e-04
9.613705932508527e-04
1.331090551029092e-03
1.839625371274773e-03
2.524424982802981e-03
3.460157017104332e-03
4.720487682807379e-03
6.417672769773940e-03
8.685237750018735e-03
1.174369580763947e-02
1.578601236551247e-02
2.111921223768650e-02
2.809751757270184e-02
3.720694371219387e-02
4.898537107569159e-02
6.407455572514413e-02
8.321588235863746e-02
1.074261292782964e-01
1.375426707855897e-01
1.745474248211878e-01
2.195015241918355e-01
2.729264897386984e-01
3.352444742029356e-01
4.064189939435603e-01
4.850227824362978e-01
5.692508073686938e-01
6.550575949096197e-01
7.381872365961651e-01
8.140283683794509e-01
8.785652389179166e-01
9.337099039533430e-01
9.999998590752872e-01
9.999999999999445e-01
1.000000000000000e+00
1.000000000000000e+00
1.000000000000000e+00
1.000000000000000e+00
1.000000000000000e+00
1.000000000000000e+00
1.000000000000000e+00
###1.120000000000000e+01
1.599127923764383e-10
1.755220718888788e-10
1.136384908653551e-11
1.617443340218686e-10
4.625432394715174e-11
7.359013720990482e-12
5.907201637232366e-11
1.087710830208288e-10
1.114054753454343e-10
1.319710285388882e-10
1.489913015617650e-10
1.658580136279219e-10
1.623540054094110e-10
2.079985569564687e-10
2.278682344414471e-10
2.992078261662311e-10
3.910516771285948e-10
4.730572420532184e-10
6.027594702776532e-10
7.803039109847314e-10
9.992059237827523e-10
1.307582521921017e-09
1.728981252976979e-09
2.324031081110370e-09
3.142250836982035e-09
4.290820525015190e-09
5.884944994719746e-09
8.111704307844430e-09
1.127590050658795e-08
1.571351354650897e-08
2.199445377545570e-08
3.095733069806156e-08
4.367086149879655e-08
6.175237541174832e-08
8.770735985634838e-08
1.247214089434943e-07
1.779084380313742e-07
2.541422064050612e-07
3.630549105928630e-07
5.181124340909967e-07
7.428571746512470e-07
1.063029552954870e-06
1.521640853121912e-06
2.175943192680347e-06
3.115976707811708e-06
4.456554637521599e-06
6.358441547281361e-06
9.067736118755500e-06
1.290085314199120e-05
1.834747379655974e-05
2.608745504130525e-05
3.705779681067939e-05
5.236717796830472e-05
7.404662389568074e-05
1.041762088023060e-04
1.463831363581221e-04
2.051652539616262e-04
2.874186200708043e-04
4.012539043623334e-04
5.583887636245753e-04
7.756125193836760e-04
1.073520962782561e-03
1.482310064220853e-03
2.043069032406716e-03
2.795843571481817e-03
3.821145272952486e-03
5.197922222340466e-03
7.045598939717888e-03
9.506138535005161e-03
1.281373591420511e-02
1.716935369737662e-02
2.289340323626509e-02
3.035518910732077e-02
4.005469504908719e-02
5.254105342185239e-02
6.846551058416446e-02
8.856673791840472e-02
1.138595249096077e-01
1.451614397165618e-01
1.833880722737559e-01
2.295429596743812e-01
2.840403195358425e-01
3.471726866613527e-01
4.187435018517666e-01
4.972033763598211e-01
5.806601112842704e-01
6.651008269730178e-01
7.463967503076461e-01
8.202101275274414e-01
8.827831546714631e-01
9.361259655115398e-01
9.999998590752872e-01
9.999999999999445e-01
1.000000000000000e+00
1.000000000000000e+00
1.000000000000000e+00
1.000000000000000e+00
1.000000000000000e+00
1.000000000000000e+00
1.000000000000000e+00
###1.160000000000000e+01
1.608683980258391e-10
1.763752018439590e-10
1.426611250566700e-11
1.603473170824678e-10
4.440359381040035e-11
9.328539731205147e-12
6.261270509477804e-11
1.168897971114926e-10
1.183324352562221e-10
1.370529457674837e-10
1.543256862591550e-10
1.753564418493483e-10
1.733044467882175e-10
2.243027827690767e-10
2.528903730654171e-10
3.253617294200027e-10
4.245874807615873e-10
5.178110990951423e-10
6.611482591726492e-10
8.593494880084006e-10
1.108151316213997e-09
1.457232811134686e-09
1.936725292397517e-09
2.613597065748827e-09
3.545670754839229e-09
4.859729541467979e-09
6.687722724764051e-09
9.253220836194260e-09
1.289943378354651e-08
1.803616270568090e-08
2.531189832533889e-08
3.571064056812704e-08
5.047730774338489e-08
7.148733966691135e-08
1.016941697101719e-07
1.447431284186744e-07
2.065576617922294e-07
2.950936801470474e-07
4.216778173109159e-07
6.015352741517926e-07
8.621039475031208e-07
1.232811348161589e-06
1.762883697420162e-06
2.517708846424132e-06
3.600514589923845e-06
5.141095668546625e-06
7.323971215162957e-06
1.042516767961744e-05
1.480702474001002e-05
2.102297645183152e-05
2.982327859637433e-05
4.227185160528676e-05
5.960603823439105e-05
8.409693069632775e-05
1.180422681713198e-04
1.654894717741445e-04
2.314024323100862e-04
3.233513667439572e-04
4.503010496632680e-04
6.251153676438159e-04
8.660472530356577e-04
1.195619821920108e-03
1.646533882490518e-03
2.263273011892381e-03
3.088875684043826e-03
4.209669054724117e-03
5.710426177269394e-03
7.717872053338036e-03
1.038223792955031e-02
1.395147781229957e-02
1.863569748639100e-02
2.476824685754145e-02
3.273209730477061e-02
4.304115081853870e-02
5.625669093507418e-02
7.303331387237139e-02
9.411504327089586e-02
1.205060501841489e-01
1.529904711455671e-01
1.924388772446215e-01
2.397851807620386e-01
2.953238654839427e-01
3.592296328953434e-01
4.311735797152937e-01
5.094626247267077e-01
5.921391542174640e-01
6.752111346332104e-01
7.546925465923503e-01
8.264993926154715e-01
8.871064055693485e-01
9.386382700540107e-01
9.999998590752872e-01
9.999999999999445e-01
1.000000000000000e+00
1.000000000000000e+00
1.000000000000000e+00
1.000000000000000e+00
1.000000000000000e+00
1.000000000000000e+00
1.000000000000000e+00
###1.200000000000001e+01
1.619065360267415e-10
1.760737040869782e-10
1.416196975603182e-11
1.599972248199155e-10
4.862997828913336e-11
1.064440936372398e-11
6.640483420881164e-11
1.229030622971759e-10
1.202395935302828e-10
1.437321604512013e-10
1.636067177948993e-10
1.838070602914988e-10
1.880081636717097e-10
2.420851597824401e-10
2.749753537144978e-10
3.546505005777443e-10
4.617491680485805e-10
5.737610227385696e-10
7.275072793709756e-10
9.470474540859405e-10
1.230246770160414e-09
1.629819238794951e-09
2.170904060415944e-09
2.944672430812765e-09
4.005042350446826e-09
5.511634198729915e-09
7.611516586058482e-09
1.056782998247671e-08
1.477421233215944e-08
2.071030056311484e-08
2.913251361781035e-08
4.117841227232073e-08
5.831916105760421e-08
8.268922257969448e-08
1.177481053158554e-07
1.677230660507966e-07
2.394424726877370e-07
3.420416990834684e-07
4.887502637730007e-07
6.968175588279960e-07
9.979421508061094e-07
1.425912238068398e-06
2.036887620060193e-06
2.905440708478544e-06
4.148570326007756e-06
5.913564008638759e-06
8.411213805686156e-06
1.195208668976919e-05
1.694270467444645e-05
2.401630568525759e-05
3.399334691133062e-05
4.807689670160449e-05
6.764842474458068e-05
9.523243285113007e-05
1.333655134856078e-04
1.865713210276323e-04
2.602835525113602e-04
3.628032151796949e-04
5.040159484601515e-04
6.980078627113949e-04
9.646238077154956e-04
1.328313307641001e-03
1.824599010093754e-03
2.501424515278562e-03
3.404829441355772e-03
4.627652683814586e-03
6.259950733203585e-03
8.436431264044524e-03
1.131581469885828e-02
1.516063129129967e-02
2.018891105435319e-02
2.674735540033859e-02
3.523133681428683e-02
4.617102537390632e-02
6.013587936315681e-02
7.778661571729435e-02
9.986115498947108e-02
1.273657896821146e-01
1.610400098283695e-01
2.017138472146396e-01
2.502237103111736e-01
3.067744494477048e-01
3.714196960195805e-01
4.436985029983209e-01
5.217842522758521e-01
6.036600503547467e-01
6.853809278144056e-01
7.630612611101703e-01
8.328624137642204e-01
8.915125914081352e-01
9.411991998466640e-01
9.999998590752872e-01
9.999999999999445e-01
1.000000000000000e+00
1.000000000000000e+00
1.000000000000000e+00
1.000000000000000e+00
1.000000000000000e+00
1.000000000000000e+00
1.000000000000000e+00
###1.240000000000001e+01
1.680824018627243e-10
1.860738599329770e-10
2.881256096993350e-11
1.584915116496294e-10
5.084718180883979e-11
1.880030094622886e-11
7.319500549474843e-11
1.281523986655688e-10
1.336888901060552e-10
1.479098932237905e-10
1.710819137955671e-10
1.886190180182100e-10
2.048561134862347e-10
2.599362275730803e-10
3.004925262151680e-10
3.859655694724611e-10
5.016835889331646e-10
6.272842237937334e-10
8.018279938934930e-10
1.047064661472408e-09
1.368666637107987e-09
1.821921724211942e-09
2.438757786250653e-09
3.319288069771579e-09
4.534017350189887e-09
6.257771525581324e-09
8.672571864648491e-09
1.208037318338282e-08
1.692652432255202e-08
2.379297417321764e-08
3.353616411476379e-08
4.748110077349228e-08
6.732029565714989e-08
9.558239589248295e-08
1.362029049176508e-07
1.940625304215369e-07
2.770681600534703e-07
3.957321864057083e-07
5.652694018486384e-07
8.054206456870983e-07
1.152575387155988e-06
1.645132327443084e-06
2.347332300822818e-06
3.343639082125535e-06
4.766842603666142e-06
6.783506040169786e-06
9.633349091718021e-06
1.366479688572413e-05
1.933425234310396e-05
2.735685483467931e-05
3.863913934046031e-05
5.453057269631432e-05
7.656699070362261e-05
1.075563686119874e-04
1.502871112397171e-04
2.097813790409891e-04
2.920076559433233e-04
4.060338972355838e-04
5.627803829372815e-04
7.775216408290010e-04
1.071858380835691e-03
1.472266369591402e-03
2.017331722621776e-03
2.758515786757539e-03
3.744973450686693e-03
5.076343059581583e-03
6.848050853356605e-03
9.203991898328108e-03
1.230928279255321e-02
1.644345789786677e-02
2.183058056421894e-02
2.883348406794292e-02
3.785791187773471e-02
4.944951536279729e-02
6.418481052511335e-02
8.272920942977831e-02
1.058136106615233e-01
1.344392412058940e-01
1.693077169076362e-01
2.111913212514633e-01
2.608550718430535e-01
3.183980122010342e-01
3.837509858991928e-01
4.563193749633109e-01
5.341629290654615e-01
6.152261271868833e-01
6.955817882801142e-01
7.714730526267378e-01
8.392840107612035e-01
8.959738528196892e-01
9.437832135152967e-01
9.999998590752872e-01
9.999999999999445e-01
1.000000000000000e+00
1.000000000000000e+00
1.000000000000000e+00
1.000000000000000e+00
1.000000000000000e+00
1.000000000000000e+00
1.000000000000000e+00
###1.280000000000001e+01
1.646210877952386e-10
1.843191641024598e-10
1.385541902445440e-11
1.609367512973769e-10
5.077682951482597e-11
2.534197922936503e-11
8.112466158743532e-11
1.350950512342222e-10
1.382709102380669e-10
1.534905029463413e-10
1.828175795401849e-10
2.022109676965897e-10
2.224463252395337e-10
2.834523408470435e-10
3.291333313460281e-10
4.229066234791648e-10
5.497078594529686e-10
6.900249378063728e-10
8.884349947465584e-10
1.161776209026223e-09
1.526534734302385e-09
2.039358485160370e-09
2.745990618405738e-09
3.747361411343700e-09
5.140122022248844e-09
7.115648734739391e-09
9.892060828891329e-09
1.381779332308019e-08
1.940634593025185e-08
2.733596425097528e-08
3.859895335896362e-08
5.471889955528416e-08
7.767072990072495e-08
1.103591247780826e-07
1.573221638303871e-07
2.242095782034797e-07
3.200930111360321e-07
4.569297242010495e-07
6.524551095380478e-07
9.288613999219577e-07
1.328024000299579e-06
1.893450968512170e-06
2.698073588670951e-06
3.838023889291804e-06
5.463434849204777e-06
7.761079215103531e-06
1.100346561032350e-05
1.558067512010974e-05
2.200443408297328e-05
3.107988003361527e-05
4.380196400732068e-05
6.168377067609720e-05
8.643558335545951e-05
1.211581768953773e-04
1.689351312930126e-04
2.352956981451848e-04
3.267969762413648e-04
4.533324261134871e-04
6.268881087707049e-04
8.640922242345663e-04
1.188283896206826e-03
1.628251538329670e-03
2.225460957664909e-03
3.035550066220366e-03
4.110629568275847e-03
5.557237865000812e-03
7.476825337467110e-03
1.002229810879180e-02
1.336565856407951e-02
1.780312721548285e-02
2.356578035530961e-02
3.103057703278584e-02
4.061551584427790e-02
5.287886683152051e-02
6.840608884013299e-02
8.786304911264961e-02
1.119765719109991e-01
1.417328019483250e-01
1.778022466145884e-01
2.208828309819540e-01
2.716842420131549e-01
3.301896072113165e-01
3.962072468499144e-01
4.690292782035708e-01
5.466089581766205e-01
6.268289970645369e-01
7.058003089466051e-01
7.799033490107448e-01
8.457353989396793e-01
9.004699704812729e-01
9.463950409950193e-01
9.999998590752872e-01
9.999999999999445e-01
1.000000000000000e+00
1.000000000000000e+00
1.000000000000000e+00
1.000000000000000e+00
1.000000000000000e+00
1.000000000000000e+00
1.000000000000000e+00
###1.320000000000001e+01
1.683250390237865e-10
1.817053415775484e-10
1.515059418111558e-11
1.663823893108833e-10
5.515196933667683e-11
2.639799704952868e-11
8.405680113955648e-11
1.300614981230459e-10
1.482596741525002e-10
1.570716620482457e-10
1.932827076027990e-10
2.162128179557070e-10
2.389042188373342e-10
3.047468411392686e-10
3.588786213734114e-10
4.606988830038830e-10
5.991019517569591e-10
7.593149685536817e-10
9.818619360781420e-10
1.291212213952125e-09
1.704778725831934e-09
2.288580028632754e-09
3.093025055189163e-09
4.238744714289545e-09
5.818624249451944e-09
8.099484429061276e-09
1.129070897410842e-08
1.581502907308178e-08
2.224931449790459e-08
3.140044023199283e-08
4.441150636660703e-08
6.303302946436681e-08
8.953449330098184e-08
1.272931372447691e-07
1.814709796032309e-07
2.586468213588657e-07
3.691365091806294e-07
5.266312493579349e-07
7.515734379541006e-07
1.068841374903780e-06
1.526521457480416e-06
2.174051437296116e-06
3.093644214746411e-06
4.395435795109857e-06
6.245933206476221e-06
8.857344056319085e-06
1.253639744423695e-05
1.771997588786619e-05
2.498131874215680e-05
3.521776919023920e-05
4.952865437322511e-05
6.960051096608246e-05
9.733920051709174e-05
1.361541731595808e-04
1.894644993038336e-04
2.632944598090399e-04
3.648950924777254e-04
5.050012860537938e-04
6.967671929727604e-04
9.582064603666897e-04
1.314614025370685e-03
1.797056898181600e-03
2.450321445071605e-03
3.333960166543840e-03
4.503267486932762e-03
6.072541155265185e-03
8.148762615160638e-03
1.089354153800501e-02
1.448720011932784e-02
1.924300477160656e-02
2.539811546058052e-02
3.334290685520030e-02
4.350784374418702e-02
5.646521891873277e-02
7.280347052685002e-02
9.319419633685862e-02
1.183500857108991e-01
1.492498945795742e-01
1.865197593486175e-01
2.307903605149962e-01
2.827151744860488e-01
3.421508554066826e-01
4.087948011089025e-01
4.818266599215779e-01
5.590966236640272e-01
6.384470264088712e-01
7.160224971395720e-01
7.883474051384488e-01
8.521894080423412e-01
9.049741390687160e-01
9.490197363973375e-01
9.999998590752872e-01
9.999999999999445e-01
1.000000000000000e+00
1.000000000000000e+00
1.000000000000000e+00
1.000000000000000e+00
1.000000000000000e+00
1.000000000000000e+00
1.000000000000000e+00
###1.360000000000001e+01
1.653732799181464e-10
1.844450226275594e-10
1.815778682342939e-11
1.638139287991226e-10
5.870387715544798e-11
3.684304672628408e-11
8.830643425079758e-11
1.284076374624003e-10
1.586135933193269e-10
1.668751183257606e-10
2.056320183277335e-10
2.301944972444748e-10
2.581223835694801e-10
3.283681653267049e-10
3.901744536893958e-10
5.023265210284247e-10
6.529392955747334e-10
8.355069262572492e-10
1.086008027901471e-09
1.437567353696618e-09
1.905523449067400e-09
2.570667312235680e-09
3.489721875376790e-09
4.798843114041607e-09
6.613330946330528e-09
9.226544775784391e-09
1.289286904574275e-08
1.810226356656446e-08
2.551142125484082e-08
3.606362667170669e-08
5.106307863191233e-08
7.252043928342149e-08
1.030823424074426e-07
1.466389859817324e-07
2.090168624591775e-07
2.978355338797065e-07
4.248843076736579e-07
6.057652332236801e-07
8.637808846162839e-07
1.227255264357511e-06
1.750869172951357e-06
2.490421655990130e-06
3.538763140315148e-06
5.021263685522657e-06
7.122361972011892e-06
1.008432410821794e-05
1.424803080083346e-05
2.010403099575873e-05
2.829266683751063e-05
3.980847286687252e-05
5.586981090747739e-05
7.835020395367302e-05
1.093641017775733e-04
1.526506879247338e-04
2.120041412800673e-04
2.939698204198483e-04
4.065335687995240e-04
5.613749136253230e-04
7.728105210639074e-04
1.060383403405697e-03
1.451487787157425e-03
1.979478161266508e-03
2.692483574324038e-03
3.654808836949287e-03
4.924284694894812e-03
6.623454177065061e-03
8.865281120892471e-03
1.182056830202258e-02
1.567702890142538e-02
2.076573660435721e-02
2.733008925882953e-02
3.577516023724927e-02
4.653919895000567e-02
6.021103700568664e-02
7.738123316616587e-02
9.872378290808501e-02
1.249375564788504e-01
1.569892576161426e-01
1.954610011053159e-01
2.409156115458886e-01
2.939364205547548e-01
3.542726809771453e-01
4.215029772541973e-01
4.946994470422927e-01
5.716211490577247e-01
6.500749180680252e-01
7.262374077446418e-01
7.967756539897162e-01
8.586579209026344e-01
9.094681431387802e-01
9.516329140774162e-01
9.999998590752872e-01
9.999999999999445e-01
1.000000000000000e+00
1.000000000000000e+00
1.000000000000000e+00
1.000000000000000e+00
1.000000000000000e+00
1.000000000000000e+00
1.000000000000000e+00
###1.400000000000001e+01
1.652275176570798e-10
1.856577006754353e-10
2.011920720605444e-11
1.562841235099095e-10
5.712045783742991e-11
4.059443446256637e-11
9.445932682332356e-11
1.302345745308216e-10
1.677849821207517e-10
1.761496226527216e-10
2.152379937709832e-10
2.465187213231706e-10
2.795434629096020e-10
3.535297556774913e-10
4.257076423752244e-10
5.453996672557281e-10
7.133313563097795e-10
9.214210216144733e-10
1.205181960186175e-09
1.602289018395173e-09
2.134747177773552e-09
2.892165767181394e-09
3.940910219512372e-09
5.439972563285553e-09
7.524442256807233e-09
1.051674310533028e-08
1.473260494587943e-08
2.072167130608320e-08
2.924816487604006e-08
4.140211974299129e-08
5.867482437825625e-08
8.337541331693970e-08
1.185577966309345e-07
1.686870649593838e-07
2.403598738663459e-07
3.424634812129177e-07
4.881484139383255e-07
6.954894267343692e-07
9.907456942406269e-07
1.406182001132976e-06
2.003715329044787e-06
2.846197452991068e-06
4.038912245275148e-06
5.722824305861772e-06
8.103190621809436e-06
1.145298728736854e-05
1.615508789314566e-05
2.275502748550118e-05
3.196249404577827e-05
4.489431857526015e-05
6.287991921601600e-05
8.800182405034478e-05
1.226015605019260e-04
1.707868976603094e-04
2.366971571786000e-04
3.275151611410748e-04
4.519618323756431e-04
6.227529204729527e-04
8.554302882329830e-04
1.171105611359749e-03
1.599372441931154e-03
2.176268974132682e-03
2.953112617599655e-03
3.999137664224853e-03
5.375186514775616e-03
7.212140378996565e-03
9.628961362743058e-03
1.280569226597204e-02
1.693868371898014e-02
2.237528183450074e-02
2.936595950824093e-02
3.832954604919511e-02
4.971423001495180e-02
6.412127471088651e-02
8.214511888041653e-02
1.044585668930463e-01
1.317441360592973e-01
1.649541832290073e-01
2.046246042319042e-01
2.512548387840788e-01
3.053509096795061e-01
3.665544546082161e-01
4.343284758212382e-01
5.076381435019292e-01
5.841594417708363e-01
6.616818522479859e-01
7.364248270667814e-01
8.051665639725056e-01
8.650863577229008e-01
9.139463035665326e-01
9.542182580562002e-01
9.999998590752872e-01
9.999999999999445e-01
1.000000000000000e+00
1.000000000000000e+00
1.000000000000000e+00
1.000000000000000e+00
1.000000000000000e+00
1.000000000000000e+00
1.000000000000000e+00
###1.440000000000001e+01
1.707536209776620e-10
2.119024047536334e-10
1.178281318834672e-11
1.326503433912045e-10
5.999214078018992e-11
5.104524210781438e-11
1.025560945350540e-10
1.389533555894931e-10
1.806366052524414e-10
1.884464119205150e-10
2.268472657643994e-10
2.648625894630825e-10
3.058745925435765e-10
3.832262728591029e-10
4.613996479715588e-10
6.003622827063836e-10
7.848753290335408e-10
1.019508435819033e-09
1.340596383473260e-09
1.787847870573603e-09
2.396909831997980e-09
3.263073303783277e-09
4.457195155321404e-09
6.171918353799815e-09
8.564497285071452e-09
1.199693523972853e-08
1.683809060083177e-08
2.371441157234902e-08
3.352103049444475e-08
4.749960091755997e-08
6.736296387261419e-08
9.575802228163571e-08
1.361793518660440e-07
1.937564431087479e-07
2.759876555763173e-07
3.930144841268927e-07
5.598055163986598e-07
7.967889533276546e-07
1.134098945775779e-06
1.607606405138882e-06
2.288057782355640e-06
3.245583887152268e-06
4.599290642819626e-06
6.507490050855555e-06
9.198896627190928e-06
1.297861863832492e-05
1.827639663791091e-05
2.569759088520392e-05
3.603232362954306e-05
5.051627316861085e-05
7.061611965342268e-05
9.862574915495874e-05
1.371479061236888e-04
1.906693078216941e-04
2.637305423089707e-04
3.641496763172052e-04
5.014620150327178e-04
6.895174184653282e-04
9.450550415470633e-04
1.291009941520553e-03
1.759265940074551e-03
2.388342558395084e-03
3.233505143352827e-03
4.368548245482841e-03
5.857854275982736e-03
7.840029935212685e-03
1.044206667574529e-02
1.385186290658408e-02
1.827468815181940e-02
2.407511934606042e-02
3.151007153213698e-02
4.101044283496091e-02
5.303797495836787e-02
6.820024887464683e-02
8.709896880940271e-02
1.103983952021228e-01
1.387700709899154e-01
1.731493262256142e-01
2.140155456848782e-01
2.618109673278157e-01
3.169510869237181e-01
3.789853445230910e-01
4.472679782317055e-01
5.206395760551179e-01
5.967065257056987e-01
6.732563953565360e-01
7.465601034181526e-01
8.135031649760753e-01
8.714602117457922e-01
9.183802254763257e-01
9.567865044899824e-01
9.999998590752872e-01
9.999999999999445e-01
1.000000000000000e+00
1.000000000000000e+00
1.000000000000000e+00
1.000000000000000e+00
1.000000000000000e+00
1.000000000000000e+00
1.000000000000000e+00
###1.480000000000001e+01
1.721669975105990e-10
2.200294803468252e-10
1.285374786392024e-11
1.335752827027003e-10
6.532359114986167e-11
5.753787330257173e-11
1.027576196841476e-10
1.462320155629010e-10
1.872844133075431e-10
1.965312075740637e-10
2.401688194774323e-10
2.818210179301550e-10
3.310540962196398e-10
4.144110722902805e-10
5.056728142374474e-10
6.578031913056089e-10
8.635197400386205e-10
1.128552665176365e-09
1.492241022397030e-09
1.999052088180580e-09
2.694051532749019e-09
3.680123118566831e-09
5.047449275744175e-09
7.008985401537293e-09
9.751986764305720e-09
1.368472799409376e-08
1.924180015378514e-08
2.713872781516047e-08
3.839470459269173e-08
5.445671059113715e-08
7.726799603085884e-08
1.098457885194906e-07
1.562128829355345e-07
2.222086186531697e-07
3.163796593262679e-07
4.502031948464549e-07
6.407504859303388e-07
9.111708115073315e-07
1.295522049486451e-06
1.834252701748888e-06
2.606963422248503e-06
3.693180173586727e-06
5.225929317536671e-06
7.383714349321156e-06
1.041949707967455e-05
1.467564721764444e-05
2.063123595263227e-05
2.895958023070248e-05
4.053178286697229e-05
5.672088235875767e-05
7.913564717784957e-05
1.103125666927823e-04
1.531125806816483e-04
2.124441325308433e-04
2.932725217965132e-04
4.040957828901065e-04
5.553303642654271e-04
7.619831526500366e-04
1.042194248861584e-03
1.420763354203896e-03
1.931703991724071e-03
2.616592141468832e-03
3.534545934032488e-03
4.764330471934487e-03
6.373598646876359e-03
8.509530280215984e-03
1.130675515990602e-02
1.496148016608567e-02
1.968799033449703e-02
2.586756636736206e-02
3.376533972964377e-02
4.382300797271857e-02
5.651389629134414e-02
7.245310308170370e-02
9.224559199817776e-02
1.165498139714715e-01
1.460189878894850e-01
1.815724030333001e-01
2.236352340637675e-01
2.725749763677156e-01
3.287417114675810e-01
3.915690918509775e-01
4.603051320284500e-01
5.336895701505667e-01
6.092576921590110e-01
6.847925996936169e-01
7.566421083631872e-01
8.217734212737775e-01
8.777668533976896e-01
9.227610598548756e-01
9.593061267737037e-01
9.999998590752872e-01
9.999999999999445e-01
1.000000000000000e+00
1.000000000000000e+00
1.000000000000000e+00
1.000000000000000e+00
1.000000000000000e+00
1.000000000000000e+00
1.000000000000000e+00
###1.520000000000001e+01
1.698131780103112e-10
2.199570472875493e-10
-6.717515409948032e-12
1.364287715796173e-10
7.020126734458761e-11
6.517928047500146e-11
1.079449879665230e-10
1.525014075558940e-10
1.952225976032272e-10
2.053059581459378e-10
2.588829156455985e-10
3.038283571222446e-10
3.600730779159022e-10
4.521401464088715e-10
5.565463315320745e-10
7.252770219736710e-10
9.539441233658025e-10
1.252613119579164e-09
1.665034108478822e-09
2.239954353851540e-09
3.032882133707757e-09
4.157093801662768e-09
5.718507754320772e-09
7.963946768649243e-09
1.110959006695504e-08
1.561486626073349e-08
2.198461280454174e-08
3.104473907457198e-08
4.396104158866336e-08
6.238402571989467e-08
8.853358292619445e-08
1.258552000482350e-07
1.789315582175101e-07
2.544452499302721e-07
3.621091204965258e-07
5.148293311767859e-07
7.320952779576466e-07
1.039924238895552e-06
1.477050592885058e-06
2.088589566993563e-06
2.964564871009595e-06
4.193799512139841e-06
5.925611372238832e-06
8.359664552059533e-06
1.177708351903934e-05
1.656084677817944e-05
2.323958061589128e-05
3.256498361469744e-05
4.550322908523905e-05
6.355423864413179e-05
8.851339230831006e-05
1.231393404301780e-04
1.705921305372328e-04
2.362506930217991e-04
3.254972366827630e-04
4.475922397451725e-04
6.138976229328956e-04
8.405908528393454e-04
1.147300357743351e-03
1.560775937353001e-03
2.117553198165211e-03
2.862032844029783e-03
3.857532769137086e-03
5.187912117274072e-03
6.924465099346294e-03
9.222684908181631e-03
1.222536019395272e-02
1.613748198808517e-02
2.118145641319329e-02
2.775810777577212e-02
3.613661168496945e-02
4.677174454513996e-02
6.014575687130993e-02
7.688111514991967e-02
9.758947555574661e-02
1.229155891477000e-01
1.534948388991871e-01
1.902274895974010e-01
2.334778617389065e-01
2.835528851346032e-01
3.407131787364200e-01
4.042932854603289e-01
4.734364857925348e-01
5.467820738829493e-01
6.218065817308462e-01
6.962911708137755e-01
7.666342451090521e-01
8.299518127916783e-01
8.839787869602649e-01
9.270685493702048e-01
9.617767796372302e-01
9.999998590752872e-01
9.999999999999445e-01
1.000000000000000e+00
1.000000000000000e+00
1.000000000000000e+00
1.000000000000000e+00
1.000000000000000e+00
1.000000000000000e+00
1.000000000000000e+00
###1.560000000000001e+01
1.773728039663622e-10
2.211000989781170e-10
6.667040945580521e-13
1.457347753778888e-10
8.036909704378735e-11
8.590792335035608e-11
1.261343993843463e-10
1.715855809924723e-10
2.156017457139073e-10
2.286487732570549e-10
2.847871334053324e-10
3.366542707615567e-10
3.999330684614527e-10
5.000447182518327e-10
6.212793150805380e-10
8.083964289242917e-10
1.063525333736581e-09
1.397981844875757e-09
1.866188516620053e-09
2.521610287681320e-09
3.421861143460681e-09
4.704544349815591e-09
6.489249737192591e-09
9.055871296725689e-09
1.266279198681801e-08
1.781494475809375e-08
2.511390978273650e-08
3.550101546726911e-08
5.029031400940788e-08
7.139063680842375e-08
1.013261739972157e-07
1.440089099236502e-07
2.046750069217342e-07
2.909199624299910e-07
4.136930722544836e-07
5.877616015991227e-07
8.348927705297503e-07
1.184601809172034e-06
1.680651221248965e-06
2.373289893106899e-06
3.364440730465073e-06
4.752829732453506e-06
6.705768147885593e-06
9.445268947882281e-06
1.328427147391275e-05
1.864908614658636e-05
2.612529025410750e-05
3.654517915658246e-05
5.098504525822584e-05
7.107958812819935e-05
9.880326412926430e-05
1.371972578594754e-04
1.897227873336056e-04
2.622348055032123e-04
3.606191335002389e-04
4.949001250245633e-04
6.774652047835471e-04
9.257563238156250e-04
1.260922067299477e-03
1.711731378717670e-03
2.317494812833080e-03
3.125638174352031e-03
4.203555431551807e-03
5.640679150094317e-03
7.511869152571522e-03
9.981797432138201e-03
1.320082847975506e-02
1.738260965450572e-02
2.275878127602617e-02
2.974909976934778e-02
3.862605617223413e-02
4.985979057366800e-02
6.393839764326127e-02
8.149382671611458e-02
1.031347786026674e-01
1.294993029326793e-01
1.612028146744119e-01
1.991193038552374e-01
2.435515804141060e-01
2.947401707738118e-01
3.528657869993914e-01
4.171502652279122e-01
4.866525632253689e-01
5.599057478566298e-01
6.343340573100209e-01
7.077138155071235e-01
7.765333235906668e-01
8.380147391554724e-01
8.900901365998666e-01
9.312921187387292e-01
9.641926686993334e-01
9.999998590752872e-01
9.999999999999445e-01
1.000000000000000e+00
1.000000000000000e+00
1.000000000000000e+00
1.000000000000000e+00
1.000000000000000e+00
1.000000000000000e+00
1.000000000000000e+00
