# NLO BK equation solver 0.0-dev build  (build Oct 13 2025 12:18:44)
# Initial condition: MV model, Q_s0^2 = 0.100887 GeV^2, \gamma = 2.7908, coefficient of E inside Log is 1, x0=0.01, \Lambda_QCD = 0.241 GeV
# # LO Kernel RC:  Parent dipole. NLO Kernel RC:  Parent dipole
# Nc=3, Nf=4
# Using RungeKutta method in K1
# Resumming double log
# Resumming single log, K_sub=0.65 resum rc: parent
# BK K1 integration relative accuracy: 0.02# NLO BK as^2 terms: MC integration method: Vegas, points=1000000
# Kinematical constraint: none
# Target kinematical constraint: disabled

###1.000000000000000e-05
###1.160836920850890e+00
###100
###1.000000000000000e+00
###0.000000000000000e+00
6.632285467358219e-31
1.507140736724605e-30
3.424406607750756e-30
7.779583786042395e-30
1.767117650807558e-29
4.013387821750628e-29
9.113638402654011e-29
2.069216062075355e-28
4.697335629940350e-28
1.066172075740513e-27
2.419530856307397e-27
5.489860323556192e-27
1.245419719550741e-26
2.824830930178373e-26
6.406035549587272e-26
1.452460024580951e-25
3.292567573472337e-25
7.462399206800964e-25
1.690958851228260e-24
3.830855573505380e-24
8.676887815738529e-24
1.964874491864583e-23
4.448415173520871e-23
1.006867637883043e-22
2.278414742350469e-22
5.154459398471227e-22
1.165788738666363e-21
2.635962706053600e-21
5.958506837204576e-21
1.346512250154273e-20
3.041960508803130e-20
6.870094740239512e-20
1.551075866660560e-19
3.500737468337571e-19
7.898361454648411e-19
1.781393760576093e-18
4.016266504725354e-18
9.051461389972024e-18
2.039116570348167e-17
4.591830217016975e-17
1.033577135482872e-16
2.325443416846615e-16
5.229577215191810e-16
1.175484731947305e-15
2.640877562381706e-15
5.929952267386044e-15
1.330810158587935e-14
2.984920926372110e-14
6.690994975623348e-14
1.498920356848819e-13
3.355712297278631e-13
7.507529010177711e-13
1.678428365062016e-12
3.749635082652745e-12
8.370321091342250e-12
1.867017347833487e-11
4.160961454817073e-11
9.265397123337479e-11
2.061319862287280e-10
4.581672719179899e-10
1.017388901994127e-09
2.256950773525463e-09
5.001711568286584e-09
1.107306664896683e-08
2.448858639753351e-08
5.410073746524600e-08
1.193954087768573e-07
2.632227876056666e-07
5.797268283606470e-07
1.275578948843021e-06
2.804166382037923e-06
6.159575414164242e-06
1.352054164838190e-05
2.966170882434671e-05
6.504670585272265e-05
1.426133649174988e-04
3.126690171065816e-04
6.856142810810484e-04
1.503851470073037e-03
3.299601225381643e-03
7.239567382764434e-03
1.586759789233716e-02
3.465171992556659e-02
7.494197125975466e-02
1.583710108816179e-01
3.178091752676695e-01
5.727023393258317e-01
8.496603514003942e-01
9.854893852438348e-01
9.999235052111266e-01
9.999999994231787e-01
1.000000000000000e+00
1.000000000000000e+00
1.000000000000000e+00
1.000000000000000e+00
1.000000000000000e+00
1.000000000000000e+00
1.000000000000000e+00
1.000000000000000e+00
1.000000000000000e+00
###4.000000000000000e-01
1.513508543014854e-11
1.057836818514679e-11
2.273833769111547e-12
-2.600886137887402e-12
-1.253887098912635e-11
4.034321826468531e-12
8.320399486632732e-12
-3.604306437896283e-12
4.872985164123425e-13
-3.402507859624548e-12
-3.136615110325100e-11
2.649252911896410e-12
3.538655304392111e-12
3.553582002810707e-12
4.136384658578368e-12
7.758741218415806e-12
5.965995401792821e-12
1.275123812351210e-11
8.003514767209087e-12
6.823811365563950e-12
4.877577463011979e-12
1.235159802064299e-11
1.698439689023656e-11
2.335090440818057e-11
2.974760229050586e-11
4.297882543807151e-11
5.093409811453099e-11
7.158833244645481e-11
1.018104896022172e-10
1.273774961380044e-10
1.725142325266491e-10
2.303684302340420e-10
3.053432536911483e-10
4.068588886327301e-10
5.445583791923148e-10
7.156725159016433e-10
9.534243117938313e-10
1.254667583598006e-09
1.627673221413164e-09
2.172926847415138e-09
2.842640602094845e-09
3.718123492761278e-09
4.861086464224561e-09
6.339800071798201e-09
8.217952513451592e-09
1.074286093511304e-08
1.389509507546772e-08
1.805567155894992e-08
2.350414414282816e-08
3.085119246501116e-08
4.030629067752020e-08
5.326564632728103e-08
7.099794664063403e-08
9.602645725413823e-08
1.306136015148746e-07
1.816677342692404e-07
2.569099111119312e-07
3.680674314299491e-07
5.347696591452472e-07
7.935065108711500e-07
1.183829189094954e-06
1.784917912351221e-06
2.733310859020984e-06
4.197952382293752e-06
6.461901301927842e-06
9.987077658818318e-06
1.550230920674725e-05
2.403956239215968e-05
3.732165714553251e-05
5.808892729506395e-05
9.035008328859554e-05
1.409733969616513e-04
2.210078710805088e-04
3.490452892341869e-04
5.557168099530789e-04
8.960928136131963e-04
1.469929237172779e-03
2.459220829189176e-03
4.219531714201569e-03
7.442208407063799e-03
1.349719315734672e-02
2.514239568936378e-02
4.791933448910558e-02
9.254313993450142e-02
1.782034907501348e-01
3.321837268719475e-01
5.670654374393005e-01
8.184486460398166e-01
9.543568298752462e-01
9.861336368534391e-01
9.999999994231787e-01
1.000000000000000e+00
1.000000000000000e+00
1.000000000000000e+00
1.000000000000000e+00
1.000000000000000e+00
1.000000000000000e+00
1.000000000000000e+00
1.000000000000000e+00
1.000000000000000e+00
###8.000000000000000e-01
1.874718747669941e-11
1.803929854334039e-11
-9.746944819053699e-12
-1.927192047034650e-12
-1.140862474203061e-11
3.191103197352166e-11
9.590525344373404e-13
7.895083113266079e-13
-1.948418141647224e-12
3.559235202092995e-12
-2.313366840718203e-11
4.142442086156693e-12
6.393265192034320e-12
-3.759303121585949e-12
5.551649475415836e-12
1.368777080100675e-12
9.435042682996695e-12
1.539867186319450e-11
1.674210062734660e-11
9.131417359672115e-12
1.440079903952498e-11
3.074518650532718e-11
3.044801903956309e-11
4.658007976501398e-11
6.448285809533798e-11
8.524856787467046e-11
1.087536245605687e-10
1.457434264124515e-10
2.048718164212693e-10
2.652087731522240e-10
3.552043456501534e-10
4.696688704756235e-10
6.295837826908641e-10
8.359861171620402e-10
1.115582354203849e-09
1.471980337492480e-09
1.959846016907151e-09
2.567856283701317e-09
3.361288670489800e-09
4.441114078188108e-09
5.808899218227598e-09
7.600405665486988e-09
9.935652706554126e-09
1.303100566343768e-08
1.689159097344151e-08
2.220203703837821e-08
2.883163624222084e-08
3.789219804631811e-08
4.971647797779993e-08
6.584631995503810e-08
8.721744014563036e-08
1.169683519016790e-07
1.586985919016139e-07
2.176867533804061e-07
3.021513038387325e-07
4.266572912727018e-07
6.122351800659727e-07
8.840683928533995e-07
1.299195721350878e-06
1.931142902871970e-06
2.891166426668539e-06
4.350293516172963e-06
6.644180181652165e-06
1.013383706593994e-05
1.550317809132564e-05
2.371040024703069e-05
3.641109740493840e-05
5.582050687989045e-05
8.570525725941400e-05
1.317159534860393e-04
2.019816833069291e-04
3.098772811559423e-04
4.755775223485411e-04
7.334614581318042e-04
1.135948497562431e-03
1.767860872343068e-03
2.780542727609211e-03
4.426837039582031e-03
7.146062818265900e-03
1.182739340800108e-02
1.995428974638319e-02
3.446269291139733e-02
6.087137383559523e-02
1.092219956172259e-01
1.964655579367008e-01
3.451437330289323e-01
5.626267916740920e-01
7.925345286931466e-01
9.275201111612953e-01
9.728945518084863e-01
9.999999994231787e-01
1.000000000000000e+00
1.000000000000000e+00
1.000000000000000e+00
1.000000000000000e+00
1.000000000000000e+00
1.000000000000000e+00
1.000000000000000e+00
1.000000000000000e+00
1.000000000000000e+00
###1.200000000000000e+00
4.646212300685624e-11
2.139856724233045e-11
-1.375340721498674e-11
-2.214774222473009e-12
-9.317477069544999e-12
2.548700503147053e-11
2.350047856413624e-12
2.254407465553279e-12
5.022869746065529e-12
2.887502005975707e-12
-9.456789137894226e-11
1.401587516966277e-12
2.040511944611559e-11
-1.315834221103518e-12
-9.068118674515320e-13
6.860846240057161e-12
1.518180379044818e-11
1.833225332636525e-11
2.418776727316409e-11
1.658599619698781e-11
2.755339223955708e-11
4.362056787623043e-11
5.142066614224843e-11
7.730626679931759e-11
9.855908604883077e-11
1.330866005886924e-10
1.715201543035383e-10
2.234174240298419e-10
3.141289823188570e-10
4.114122829839677e-10
5.494800107460971e-10
7.282634938967654e-10
9.718765233445387e-10
1.296551077568854e-09
1.719920170220959e-09
2.265262514180694e-09
3.011556707414602e-09
3.954458675583189e-09
5.192651408381496e-09
6.827115146053942e-09
8.949550359595512e-09
1.172496154711627e-08
1.535796457098549e-08
2.017451338289948e-08
2.628270123013649e-08
3.484200905983618e-08
4.532784628489902e-08
6.034858228060693e-08
7.984514081347867e-08
1.067625581774859e-07
1.434297331200016e-07
1.947650556254821e-07
2.686681472199846e-07
3.740258608413448e-07
5.265120091942909e-07
7.515083941976427e-07
1.087478424450471e-06
1.586684685349565e-06
2.342341411289158e-06
3.487563951391446e-06
5.224627437450269e-06
7.861296683803282e-06
1.193947369483364e-05
1.808755104390056e-05
2.746953560048674e-05
4.168316051430096e-05
6.358091730815162e-05
9.655644202040421e-05
1.468462460267055e-04
2.232413340054234e-04
3.390078240907710e-04
5.142812885058663e-04
7.790830020374679e-04
1.184585019576235e-03
1.806149066485087e-03
2.758823560615119e-03
4.246530231473626e-03
6.585474937572766e-03
1.031269166722639e-02
1.644011690905686e-02
2.659307088086936e-02
4.380832771191120e-02
7.349709948967426e-02
1.250850558065090e-01
2.134066635912645e-01
3.569989044584342e-01
5.593419753425783e-01
7.711098974527176e-01
9.044546381053726e-01
9.605103924930024e-01
9.999999994231787e-01
1.000000000000000e+00
1.000000000000000e+00
1.000000000000000e+00
1.000000000000000e+00
1.000000000000000e+00
1.000000000000000e+00
1.000000000000000e+00
1.000000000000000e+00
1.000000000000000e+00
###1.600000000000000e+00
6.269015469197983e-11
2.485948895095125e-11
-1.413821481770580e-11
3.218126500856072e-12
-6.133238267964740e-13
2.162599182551625e-11
5.547560414396045e-12
1.805051542321933e-12
9.387446523827335e-12
1.562073354434739e-12
-9.280262095494139e-11
9.092482854253861e-13
2.608744885643140e-11
4.065204565454303e-12
5.752144231362637e-12
1.668110866477157e-11
2.108019122153546e-11
3.153767335498288e-11
2.596549712567957e-11
2.891117543160979e-11
3.792448120256231e-11
5.978006699897650e-11
7.514282232164448e-11
1.069688930472901e-10
1.373648654991021e-10
1.834031762516980e-10
2.385546826649986e-10
3.108855118110851e-10
4.332800552165834e-10
5.687064688607759e-10
7.616005282558502e-10
9.981055609750611e-10
1.341197938540742e-09
1.783879067375017e-09
2.360525799774285e-09
3.118722791910100e-09
4.133987436732385e-09
5.413517536532413e-09
7.147693707206682e-09
9.364275870509483e-09
1.229081715126694e-08
1.615012016660710e-08
2.124518403969904e-08
2.801214418638624e-08
3.673260180845844e-08
4.883274774275413e-08
6.400703420898153e-08
8.616915571076013e-08
1.150823617841529e-07
1.557048665448059e-07
2.118479287001763e-07
2.911914491333226e-07
4.070931398092197e-07
5.727744123090021e-07
8.158129752902116e-07
1.177708632182476e-06
1.714769431754165e-06
2.517703037467838e-06
3.720484849419723e-06
5.537322472876596e-06
8.292247333152817e-06
1.244842149822077e-05
1.876070497671654e-05
2.834403501287377e-05
4.273500881726392e-05
6.451902744960114e-05
9.761592675755765e-05
1.470152897945462e-04
2.216897782849155e-04
3.340745434277883e-04
5.031179760783018e-04
7.560459296231515e-04
1.134111516968240e-03
1.704893851355721e-03
2.568228902974542e-03
3.869239107698750e-03
5.864481625282044e-03
8.928198938504921e-03
1.369147543817777e-02
2.126392870425955e-02
3.339693373994264e-02
5.317366198645107e-02
8.585149097784291e-02
1.402363071592176e-01
2.292465885179089e-01
3.680093696791254e-01
5.571326363233243e-01
7.534710002918967e-01
8.847073945168569e-01
9.491104751807500e-01
9.999999994231787e-01
1.000000000000000e+00
1.000000000000000e+00
1.000000000000000e+00
1.000000000000000e+00
1.000000000000000e+00
1.000000000000000e+00
1.000000000000000e+00
1.000000000000000e+00
1.000000000000000e+00
###2.000000000000000e+00
6.417244608411385e-11
4.930163019581346e-11
-2.307328583211678e-11
2.678612974704684e-12
7.375661589789508e-12
3.487816244783161e-11
2.267711692398130e-11
4.026620627787591e-12
1.286655991181731e-11
5.671535078730097e-12
-8.983801183962651e-11
1.952145250719977e-12
2.790847748660870e-11
9.873144716106963e-12
1.128771164535794e-11
2.254612499099150e-11
2.023074171360031e-11
3.763440376063105e-11
3.401469150520688e-11
4.529425583768821e-11
5.337150573033835e-11
7.200048368904443e-11
1.018692176811246e-10
1.387905049721272e-10
1.755738877187237e-10
2.366585274019496e-10
3.090908461307773e-10
4.050988899042767e-10
5.611968664167002e-10
7.374335126971853e-10
9.843668316685099e-10
1.321596663537259e-09
1.733662028462122e-09
2.317983713243079e-09
3.039192393071657e-09
4.022493529994278e-09
5.321359635156722e-09
6.982506332754248e-09
9.237019868112270e-09
1.210399627880416e-08
1.592612859394904e-08
2.100360371749296e-08
2.771283668246010e-08
3.669790497832271e-08
4.854380451346422e-08
6.488055822674023e-08
8.594774932474610e-08
1.166500228612602e-07
1.570922294276748e-07
2.149464754089436e-07
2.960579400982306e-07
4.111193213745415e-07
5.810516520413561e-07
8.267472324588811e-07
1.186689098759875e-06
1.724235793203386e-06
2.524057564989644e-06
3.718903283087670e-06
5.489939004045421e-06
8.172316779954045e-06
1.221194529823608e-05
1.826791510589185e-05
2.740661818267815e-05
4.119825325478685e-05
6.181384869312870e-05
9.272072755104630e-05
1.391970145641072e-04
2.083178512037838e-04
3.113710929971007e-04
4.658251395688205e-04
6.958630194973199e-04
1.036984146660107e-03
1.541646960675646e-03
2.279602862495291e-03
3.423064183384668e-03
5.099112580568397e-03
7.634162210380013e-03
1.145237510810388e-02
1.727411483066679e-02
2.628857281810565e-02
4.034939635441526e-02
6.255455251482116e-02
9.796621326509113e-02
1.547575650047807e-01
2.441466456184787e-01
3.783717624465092e-01
5.559523720548472e-01
7.391032054470172e-01
8.678862832026807e-01
9.388058043692421e-01
9.999999994231787e-01
1.000000000000000e+00
1.000000000000000e+00
1.000000000000000e+00
1.000000000000000e+00
1.000000000000000e+00
1.000000000000000e+00
1.000000000000000e+00
1.000000000000000e+00
1.000000000000000e+00
###2.400000000000000e+00
5.923164143496818e-11
4.930476027297298e-11
-6.984252766152182e-11
1.484373033877794e-11
1.404857962542360e-11
4.800396596348516e-11
2.727736177382593e-11
6.237065576823297e-12
1.191853499471096e-11
2.263960783690537e-12
-1.206750420735843e-10
1.521665978825215e-12
2.524479815613740e-11
1.215442717427976e-11
1.557943773266322e-11
2.687023877064951e-11
2.090681206976096e-11
4.238981704607775e-11
5.345889830215308e-11
5.873147726899261e-11
7.101284140632019e-11
9.753429673860308e-11
1.239105828646138e-10
1.705696723654381e-10
2.174630237594352e-10
2.944417173380955e-10
3.871350689916305e-10
5.071097471147901e-10
7.044775753518622e-10
9.211924987972162e-10
1.226048489394132e-09
1.637913384112723e-09
2.157736329593341e-09
2.870320895624962e-09
3.765837285167793e-09
4.999737575931528e-09
6.601493288096820e-09
8.673765433971208e-09
1.149618539910995e-08
1.508608738821654e-08
1.990913450752777e-08
2.639432902420558e-08
3.499309818718644e-08
4.658156404264194e-08
6.207572297434469e-08
8.356689534218780e-08
1.119107757389782e-07
1.529303284444285e-07
2.079128873371777e-07
2.876035076775814e-07
4.004225582669575e-07
5.617766068971080e-07
8.009786558471694e-07
1.149087915752701e-06
1.659798807355195e-06
2.419338594264512e-06
3.550963454159494e-06
5.240997311219130e-06
7.722784859954460e-06
1.148680576084135e-05
1.712206093648992e-05
2.551149774146846e-05
3.810105916057671e-05
5.698269035862133e-05
8.508059007730542e-05
1.267926211153275e-04
1.890733037844030e-04
2.812743333655088e-04
4.171742316619765e-04
6.197675919287303e-04
9.192100876811049e-04
1.359300879109917e-03
2.004699804676803e-03
2.946354723264626e-03
4.373487043426759e-03
6.450092080224835e-03
9.554784579773067e-03
1.415479529879701e-02
2.104745513794341e-02
3.150617848759370e-02
4.746832562950690e-02
7.194835203270859e-02
1.098681840566964e-01
1.687480802459659e-01
2.582751648895905e-01
3.882669863717991e-01
5.557143629961584e-01
7.275361799124106e-01
8.536508073634367e-01
9.296121001307059e-01
9.999999994231787e-01
1.000000000000000e+00
1.000000000000000e+00
1.000000000000000e+00
1.000000000000000e+00
1.000000000000000e+00
1.000000000000000e+00
1.000000000000000e+00
1.000000000000000e+00
1.000000000000000e+00
###2.800000000000000e+00
5.971542320111740e-11
5.251189676067417e-11
-6.378327815898177e-11
2.578410477573751e-11
1.395457833286866e-11
4.395351858509959e-11
1.813623223122722e-11
1.566926993023133e-11
1.493374238602965e-11
5.377896150705825e-11
-1.169347154356709e-10
5.360243142525633e-12
2.511570612314682e-11
2.212527916245355e-11
2.010762188308502e-11
3.334274310071480e-11
3.039249096857976e-11
5.260469271714903e-11
6.522987762464265e-11
8.287178439413210e-11
9.115330719164827e-11
1.240910817749024e-10
1.537090667696026e-10
2.063341511918707e-10
2.742936072359240e-10
3.580186273648795e-10
4.705213299086676e-10
5.981502133276220e-10
8.493365719710156e-10
1.118696453499157e-09
1.483435657966415e-09
1.972962558636753e-09
2.613439679223365e-09
3.465062215077711e-09
4.550478580283510e-09
6.052524996391004e-09
7.984732714905703e-09
1.050732468850921e-08
1.396883085662450e-08
1.839833475466340e-08
2.436449908386981e-08
3.245540676068547e-08
4.327462938026917e-08
5.791982569869477e-08
7.785151071508573e-08
1.055718204225890e-07
1.428843220532351e-07
1.966411150437654e-07
2.695814919763371e-07
3.765767601077470e-07
5.296531532062460e-07
7.489141461329313e-07
1.075363159215714e-06
1.552144953763102e-06
2.251821275795624e-06
3.289051230610560e-06
4.834161207035694e-06
7.138076289266698e-06
1.050745065330518e-05
1.557941377632483e-05
2.316523599769023e-05
3.436989815043571e-05
5.110605439084832e-05
7.639089982873762e-05
1.129423206906670e-04
1.674064294441812e-04
2.479930782670893e-04
3.666396875878272e-04
5.403636478778422e-04
7.974970327513700e-04
1.174707279274404e-03
1.725085149078610e-03
2.525246896829119e-03
3.687993275548316e-03
5.421164152869276e-03
7.922999602357825e-03
1.162535363012867e-02
1.703127876366544e-02
2.501477638840819e-02
3.690888703418383e-02
5.471675981866814e-02
8.136503837244195e-02
1.215960720989137e-01
1.822762049015590e-01
2.717638644408735e-01
3.978118921872723e-01
5.563581543018098e-01
7.183819206308073e-01
8.416969320065487e-01
9.215064369002898e-01
9.999999994231787e-01
1.000000000000000e+00
1.000000000000000e+00
1.000000000000000e+00
1.000000000000000e+00
1.000000000000000e+00
1.000000000000000e+00
1.000000000000000e+00
1.000000000000000e+00
1.000000000000000e+00
###3.200000000000000e+00
8.983445519526278e-11
4.997982309075527e-11
-7.161383013273125e-11
2.595426263779400e-11
-1.395597743344313e-11
5.409236211410680e-11
2.126878659368436e-11
1.209732700593204e-11
2.002821372361108e-11
5.856618059774826e-11
-1.111638536429036e-10
1.329556022467937e-11
3.170486715615376e-11
3.088764710196842e-11
2.668112541845826e-11
3.872725181000933e-11
4.472346615786540e-11
6.686321161900465e-11
8.540775025314981e-11
1.084051633604544e-10
1.160817138621462e-10
1.514044194837926e-10
1.920439064571200e-10
2.561357578180682e-10
3.313878135223370e-10
4.282277338307337e-10
5.638126664782461e-10
7.241968257293747e-10
1.014292472344531e-09
1.329079804643092e-09
1.764234226721827e-09
2.343289967110832e-09
3.095673869203610e-09
4.113117741047970e-09
5.406740175133151e-09
7.197641475279563e-09
9.497946023274789e-09
1.253152109162146e-08
1.670326180862116e-08
2.210710221482501e-08
2.941585743384533e-08
3.939733737765527e-08
5.282884036383808e-08
7.112399426322650e-08
9.645780202605647e-08
1.315690764026875e-07
1.800605731498139e-07
2.494978011818319e-07
3.452503992352459e-07
4.859242462568739e-07
6.888243298125058e-07
9.818047929371921e-07
1.415402585872873e-06
2.051856045632222e-06
2.985614285983698e-06
4.365555811687951e-06
6.418322522530280e-06
9.473206903510113e-06
1.391799504801487e-05
2.056982328548928e-05
3.049691793604455e-05
4.503802240433097e-05
6.670315140971208e-05
9.906908552812154e-05
1.458679899230967e-04
2.151120364593212e-04
3.167157700025237e-04
4.655496850694305e-04
6.820629928938296e-04
1.000635914425286e-03
1.464480197253306e-03
2.136376468251450e-03
3.106350730384544e-03
4.506985639532258e-03
6.568925012820585e-03
9.525438279358226e-03
1.384420048773435e-02
2.008186674624918e-02
2.916832394839285e-02
4.249164999169053e-02
6.209927109087822e-02
9.080281511280623e-02
1.331657139412038e-01
1.954208974425346e-01
2.847159240082809e-01
4.071414732743660e-01
5.578374185080924e-01
7.112953716902041e-01
8.317841956740799e-01
9.144616261355341e-01
9.999999994231787e-01
1.000000000000000e+00
1.000000000000000e+00
1.000000000000000e+00
1.000000000000000e+00
1.000000000000000e+00
1.000000000000000e+00
1.000000000000000e+00
1.000000000000000e+00
1.000000000000000e+00
###3.600000000000000e+00
7.497427798058248e-11
5.288213418159175e-11
-4.911249050301392e-11
3.566975558545107e-11
-3.793128349562803e-11
6.713315547398752e-11
4.335006108937959e-11
2.634085689186361e-11
7.778975347033786e-11
6.231470233007119e-11
-9.018575829630082e-11
3.062808390588283e-11
3.321043475547006e-11
3.978475247360683e-11
3.515245740167925e-11
5.110997460307111e-11
5.974808022441736e-11
8.325466467835912e-11
1.026454177814930e-10
1.266524686554098e-10
1.453700387517158e-10
1.827295092993999e-10
2.322340342013611e-10
3.002778152321685e-10
3.924564936236237e-10
5.089144275793758e-10
6.643178092200247e-10
8.609482531128058e-10
1.183964369338703e-09
1.553953164323100e-09
2.066204173016375e-09
2.745362632811308e-09
3.626752164221976e-09
4.819346549351916e-09
6.347165557178836e-09
8.459054847278521e-09
1.117942184576210e-08
1.478440719499916e-08
1.977485268920493e-08
2.630253532652761e-08
3.520175190156005e-08
4.735344210273182e-08
6.394775089458367e-08
8.664407299065211e-08
1.183775990608234e-07
1.627130437585098e-07
2.247668344997082e-07
3.137531674680767e-07
4.380879790016511e-07
6.195006499659129e-07
8.837773271182987e-07
1.266883307246423e-06
1.832544317954821e-06
2.663934322462778e-06
3.883237992973615e-06
5.679924674046284e-06
8.348880806285949e-06
1.230302879289345e-05
1.803543531201466e-05
2.657633880248613e-05
3.926234372414537e-05
5.774163927119265e-05
8.518409093244052e-05
1.257797211170351e-04
1.843940377106885e-04
2.705801948766693e-04
3.959608071331890e-04
5.791768136971786e-04
8.437369930877953e-04
1.230560154968495e-03
1.790396657330307e-03
2.594735708164316e-03
3.749878219125311e-03
5.406856455656195e-03
7.818284455856705e-03
1.125411848305625e-02
1.621480991700992e-02
2.330200366304545e-02
3.350503759590478e-02
4.824823505475422e-02
6.960729823317272e-02
1.002677910163009e-01
1.445997458765041e-01
2.082365819450699e-01
2.972500434504337e-01
4.163031457682613e-01
5.600639088374809e-01
7.060229175391091e-01
8.236974880803243e-01
9.084625611977992e-01
9.999999994231787e-01
1.000000000000000e+00
1.000000000000000e+00
1.000000000000000e+00
1.000000000000000e+00
1.000000000000000e+00
1.000000000000000e+00
1.000000000000000e+00
1.000000000000000e+00
1.000000000000000e+00
###4.000000000000000e+00
5.004627928541200e-11
5.127564860249542e-11
-6.994029906766665e-11
3.046991112689106e-11
3.726591683668619e-11
6.291045619112213e-11
6.084799535660830e-11
4.735958827087875e-11
8.882498112108247e-11
3.261367991719405e-11
-7.350456438424107e-11
4.385240183216721e-11
5.022323714240982e-11
3.673099972171818e-11
5.037285239462258e-11
5.791695302361529e-11
8.087870206358452e-11
1.065129408353640e-10
1.232002528441778e-10
1.571475200983745e-10
1.764294282998720e-10
2.189475865430836e-10
2.791365096974166e-10
3.525779731777231e-10
4.581074256921491e-10
5.955368366737850e-10
7.748406610491113e-10
1.006375857773931e-09
1.370230054560416e-09
1.800645183146244e-09
2.395082813610453e-09
3.182793051422739e-09
4.202774407435334e-09
5.588998433243316e-09
7.383681685941372e-09
9.850988308984289e-09
1.304940765692963e-08
1.732283560009309e-08
2.323797238877656e-08
3.109291452238075e-08
4.189157623769478e-08
5.659953388213191e-08
7.692873055407916e-08
1.049456796177492e-07
1.444942486851893e-07
2.001077665852026e-07
2.785500643109335e-07
3.914473065192712e-07
5.506608625446913e-07
7.823490778683623e-07
1.121562138121072e-06
1.614900516107262e-06
2.341430907921529e-06
3.409640423522905e-06
4.969969554831739e-06
7.270943977533614e-06
1.067715941612381e-05
1.569160408869993e-05
2.296541013612677e-05
3.372684082636336e-05
4.964487157925048e-05
7.271860335408706e-05
1.068608111791213e-04
1.569406402183445e-04
2.290663657254129e-04
3.345414745868326e-04
4.867924736394879e-04
7.085508439591273e-04
1.026649028377774e-03
1.489105876240621e-03
2.154120293325309e-03
3.102867952142624e-03
4.457831919902503e-03
6.390908305811543e-03
9.171584480515204e-03
1.310891850355487e-02
1.873416570627038e-02
2.669367463169222e-02
3.802141136475188e-02
5.417639577706400e-02
7.724164749510012e-02
1.097713690360495e-01
1.559239431689604e-01
2.207688018984061e-01
3.094446011407097e-01
4.253932130973067e-01
5.630021964758658e-01
7.023488822381839e-01
8.171931707725270e-01
9.034504800999561e-01
9.999999994231787e-01
1.000000000000000e+00
1.000000000000000e+00
1.000000000000000e+00
1.000000000000000e+00
1.000000000000000e+00
1.000000000000000e+00
1.000000000000000e+00
1.000000000000000e+00
1.000000000000000e+00
###4.399999999999999e+00
4.570195715552590e-11
4.675308340689174e-11
-4.926972516984735e-11
3.394472469143633e-11
7.650613126657000e-11
7.525514710531445e-11
1.454938456824929e-10
9.864855674731853e-11
1.032966725379472e-10
4.160605860165024e-11
-5.118752181947766e-11
5.308537391031723e-11
5.623631083551793e-11
6.050035052299577e-11
5.944428372943454e-11
7.047370622759519e-11
9.630797510325935e-11
1.217015714800704e-10
1.422437576239913e-10
1.825888530869617e-10
2.044674412955507e-10
2.549086964980815e-10
3.377566086754631e-10
4.099394704304242e-10
5.284216436365817e-10
6.874057049587989e-10
8.941566060381064e-10
1.162706996828680e-09
1.576276556321575e-09
2.069307451274745e-09
2.749462499050520e-09
3.666000387434576e-09
4.838547726076274e-09
6.439434012256785e-09
8.523135003226186e-09
1.140400080409014e-08
1.515910073181016e-08
2.020561529727389e-08
2.721356831854681e-08
3.660344594022527e-08
4.963039655228070e-08
6.752537634820948e-08
9.228254900587371e-08
1.267746815958323e-07
1.758227001139067e-07
2.450217987782070e-07
3.433773919371590e-07
4.852452401583384e-07
6.869967859468071e-07
9.796291991460423e-07
1.410005740908953e-06
2.037617390691176e-06
2.955854581077072e-06
4.329258323873344e-06
6.275994690320719e-06
9.175133581873598e-06
1.345551310292572e-05
1.969365027768834e-05
2.879869685481414e-05
4.216142447244100e-05
6.185084773138014e-05
9.021511042059457e-05
1.320459690692246e-04
1.929694600512919e-04
2.804215361882286e-04
4.076735931223564e-04
5.901218163410804e-04
8.548360960665071e-04
1.232214397792306e-03
1.777885673645079e-03
2.558011535421165e-03
3.663423717002484e-03
5.233269418905449e-03
7.460116962722398e-03
1.063109204275017e-02
1.509224232009331e-02
2.139657800442277e-02
3.025669880340042e-02
4.271776876898929e-02
6.027208540264066e-02
8.500423328792447e-02
1.193165052013517e-01
1.671579228505220e-01
2.330814198098937e-01
3.213706461185016e-01
4.344697426323778e-01
5.666004937378049e-01
7.000755350714121e-01
8.121572092529127e-01
8.993202185165862e-01
9.999999994231787e-01
1.000000000000000e+00
1.000000000000000e+00
1.000000000000000e+00
1.000000000000000e+00
1.000000000000000e+00
1.000000000000000e+00
1.000000000000000e+00
1.000000000000000e+00
1.000000000000000e+00
###4.800000000000000e+00
4.443872263450369e-11
2.144923490942001e-11
-4.937896073003618e-11
4.489034928147959e-11
-3.930046342033068e-12
7.722765953901096e-11
1.494462608039717e-10
1.045508296812669e-10
1.079861714804525e-10
5.124320685757821e-11
-3.556796152547306e-11
6.418300617277958e-11
6.840865838785669e-11
7.041074655389126e-11
7.448524365706278e-11
8.402454361462606e-11
1.153601304727802e-10
1.376816088089967e-10
1.617555322822681e-10
2.168933244715535e-10
2.368471741673347e-10
2.923571505868465e-10
3.830752419343340e-10
4.736605536046496e-10
6.063681628189452e-10
7.874484807759308e-10
1.025244031494392e-09
1.333804682181760e-09
1.795918728567818e-09
2.363427516402544e-09
3.141023506564654e-09
4.176564954853882e-09
5.539590960878678e-09
7.380809083036783e-09
9.806366037292370e-09
1.314331329019527e-08
1.755112137395848e-08
2.352338334357875e-08
3.178947251222490e-08
4.300410909833604e-08
5.863293862435695e-08
8.034635441453791e-08
1.104032852056438e-07
1.527552946446597e-07
2.132272576640718e-07
2.989365310588459e-07
4.215092842125695e-07
5.983938772931898e-07
8.511084059709911e-07
1.217227958939697e-06
1.756760678892634e-06
2.546006188480412e-06
3.695469061092997e-06
5.402309289450168e-06
7.832741392687757e-06
1.143806844469161e-05
1.674405442070695e-05
2.443102683392109e-05
3.564570174713047e-05
5.201028091101950e-05
7.604862549360388e-05
1.104952177197307e-04
1.610865493531554e-04
2.343338253037268e-04
3.390732624755735e-04
4.907361836989432e-04
7.071751972392110e-04
1.019240826260096e-03
1.461816549332247e-03
2.098629021910708e-03
3.002748248285844e-03
4.278247902915030e-03
6.078343338532422e-03
8.616227921402994e-03
1.219896514284890e-02
1.720596360841567e-02
2.421464406670902e-02
3.398956482874136e-02
4.759186000865286e-02
6.653548514136225e-02
9.285866146878678e-02
1.289117406909814e-01
1.783289779696038e-01
2.452148295829278e-01
3.330893326274879e-01
4.435604894880543e-01
5.708056288129064e-01
6.990270009903365e-01
8.084388651289544e-01
8.960283583018309e-01
9.999999994231787e-01
1.000000000000000e+00
1.000000000000000e+00
1.000000000000000e+00
1.000000000000000e+00
1.000000000000000e+00
1.000000000000000e+00
1.000000000000000e+00
1.000000000000000e+00
1.000000000000000e+00
###5.200000000000000e+00
1.410227942281765e-11
-3.160841997200275e-10
-4.119498626006605e-11
6.587516667135798e-11
2.328764118100371e-12
8.293772639251989e-11
1.777051498230228e-10
1.031342505423113e-10
1.056164039540126e-10
6.280392301147726e-11
-7.004528592901235e-12
7.831978956113518e-11
8.352888298748136e-11
8.008865628057614e-11
6.374104905054271e-11
5.381412811723012e-11
1.375171988481067e-10
1.706009645822382e-10
1.935723880040962e-10
2.489223826142003e-10
2.784399874189024e-10
3.375069732113502e-10
4.383810739881253e-10
5.434201379557733e-10
6.926159294649236e-10
8.999426251560933e-10
1.168835693335751e-09
1.521337684290876e-09
2.040410864774477e-09
2.688675118150305e-09
3.571535355373032e-09
4.752505873368603e-09
6.321471216403687e-09
8.438448796106337e-09
1.125000457696055e-08
1.511656931546292e-08
2.029590390738680e-08
2.737465996307098e-08
3.711784574809400e-08
5.051294900846614e-08
6.924218830861209e-08
9.544941549404605e-08
1.319771026074605e-07
1.836179373697231e-07
2.580032482942029e-07
3.636457052390133e-07
5.150948295059701e-07
7.338462008625740e-07
1.048090443794131e-06
1.501616545123411e-06
2.171096210544788e-06
3.151998140436102e-06
4.575730622181740e-06
6.676982928796183e-06
9.675812693849601e-06
1.411010582479301e-05
2.061021922875200e-05
2.997880769650361e-05
4.363097337809946e-05
6.345037617572158e-05
9.243777607577132e-05
1.338392960401277e-04
1.943363684474935e-04
2.814870033509283e-04
4.056159733490902e-04
5.845227020958655e-04
8.386049043796993e-04
1.202873472791514e-03
1.717046250325551e-03
2.453105919758771e-03
3.491384505347308e-03
4.950025640001036e-03
6.995878318624327e-03
9.863139935035098e-03
1.387801558893189e-02
1.945624182825076e-02
2.718619774004695e-02
3.789388069828547e-02
5.264442522438546e-02
7.296398044048182e-02
1.008380242985363e-01
1.385625480478919e-01
1.894582057548276e-01
2.572002193300701e-01
3.446527764969611e-01
4.527121909641362e-01
5.755624912785684e-01
6.990668123793509e-01
8.058853326200162e-01
8.935336182118478e-01
9.999999994231787e-01
1.000000000000000e+00
1.000000000000000e+00
1.000000000000000e+00
1.000000000000000e+00
1.000000000000000e+00
1.000000000000000e+00
1.000000000000000e+00
1.000000000000000e+00
1.000000000000000e+00
###5.600000000000001e+00
4.202176376836368e-11
-3.121545348807513e-10
-3.764202603853598e-11
9.869584248904528e-11
4.892845703836323e-12
8.811992668169287e-11
1.914012201050567e-10
1.334104967695858e-10
1.205203084093742e-10
7.814010427462550e-11
3.781705665802561e-12
9.128126096597275e-11
1.124905162053150e-10
9.659333470867038e-11
7.960226969996752e-11
7.590567209421212e-11
1.572486627676052e-10
1.989210094745491e-10
2.189687575552848e-10
2.804451101046697e-10
3.160864174765806e-10
3.847908662274003e-10
4.963721379937014e-10
6.175429526387958e-10
7.764499919150412e-10
1.016837422150613e-09
1.322390515797031e-09
1.724999159185621e-09
2.308456890946041e-09
3.045530457751549e-09
4.046257713426455e-09
5.396181671361185e-09
7.193895987342128e-09
9.623697875290337e-09
1.288570178902725e-08
1.737446830285729e-08
2.343691943382830e-08
3.182097766150404e-08
4.331881159493370e-08
5.926990778404266e-08
8.174904628204112e-08
1.133149080570720e-07
1.574864147562763e-07
2.204442164141964e-07
3.112087273149832e-07
4.409215331234974e-07
6.266685007046673e-07
8.955150924718228e-07
1.282570144858039e-06
1.840054462642365e-06
2.667809368371776e-06
3.870517952346501e-06
5.616775412334938e-06
8.180319191085192e-06
1.184191388347730e-05
1.723896845726134e-05
2.511929367271509e-05
3.642973604025005e-05
5.287916029255347e-05
7.664451226936769e-05
1.112515431855326e-04
1.605509134071141e-04
2.322190457970379e-04
3.349503586404768e-04
4.806928666543686e-04
6.898022583370217e-04
9.856663038141115e-04
1.407032304226700e-03
1.999506367971395e-03
2.843255061766204e-03
4.026220612080976e-03
5.680773333063465e-03
7.987704998468705e-03
1.120274641999878e-02
1.567052143788815e-02
2.184042378266568e-02
3.031387029466602e-02
4.196964169284103e-02
5.787458142825052e-02
7.955808261121748e-02
1.089577207223247e-01
1.482839812395942e-01
2.005696401732752e-01
2.690885683510351e-01
3.561033482995924e-01
4.619356213066407e-01
5.808360571784275e-01
7.000730426374928e-01
8.043420575830278e-01
8.917421198570996e-01
9.999999994231787e-01
1.000000000000000e+00
1.000000000000000e+00
1.000000000000000e+00
1.000000000000000e+00
1.000000000000000e+00
1.000000000000000e+00
1.000000000000000e+00
1.000000000000000e+00
1.000000000000000e+00
###6.000000000000001e+00
4.859757016404989e-11
-3.730322704155382e-10
-3.729499009170699e-11
3.659985985073825e-12
6.995844774030947e-11
6.227541278434948e-11
-9.477697297511079e-10
1.147319026799581e-10
1.238938858269191e-10
1.620512577949518e-10
1.150001187453513e-12
1.238637677059244e-10
1.198890083569977e-10
1.088874944662012e-10
9.410946620222449e-11
1.070631864087619e-10
1.751721411753697e-10
2.311686929568590e-10
2.465340320980275e-10
3.124253146139626e-10
3.555423759588447e-10
4.322563630298398e-10
5.566855439873950e-10
6.935990620136677e-10
8.735158993085840e-10
1.145846294359559e-09
1.490259136674740e-09
1.950349916802968e-09
2.602158552425794e-09
3.441490241649352e-09
4.579529926645347e-09
6.115729755626013e-09
8.176817352988701e-09
1.097332612179313e-08
1.475561612000002e-08
1.996312350377548e-08
2.708271929858716e-08
3.698974362895686e-08
5.055977916367146e-08
6.958062450290248e-08
9.653278231512415e-08
1.345171679385855e-07
1.878302573773021e-07
2.641458118896582e-07
3.745486798084563e-07
5.326653603321597e-07
7.594823795460503e-07
1.087633439382820e-06
1.561011001431690e-06
2.241232476594762e-06
3.253378097054763e-06
4.718484407855270e-06
6.838524731005869e-06
9.942582246253350e-06
1.437884143940697e-05
2.087973948553379e-05
3.033889835257326e-05
4.388955672502789e-05
6.351682351082308e-05
9.178705356203777e-05
1.327336498803823e-04
1.909615485004452e-04
2.750694678580788e-04
3.951347940955678e-04
5.650237018828626e-04
8.074729714957536e-04
1.149213635597408e-03
1.633067793686140e-03
2.310568176066637e-03
3.270693314446160e-03
4.609953973518171e-03
6.472842343684866e-03
9.057423419732069e-03
1.263739682038666e-02
1.757941756495466e-02
2.435919989941960e-02
3.360097488537429e-02
4.621800836001800e-02
6.328341805633032e-02
8.631999276332111e-02
1.172184557614125e-01
1.580817371802297e-01
2.116810886117634e-01
2.808978610069380e-01
3.674848226948034e-01
4.712701887697943e-01
5.865879214910323e-01
7.019356830597361e-01
8.037124145407296e-01
8.905826856225575e-01
9.999999994231787e-01
1.000000000000000e+00
1.000000000000000e+00
1.000000000000000e+00
1.000000000000000e+00
1.000000000000000e+00
1.000000000000000e+00
1.000000000000000e+00
1.000000000000000e+00
1.000000000000000e+00
###6.400000000000001e+00
5.769853027017270e-11
-3.134341968462082e-10
4.474998347447691e-10
2.720848913300027e-12
7.539956176732120e-11
6.763968236218415e-11
-9.476082981179518e-10
1.233221809431286e-10
1.193556875402788e-10
1.566239864855507e-10
1.326175114070840e-11
1.312948756003743e-10
1.240947707014057e-10
1.192322308008687e-10
1.083898570285531e-10
1.321247832927937e-10
1.930617530747133e-10
2.515467076646258e-10
2.772804361356514e-10
3.578872319642419e-10
3.958733897200957e-10
4.875189988077565e-10
6.181212232520920e-10
7.748630714610559e-10
9.777689004049162e-10
1.283139753440052e-09
1.672554979672051e-09
2.194150436442310e-09
2.925120153233037e-09
3.881194917755268e-09
5.171055389203950e-09
6.924815662896233e-09
9.290384880712871e-09
1.250696932510486e-08
1.689688307757794e-08
2.295294240610555e-08
3.130850229218206e-08
4.299973881163000e-08
5.905727182719316e-08
8.169529697017835e-08
1.139363520342380e-07
1.594444263060718e-07
2.237101214003663e-07
3.159800381937276e-07
4.495880635598638e-07
6.414445635297778e-07
9.165752894206695e-07
1.314874954034533e-06
1.889159953777743e-06
2.714367204853241e-06
3.939606083865874e-06
5.710526153046969e-06
8.267000275943950e-06
1.199689011233484e-05
1.732566886930140e-05
2.509348820841136e-05
3.634523452645584e-05
5.246233705206575e-05
7.570872582104950e-05
1.090683116225101e-04
1.571390056626126e-04
2.253825317564015e-04
3.233315621433041e-04
4.626434099713441e-04
6.593021736094084e-04
9.383849723556549e-04
1.330278721026046e-03
1.882359105147950e-03
2.652026729621659e-03
3.737501714175712e-03
5.244136679144790e-03
7.328165346799064e-03
1.020680034537263e-02
1.417080841709818e-02
1.960823857734676e-02
2.701432223674826e-02
3.704736511006795e-02
5.064147607965404e-02
6.887248831781723e-02
9.325246389831364e-02
1.256221537148511e-01
1.679646062511614e-01
2.228046545439966e-01
2.926720239617507e-01
3.788293718105863e-01
4.807230394631038e-01
5.927757324395816e-01
7.045651779417542e-01
8.039120362583694e-01
8.899920331891708e-01
9.999999994231787e-01
1.000000000000000e+00
1.000000000000000e+00
1.000000000000000e+00
1.000000000000000e+00
1.000000000000000e+00
1.000000000000000e+00
1.000000000000000e+00
1.000000000000000e+00
1.000000000000000e+00
###6.800000000000002e+00
7.802595397385902e-11
-3.573101702234811e-10
4.644807978451999e-10
-1.651460897408194e-10
7.979312815892917e-11
6.739795415417083e-11
-9.176115738476665e-10
1.922971713478208e-10
1.217642685434013e-10
1.785250800098675e-10
4.465917050145990e-11
1.530810093098232e-10
1.536021246534555e-10
1.434551786959910e-10
1.428132369904855e-10
1.759937476211870e-10
2.219126597777231e-10
2.871060150999761e-10
3.195317248597291e-10
4.031740915479108e-10
4.562162355273175e-10
5.580382477192971e-10
7.040459013702503e-10
8.800049535394701e-10
1.112786809434750e-09
1.443756456482627e-09
1.879627139709392e-09
2.471681188270970e-09
3.293423887714381e-09
4.377390463848965e-09
5.843712613102631e-09
7.850205043649242e-09
1.056663602734106e-08
1.427565369090607e-08
1.936975292067908e-08
2.643712418968055e-08
3.623380660002767e-08
4.998852521532852e-08
6.905701212349998e-08
9.600243614129786e-08
1.343944520809118e-07
1.889341143094669e-07
2.663162020791391e-07
3.773405429060486e-07
5.381206821051870e-07
7.695047521680775e-07
1.101787347415752e-06
1.582504837618982e-06
2.275039026468038e-06
3.273879037043212e-06
4.742574966001377e-06
6.867234024085775e-06
9.928892383326760e-06
1.437905397298256e-05
2.072969437993854e-05
2.994464667589792e-05
4.322648749770789e-05
6.227264474642842e-05
8.960565787491001e-05
1.286889717305544e-04
1.847610239185371e-04
2.641589538903223e-04
3.775482965265378e-04
5.384193886840838e-04
7.642191810730582e-04
1.083591465961508e-03
1.530210321001436e-03
2.156157766585245e-03
3.025516764695719e-03
4.245937585496441e-03
5.931282005237825e-03
8.252442888604685e-03
1.143936980196560e-02
1.580604620741878e-02
2.175811114368858e-02
2.981252370884298e-02
4.065717179228123e-02
5.523961658356685e-02
7.464954514611583e-02
1.003602988393644e-01
1.341598221311303e-01
1.779418205872516e-01
2.339561583828889e-01
3.044241844595668e-01
3.901685723713691e-01
4.903227805900862e-01
5.993713392170762e-01
7.078716538193671e-01
8.048491805502086e-01
8.899640011928085e-01
9.999999994231787e-01
1.000000000000000e+00
1.000000000000000e+00
1.000000000000000e+00
1.000000000000000e+00
1.000000000000000e+00
1.000000000000000e+00
1.000000000000000e+00
1.000000000000000e+00
1.000000000000000e+00
###7.200000000000002e+00
9.542529493930583e-11
-3.493663240875897e-10
4.654046456349818e-10
-2.335128071001919e-10
9.384974590458027e-11
9.118980836412263e-11
-8.817478649005833e-10
2.161619498655679e-10
1.856243916524283e-10
2.027133411774035e-10
6.896220171685148e-11
1.778715376310561e-10
1.964910380375186e-10
1.870277969493846e-10
1.808841238666229e-10
2.158091960317887e-10
2.670472933072385e-10
3.252962140250893e-10
3.676367937714898e-10
4.579761596109465e-10
5.218975036326394e-10
6.372798731637648e-10
7.980985007705549e-10
9.962818135495472e-10
1.262029551644683e-09
1.622679884133279e-09
2.113980464206930e-09
2.781799443533534e-09
3.703930286084007e-09
4.937380778961629e-09
6.607771333824342e-09
8.904662383393237e-09
1.202997723940851e-08
1.631273161455480e-08
2.224176306943128e-08
3.049710401410343e-08
4.198411308672044e-08
5.817429234941637e-08
8.079570792437861e-08
1.128206016364018e-07
1.585554165551829e-07
2.236682224009652e-07
3.165804788548270e-07
4.495866761833853e-07
6.425682917951743e-07
9.201809121728539e-07
1.319207691331528e-06
1.895763913162244e-06
2.726545888141245e-06
3.925708262892058e-06
5.676126582827649e-06
8.211027189920588e-06
1.184893128281498e-05
1.712615113527945e-05
2.464299103788223e-05
3.550337616229190e-05
5.108780798518652e-05
7.343606529686441e-05
1.053776743118157e-04
1.508528718724221e-04
2.158745366972206e-04
3.076524304860220e-04
4.381538221472600e-04
6.227900019353162e-04
8.805648506127656e-04
1.243973904923599e-03
1.750224924990332e-03
2.456167339477928e-03
3.433057430731353e-03
4.797926719625861e-03
6.673882896782513e-03
9.246084832702039e-03
1.275906463820599e-02
1.754685308086186e-02
2.403393585305082e-02
3.275973709793874e-02
4.443569555868433e-02
6.002011712904762e-02
8.061117205261030e-02
1.076405324573693e-01
1.428619348830242e-01
1.880192958971333e-01
2.451565942831211e-01
3.161751292043409e-01
4.015200387592506e-01
5.000565524898160e-01
6.063471924888018e-01
7.117760968886107e-01
8.064210293916901e-01
8.904003229055699e-01
9.999999994231787e-01
1.000000000000000e+00
1.000000000000000e+00
1.000000000000000e+00
1.000000000000000e+00
1.000000000000000e+00
1.000000000000000e+00
1.000000000000000e+00
1.000000000000000e+00
1.000000000000000e+00
###7.600000000000002e+00
-6.801407836419622e-12
-1.872693834996349e-10
4.664542612053342e-10
-1.854577126577605e-10
6.085296222845823e-11
4.851523480091568e-12
-8.680397149283860e-10
2.342202095205890e-10
1.980245400895608e-10
1.586426448234774e-10
9.949271954373426e-11
1.976175063165438e-10
2.777814862763634e-10
2.273802352764598e-10
2.140587504785228e-10
2.353401303826509e-10
2.998335356165569e-10
3.685663351406230e-10
4.152015697416240e-10
5.079184544779357e-10
6.007487965770020e-10
7.184948025020773e-10
8.976930140679086e-10
1.121138330329181e-09
1.417521820818231e-09
1.825177563668733e-09
2.381900897260432e-09
3.133884863720293e-09
4.174195063063911e-09
5.575744186098362e-09
7.480311874366450e-09
1.010851284870685e-08
1.370982418165890e-08
1.867824527893808e-08
2.556174856114405e-08
3.519445401921084e-08
4.869848242082998e-08
6.775728376380325e-08
9.455696890780078e-08
1.325115453367625e-07
1.869578692031745e-07
2.645362380049412e-07
3.754908148166126e-07
5.343779127606790e-07
7.651472109189857e-07
1.097180861884603e-06
1.573697383664567e-06
2.261911188104341e-06
3.251813005424476e-06
4.683772996931030e-06
6.758475324041897e-06
9.763976471357383e-06
1.406043121552761e-05
2.028014150593473e-05
2.912213085785939e-05
4.185053117503278e-05
6.003454552506386e-05
8.609849583163560e-05
1.231818307155152e-04
1.757969414818366e-04
2.507586954816895e-04
3.562617902921407e-04
5.056926721542662e-04
7.164101783200871e-04
1.009243622019197e-03
1.420577043694146e-03
1.991382592701402e-03
2.783838322205432e-03
3.876182917538101e-03
5.395808315853565e-03
7.474438744954146e-03
1.031199154419612e-02
1.416772075647106e-02
1.939545022700310e-02
2.643843568848559e-02
3.585793839813695e-02
4.838234819765051e-02
6.498210754425379e-02
8.675931346431329e-02
1.151038040391849e-01
1.517205754853459e-01
1.982115289611630e-01
2.564169588443277e-01
3.279422866123605e-01
4.128951003301797e-01
5.099047944655205e-01
6.136587065942956e-01
7.162430730424653e-01
8.085935329857846e-01
8.913023254560626e-01
9.999999994231787e-01
1.000000000000000e+00
1.000000000000000e+00
1.000000000000000e+00
1.000000000000000e+00
1.000000000000000e+00
1.000000000000000e+00
1.000000000000000e+00
1.000000000000000e+00
1.000000000000000e+00
###8.000000000000002e+00
-1.395874714285572e-11
-1.807856250365775e-10
4.525462937616961e-10
-1.798510867230382e-10
6.764515039269084e-11
2.453099594840839e-11
-7.589017099776852e-10
2.729921278332919e-10
2.127182099946380e-10
1.845088151429460e-10
1.659824083802497e-10
2.334640012790635e-10
3.050276993901742e-10
-3.552963485154248e-11
2.623873104946022e-10
2.876692998676350e-10
3.461995597574422e-10
4.036179023973905e-10
4.670608698243782e-10
5.719215140311570e-10
6.798158377585129e-10
8.140415364280974e-10
1.010834918447562e-09
1.262592137756412e-09
1.598009723441188e-09
2.056184453154110e-09
2.679458665760420e-09
3.527106145561645e-09
4.699809853339689e-09
6.296663076668660e-09
8.473824162999560e-09
1.149518230677842e-08
1.565320251392617e-08
2.140515958837206e-08
2.943809238879696e-08
4.066931024779859e-08
5.653805036663562e-08
7.895270586971065e-08
1.106540730183215e-07
1.556002147012876e-07
2.202349685609353e-07
3.124142234520613e-07
4.442674288682675e-07
6.334946636368087e-07
9.081002908151209e-07
1.303550532091819e-06
1.869706255751824e-06
2.686924515085350e-06
3.860333945923459e-06
5.558706647393948e-06
8.006368095086473e-06
1.154787852986268e-05
1.659644155421924e-05
2.388554669796902e-05
3.422519695552283e-05
4.906184644479997e-05
7.017002438372266e-05
1.003919170442952e-04
1.432248941873017e-04
2.037626343912054e-04
2.897745819201126e-04
4.104382976835939e-04
5.806492346722842e-04
8.199588785928227e-04
1.151066644407783e-03
1.614493577356024e-03
2.255137318680981e-03
3.140828185625832e-03
4.356870471378794e-03
6.041583306729241e-03
8.335883530913376e-03
1.145375937052154e-02
1.566917533418525e-02
2.135629555889420e-02
2.897511984825106e-02
3.910876330133719e-02
5.250062089386173e-02
7.013009702983265e-02
9.309483081353337e-02
1.227502613057763e-01
1.607391161771726e-01
2.085238919780424e-01
2.677412731302189e-01
3.397376911067372e-01
4.243219636033786e-01
5.199030362617927e-01
6.212829034995770e-01
7.211855889857912e-01
8.112856034923901e-01
8.925742663593387e-01
9.999999994231787e-01
1.000000000000000e+00
1.000000000000000e+00
1.000000000000000e+00
1.000000000000000e+00
1.000000000000000e+00
1.000000000000000e+00
1.000000000000000e+00
1.000000000000000e+00
1.000000000000000e+00
###8.400000000000002e+00
9.315729692588578e-12
-1.881907747138257e-10
4.450510250811566e-10
-1.561428613603328e-10
1.922694178944197e-10
4.029185156517767e-11
-7.418216698378207e-10
2.901526223509313e-10
2.378394832721480e-10
2.099300615713554e-10
2.191987862333458e-10
2.651877923206388e-10
3.369908183979786e-10
2.273447762949987e-11
3.048871034038068e-10
3.375129518779134e-10
3.964194176024972e-10
4.617339478244140e-10
5.293259683594514e-10
6.394221635614388e-10
7.622325264791640e-10
9.146672149350978e-10
1.134590056703319e-09
1.418802702384409e-09
1.797194969191540e-09
2.309012677155254e-09
3.011655434480741e-09
3.967861213414390e-09
5.298715433070389e-09
7.123243569967987e-09
9.612301606003619e-09
1.309446038740553e-08
1.789542491940579e-08
2.456776150211572e-08
3.394332895024418e-08
4.704726478826829e-08
6.566860355964160e-08
9.203670176086376e-08
1.294717209233227e-07
1.825933097403247e-07
2.590918530554145e-07
3.684358317283609e-07
5.244826789218521e-07
7.489970907045370e-07
1.074767641567529e-06
1.543373469043104e-06
2.212955526748617e-06
3.178973991904240e-06
4.562980974343194e-06
6.566457927332042e-06
9.440588421980438e-06
1.359187933168667e-05
1.949405898771459e-05
2.799620594551383e-05
4.002439408987090e-05
5.722631635188227e-05
8.160984367064699e-05
1.164739896973182e-04
1.657067735972703e-04
2.350361884954488e-04
3.332522103932966e-04
4.706101833528375e-04
6.636248092786190e-04
9.341661045861824e-04
1.306896091978905e-03
1.826751301469487e-03
2.542884307043234e-03
3.528768939764639e-03
4.876992721347014e-03
6.737804859034548e-03
9.260454418967730e-03
1.267369063985888e-02
1.726600858604509e-02
2.343253951222882e-02
3.164747127701986e-02
4.251578358522049e-02
5.679416515832367e-02
7.546431315437410e-02
9.962481498250375e-02
1.305827938986867e-01
1.699179011937453e-01
2.189619772369675e-01
2.791553985823892e-01
3.515876722092063e-01
4.358008995265536e-01
5.300477262855458e-01
6.292017760636208e-01
7.265702734581976e-01
8.144371956669642e-01
8.941758752543636e-01
9.999999994231787e-01
1.000000000000000e+00
1.000000000000000e+00
1.000000000000000e+00
1.000000000000000e+00
1.000000000000000e+00
1.000000000000000e+00
1.000000000000000e+00
1.000000000000000e+00
1.000000000000000e+00
###8.800000000000002e+00
1.687871532747570e-11
-1.533627275190537e-10
4.607485746839614e-10
-1.272546411376893e-10
2.529160292526885e-10
9.700926038895164e-11
-6.970984392463175e-10
3.415947372562943e-10
3.011264602563408e-10
2.748746378412813e-10
2.848170540342097e-10
3.171552591045199e-10
3.947234230521298e-10
1.099604174227658e-10
3.709524123309679e-10
4.062340311091286e-10
4.699935651022488e-10
5.556967431121658e-10
6.196775025718600e-10
7.385591039011245e-10
8.784133351125074e-10
1.049200255385051e-09
1.299271356374934e-09
1.612673511310973e-09
2.044895784683179e-09
2.617032492067974e-09
3.414323188305845e-09
4.485752213303936e-09
5.991631547639393e-09
8.080245043742805e-09
1.093431172704185e-08
1.495335872024782e-08
2.049748050683848e-08
2.824488045822724e-08
3.919250495012909e-08
5.448048591699984e-08
7.634280585790687e-08
1.072813831337647e-07
1.514691632245852e-07
2.140856999931257e-07
3.044341514228525e-07
4.335502154774389e-07
6.180590882251679e-07
8.832728485821871e-07
1.267971954764001e-06
1.821183419968835e-06
2.609724462466100e-06
3.746203534939044e-06
5.372735428731940e-06
7.722725527614902e-06
1.108236667768415e-05
1.592655942732374e-05
2.279106527451716e-05
3.266247685231776e-05
4.658320883616963e-05
6.643459630491570e-05
9.448862424019062e-05
1.345079830602090e-04
1.908383272410454e-04
2.699061881716387e-04
3.815608976084134e-04
5.372210888808896e-04
7.551856926511898e-04
1.059748647564865e-03
1.477785067808626e-03
2.058730602781015e-03
2.855943082371921e-03
3.949397328096817e-03
5.438738347351098e-03
7.486372900760544e-03
1.025058163936218e-02
1.397485438362185e-02
1.896191259278265e-02
2.562709656208158e-02
3.445989777509682e-02
4.608259004804593e-02
6.126270341337629e-02
8.098855541790821e-02
1.063498441432499e-01
1.386015234645980e-01
1.792687503039952e-01
2.295330886662908e-01
2.906610299649585e-01
3.635001268126153e-01
4.473555312768965e-01
5.403199211979426e-01
6.373848135988150e-01
7.323222677953284e-01
8.179829592283760e-01
8.960803951192465e-01
9.999999994231787e-01
1.000000000000000e+00
1.000000000000000e+00
1.000000000000000e+00
1.000000000000000e+00
1.000000000000000e+00
1.000000000000000e+00
1.000000000000000e+00
1.000000000000000e+00
1.000000000000000e+00
###9.200000000000003e+00
2.367472112012224e-11
-7.925699934617039e-11
1.025352865104870e-10
-8.539994949290222e-11
2.717693318953998e-10
1.521671308270911e-10
-6.518451656786205e-10
3.986683142390707e-10
3.740708154540414e-10
3.418961945404126e-10
3.447028580248591e-10
3.780105288426390e-10
4.569306884366340e-10
1.943328352644231e-10
4.423772655632541e-10
4.821930192610967e-10
5.513605517052029e-10
6.436687236206831e-10
7.204939199884364e-10
8.633298281878999e-10
1.006283077546987e-09
1.200165120090770e-09
1.472742302445687e-09
1.836568185173311e-09
2.322921933012606e-09
2.974426217219305e-09
3.848627851716990e-09
5.074149071867220e-09
6.779635960827969e-09
9.181910294204882e-09
1.246270840882501e-08
1.710249646729078e-08
2.352138278513955e-08
3.252066067557553e-08
4.529185846328264e-08
6.313846348643537e-08
8.875854675750061e-08
1.251137785660707e-07
1.771008010038809e-07
2.508262919400851e-07
3.572030749835481e-07
5.092953104699314e-07
7.265733216563080e-07
1.038750945453269e-06
1.491326688475646e-06
2.141347832775768e-06
3.066178331637008e-06
4.397334577367052e-06
6.299986035146046e-06
9.038428286377636e-06
1.295429929955581e-05
1.857921264034451e-05
2.653163000469236e-05
3.793604573532863e-05
5.398127409983895e-05
7.678845955070655e-05
1.089309883118571e-04
1.546744835123480e-04
2.188523826187973e-04
3.086416097349945e-04
4.350665320221853e-04
6.107631884494862e-04
8.559965289456839e-04
1.197578965600282e-03
1.664588789622692e-03
2.311464570244066e-03
3.195799844304258e-03
4.404500048205181e-03
6.044366027129509e-03
8.290314158101077e-03
1.130959368641415e-02
1.536076454054444e-02
2.076099684434224e-02
2.794352591744230e-02
3.741561863081762e-02
4.981308447424752e-02
6.591181053488220e-02
8.670762379226978e-02
1.132736852363335e-01
1.468161247563776e-01
1.887747549638394e-01
2.402376136206318e-01
3.022574834893079e-01
3.754869337657206e-01
4.589717433300239e-01
5.507209192248581e-01
6.457981586531731e-01
7.384114511660499e-01
8.218756673277940e-01
8.982589688878719e-01
9.999999994231787e-01
1.000000000000000e+00
1.000000000000000e+00
1.000000000000000e+00
1.000000000000000e+00
1.000000000000000e+00
1.000000000000000e+00
1.000000000000000e+00
1.000000000000000e+00
1.000000000000000e+00
###9.600000000000003e+00
2.475343889451792e-11
-1.384451361123396e-11
1.150435316546257e-10
-1.745691455032200e-10
2.581469252195303e-10
1.900209646165209e-10
-6.015672420078242e-10
4.091535030982069e-10
4.573956444240181e-10
4.308421911772683e-10
4.337540823365007e-10
4.640154862479813e-10
5.124970901172978e-10
2.891876612845532e-10
5.337324118794299e-10
5.754773607643986e-10
5.946456004062696e-10
7.451435476310162e-10
8.392504484900843e-10
9.850480290443470e-10
1.156596525647820e-09
1.384429647608568e-09
1.684352402475678e-09
2.096425602504484e-09
2.642620792635671e-09
3.385558700019760e-09
4.378411170845545e-09
5.752845708433790e-09
7.681022553661658e-09
1.046251687747917e-08
1.422754428300820e-08
1.958520096864567e-08
2.703432748909365e-08
3.747609320420934e-08
5.236334266270383e-08
7.325278357284419e-08
1.032500338899363e-07
1.458728822344811e-07
2.068478842840664e-07
2.933505424023091e-07
4.183471999585528e-07
5.969859124096930e-07
8.524072623331730e-07
1.218544931588690e-06
1.748591887832556e-06
2.508700415293218e-06
3.589991066946818e-06
5.143018656994653e-06
7.358395270838089e-06
1.054279675109793e-05
1.508138754601056e-05
2.158648011453328e-05
3.075941349254067e-05
4.388912805858394e-05
6.229886778443800e-05
8.839866232191162e-05
1.250744122492603e-04
1.771515342898022e-04
2.499828095032445e-04
3.515923764507547e-04
4.941674098028036e-04
6.917767527745161e-04
9.666453241777646e-04
1.348351334587873e-03
1.868367432746634e-03
2.586145052647753e-03
3.564019801937033e-03
4.895910114547229e-03
6.695781344156745e-03
9.151857995312795e-03
1.244086600881269e-02
1.683400924759773e-02
2.266542644185629e-02
3.038598446768714e-02
4.051784953995696e-02
5.370796796156752e-02
7.074288132634467e-02
9.262355953559605e-02
1.203925167762033e-01
1.552244993989653e-01
1.984677807877963e-01
2.510852475531787e-01
3.139636680511205e-01
3.875359239496041e-01
4.706706245047773e-01
5.612455257140456e-01
6.544189105115185e-01
7.447698334108318e-01
8.261055579855819e-01
9.006580699054116e-01
9.999999994231787e-01
1.000000000000000e+00
1.000000000000000e+00
1.000000000000000e+00
1.000000000000000e+00
1.000000000000000e+00
1.000000000000000e+00
1.000000000000000e+00
1.000000000000000e+00
1.000000000000000e+00
###1.000000000000000e+01
5.123054445865413e-11
8.246429736287300e-12
1.413025222282612e-10
-1.247653196923950e-10
3.042481935590520e-10
2.473410359048597e-10
-5.342312645996237e-10
4.927479994998599e-10
5.271118587512939e-10
5.181888003087740e-10
5.306224652430057e-10
5.591356481021784e-10
6.053076289286302e-10
3.996596665025503e-10
6.349829477426740e-10
6.856593875454971e-10
7.149206600374597e-10
8.699511395416913e-10
9.772573052613362e-10
1.138976194378590e-09
1.333266808653814e-09
1.589951245770166e-09
1.928754892976950e-09
2.393916767663131e-09
3.013046574550069e-09
3.855066860063308e-09
4.964141266827323e-09
6.535067260174787e-09
8.733633124416459e-09
1.193015347390954e-08
1.626448426283901e-08
2.247415548610136e-08
3.109530887970420e-08
4.323908004730790e-08
6.056096363301673e-08
8.497264102963237e-08
1.200141392690429e-07
1.699238597234617e-07
2.413916920636452e-07
3.426184172058718e-07
4.890652105659035e-07
6.982349098443719e-07
9.976604373125877e-07
1.424979180735383e-06
2.043986404264038e-06
2.930347959243445e-06
4.188710834014304e-06
5.993303688343084e-06
8.562942008925946e-06
1.223211266289163e-05
1.748952044172569e-05
2.498280017460462e-05
3.552497491994763e-05
5.057317784322155e-05
7.162343421783255e-05
1.013808324806468e-04
1.430692095541819e-04
2.021474333462928e-04
2.844704955795448e-04
3.990521664005280e-04
5.592958886869516e-04
7.807912928861835e-04
1.087912172874250e-03
1.513042760604566e-03
2.090265526335520e-03
2.884249799407498e-03
3.962321308133698e-03
5.425172258985241e-03
7.395302757840100e-03
1.007355027154373e-02
1.364611907914859e-02
1.839873373155141e-02
2.468015248489227e-02
3.295682935328051e-02
4.376921978608770e-02
5.777617177152043e-02
7.575819189191897e-02
9.873883608540521e-02
1.277222752830757e-01
1.638282159045723e-01
2.083420217821778e-01
2.620801203844482e-01
3.257814951549876e-01
3.996763984212007e-01
4.824465029015337e-01
5.718762307336849e-01
6.632351232228778e-01
7.513964477274684e-01
8.306115092028244e-01
9.032629484286042e-01
9.999999994231787e-01
1.000000000000000e+00
1.000000000000000e+00
1.000000000000000e+00
1.000000000000000e+00
1.000000000000000e+00
1.000000000000000e+00
1.000000000000000e+00
1.000000000000000e+00
1.000000000000000e+00
###1.040000000000000e+01
7.041409037816476e-11
1.004107927152658e-10
2.242327450464128e-10
1.961232398177238e-10
3.400479431103183e-10
3.101989731905225e-10
-4.604542925845788e-10
5.781942196896105e-10
6.368666919255438e-10
6.255711897547430e-10
6.361551698883031e-10
6.636649375321594e-10
7.105560406254250e-10
5.245163684850214e-10
7.497405656356659e-10
8.111540965798746e-10
8.525029100209067e-10
1.010699283743016e-09
1.133763763820626e-09
1.313557280514772e-09
1.533308290976993e-09
1.822633741158021e-09
2.206932807414230e-09
2.731091723783086e-09
3.435696328689851e-09
4.393224374916708e-09
5.666787705513636e-09
7.434572735078035e-09
9.958110805355802e-09
1.363673954662497e-08
1.862511094302207e-08
2.580493140280785e-08
3.580184457592021e-08
4.991415530592717e-08
7.007836390827976e-08
9.857302629056806e-08
1.394757657988831e-07
1.977198366102746e-07
2.812447212308899e-07
3.996056040308945e-07
5.705765440755866e-07
8.148057255196591e-07
1.164322842329215e-06
1.662388001984483e-06
2.382357950060395e-06
3.411151725521912e-06
4.871686536146516e-06
6.961144507422954e-06
9.929419787078799e-06
1.416515262721891e-05
2.020767046304412e-05
2.880778367999239e-05
4.088051633363124e-05
5.806302516861185e-05
8.204846556890406e-05
1.158553509053901e-04
1.631064860441957e-04
2.298566003662419e-04
3.226357529847792e-04
4.514520870468590e-04
6.309439714844691e-04
8.783606058999061e-04
1.220403615004599e-03
1.692453448007397e-03
2.331196523546648e-03
3.207178778491106e-03
4.392254767656540e-03
5.994826035870586e-03
8.145509566526642e-03
1.105839042052946e-02
1.492925123129938e-02
2.005785666596047e-02
2.680756241104060e-02
3.566241414468147e-02
4.717636058978010e-02
6.201700135736453e-02
8.096686119168861e-02
1.050606678307260e-01
1.352524860080233e-01
1.726316895570668e-01
2.183937651579255e-01
2.732290440646667e-01
3.377208723987160e-01
4.119014633013630e-01
4.942868454622526e-01
5.826187899206421e-01
6.722102077840800e-01
7.582417116539395e-01
8.353387790461586e-01
9.060494207832520e-01
9.999999994231787e-01
1.000000000000000e+00
1.000000000000000e+00
1.000000000000000e+00
1.000000000000000e+00
1.000000000000000e+00
1.000000000000000e+00
1.000000000000000e+00
1.000000000000000e+00
1.000000000000000e+00
###1.080000000000000e+01
7.665629556093786e-11
1.176761982524069e-10
2.240865055501986e-10
1.928048800440134e-10
3.543912265769544e-10
3.649524851003695e-10
-4.237482854667576e-10
6.061840425097215e-10
6.719025725710135e-10
6.860835965844122e-10
6.937730948428107e-10
7.211310920270747e-10
7.664822168437558e-10
6.015156480137963e-10
8.220916078312627e-10
8.884959231112888e-10
9.425896819229678e-10
1.116023455278667e-09
1.248662502948563e-09
1.447537296607618e-09
1.695403831227131e-09
2.021841014828483e-09
2.457161424463916e-09
3.052172894594405e-09
3.850663645716423e-09
4.929708140613642e-09
6.398052983843848e-09
8.438096432429312e-09
1.134294112794484e-08
1.556760199749205e-08
2.132050527870047e-08
2.961492126092469e-08
4.121131403104149e-08
5.760094638844899e-08
8.108120667280731e-08
1.142987058895044e-07
1.619585244040578e-07
2.298544806201645e-07
3.272302060572611e-07
4.651337323894529e-07
6.643372779080445e-07
9.487032300827004e-07
1.355077710452428e-06
1.934426310393118e-06
2.768545029541809e-06
3.959011877759675e-06
5.648009960369014e-06
8.058099751154493e-06
1.147587114031257e-05
1.634989658437044e-05
2.327139146448562e-05
3.310640141363431e-05
4.688245217731988e-05
6.643284792767941e-05
9.366720862507656e-05
1.319489250349356e-04
1.854034151020630e-04
2.605093229913201e-04
3.647462935781159e-04
5.091044346901046e-04
7.095301140681155e-04
9.851233345819113e-04
1.364980952335393e-03
1.887681187373570e-03
2.592447462227886e-03
3.556247128485871e-03
4.855723472286376e-03
6.606649980822122e-03
8.948490728661435e-03
1.210899984754607e-02
1.629305880957856e-02
2.181497275555769e-02
2.905188505860710e-02
3.850513861322605e-02
5.074200602485147e-02
6.643591560012738e-02
8.636978406538132e-02
1.115865349283197e-01
1.429953204727037e-01
1.816411583049711e-01
2.286275754843110e-01
2.845268673868027e-01
3.497727772267023e-01
4.242121995071109e-01
5.062033721119038e-01
5.934551222864075e-01
6.813313686854182e-01
7.652753124695199e-01
8.402453956878986e-01
9.089848884569376e-01
9.999999994231787e-01
1.000000000000000e+00
1.000000000000000e+00
1.000000000000000e+00
1.000000000000000e+00
1.000000000000000e+00
1.000000000000000e+00
1.000000000000000e+00
1.000000000000000e+00
1.000000000000000e+00
###1.120000000000000e+01
8.349872601986757e-11
-3.381243899335833e-10
2.369894553005874e-10
2.098409491216974e-10
3.849356779491850e-10
3.914360910811397e-10
-3.823307485879656e-10
6.432100854106541e-10
7.113852522396833e-10
7.398874411154553e-10
7.540245345554579e-10
7.824862015849014e-10
8.027294378635029e-10
6.854291153488695e-10
8.972920963949395e-10
9.718309375076211e-10
1.040292647892693e-09
1.222857316322666e-09
1.374915959694085e-09
1.596399494343457e-09
1.875692637974454e-09
2.243608723860111e-09
2.737559962474386e-09
3.412180486942131e-09
4.317751064696063e-09
5.536639465464919e-09
7.231637178415604e-09
9.584582829702324e-09
1.293588033876957e-08
1.779054791034680e-08
2.443184462582404e-08
3.401936950078727e-08
4.747100776477854e-08
6.648807564357776e-08
9.377152839614250e-08
1.324158412402778e-07
1.878505221827452e-07
2.668812831195001e-07
3.800899378106752e-07
5.402452479390629e-07
7.720133928255549e-07
1.102012434074637e-06
1.573302633070792e-06
2.244321482429415e-06
3.208199250846122e-06
4.581462956788269e-06
6.527356368131527e-06
9.299761966976284e-06
1.322471762527626e-05
1.880804044280489e-05
2.671370457801939e-05
3.792384006953827e-05
5.359362600298139e-05
7.577287570879433e-05
1.066029377586405e-04
1.498227091725079e-04
2.100672606440109e-04
2.943536404387368e-04
4.111165352656750e-04
5.724185110231256e-04
7.955879063139054e-04
1.101742485675483e-03
1.522410132451375e-03
2.099582138773695e-03
2.875338196452017e-03
3.932919954952132e-03
5.354169931299758e-03
7.262825450402693e-03
9.806953019681229e-03
1.322880503496758e-02
1.774084091980342e-02
2.367426177140470e-02
3.141761555082655e-02
4.149080898333926e-02
5.446977739817019e-02
7.103745224481971e-02
9.197451337843716e-02
1.183222369132177e-01
1.509560924818275e-01
1.908517306707764e-01
2.390507602602585e-01
2.959827863602087e-01
3.619427634635564e-01
4.366165534565310e-01
5.181951551294883e-01
6.043739223780746e-01
6.905679876586903e-01
7.724651835362418e-01
8.453350167462313e-01
9.120163564288220e-01
9.999999994231787e-01
1.000000000000000e+00
1.000000000000000e+00
1.000000000000000e+00
1.000000000000000e+00
1.000000000000000e+00
1.000000000000000e+00
1.000000000000000e+00
1.000000000000000e+00
1.000000000000000e+00
###1.160000000000000e+01
-2.448718858130348e-10
-3.228994250742002e-10
2.473015765970896e-10
2.198458199074248e-10
4.236664319882213e-10
3.927872787889790e-10
-3.269868207714019e-10
6.942094727636758e-10
7.654643586327729e-10
7.967502645582061e-10
8.234352733180076e-10
8.505207943682594e-10
8.742420931692672e-10
7.531090352785501e-10
9.786782788381594e-10
1.038841903789454e-09
1.152022252316085e-09
1.344264719885101e-09
1.517771204966398e-09
1.764926072941968e-09
2.078855418793875e-09
2.494301503239186e-09
3.056049178320131e-09
3.822300472262201e-09
4.900154533148677e-09
6.234706722942311e-09
8.186081122357123e-09
1.090014406136461e-08
1.475540304935905e-08
2.034729166936033e-08
2.801398780937770e-08
3.908462480017090e-08
5.467996007155956e-08
7.673218396239921e-08
1.083981775210782e-07
1.532677940647342e-07
2.176196067131390e-07
3.093300449771177e-07
4.407785976172749e-07
6.265667530244029e-07
8.951268474641486e-07
1.277191104664207e-06
1.822090023475970e-06
2.596585246639199e-06
3.707521487777287e-06
5.286826697845150e-06
7.523237888176424e-06
1.070085424472389e-05
1.519146826519612e-05
2.156780630086374e-05
3.056953747848034e-05
4.330995408793920e-05
6.107540156707710e-05
8.616615033415818e-05
1.209531190647359e-04
1.696129881597966e-04
2.372761005192651e-04
3.316212314282860e-04
4.620779656337058e-04
6.417739426206393e-04
8.896297571772979e-04
1.228792342465626e-03
1.693535164597610e-03
2.329212505048495e-03
3.181115133560005e-03
4.338628847337488e-03
5.889620950072626e-03
7.965681076951833e-03
1.072316058964421e-02
1.442010537088689e-02
1.927629713593093e-02
2.563852524683675e-02
3.390842124175499e-02
4.462129154745763e-02
5.836383610055317e-02
7.582677770664543e-02
9.777871621301791e-02
1.252730682921023e-01
1.591351104415509e-01
2.002748466729450e-01
2.496598227028752e-01
3.075965183993214e-01
3.742336808928161e-01
4.491008487839682e-01
5.302683696027197e-01
6.153686805312085e-01
6.999089606083509e-01
7.797845745104864e-01
8.505584300791786e-01
9.151602149622768e-01
9.999999994231787e-01
1.000000000000000e+00
1.000000000000000e+00
1.000000000000000e+00
1.000000000000000e+00
1.000000000000000e+00
1.000000000000000e+00
1.000000000000000e+00
1.000000000000000e+00
1.000000000000000e+00
###1.200000000000001e+01
-2.245058160081746e-10
-3.140555395737510e-10
2.628763658340198e-10
2.514187961003773e-10
4.684459610387856e-10
4.234920702320645e-10
-2.547966803331262e-10
7.377395412875613e-10
8.112847028097727e-10
8.578935285379072e-10
8.932200729916982e-10
9.246224706871192e-10
9.541119063913809e-10
8.476993705892500e-10
1.070282919949035e-09
1.143163476139853e-09
1.270457629628996e-09
1.477276693390371e-09
1.675405163953152e-09
1.949335167760251e-09
2.304039601958315e-09
2.771128300889523e-09
3.411181997786529e-09
4.280246655843613e-09
5.498555503137058e-09
7.029609452691436e-09
9.270190606330398e-09
1.240177251158248e-08
1.684851186822770e-08
2.328034591638767e-08
3.214900306410815e-08
4.493118015495818e-08
6.297736076894214e-08
8.850796543522577e-08
1.251932539685085e-07
1.772425920557612e-07
2.518277391851159e-07
3.580964643849046e-07
5.102542926238240e-07
7.251666195501749e-07
1.035756871299569e-06
1.476580852428248e-06
2.104918842857687e-06
2.996552191877905e-06
4.273106945291931e-06
6.084525571745635e-06
8.645465515694246e-06
1.227688472077335e-05
1.739679000499808e-05
2.465920465917149e-05
3.487888813335168e-05
4.931957185896487e-05
6.940079187413562e-05
9.770292201991670e-05
1.368478335521211e-04
1.914770845802842e-04
2.672445682307345e-04
3.725860195503138e-04
5.179466130429773e-04
7.175882972377765e-04
9.922934070099531e-04
1.366992514205060e-03
1.879133521577982e-03
2.577612229348390e-03
3.510897297597973e-03
4.775242912787686e-03
6.463856182477447e-03
8.717779827333759e-03
1.170007055964226e-02
1.568564006556875e-02
2.090233908629935e-02
2.771140556778988e-02
3.652710391394387e-02
4.790160245817274e-02
6.242941209403123e-02
8.080216946027739e-02
1.037917912293842e-01
1.324401994780393e-01
1.675259386043157e-01
2.099036531992645e-01
2.604583101010611e-01
3.193724906124246e-01
3.866453785424588e-01
4.616644834896846e-01
5.423943009796176e-01
6.264242812013006e-01
7.093324201149562e-01
7.872163263706587e-01
8.559058233848877e-01
9.183727808711840e-01
9.999999994231787e-01
1.000000000000000e+00
1.000000000000000e+00
1.000000000000000e+00
1.000000000000000e+00
1.000000000000000e+00
1.000000000000000e+00
1.000000000000000e+00
1.000000000000000e+00
1.000000000000000e+00
###1.240000000000001e+01
-1.770123072947650e-10
-2.158077964689460e-10
2.806226404887933e-10
2.545155825294589e-10
5.075683072969782e-10
4.582938989430445e-10
-1.995490794862855e-10
7.849487113102105e-10
8.693879395243773e-10
9.248554961915599e-10
9.771045262425434e-10
1.007456935986050e-09
1.039014897556005e-09
9.516655684240284e-10
1.170216498981037e-09
1.257023287932343e-09
1.400694866284156e-09
1.623306034661982e-09
1.903459777062827e-09
2.150430811803444e-09
2.554437369066002e-09
3.083145708038284e-09
3.809063725809104e-09
4.801797155261322e-09
6.168374628538278e-09
7.949817456818043e-09
1.051259615931339e-08
1.412711398333744e-08
1.924393444939296e-08
2.665251066544309e-08
3.689424455936923e-08
5.163588087470106e-08
7.252179277727395e-08
1.020501739727397e-07
1.444851147389127e-07
2.047320491952845e-07
2.910131292593830e-07
4.138501854327281e-07
5.896097016010879e-07
8.376563163121285e-07
1.195599144940567e-06
1.703104486546228e-06
2.425509840646195e-06
3.449018459981743e-06
4.912501339285668e-06
6.983690780051670e-06
9.908913720125441e-06
1.404783466726396e-05
1.986776568610375e-05
2.811527518524897e-05
3.968759496628048e-05
5.600427805884245e-05
7.864968865719842e-05
1.104779655556531e-04
1.544135346667278e-04
2.155745726254120e-04
3.002247997528833e-04
4.175611065375179e-04
5.790881567996237e-04
8.003980276208664e-04
1.104026091287159e-03
1.517156538209346e-03
2.080189941260331e-03
2.846042319726123e-03
3.866095692175580e-03
5.244345154548581e-03
7.079186979467023e-03
9.520735153178080e-03
1.274018287588921e-02
1.702946322737009e-02
2.262319759350673e-02
2.989736177159336e-02
3.927906761891081e-02
5.133612860773353e-02
6.667059529285060e-02
8.597636956834172e-02
1.100137494163697e-01
1.398246098972495e-01
1.761397809227295e-01
2.197434929775544e-01
2.714434187387645e-01
3.313029159243685e-01
3.991794925130198e-01
4.743266158015945e-01
5.545832289589192e-01
6.375287993999779e-01
7.188177267317417e-01
7.947118936645378e-01
8.613153447339087e-01
9.216381050424953e-01
9.999999994231787e-01
1.000000000000000e+00
1.000000000000000e+00
1.000000000000000e+00
1.000000000000000e+00
1.000000000000000e+00
1.000000000000000e+00
1.000000000000000e+00
1.000000000000000e+00
1.000000000000000e+00
###1.280000000000001e+01
-1.650117385075433e-10
-2.025935857312834e-10
9.338771529743572e-10
2.911037674799615e-10
5.380522492641218e-10
5.001046550867850e-10
-1.329049462997291e-10
8.340379184824885e-10
9.346063980264188e-10
9.979013733425917e-10
1.065379339107300e-09
1.096427003305666e-09
1.134874813132689e-09
1.060063370047412e-09
1.283127512320577e-09
1.385307461487979e-09
1.545910059193201e-09
1.787507290572084e-09
2.091405719346403e-09
2.381969378094378e-09
2.831015766679317e-09
3.437344827989729e-09
4.260031379765217e-09
5.390086958566706e-09
6.945754611729908e-09
8.999221086192123e-09
1.193698953355745e-08
1.610010098970761e-08
2.199669482193405e-08
3.051477053273202e-08
4.233579742510366e-08
5.934260230623229e-08
8.345092136096971e-08
1.175837226455037e-07
1.665736851575335e-07
2.362257124705802e-07
3.357541616699504e-07
4.774414559842186e-07
6.800477270528790e-07
9.655437012125972e-07
1.377086175472001e-06
1.960069863930657e-06
2.788429354685464e-06
3.961158578509983e-06
5.633151315472224e-06
7.995424824920782e-06
1.132666221419224e-05
1.603139448083776e-05
2.263393740801829e-05
3.197204886569056e-05
4.504198517282316e-05
6.343028538729699e-05
8.889566887826562e-05
1.246119447300363e-04
1.737978709970781e-04
2.421062569158689e-04
3.364298189228881e-04
4.668190879192117e-04
6.458900391164367e-04
8.906836840804048e-04
1.225553899555685e-03
1.680054467994908e-03
2.297649783690172e-03
3.135710865363716e-03
4.248521583538670e-03
5.747551804845451e-03
7.737406341995738e-03
1.037758066073947e-02
1.384642995418297e-02
1.845410278295477e-02
2.444214459482055e-02
3.220004814652844e-02
4.216863611002245e-02
5.492881910702535e-02
7.109008263712939e-02
9.134813851106759e-02
1.164506149287045e-01
1.474305847690186e-01
1.849751939186072e-01
2.297960867798086e-01
2.826163382818463e-01
3.433867420906203e-01
4.118261700002841e-01
4.870598640582740e-01
5.668235327857626e-01
6.486738208102458e-01
7.283422058356858e-01
8.022684575325818e-01
8.667996362896321e-01
9.249411182037781e-01
9.999999994231787e-01
1.000000000000000e+00
1.000000000000000e+00
1.000000000000000e+00
1.000000000000000e+00
1.000000000000000e+00
1.000000000000000e+00
1.000000000000000e+00
1.000000000000000e+00
1.000000000000000e+00
###1.320000000000001e+01
-1.516669343263846e-10
-1.857934608506391e-10
9.464026381070916e-10
3.227682105773477e-10
5.699925755723599e-10
5.489293662882965e-10
-5.830680143997836e-11
8.991179652515958e-10
1.014289833547201e-09
1.089054174897849e-09
1.170164550482490e-09
1.198990822028577e-09
1.244568164508683e-09
1.188222984909753e-09
1.408222315086003e-09
1.530779845103835e-09
1.710660112747063e-09
1.973887868527370e-09
2.306506289290682e-09
2.645613449338638e-09
3.132950383483273e-09
3.840087911806862e-09
4.774122045007000e-09
6.063710451553744e-09
7.832412227846906e-09
1.017015602031445e-08
1.359508533104058e-08
1.836300438519756e-08
2.514625339247500e-08
3.493004863914161e-08
4.857374073487790e-08
6.817862172537225e-08
9.598339895210257e-08
1.353476162047496e-07
1.918406242681992e-07
2.721251287279761e-07
3.867764561488313e-07
5.498064542359398e-07
7.827610153045943e-07
1.110632545300858e-06
1.582848022671245e-06
2.250627901211946e-06
3.198548188973693e-06
4.538335652418227e-06
6.443017296962309e-06
9.130759259791280e-06
1.291385013649434e-05
1.824849472889230e-05
2.571909924719564e-05
3.626389196720848e-05
5.098629225912448e-05
7.165150907004652e-05
1.002238331972412e-04
1.402058297446451e-04
1.951494486127874e-04
2.712632881578552e-04
3.761066890558657e-04
5.206666571882468e-04
7.187443727491821e-04
9.888848526450626e-04
1.357417083567757e-03
1.856422807659791e-03
2.532442094890892e-03
3.447606652827264e-03
4.659240386016401e-03
6.286887846682442e-03
8.440860431906408e-03
1.129041491772054e-02
1.502178587271872e-02
1.996271536225257e-02
2.636234821812431e-02
3.462416504148510e-02
4.520026353953903e-02
5.868499286876609e-02
7.569623373913345e-02
9.692200960639506e-02
1.231055452451488e-01
1.552648490464660e-01
1.940322082995310e-01
2.400565694120177e-01
2.939748171925461e-01
3.556217396248675e-01
4.245794299206977e-01
4.998650151088434e-01
5.791011282357046e-01
6.598413883090308e-01
7.378912885328068e-01
8.098612684842788e-01
8.723026063831261e-01
9.282587085276700e-01
9.999999994231787e-01
1.000000000000000e+00
1.000000000000000e+00
1.000000000000000e+00
1.000000000000000e+00
1.000000000000000e+00
1.000000000000000e+00
1.000000000000000e+00
1.000000000000000e+00
1.000000000000000e+00
###1.360000000000001e+01
-1.471996546089262e-10
-1.780136411440421e-10
9.649352939513327e-10
3.486008856519176e-10
6.076164817586766e-10
5.953424514682394e-10
1.627073493425867e-11
9.685607360619279e-10
1.088039424688222e-09
1.165754134513700e-09
1.270454329358269e-09
1.300956876532498e-09
1.354565676171784e-09
1.319875314295028e-09
1.543387333495885e-09
1.680991308593893e-09
1.881382071866320e-09
2.171189989091553e-09
2.536252793604200e-09
2.929272493972287e-09
3.468913131665996e-09
4.280764821753144e-09
5.345233753788379e-09
6.853695610431783e-09
8.843076174394151e-09
1.150628120753449e-08
1.546275428861940e-08
2.093663082430838e-08
2.873703171535376e-08
3.998247313988849e-08
5.570625952990943e-08
7.828233263449552e-08
1.102923292067769e-07
1.556875649751643e-07
2.206447714231674e-07
3.130153548399839e-07
4.447688270848846e-07
6.320654608642823e-07
8.992355558478694e-07
1.274890244013453e-06
1.815394130357994e-06
2.578254621623448e-06
3.660185162055246e-06
5.187266892068832e-06
7.351647797559601e-06
1.040227963600474e-05
1.468899560657869e-05
2.072130873000232e-05
2.915534787272552e-05
4.103046858893108e-05
5.757719837157032e-05
8.074627788495057e-05
1.127273886338472e-04
1.573791534503984e-04
2.186192931558792e-04
3.032107439775492e-04
4.195100633010140e-04
5.794574182914204e-04
7.980886487339967e-04
1.095614004165699e-03
1.500352674461111e-03
2.047078972625108e-03
2.785754108528946e-03
3.783234830300124e-03
5.099948477728861e-03
6.864088516553564e-03
9.191633038023688e-03
1.226183897830362e-02
1.626923751765107e-02
2.155952381540948e-02
2.838728634837687e-02
3.717328022160153e-02
4.837640631578435e-02
6.260924984626030e-02
8.048735566238750e-02
1.027023130052377e-01
1.299815578705121e-01
1.633257926374314e-01
2.033150848467268e-01
2.505302470699501e-01
3.055211515937677e-01
3.680098379912264e-01
4.374407446713983e-01
5.127396557158774e-01
5.914149135570805e-01
6.710189933033474e-01
7.474429889642179e-01
8.174529798971197e-01
8.778005757233899e-01
9.316243991826031e-01
9.999999994231787e-01
1.000000000000000e+00
1.000000000000000e+00
1.000000000000000e+00
1.000000000000000e+00
1.000000000000000e+00
1.000000000000000e+00
1.000000000000000e+00
1.000000000000000e+00
1.000000000000000e+00
###1.400000000000001e+01
-1.374467541132322e-10
-2.453316536019043e-10
9.671647979911202e-10
3.647582367869842e-10
6.217882203450961e-10
6.135275090786236e-10
6.203254888550672e-11
9.926151241871713e-10
1.117985797272248e-09
1.195898801369613e-09
1.311928595205883e-09
1.346435051878695e-09
1.419313019250223e-09
1.406764339419025e-09
1.636402419050900e-09
1.794620938686326e-09
2.022602586613884e-09
2.337885805988825e-09
2.742155585865619e-09
3.193693054289736e-09
3.811798356946937e-09
4.724555619646071e-09
5.938167451497770e-09
7.649037596489346e-09
9.925827318831099e-09
1.300138148416696e-08
1.753806868204397e-08
2.384315760860287e-08
3.280956680201816e-08
4.572192849353938e-08
6.382010532160226e-08
8.976766872773368e-08
1.266064653389342e-07
1.788395642842380e-07
2.534199867021546e-07
3.595052773221730e-07
5.106612227749063e-07
7.252676632117419e-07
1.031116291943877e-06
1.460524689447421e-06
2.077686897416253e-06
2.947353099030985e-06
4.178934688227586e-06
5.915703183322948e-06
8.369859742233471e-06
1.182258364408344e-05
1.666872319935065e-05
2.347382048637406e-05
3.297096158184856e-05
4.631618434033209e-05
6.486584226864124e-05
9.078766823372280e-05
1.265033934245804e-04
1.762584394338925e-04
2.443659127429110e-04
3.381870042440919e-04
4.668903434291131e-04
6.435200971000816e-04
8.843491934859497e-04
1.211340808831616e-03
1.655051044895165e-03
2.252932207650177e-03
3.058625386517939e-03
4.143902431016146e-03
5.572260789622265e-03
7.481018860080321e-03
9.991993639437173e-03
1.329440973991663e-02
1.759170448118690e-02
2.324726246937088e-02
3.052162338945684e-02
3.985051254558662e-02
5.170240432082097e-02
6.670245146730883e-02
8.546987827697929e-02
1.086933436514397e-01
1.370779068926638e-01
1.716135345255909e-01
2.128238338377852e-01
2.612177391203464e-01
3.172542400592956e-01
3.805414373851816e-01
4.504060611947292e-01
5.256596673485383e-01
6.037445623541137e-01
6.821915044594926e-01
7.569808794640354e-01
8.250296887339196e-01
8.833130779381240e-01
9.349508800282824e-01
9.999999994231787e-01
1.000000000000000e+00
1.000000000000000e+00
1.000000000000000e+00
1.000000000000000e+00
1.000000000000000e+00
1.000000000000000e+00
1.000000000000000e+00
1.000000000000000e+00
1.000000000000000e+00
###1.440000000000001e+01
-1.266653820674457e-10
-2.329647532593766e-10
9.728404341024030e-10
3.771266851443510e-10
6.216166701565389e-10
6.375398616674389e-10
1.107940098949596e-10
1.021671553379100e-09
1.147488048840890e-09
1.224063042936542e-09
1.353918166842502e-09
1.399572938917973e-09
1.486851400484650e-09
1.496228136446416e-09
1.732183331037437e-09
1.915827237222908e-09
2.173966840558109e-09
2.518620115811106e-09
2.965256805656915e-09
3.483514807395858e-09
4.192179479721400e-09
5.220954031953934e-09
6.602966949943360e-09
8.541863597754301e-09
1.115013863860668e-08
1.469740513798985e-08
1.989496878426867e-08
2.714459919410884e-08
3.745132684867539e-08
5.226482756948196e-08
7.307749371794518e-08
1.028467311014416e-07
1.451452757768636e-07
2.051333399510923e-07
2.906529312771505e-07
4.122421263930475e-07
5.852526029556222e-07
8.307239788291886e-07
1.180125440408922e-06
1.670012080619473e-06
2.373024402098521e-06
3.362308465791993e-06
4.760689191351309e-06
6.730537108216691e-06
9.507364599428552e-06
1.340707567556558e-05
1.887252125177578e-05
2.653074824347566e-05
3.720307341688698e-05
5.216589804047523e-05
7.292111753713052e-05
1.018579358768929e-04
1.416552058915700e-04
1.969908264270213e-04
2.725581383458975e-04
3.764199828584369e-04
5.185917923806834e-04
7.132531706763729e-04
9.780744587348687e-04
1.336738662378795e-03
1.822290267433213e-03
2.474917075466048e-03
3.352149649772341e-03
4.531008402055784e-03
6.077955465300196e-03
8.139241061684050e-03
1.084440755088558e-02
1.439101260557972e-02
1.899225744680152e-02
2.502825665933519e-02
3.276901901232016e-02
4.266164920611289e-02
5.518415554591384e-02
7.097309838195547e-02
9.064942719908768e-02
1.148946931096210e-01
1.444008318534477e-01
1.801325796514502e-01
2.225589738192032e-01
2.721140055297840e-01
3.291708669187929e-01
3.932130426853813e-01
4.634699403726429e-01
5.386344043949551e-01
6.160857696140001e-01
6.933400990080723e-01
7.664843296786750e-01
8.325778501245351e-01
8.887975792399508e-01
9.382419318675035e-01
9.999999994231787e-01
1.000000000000000e+00
1.000000000000000e+00
1.000000000000000e+00
1.000000000000000e+00
1.000000000000000e+00
1.000000000000000e+00
1.000000000000000e+00
1.000000000000000e+00
1.000000000000000e+00
###1.480000000000001e+01
-1.058249057112036e-10
-2.209522233178825e-10
9.974550892325162e-10
3.905435938608494e-10
6.363939833273073e-10
6.558905406260653e-10
1.491553849866714e-10
1.042794575583045e-09
1.179551455878059e-09
1.254663647963738e-09
1.402894108309531e-09
1.460993572353695e-09
1.559486928237699e-09
1.589852860504731e-09
1.837614104608227e-09
2.047536592971718e-09
2.334845679918668e-09
2.714649583151394e-09
3.211967958785057e-09
3.803902742901619e-09
4.613364025520272e-09
5.774695685728428e-09
7.347586980993181e-09
9.540205423794940e-09
1.253135365120175e-08
1.662338624134593e-08
2.257245960951713e-08
3.089534149509180e-08
4.273611451401964e-08
5.970676464806291e-08
8.360367608984899e-08
1.177378017448809e-07
1.662071343536840e-07
2.349626502987617e-07
3.328563808383614e-07
4.719448769500226e-07
6.695818983554365e-07
9.497507658823284e-07
1.347972424925007e-06
1.905675590747659e-06
2.704680943304385e-06
3.827647509321773e-06
5.412098122267612e-06
7.641220974839803e-06
1.077574191215197e-05
1.517179255413497e-05
2.132228944679699e-05
2.992108414167139e-05
4.188658511196928e-05
5.863063677924896e-05
8.179998102958312e-05
1.140367828270862e-04
1.582995302704778e-04
2.196942380650274e-04
3.033853696685869e-04
4.181506665439611e-04
5.748999687430794e-04
7.890148305529641e-04
1.079705198965573e-03
1.472401463711615e-03
2.002813431137962e-03
2.713963228538343e-03
3.667598950831300e-03
4.945859903538985e-03
6.618527131737813e-03
8.841131974635688e-03
1.175097855063322e-02
1.555464434741894e-02
2.047462883106009e-02
2.690878593023233e-02
3.513382847867323e-02
4.560880650839771e-02
5.882219041539727e-02
7.542251765270708e-02
9.602808338048527e-02
1.213144290729142e-01
1.519490024217078e-01
1.888852915771564e-01
2.325188529920512e-01
2.832168697311280e-01
3.412581735793003e-01
4.060224116200941e-01
4.766199821182564e-01
5.516438729642891e-01
6.284171853974406e-01
7.044595498876540e-01
7.759353504777544e-01
8.400648128362418e-01
8.942348981189671e-01
9.415148598782472e-01
9.999999994231787e-01
1.000000000000000e+00
1.000000000000000e+00
1.000000000000000e+00
1.000000000000000e+00
1.000000000000000e+00
1.000000000000000e+00
1.000000000000000e+00
1.000000000000000e+00
1.000000000000000e+00
###1.520000000000001e+01
-7.857088704026218e-11
-2.059103709250512e-10
9.995828199534766e-10
4.033369404618780e-10
6.536267113635895e-10
6.786515973193547e-10
1.982885694015572e-10
1.072919280270952e-09
1.205108190913490e-09
1.292338645073379e-09
1.450128545404267e-09
1.522019840655283e-09
1.634410326864642e-09
1.686931748441855e-09
1.950783368083507e-09
2.187120194648896e-09
2.507157799819375e-09
2.927736675077053e-09
3.482860864993616e-09
4.158118754883495e-09
5.081090470640910e-09
6.394683904863194e-09
8.184489665496205e-09
1.067021109792737e-08
1.408395141635768e-08
1.880293508118061e-08
2.561346334729561e-08
3.515144113441101e-08
4.874526878958164e-08
6.817879523023420e-08
9.556078326926779e-08
1.346359642844837e-07
1.900802603291612e-07
2.687476368077238e-07
3.806324087002677e-07
5.394132948927508e-07
7.648671813312490e-07
1.083904833819132e-06
1.536820315586141e-06
2.170250594535983e-06
3.076792531162096e-06
4.348455388598146e-06
6.140211124859080e-06
8.656165680494687e-06
1.218831814931973e-05
1.713350546590635e-05
2.403950535381911e-05
3.367713972746552e-05
4.706394691307800e-05
6.575617808032081e-05
9.157809562252504e-05
1.273957679254928e-04
1.765521471262705e-04
2.445569622485878e-04
3.370469160354920e-04
4.636223771605913e-04
6.361352787314571e-04
8.712720912995387e-04
1.189705686127795e-03
1.618995755445627e-03
2.197475844610721e-03
2.971165335350072e-03
4.006167079952090e-03
5.390061073075669e-03
7.196320344144623e-03
9.589578880401399e-03
1.271490316497453e-02
1.678842994775713e-02
2.204132329523860e-02
2.889117399573865e-02
3.761813953627979e-02
4.869771001476961e-02
6.262495966119035e-02
8.005705834613223e-02
1.016108316533805e-01
1.279519340910493e-01
1.597310962228970e-01
1.978683471611244e-01
2.427032796304264e-01
2.945295556037356e-01
3.535297735897974e-01
4.189668655438996e-01
4.898499588299980e-01
5.646862295969030e-01
6.407318112331984e-01
7.155263837478306e-01
7.853122977489209e-01
8.474864171589758e-01
8.996082374057295e-01
9.447499814243728e-01
9.999999994231787e-01
1.000000000000000e+00
1.000000000000000e+00
1.000000000000000e+00
1.000000000000000e+00
1.000000000000000e+00
1.000000000000000e+00
1.000000000000000e+00
1.000000000000000e+00
1.000000000000000e+00
###1.560000000000001e+01
-5.336206204305578e-11
-1.942737436631676e-10
1.008662660807751e-09
4.330848047211710e-10
6.728830908678759e-10
7.035518546350479e-10
2.473699190285397e-10
1.101036843120712e-09
1.237695367776856e-09
1.346540823775089e-09
1.500560382935557e-09
1.587106468884854e-09
1.714152759290203e-09
1.794127548065896e-09
2.072212573142678e-09
2.337982754123810e-09
2.694831493719239e-09
3.161405427540576e-09
3.781907904478737e-09
4.549447177961577e-09
5.603042877684697e-09
7.089072249423585e-09
9.124401832669260e-09
1.195585327123130e-08
1.585261978602330e-08
2.127244280122871e-08
2.906393708061337e-08
3.998703930679671e-08
5.556200854435566e-08
7.779097896245587e-08
1.091036736079786e-07
1.537933162532708e-07
2.171273704365948e-07
3.069725461638561e-07
4.345562085148688e-07
6.155391037762475e-07
8.720908177414930e-07
1.234837903966450e-06
1.749108289237280e-06
2.466868235410068e-06
3.492908111169643e-06
4.930192691573316e-06
6.952073405914440e-06
9.786583707064921e-06
1.375746915344234e-05
1.930918822285178e-05
2.704905195805911e-05
3.782718168730588e-05
5.278078789432632e-05
7.360632426360436e-05
1.023204624288662e-04
1.420572275166679e-04
1.965307647601138e-04
2.717158872496956e-04
3.737645435809637e-04
5.131242371865366e-04
7.026177916219901e-04
9.603929401693341e-04
1.308717051100889e-03
1.777214540230529e-03
2.407044613305882e-03
3.247482232505567e-03
4.369020977308946e-03
5.865168267511583e-03
7.812516223005741e-03
1.038600716032782e-02
1.373774091928870e-02
1.809489622401110e-02
2.369621824469137e-02
3.097928939225363e-02
4.022915757004269e-02
5.193328046507301e-02
6.659608049897718e-02
8.487900269918358e-02
1.074015313808141e-01
1.348164264999450e-01
1.677440843449814e-01
2.070875663698982e-01
2.531181099255836e-01
3.060412044887603e-01
3.659635702842710e-01
4.320414773715185e-01
5.031511865974572e-01
5.777432065883110e-01
6.530156144934433e-01
7.265240700729870e-01
7.946072245753075e-01
8.548163959694542e-01
9.048981644700314e-01
9.479039421086221e-01
9.999999994231787e-01
1.000000000000000e+00
1.000000000000000e+00
1.000000000000000e+00
1.000000000000000e+00
1.000000000000000e+00
1.000000000000000e+00
1.000000000000000e+00
1.000000000000000e+00
1.000000000000000e+00
