# NLO BK equation solver 0.0-dev build  (build Oct 13 2025 12:18:44)
# Initial condition: MV model, Q_s0^2 = 0.088732 GeV^2, \gamma = 2.24635, coefficient of E inside Log is 1, x0=0.01, \Lambda_QCD = 0.241 GeV
# # LO Kernel RC:  Parent dipole. NLO Kernel RC:  Parent dipole
# Nc=3, Nf=4
# Using RungeKutta method in K1
# Resumming double log
# Resumming single log, K_sub=0.65 resum rc: parent
# BK K1 integration relative accuracy: 0.02# NLO BK as^2 terms: MC integration method: Vegas, points=1000000
# Kinematical constraint: none
# Target kinematical constraint: disabled

###1.000000000000000e-05
###1.160836920850890e+00
###100
###1.000000000000000e+00
###0.000000000000000e+00
4.821865394474707e-25
9.314875408657388e-25
1.799202053817896e-24
3.474740244795349e-24
6.709695581475883e-24
1.295447598968290e-23
2.500759257760299e-23
4.826777758711612e-23
9.314819080688528e-23
1.797303854539671e-22
3.467342454052307e-22
6.688030378708245e-22
1.289804981838977e-21
2.486979136925975e-21
4.794467694035963e-21
9.241162574024316e-21
1.780854709220122e-20
3.431181096521591e-20
6.609514683147454e-20
1.272927536477307e-19
2.450999681907092e-19
4.718298981776061e-19
9.080867229852807e-19
1.747293111653726e-18
3.361224609594882e-18
6.464266396151376e-18
1.242874702411038e-17
2.389010861201938e-17
4.590792619250130e-17
8.819255236001807e-17
1.693739221401235e-16
3.251824276443113e-16
6.241209394398504e-16
1.197475469933106e-15
2.296759162116637e-15
4.403619131201441e-15
8.440024674495479e-15
1.617004640558626e-14
3.096748863756709e-14
5.928176490665470e-14
1.134356506826545e-13
2.169620720403695e-13
4.147782672624950e-13
7.925702668690044e-13
1.513702122888396e-12
2.889446920928215e-12
5.512530440933580e-12
1.051088039270437e-11
2.002941832889358e-11
3.814411659864001e-11
7.259472976768999e-11
1.380666421115906e-10
2.624012647537312e-10
4.983374063476893e-10
9.456882037604527e-10
1.793186980562970e-09
3.397365611054589e-09
6.431081332901984e-09
1.216288839734212e-08
2.298194426140934e-08
4.338314873423599e-08
8.181398195809049e-08
1.541329383527526e-07
2.900788719797627e-07
5.453599864946614e-07
1.024222021436873e-06
1.921542174317622e-06
3.601282148545757e-06
6.742616097861494e-06
1.261191423984620e-05
2.356928644786649e-05
4.401091158579007e-05
8.212392675122082e-05
1.531550189505237e-04
2.855030048634077e-04
5.320840679819971e-04
9.915470943249183e-04
1.847883422499086e-03
3.444303750547162e-03
6.420533285212082e-03
1.196573908055398e-02
2.227563221613083e-02
4.134545924829602e-02
7.622598247765811e-02
1.385900659990623e-01
2.452072107172869e-01
4.123819630811895e-01
6.347784709091169e-01
8.523325525872844e-01
9.737767587305535e-01
9.990387398206455e-01
9.999983008133742e-01
9.999999999912367e-01
1.000000000000000e+00
1.000000000000000e+00
1.000000000000000e+00
1.000000000000000e+00
1.000000000000000e+00
1.000000000000000e+00
1.000000000000000e+00
###4.000000000000000e-01
-3.022358526119248e-12
-2.236124978254658e-12
7.015408817516772e-12
-7.100151137295491e-12
-1.316452476564828e-11
-1.373487500164724e-11
3.192147192042665e-12
1.921572555349329e-12
-4.047322946741179e-12
-3.193090048881561e-13
-5.775684105199000e-12
4.683541471834689e-12
1.308485609633066e-12
-4.121631494422376e-12
1.740057709068859e-12
-6.200728612053510e-12
7.668959155115814e-12
2.827376067663083e-12
4.711632299400755e-12
2.279824990651586e-12
5.328844623631711e-12
6.302560191646949e-12
1.592416627472436e-11
2.159741017433535e-11
2.546197852780709e-11
3.014707720429804e-11
4.550181259857487e-11
5.681675249440025e-11
8.286963507432286e-11
1.131547529765967e-10
1.475856673302155e-10
1.967432366708063e-10
2.645933463664166e-10
3.456448237986435e-10
4.672232964748409e-10
6.162208766742233e-10
8.178949308779060e-10
1.078431021579642e-09
1.410754633383703e-09
1.850870815583342e-09
2.436394786092028e-09
3.156448967970728e-09
4.143111615176364e-09
5.391604268377351e-09
7.001391911219062e-09
9.127177110734824e-09
1.190259369685107e-08
1.553860434895342e-08
2.035029100859147e-08
2.680280593477477e-08
3.543048689363836e-08
4.780314719799804e-08
6.418264591891946e-08
8.893638742446607e-08
1.248659705994633e-07
1.766050306698312e-07
2.554283817415726e-07
3.743418801498590e-07
5.589223911801873e-07
8.435325858302343e-07
1.283791499108309e-06
1.973681329716279e-06
3.066561254144883e-06
4.775817361428538e-06
7.472806515210792e-06
1.170034429178117e-05
1.840684301465967e-05
2.902579042977034e-05
4.591484657116641e-05
7.304235738154522e-05
1.161641101270831e-04
1.851209618267786e-04
2.974147944437818e-04
4.813521550444942e-04
7.834799657247847e-04
1.283921449940903e-03
2.123404361418419e-03
3.541906880726893e-03
5.962824993013627e-03
1.014009115799237e-02
1.737752432708942e-02
2.997963778094001e-02
5.196581043800836e-02
9.004399353880252e-02
1.548097260948308e-01
2.608423704867923e-01
4.206021830132609e-01
6.271464369322269e-01
8.283090511758545e-01
9.489712994767648e-01
9.867740944310801e-01
9.999983008133742e-01
9.999999999912367e-01
1.000000000000000e+00
1.000000000000000e+00
1.000000000000000e+00
1.000000000000000e+00
1.000000000000000e+00
1.000000000000000e+00
1.000000000000000e+00
###8.000000000000000e-01
1.283942157467667e-11
-1.319690473816363e-10
-2.546516005099098e-11
2.152381145513450e-12
-4.255958551030006e-12
-2.871000447509443e-11
5.049744497374626e-12
2.143333779794094e-12
-1.323082849579260e-11
-5.706681585385771e-12
-7.016472023381646e-12
1.241365786200870e-11
3.026548880751969e-12
-5.612926105902038e-12
4.423747910554904e-13
-5.721914047711848e-12
8.704654421501298e-12
5.991401373804195e-12
1.042636439610904e-11
1.346551356806963e-11
1.064337598777683e-11
1.783021757163970e-11
2.695699861298623e-11
3.962010400210959e-11
5.105368295951435e-11
6.806077816373771e-11
9.482790974833505e-11
1.223834811234100e-10
1.714596393153313e-10
2.298379552712186e-10
3.058568968846465e-10
4.069210202446531e-10
5.443644505273501e-10
7.139514655489249e-10
9.576683100757672e-10
1.244721546015594e-09
1.674120209804386e-09
2.210977198868975e-09
2.883350013000372e-09
3.793731254694894e-09
5.003543667581054e-09
6.470839501069059e-09
8.518722104533943e-09
1.118752630748862e-08
1.447388826545865e-08
1.905780942908826e-08
2.487970742898494e-08
3.289307251880146e-08
4.339407150930620e-08
5.801651693665063e-08
7.787705602521234e-08
1.058777221392267e-07
1.455278113638643e-07
2.039109160353635e-07
2.891889975865673e-07
4.160664734837490e-07
6.059669376988542e-07
8.929911230222815e-07
1.333460006483457e-06
2.009228213104868e-06
3.049527057679125e-06
4.628331533105320e-06
7.136055017430396e-06
1.096002091152290e-05
1.689271861577570e-05
2.598981824393646e-05
4.021957610461988e-05
6.205110204788160e-05
9.600100110513958e-05
1.466185737753802e-04
2.306944062093841e-04
3.575411542134507e-04
5.557194871545324e-04
8.677184305459605e-04
1.360230894337969e-03
2.139298147268019e-03
3.390508915697254e-03
5.404961092744444e-03
8.683305458751525e-03
1.407346672490430e-02
2.298213526753846e-02
3.779736561978501e-02
6.247886813888644e-02
1.034500438954727e-01
1.702269399443447e-01
2.754089496684317e-01
4.283727278270665e-01
6.211084377419575e-01
8.082964240289086e-01
9.276448323448904e-01
9.752508342314843e-01
9.999983008133742e-01
9.999999999912367e-01
1.000000000000000e+00
1.000000000000000e+00
1.000000000000000e+00
1.000000000000000e+00
1.000000000000000e+00
1.000000000000000e+00
1.000000000000000e+00
###1.200000000000000e+00
1.059006811261760e-11
-1.321892991019792e-10
-3.479147992772679e-11
-9.853653485935211e-13
-9.666111849138719e-12
-2.280638053158293e-11
4.817167656708407e-12
6.026865190884913e-12
-1.516001652590064e-11
6.559257547346929e-13
-6.695129261961103e-12
1.734885006657786e-11
5.265844192560580e-12
-4.204522203655298e-12
3.404149815441569e-12
-2.574287539575913e-12
2.366182128034622e-11
1.210229307925689e-11
1.747615600506515e-11
2.649009239748909e-11
2.536562977672396e-11
3.218746444989202e-11
4.261938736709511e-11
5.987172264114755e-11
8.135810611761298e-11
1.132558466293065e-10
1.496379917569824e-10
1.933534987597355e-10
2.676105401579003e-10
3.524533782180377e-10
4.772679117290484e-10
6.345628637574104e-10
8.406202192264544e-10
1.109579279606681e-09
1.475529644995404e-09
1.944485264661832e-09
2.581800553240409e-09
3.400854634376152e-09
4.444548179111852e-09
5.848568241213617e-09
7.724155052385295e-09
1.002686873922490e-08
1.317272413487070e-08
1.740441920324595e-08
2.265315559800116e-08
3.000370873519081e-08
3.932713484590929e-08
5.275305991444286e-08
7.029270655792402e-08
9.507383864750359e-08
1.294199703968996e-07
1.781988725213066e-07
2.490892512554100e-07
3.530939345638704e-07
5.056729433504037e-07
7.336554069745449e-07
1.077388175149537e-06
1.596012872685362e-06
2.379412253527517e-06
3.580130237643890e-06
5.418710633758670e-06
8.202878286768255e-06
1.250040067527305e-05
1.908692502590940e-05
2.912847879932246e-05
4.436676876664803e-05
6.792566171140033e-05
1.034885483379017e-04
1.579937012990614e-04
2.396449020765117e-04
3.688950173722633e-04
5.627682904617042e-04
8.586027336881945e-04
1.314703167581346e-03
2.017898593865893e-03
3.100044313186759e-03
4.792129853058970e-03
7.433523148408350e-03
1.159435930494190e-02
1.821188747122359e-02
2.877446057805695e-02
4.571817131330499e-02
7.291937706855511e-02
1.164961853997369e-01
1.849460693950198e-01
2.891089306933028e-01
4.358476089940344e-01
6.165296768534110e-01
7.916912693969768e-01
9.093458903729491e-01
9.646561580382375e-01
9.999983008133742e-01
9.999999999912367e-01
1.000000000000000e+00
1.000000000000000e+00
1.000000000000000e+00
1.000000000000000e+00
1.000000000000000e+00
1.000000000000000e+00
1.000000000000000e+00
###1.600000000000000e+00
2.463700191597641e-11
-1.169702406818265e-10
-3.905418854859002e-11
2.846664707265636e-11
-4.303921211567509e-12
-2.115573998015178e-11
5.846704149825430e-12
9.889516427307909e-12
-7.833889160149306e-12
2.142994248557393e-11
-1.505589773960999e-12
2.828559239491610e-11
1.033065111378019e-11
2.845270635983116e-12
7.949806301821720e-12
2.817824045676214e-12
2.369336184412812e-11
1.519426752098720e-11
2.697021218431794e-11
3.839079291585100e-11
3.619824004745915e-11
4.614152222132266e-11
6.004011647206136e-11
8.501148526845884e-11
1.169331460003861e-10
1.572780512241922e-10
2.092824233700824e-10
2.729489865784286e-10
3.716786797058591e-10
4.901547335953055e-10
6.595644251983624e-10
8.756866617815360e-10
1.161184491696242e-09
1.533311225290952e-09
2.027890818312286e-09
2.679352253725392e-09
3.536703732774488e-09
4.664492804739888e-09
6.121650468188358e-09
8.043556174941151e-09
1.062789062645353e-08
1.389610901127389e-08
1.829630587795874e-08
2.422451827606947e-08
3.183509031569534e-08
4.237252420213771e-08
5.593589578362561e-08
7.613920820151290e-08
1.024116576624211e-07
1.401879559140202e-07
1.933676997765767e-07
2.694890876289672e-07
3.812925670533492e-07
5.451638142442458e-07
7.873979760418538e-07
1.151089100273341e-06
1.697217338154790e-06
2.523912497829943e-06
3.752810504898057e-06
5.639958936899755e-06
8.507097180288383e-06
1.282780386644729e-05
1.941176834698188e-05
2.944754926279694e-05
4.456143387796259e-05
6.741892368558161e-05
1.021867140990318e-04
1.543458038822366e-04
2.330138380152165e-04
3.507043318164315e-04
5.322069744227666e-04
8.025445173674384e-04
1.208447086138536e-03
1.824028970527633e-03
2.758530747542794e-03
4.167281402647778e-03
6.329827490240680e-03
9.625826583819034e-03
1.469490739720733e-02
2.254680306416922e-02
3.474340683251963e-02
5.373234105896179e-02
8.329727713737123e-02
1.292235253744451e-01
1.990681609890580e-01
3.021058880354870e-01
4.431501076485069e-01
6.132858721492417e-01
7.780228265760287e-01
8.937325427573202e-01
9.550455963908441e-01
9.999983008133742e-01
9.999999999912367e-01
1.000000000000000e+00
1.000000000000000e+00
1.000000000000000e+00
1.000000000000000e+00
1.000000000000000e+00
1.000000000000000e+00
1.000000000000000e+00
###2.000000000000000e+00
1.379786533385952e-11
-1.256447850406044e-10
-3.868965153780065e-11
3.501975048058749e-11
-3.312098805091348e-12
-1.882342535459437e-11
-1.407900962956756e-11
1.642510343862064e-11
-7.210190613732242e-12
2.384976132114435e-11
2.345446440980402e-12
2.960802121217824e-11
1.563593974190711e-11
3.727136577715299e-12
1.199556782862257e-11
1.548814695089513e-11
3.007628353885359e-11
2.464218435443809e-11
3.407722405353468e-11
4.521848759685547e-11
5.222753173702066e-11
5.837730110471422e-11
8.769713689854691e-11
1.176273593618392e-10
1.516427792360338e-10
2.043442176422868e-10
2.725145977286682e-10
3.582179874580114e-10
4.828543116771960e-10
6.372078296792427e-10
8.528541956210840e-10
1.131786891226455e-09
1.502109975284190e-09
1.984235537478038e-09
2.617513516270698e-09
3.464706607364285e-09
4.564944848563514e-09
6.021171787340462e-09
7.937306076053482e-09
1.042575929441547e-08
1.379332414257662e-08
1.813483851359926e-08
2.399983974911537e-08
3.190524568151754e-08
4.235643522115228e-08
5.682779288606586e-08
7.586770841938219e-08
1.038684578979778e-07
1.412924267987442e-07
1.955898594127759e-07
2.729987853139586e-07
3.847314657932467e-07
5.492394075743526e-07
7.916038070349445e-07
1.151284735258217e-06
1.689977138839621e-06
2.492736003997520e-06
3.717835772258752e-06
5.515974555455547e-06
8.274042485769699e-06
1.243418564505563e-05
1.865595654708540e-05
2.808209071214034e-05
4.232333279004617e-05
6.364434869908561e-05
9.557289168548460e-05
1.436420367065141e-04
2.153900091292201e-04
3.221186753405468e-04
4.814015065312795e-04
7.224164211927098e-04
1.078852461196183e-03
1.607472256141693e-03
2.398565099045027e-03
3.583997358630564e-03
5.343060376329112e-03
8.003187889593699e-03
1.197987316117971e-02
1.797860861367584e-02
2.707170750459411e-02
4.089905126390708e-02
6.184290077756663e-02
9.362205447909859e-02
1.416726623557582e-01
2.126750966184331e-01
3.145301595529209e-01
4.503898031097717e-01
6.112559278506187e-01
7.669164759672625e-01
8.805088321546328e-01
9.464864494197928e-01
9.999983008133742e-01
9.999999999912367e-01
1.000000000000000e+00
1.000000000000000e+00
1.000000000000000e+00
1.000000000000000e+00
1.000000000000000e+00
1.000000000000000e+00
1.000000000000000e+00
###2.400000000000000e+00
1.263078444428619e-11
-1.378253369393445e-10
-4.018430508933256e-11
3.239892722596158e-11
-1.909342187754289e-11
-1.269979285895249e-11
-1.261676261292156e-11
1.638685046811065e-11
-9.339565203112839e-12
2.938950094217909e-11
-1.470524591191724e-12
2.508095072378419e-11
1.666348070758811e-11
6.826453458386009e-12
1.503601004778921e-11
1.892892465058092e-11
4.500124908878278e-11
3.503583546546001e-11
3.218794378015110e-11
4.927735140663109e-11
6.414812514797123e-11
7.425777333844786e-11
1.093293938979682e-10
1.511960900608383e-10
1.895957047376747e-10
2.555574265810034e-10
3.407529385225306e-10
4.484838741275855e-10
6.000969132570443e-10
7.942648504742364e-10
1.058782252349911e-09
1.406978164555050e-09
1.861174916589587e-09
2.462226004223366e-09
3.251073011352027e-09
4.306983240215997e-09
5.673415429202534e-09
7.490997472528003e-09
9.914890462642586e-09
1.304165475494072e-08
1.730813172440944e-08
2.288649851741202e-08
3.043612077727742e-08
4.075127575856078e-08
5.457393003572598e-08
7.378493518682865e-08
9.973964560771452e-08
1.375952624161268e-07
1.889732826739779e-07
2.641861376765661e-07
3.717386617513653e-07
5.293011684537988e-07
7.619072752636832e-07
1.105521169966309e-06
1.613643906622727e-06
2.372484150428724e-06
3.507962587310749e-06
5.221457522587581e-06
7.730421993028707e-06
1.156377688627149e-05
1.731476432373545e-05
2.585913887478617e-05
3.871667906671958e-05
5.802202908800964e-05
8.674098480659231e-05
1.293816642318089e-04
1.930147162763207e-04
2.873398796063898e-04
4.264584053810450e-04
6.330778296687823e-04
9.413356517659994e-04
1.393703092481712e-03
2.057532573183657e-03
3.040472013581215e-03
4.496665237657848e-03
6.628800703042579e-03
9.811380490330177e-03
1.449499582600211e-02
2.144292388489834e-02
3.177873488942740e-02
4.721285253208524e-02
7.004579147959049e-02
1.039192918670485e-01
1.538880566184967e-01
2.258552189160263e-01
3.264999023983071e-01
4.576275062348810e-01
6.103260354916199e-01
7.580599496941918e-01
8.694083707206733e-01
9.389571007640366e-01
9.999983008133742e-01
9.999999999912367e-01
1.000000000000000e+00
1.000000000000000e+00
1.000000000000000e+00
1.000000000000000e+00
1.000000000000000e+00
1.000000000000000e+00
1.000000000000000e+00
###2.800000000000000e+00
9.180651937596368e-12
-1.330802483508431e-10
-3.843268613067143e-11
2.786029655477435e-11
-1.747787377942294e-11
-6.771306417894245e-12
-1.130217658675906e-11
1.816603247873227e-11
-3.822348219999960e-12
3.633112018082555e-11
-3.359264695917160e-13
2.255914388092625e-11
1.411206089297802e-11
1.019153296399215e-11
1.061082403606267e-11
2.873047604985688e-11
4.862815559460241e-11
4.045225691645474e-11
4.930722880626853e-11
5.638127401633698e-11
7.860697593697751e-11
9.534837368263479e-11
1.331931506564710e-10
1.878285430774364e-10
2.307688912317337e-10
3.132804361079540e-10
4.045224354366032e-10
5.449227064292733e-10
7.214668240806145e-10
9.621008839705875e-10
1.280395678293224e-09
1.701039891257269e-09
2.251159382814723e-09
2.976360234361577e-09
3.933772705337537e-09
5.222153799571538e-09
6.885408477598647e-09
9.093788634513604e-09
1.208757519285833e-08
1.595305386615411e-08
2.126333840937522e-08
2.828502227840458e-08
3.784474724016107e-08
5.100692924275525e-08
6.891961815866100e-08
9.392714370867024e-08
1.284399080403910e-07
1.785381982513016e-07
2.476451745191449e-07
3.488536310664763e-07
4.960079734931384e-07
7.104109528212602e-07
1.028660230477699e-06
1.498444606562337e-06
2.193115600047078e-06
3.227482310635578e-06
4.774514956966273e-06
7.095269581064516e-06
1.048364624297291e-05
1.561440691321107e-05
2.329499984836610e-05
3.462295615729892e-05
5.158440547712883e-05
7.687176053447927e-05
1.141964065793866e-04
1.693877916742745e-04
2.509774085486181e-04
3.712170215389689e-04
5.472096760429675e-04
8.071059955693389e-04
1.190579359581644e-03
1.748972512148049e-03
2.561839345857604e-03
3.752498761778176e-03
5.499195442686021e-03
8.031204972878209e-03
1.175794068149087e-02
1.717210886913518e-02
2.508759307451710e-02
3.666886296733933e-02
5.368648958359202e-02
7.834158730013689e-02
1.141885532778987e-01
1.659025666955401e-01
2.386767618599781e-01
3.381292604772351e-01
4.649283930083369e-01
6.104090855931726e-01
7.511464505246340e-01
8.601927992702819e-01
9.324407407469800e-01
9.999983008133742e-01
9.999999999912367e-01
1.000000000000000e+00
1.000000000000000e+00
1.000000000000000e+00
1.000000000000000e+00
1.000000000000000e+00
1.000000000000000e+00
1.000000000000000e+00
###3.200000000000000e+00
1.929638601732490e-11
-1.334903972651249e-10
-4.785567907609608e-11
3.254594314043306e-11
-1.619190177346699e-11
-1.078351503615906e-11
6.352732283615781e-13
2.065964687098893e-11
-6.106336621572838e-12
4.129915383939116e-11
5.691882041139476e-12
2.812336952668916e-11
1.962130208640345e-11
3.186260238488809e-11
1.497852812813440e-11
3.831067454252196e-11
5.092703688191870e-11
4.781985632349288e-11
5.912637199682043e-11
7.077798445787372e-11
9.672289140071517e-11
1.252974622891582e-10
1.606476907688928e-10
2.238269065182131e-10
2.886676037683052e-10
3.693044320003739e-10
4.845479606516025e-10
6.484918331842728e-10
8.602918462443286e-10
1.143268257526024e-09
1.521388114738149e-09
2.013129004930181e-09
2.675447420630194e-09
3.531911962421021e-09
4.672590250774890e-09
6.217610000997311e-09
8.210054771788542e-09
1.087361799328411e-08
1.451800288260237e-08
1.925240253057670e-08
2.575318975450488e-08
3.448336555276217e-08
4.647066833503325e-08
6.304872435760803e-08
8.596912638338935e-08
1.181065130276993e-07
1.632246106380992e-07
2.284040678708098e-07
3.201014184502598e-07
4.532905183152090e-07
6.493875729026509e-07
9.356568174755765e-07
1.358680978448980e-06
1.986309632025985e-06
2.911230236879466e-06
4.285070906323941e-06
6.333044382332253e-06
9.391664161542724e-06
1.384208408008908e-05
2.052949468028510e-05
3.051152480657417e-05
4.513958150901193e-05
6.692644246947708e-05
9.923122283507526e-05
1.465448734781003e-04
2.161753014378728e-04
3.181927541323075e-04
4.680097365932671e-04
6.855541388333646e-04
1.004964158763264e-03
1.472021878074597e-03
2.146555790770275e-03
3.122035325595712e-03
4.536389415257047e-03
6.593408000017149e-03
9.549286305126232e-03
1.384318725438693e-02
2.000810475626976e-02
2.890772959750371e-02
4.174678597828348e-02
6.031494826724358e-02
8.673244474961266e-02
1.244460268796214e-01
1.777575748035976e-01
2.512148390152508e-01
3.494817109847497e-01
4.723477255441295e-01
6.114105043940938e-01
7.459536047202516e-01
8.526667850240355e-01
9.268864159963652e-01
9.999983008133742e-01
9.999999999912367e-01
1.000000000000000e+00
1.000000000000000e+00
1.000000000000000e+00
1.000000000000000e+00
1.000000000000000e+00
1.000000000000000e+00
1.000000000000000e+00
###3.600000000000000e+00
3.768929697030665e-11
-1.323380884289209e-10
-5.891096413138908e-11
6.400657236001431e-11
-1.826125688394197e-11
-3.820336193609807e-11
3.851194043532546e-12
2.087027754300113e-11
-1.502803304290111e-12
4.368031988765279e-11
8.016675638602088e-12
3.156120693120066e-11
2.269471569673726e-11
3.459519090453645e-11
2.016011663973163e-11
3.899926580254506e-11
5.521877884358021e-11
5.468231359671803e-11
7.041116256189871e-11
8.706982045671892e-11
1.151443723293546e-10
1.481926937626728e-10
1.897685444784398e-10
2.605195524629103e-10
3.389382837508161e-10
4.351951475291402e-10
5.714982610517909e-10
7.612951130377075e-10
1.042071772981868e-09
1.340436113844751e-09
1.778262934809744e-09
2.356303207263591e-09
3.135391657994773e-09
4.143198923471677e-09
5.483112597787357e-09
7.320945084315089e-09
9.687758488955276e-09
1.286724662845585e-08
1.726421280124231e-08
2.299056468102845e-08
3.093522230057374e-08
4.170664444688927e-08
5.658697801520415e-08
7.736206415497932e-08
1.063679046918050e-07
1.472679483832918e-07
2.052398878573459e-07
2.894038423505762e-07
4.089258988976429e-07
5.816796843190617e-07
8.376640739522431e-07
1.211499269696852e-06
1.764403805836219e-06
2.584156756298072e-06
3.790726144611803e-06
5.572567844518172e-06
8.226674552778166e-06
1.216880817270580e-05
1.789039284020651e-05
2.643054150766169e-05
3.912811955126173e-05
5.761107244491532e-05
8.505490982801884e-05
1.254530118989958e-04
1.842509265143431e-04
2.704440980987830e-04
3.956369447606894e-04
5.787274525562105e-04
8.427412092119884e-04
1.228287447592858e-03
1.787389332562135e-03
2.588978395184484e-03
3.740490505258208e-03
5.397450033810641e-03
7.782418318131999e-03
1.118353197124929e-02
1.606729487318456e-02
2.300702684729298e-02
3.290529394296438e-02
4.700557039560984e-02
6.709967080144597e-02
9.521893152517151e-02
1.346977254708665e-01
1.894826184933103e-01
2.635054500153332e-01
3.606281408554302e-01
4.799242068794010e-01
6.132514928213152e-01
7.422676485711215e-01
8.466492894550751e-01
9.222429542578807e-01
9.999983008133742e-01
9.999999999912367e-01
1.000000000000000e+00
1.000000000000000e+00
1.000000000000000e+00
1.000000000000000e+00
1.000000000000000e+00
1.000000000000000e+00
1.000000000000000e+00
###4.000000000000000e+00
3.906067496923686e-11
-1.287878646454163e-10
-6.430871039563078e-11
8.196594595803528e-11
-8.883211380471097e-13
-3.531520355501352e-11
4.551037598417431e-11
2.127773655389926e-11
1.791929290367225e-12
4.493708224910985e-11
1.689722412240998e-11
3.399776759468980e-11
1.710782551765992e-11
3.590883318136979e-11
2.749228299115763e-11
4.059488037902490e-11
5.985261665991291e-11
6.606287377395458e-11
8.430474414553250e-11
1.020096781216274e-10
1.345973295057934e-10
1.729476819818468e-10
2.245899823761909e-10
3.030926361535843e-10
3.922846640886836e-10
5.071165432422977e-10
6.664417471373387e-10
8.818708821256135e-10
1.200515047564041e-09
1.550407517507492e-09
2.062251169700112e-09
2.734000074150209e-09
3.637621495611204e-09
4.817003638650398e-09
6.381063983687088e-09
8.553242951742838e-09
1.134452324453416e-08
1.512570838070224e-08
2.041035711363721e-08
2.730814696090215e-08
3.698379509868267e-08
5.019641272460981e-08
6.859318225206231e-08
9.441578710405082e-08
1.309022509921417e-07
1.825493580574584e-07
2.562923823670241e-07
3.637010183435360e-07
5.169516728476757e-07
7.390409491041215e-07
1.068006879496147e-06
1.550324229056663e-06
2.259662729063867e-06
3.311426907649097e-06
4.851505564094286e-06
7.127100999226970e-06
1.050339895100666e-05
1.546539908052025e-05
2.271648822873425e-05
3.342444444522985e-05
4.930294605858644e-05
7.227531321984810e-05
1.062542227973983e-04
1.559485967162274e-04
2.278471142960410e-04
3.327383474546979e-04
4.842946529837094e-04
7.044265991699397e-04
1.020191803777080e-03
1.478727199844019e-03
2.137973315020647e-03
3.078290604782065e-03
4.420041165437998e-03
6.335882005717036e-03
9.069105227073574e-03
1.293624615482075e-02
1.842659924354961e-02
2.616866397368960e-02
3.707969101786826e-02
5.243916358865765e-02
7.403888907961211e-02
1.038115320406635e-01
1.449662958127085e-01
2.011073799397888e-01
2.756340929957489e-01
3.716422633063313e-01
4.876623089118948e-01
6.158702121245914e-01
7.399222017282731e-01
8.419736222000310e-01
9.184363212232798e-01
9.999983008133742e-01
9.999999999912367e-01
1.000000000000000e+00
1.000000000000000e+00
1.000000000000000e+00
1.000000000000000e+00
1.000000000000000e+00
1.000000000000000e+00
1.000000000000000e+00
###4.399999999999999e+00
3.132618157186234e-11
-1.321747903515484e-10
-7.141525653213317e-11
9.363891411889534e-11
2.286663536194224e-12
-2.626095316264968e-11
1.023834830098041e-10
2.691431755437412e-11
8.306804412360539e-12
4.661652388494077e-11
1.594355703599278e-11
3.779097994138973e-11
1.896897567774226e-11
4.323806886650754e-11
3.119112239948089e-11
4.493004507880998e-11
6.776729891904076e-11
8.396524724000614e-11
9.810453388881080e-11
1.168636942074411e-10
1.575376518522875e-10
1.995403748232821e-10
2.600837908001478e-10
3.466915722467469e-10
4.495149217115289e-10
5.835415682776800e-10
7.665039916519428e-10
1.013398190598499e-09
1.371619560935658e-09
1.782879244952878e-09
2.368856814987613e-09
3.148791142600296e-09
4.186687491474271e-09
5.560565149103147e-09
7.386941875718342e-09
9.935879371258192e-09
1.322108940165892e-08
1.770702222372455e-08
2.397489646682310e-08
3.235206892759264e-08
4.408623612677441e-08
6.023023301864275e-08
8.283702039861988e-08
1.148459607244947e-07
1.603984177688178e-07
2.251354827795331e-07
3.199509627804998e-07
4.537419742522034e-07
6.480521540963384e-07
9.294074266996667e-07
1.348346843209500e-06
1.961022076380795e-06
2.859388941612973e-06
4.187102338192512e-06
6.125683731234162e-06
8.988432768259865e-06
1.321835531527543e-05
1.939438644912950e-05
2.841829643376647e-05
4.166491095121600e-05
6.119359094149368e-05
8.938084346608952e-05
1.308227989115690e-04
1.911050343452787e-04
2.778702815284596e-04
4.038747643188440e-04
5.849893613455481e-04
8.462345409511316e-04
1.219271117188267e-03
1.757866833910925e-03
2.526444486024249e-03
3.616893505478890e-03
5.162716529249658e-03
7.354308444997514e-03
1.045489184864769e-02
1.481203999938078e-02
2.092982598642156e-02
2.949323204005896e-02
4.143155186183826e-02
5.804994544065453e-02
8.112653737016705e-02
1.125119284425369e-01
1.552627513040540e-01
2.126627907158865e-01
2.876182528583070e-01
3.825733226289154e-01
4.955862630453871e-01
6.192036970568042e-01
7.387549451156176e-01
8.385101780717660e-01
9.154210499324889e-01
9.999983008133742e-01
9.999999999912367e-01
1.000000000000000e+00
1.000000000000000e+00
1.000000000000000e+00
1.000000000000000e+00
1.000000000000000e+00
1.000000000000000e+00
1.000000000000000e+00
###4.800000000000000e+00
3.248819955133897e-11
4.638894355772400e-11
-4.847140625682602e-11
9.612605441519904e-11
-6.401205742505144e-12
-2.142224096509514e-11
1.047560726607393e-10
2.815679026122475e-11
1.822416670468415e-11
5.305166977670785e-11
2.500212604693742e-11
4.493274339766189e-11
2.908010413894472e-11
5.184160099263512e-11
4.363873938948374e-11
5.343764412407014e-11
7.267458836775878e-11
9.714064982789086e-11
1.115864043469515e-10
1.416053874654856e-10
1.808008052258132e-10
2.310371290101412e-10
2.995360206960874e-10
3.969655252287966e-10
5.130362150048983e-10
6.676912310172200e-10
8.770545409674955e-10
1.155854947720117e-09
1.560825677575703e-09
2.040857844570173e-09
2.708117501236877e-09
3.602876120398033e-09
4.799440553996118e-09
6.393186794664453e-09
8.526879133231985e-09
1.150190383423109e-08
1.537154701620601e-08
2.071511930489328e-08
2.814978984434365e-08
3.821366591133754e-08
5.241992390378865e-08
7.219453358407385e-08
9.985027743233022e-08
1.393106688963908e-07
1.957820027767025e-07
2.765782234003372e-07
3.944226818529561e-07
5.624343935291914e-07
8.060232986078100e-07
1.158759084623055e-06
1.685730457668765e-06
2.453960138424700e-06
3.577448084248227e-06
5.235175251896810e-06
7.648285561084597e-06
1.119583352547997e-05
1.641933937079809e-05
2.401806175608771e-05
3.510378420498722e-05
5.128188730857211e-05
7.499108191302492e-05
1.091759181536697e-04
1.590697702670727e-04
2.313573738429868e-04
3.349130649503870e-04
4.844610359339604e-04
6.984304923113062e-04
1.005264893579032e-03
1.441213408936042e-03
2.067151421267824e-03
2.954624462926941e-03
4.206972994152054e-03
5.971155543169617e-03
8.455614995236223e-03
1.194357424589752e-02
1.680875912959307e-02
2.358016908083494e-02
3.298214553847627e-02
4.596030894474986e-02
6.383744057608194e-02
8.834468462498983e-02
1.213247899209898e-01
1.655985183438763e-01
2.241695469815153e-01
2.995058629033052e-01
3.934469674142468e-01
5.037197111258538e-01
6.231802124967911e-01
7.386369412209960e-01
8.361162141438768e-01
9.131238108187641e-01
9.999983008133742e-01
9.999999999912367e-01
1.000000000000000e+00
1.000000000000000e+00
1.000000000000000e+00
1.000000000000000e+00
1.000000000000000e+00
1.000000000000000e+00
1.000000000000000e+00
###5.200000000000000e+00
3.603170408200343e-11
4.718495546816513e-11
-4.725233109759797e-11
9.709920296533628e-11
-1.193049642370529e-11
-1.633146581995892e-11
1.016367902222057e-10
3.310815125884759e-11
2.141211928614709e-11
5.890901551626714e-11
3.255947448446537e-11
5.322594232461941e-11
3.657221925869489e-11
5.691236795932596e-11
5.056596904473040e-11
6.436552584961872e-11
8.426534721721023e-11
1.121530798575276e-10
1.316132236065920e-10
1.631125934567986e-10
1.905833419839826e-10
2.642893649383814e-10
3.439453850406010e-10
4.484750382698305e-10
5.820173620536313e-10
7.586556959907498e-10
9.964329317389709e-10
1.314156121295456e-09
1.767262945772870e-09
2.319893060735525e-09
3.083370020860151e-09
4.110350207979813e-09
5.486307554313000e-09
7.357385646452226e-09
9.814385659045398e-09
1.327671088049113e-08
1.784679894981183e-08
2.420937663858377e-08
3.304110683538667e-08
4.513935507318810e-08
6.233037897787349e-08
8.625805074774087e-08
1.201872872846646e-07
1.685821129233234e-07
2.382229100507448e-07
3.383470092702278e-07
4.840392336377689e-07
6.928238015009823e-07
9.959091153848371e-07
1.436174167090168e-06
2.090843654179346e-06
3.042848862573491e-06
4.431886177061742e-06
6.477986758458523e-06
9.448378119222507e-06
1.379731392096190e-05
2.017646044130976e-05
2.942607961703437e-05
4.289069563207583e-05
6.243056133861768e-05
9.092895074184420e-05
1.319207934293547e-04
1.914135723080318e-04
2.772460704835620e-04
3.995187930298325e-04
5.753428433527755e-04
8.256715270969676e-04
1.182655324868141e-03
1.687516041856815e-03
2.408484388276067e-03
3.424473265892713e-03
4.851134174032634e-03
6.848085502457480e-03
9.642831739591387e-03
1.353764066731233e-02
1.893108928701936e-02
2.637749940830831e-02
3.663787875965237e-02
5.066766610685745e-02
6.980254524440847e-02
9.572363301382650e-02
1.302570518795736e-01
1.759871197960710e-01
2.356537911397115e-01
3.113206787074627e-01
4.043047735433800e-01
5.120576496578887e-01
6.277503060283677e-01
7.394647393344339e-01
8.346990915524990e-01
9.114820505286093e-01
9.999983008133742e-01
9.999999999912367e-01
1.000000000000000e+00
1.000000000000000e+00
1.000000000000000e+00
1.000000000000000e+00
1.000000000000000e+00
1.000000000000000e+00
1.000000000000000e+00
###5.600000000000001e+00
1.831756333790867e-11
5.359857685102327e-11
-5.176497306632185e-11
1.015022479316686e-10
-3.549809297426832e-12
-1.136026825963847e-11
1.031844840124174e-10
6.541448311649179e-11
3.111131299820502e-11
6.920591582598954e-11
4.067936892578405e-11
6.589448782495683e-11
4.751598253658853e-11
6.877663157444766e-11
6.609292992743711e-11
7.852590517563717e-11
1.044094126954052e-10
1.297789329849761e-10
1.531371810586501e-10
1.900715260249297e-10
2.247880279197248e-10
3.053649623323043e-10
3.921951545071862e-10
5.128177152052810e-10
6.610170486712461e-10
8.610983978753440e-10
1.130218203606288e-09
1.490852546225936e-09
1.996931367900359e-09
2.632498417572420e-09
3.505935089328442e-09
4.682156297946379e-09
6.260049036833914e-09
8.420505415514776e-09
1.129697498593903e-08
1.531724889467403e-08
2.073188774209304e-08
2.829721950705341e-08
3.876733288012666e-08
5.329487944809764e-08
7.403925023612144e-08
1.030940768035433e-07
1.444112474544053e-07
2.035218567829253e-07
2.891477726731326e-07
4.123431625446217e-07
5.912118897072256e-07
8.486698101636314e-07
1.222477242235851e-06
1.764198281134293e-06
2.569659801304017e-06
3.741323830369546e-06
5.442956090670105e-06
7.942572007519553e-06
1.156106152584788e-05
1.684359666712457e-05
2.456471912724050e-05
3.571216204615670e-05
5.189577821878378e-05
7.527313433307928e-05
1.092234181222492e-04
1.578902588622825e-04
2.281654182600233e-04
3.291583720562394e-04
4.722955632945370e-04
6.773155291936544e-04
9.677592339198466e-04
1.379701112418198e-03
1.959745972067157e-03
2.783921745140194e-03
3.938359303498602e-03
5.551581298552113e-03
7.796023842232266e-03
1.091859625692159e-02
1.524009125417578e-02
2.118490917774552e-02
2.932746639361915e-02
4.046289616587344e-02
5.555668157573164e-02
7.594213755487760e-02
1.032690457840422e-01
1.393082162915098e-01
1.864402669064453e-01
2.471386967580791e-01
3.230916810926220e-01
4.151794988741176e-01
5.206116203316197e-01
6.328658543854677e-01
7.411141807052766e-01
8.341357890032465e-01
9.104640475574554e-01
9.999983008133742e-01
9.999999999912367e-01
1.000000000000000e+00
1.000000000000000e+00
1.000000000000000e+00
1.000000000000000e+00
1.000000000000000e+00
1.000000000000000e+00
1.000000000000000e+00
###6.000000000000001e+00
-3.250818676020045e-11
5.551816068446099e-11
-7.746511959445109e-12
1.060063476645913e-10
6.681417255782629e-12
-2.280238583809588e-12
1.022258050667166e-10
7.551665533215867e-11
3.875708490544973e-11
8.938930647223052e-11
4.472192902332796e-11
7.715104673226609e-11
6.091973381657900e-11
8.948907599301829e-11
8.324307755317383e-11
9.587293365545229e-11
1.239764117149525e-10
1.498125636343275e-10
1.775923908194085e-10
2.202913060376611e-10
2.636088997726593e-10
3.484878421235403e-10
4.468147171786339e-10
5.778185665636406e-10
7.469162972248828e-10
9.746816467788233e-10
1.277430945002354e-09
1.681664515429952e-09
2.253088428467980e-09
2.981467169527154e-09
3.977395265798048e-09
5.321654342475300e-09
7.143523117708845e-09
9.643523498737276e-09
1.300345706151630e-08
1.767430836815210e-08
2.407331292066958e-08
3.307473637746200e-08
4.550448220751436e-08
6.294590910071108e-08
8.792618408923173e-08
1.231202868312010e-07
1.732266822012403e-07
2.452673477254738e-07
3.497462678745007e-07
5.004951369880867e-07
7.189171551446092e-07
1.033988081208462e-06
1.491686037165091e-06
2.152434343112215e-06
3.135669206452477e-06
4.562367362112811e-06
6.629859958635187e-06
9.658611798833853e-06
1.402558107261085e-05
2.038136148133913e-05
2.964508356405636e-05
4.296822473787376e-05
6.224481459745356e-05
8.997538484636257e-05
1.300925174119049e-04
1.874000645538252e-04
2.697365363479849e-04
3.876780125368603e-04
5.540277333088872e-04
7.910675482693875e-04
1.125668736961172e-03
1.597747027714075e-03
2.259544215458999e-03
3.195199392295921e-03
4.498532595345084e-03
6.310889266747545e-03
8.818165548022755e-03
1.228596700650155e-02
1.705421813678417e-02
2.357099440224864e-02
3.243391371131768e-02
4.445933248310012e-02
6.063345848891564e-02
8.226574504697072e-02
1.109865939252520e-01
1.484883623073200e-01
1.969684812584914e-01
2.586421542371148e-01
3.348504018850771e-01
4.260855341655505e-01
5.293741764458646e-01
6.384671341851924e-01
7.435060913974514e-01
8.343423381460309e-01
9.099740674920025e-01
9.999983008133742e-01
9.999999999912367e-01
1.000000000000000e+00
1.000000000000000e+00
1.000000000000000e+00
1.000000000000000e+00
1.000000000000000e+00
1.000000000000000e+00
1.000000000000000e+00
###6.400000000000001e+00
-3.391004273254673e-11
6.563836124953611e-11
-5.189340838501401e-13
1.097537133755341e-10
-2.263418482302015e-12
1.891556510070603e-11
9.280867281249468e-11
7.008562974480995e-11
4.650632487863090e-11
9.815734802505022e-11
5.134878634704226e-11
8.347425832706191e-11
7.156530108336596e-11
9.857338982327478e-11
9.598012721124329e-11
1.116824606236582e-10
1.411856927274207e-10
1.698966790241438e-10
2.003964983461461e-10
2.471325926253878e-10
3.008239268161344e-10
3.931333892829757e-10
5.064949920817720e-10
6.476075611062791e-10
8.389514148169315e-10
1.095696119891665e-09
1.436126188803179e-09
1.894674675887879e-09
2.539747879672394e-09
3.370525411285971e-09
4.507743574873516e-09
6.050719087447424e-09
8.151427511230494e-09
1.104420227649073e-08
1.500235656233191e-08
2.042542957996219e-08
2.798202722853168e-08
3.868426614057203e-08
5.345164462950194e-08
7.436735723589889e-08
1.043531290393860e-07
1.468623030009260e-07
2.074614362775752e-07
2.948564204516415e-07
4.217884794648181e-07
6.051560928779213e-07
8.703830699740332e-07
1.253410846482634e-06
1.809219145012800e-06
2.609906708104464e-06
3.801833914017860e-06
5.525551781413346e-06
8.016451565534549e-06
1.165653934521171e-05
1.688565888620112e-05
2.447849418235651e-05
3.549932731759971e-05
5.130285066953356e-05
7.408705427166495e-05
1.067473590128299e-04
1.538020620753207e-04
2.207841529300555e-04
3.165884279574080e-04
4.532852786565777e-04
6.452061869686221e-04
9.176942820396850e-04
1.300508194173342e-03
1.838130165893917e-03
2.588429469584375e-03
3.644297362507944e-03
5.107115516495600e-03
7.131747444046990e-03
9.917601060848172e-03
1.374796911779271e-02
1.898350498990079e-02
2.609258688624146e-02
3.569662336736541e-02
4.862990908390241e-02
6.589396471048037e-02
8.877830711575473e-02
1.188749017214782e-01
1.578086319049342e-01
2.075850000747403e-01
2.701798889572120e-01
3.466027447001619e-01
4.370423820185835e-01
5.383367148479754e-01
6.445187109861374e-01
7.465570471977779e-01
8.352283973612888e-01
9.099685174302045e-01
9.999983008133742e-01
9.999999999912367e-01
1.000000000000000e+00
1.000000000000000e+00
1.000000000000000e+00
1.000000000000000e+00
1.000000000000000e+00
1.000000000000000e+00
1.000000000000000e+00
###6.800000000000002e+00
-3.873033183727808e-11
7.571890163612405e-11
2.790465089489123e-12
1.151318796470153e-10
-6.441021034509770e-12
2.977921689267359e-11
1.167085258239938e-10
6.930639741603365e-11
5.194407164817982e-11
9.918226438876869e-11
5.553175762335899e-11
8.502953880420358e-11
6.642308151306405e-11
1.055327309690741e-10
1.038137486992181e-10
1.246567100916837e-10
1.546630232000599e-10
1.836973823078845e-10
2.200949697239160e-10
2.727136098640768e-10
3.339948805157435e-10
4.354645743264456e-10
5.631787245756270e-10
7.231259078607284e-10
9.372654556441987e-10
1.225785308712545e-09
1.609892413309628e-09
2.131743768553468e-09
2.856611428216133e-09
3.805569514582179e-09
5.103974466987821e-09
6.877836249932411e-09
9.303318315363596e-09
1.265114396553075e-08
1.727948668293244e-08
2.364332144987273e-08
3.255239036390231e-08
4.525756769035494e-08
6.281169507116101e-08
8.784136537297823e-08
1.238313357195822e-07
1.749487720895916e-07
2.479301623806217e-07
3.535255279064999e-07
5.069672310137162e-07
7.289718942211924e-07
1.049015294301798e-06
1.511979451540259e-06
2.182638825744970e-06
3.150148651750527e-06
4.580503571243322e-06
6.648717958923441e-06
9.629322047476865e-06
1.396897206744591e-05
2.018910358884947e-05
2.919093577876123e-05
4.221732939242483e-05
6.083179224939304e-05
8.757401561712843e-05
1.257625821135918e-04
1.805978485195515e-04
2.583514520996826e-04
3.691250068927158e-04
5.265367636513960e-04
7.466771942007450e-04
1.058003931559274e-03
1.493393614327384e-03
2.102065659608620e-03
2.947944040878056e-03
4.133043578977609e-03
5.766577709546915e-03
8.016857752888093e-03
1.109659410095817e-02
1.530810262308073e-02
2.103042016917175e-02
2.875391487936138e-02
3.911866916352060e-02
5.297844881939041e-02
7.134300775060057e-02
9.547779987927428e-02
1.269297319771317e-01
1.672694796381965e-01
2.182995414555679e-01
2.817665414159353e-01
3.583829935114339e-01
4.480649629975452e-01
5.475061697963056e-01
6.509846529543297e-01
7.501899397385292e-01
8.367410692980937e-01
9.104203394607886e-01
9.999983008133742e-01
9.999999999912367e-01
1.000000000000000e+00
1.000000000000000e+00
1.000000000000000e+00
1.000000000000000e+00
1.000000000000000e+00
1.000000000000000e+00
1.000000000000000e+00
###7.200000000000002e+00
-4.060119922500415e-11
7.666016753989276e-11
8.445619636613247e-12
1.221345082357464e-10
-2.463805781713513e-12
3.036084916881500e-11
1.190188186795970e-10
7.343033187298133e-11
5.704572823865939e-11
1.095842805591349e-10
5.898370163290325e-11
8.113089116417799e-11
7.359719115385109e-11
1.163963236119244e-10
1.113986170948921e-10
1.312123026325456e-10
1.671014938054202e-10
2.017423996846290e-10
2.432445944415686e-10
3.015164346634076e-10
3.709324116930202e-10
4.839211545147670e-10
6.244211763623242e-10
8.017857412289679e-10
1.045343203047195e-09
1.369014306329437e-09
1.804783784527837e-09
2.395968208437932e-09
3.219191504291881e-09
4.292874447542767e-09
5.785152691875533e-09
7.824490455508693e-09
1.062388297259016e-08
1.451916716231081e-08
1.992075160423335e-08
2.738647169201913e-08
3.791195223934073e-08
5.298581174932130e-08
7.383800124481648e-08
1.037150428178714e-07
1.467776388133413e-07
2.081308756687750e-07
2.957699995130325e-07
4.228786224012219e-07
6.073080151625052e-07
8.744796342946554e-07
1.259080716600628e-06
1.815185148966870e-06
2.619296820903844e-06
3.776510396580442e-06
5.485315988614809e-06
7.951778048919541e-06
1.149396562119945e-05
1.663627919302567e-05
2.398750559422607e-05
3.458700863944324e-05
4.988133385948448e-05
7.167138956543244e-05
1.028716409587810e-04
1.472458750099276e-04
2.107608972038594e-04
3.004650015149306e-04
4.277908147372563e-04
6.081030077888374e-04
8.591631582261850e-04
1.212893130262799e-03
1.705534545200883e-03
2.391317357141244e-03
3.339827730250191e-03
4.663712139679884e-03
6.479551392347226e-03
8.968685278137337e-03
1.235855704801542e-02
1.697034832426199e-02
2.319970441502440e-02
3.155815811943057e-02
4.270031904599862e-02
5.750518697123522e-02
7.698258916813600e-02
1.023675001560700e-01
1.351792209096651e-01
1.768812450936079e-01
2.291235016763348e-01
2.934160877752536e-01
3.702064924540530e-01
4.591745282815609e-01
5.568619706163038e-01
6.578275826321189e-01
7.543448834412292e-01
8.387870781864866e-01
9.112548112581266e-01
9.999983008133742e-01
9.999999999912367e-01
1.000000000000000e+00
1.000000000000000e+00
1.000000000000000e+00
1.000000000000000e+00
1.000000000000000e+00
1.000000000000000e+00
1.000000000000000e+00
###7.600000000000002e+00
-5.670092416195069e-11
7.791389222342021e-11
1.249536153221394e-11
1.262576049156248e-10
-5.334246800981077e-12
3.611009656844012e-11
1.064569413296937e-10
7.638651664717050e-11
6.276632203077813e-11
1.079750115109739e-10
6.114190769319090e-11
9.086953614891715e-11
8.363851099882166e-11
1.229338734060337e-10
1.168907409606475e-10
1.467706287985675e-10
1.821804586625305e-10
2.230117829300955e-10
2.678143638953881e-10
3.338994311596707e-10
4.107670595407350e-10
5.360663060900944e-10
6.908129683187118e-10
8.910767031793904e-10
1.162664083093805e-09
1.530421076790925e-09
2.020473295565287e-09
2.693498042669401e-09
3.625332816015270e-09
4.855328136961438e-09
6.558474090104938e-09
8.919653870888881e-09
1.216058534230660e-08
1.668425309148199e-08
2.300270268483732e-08
3.176885557331107e-08
4.421442867395377e-08
6.206748892315460e-08
8.681071126430241e-08
1.224013970896295e-07
1.738055710557058e-07
2.471853120995762e-07
3.520523782407509e-07
5.041888558179760e-07
7.251123339349679e-07
1.045176726652363e-06
1.504557961681950e-06
2.168521173587882e-06
3.127692635078114e-06
4.502488516467328e-06
6.533726622949204e-06
9.456321517168335e-06
1.363990775925182e-05
1.969906750505963e-05
2.833198950164996e-05
4.074841761419560e-05
5.855726480321767e-05
8.394909850255215e-05
1.201408796476334e-04
1.714257301310545e-04
2.445714547459626e-04
3.475667452495824e-04
4.931398002581123e-04
6.986172310079578e-04
9.834970597068142e-04
1.383436194830698e-03
1.938036751729379e-03
2.707085871587919e-03
3.766319306068458e-03
5.238462610142602e-03
7.248192276996186e-03
9.990487915728548e-03
1.370685807969882e-02
1.873698928463669e-02
2.549439106487143e-02
3.450879068933130e-02
4.644880224489110e-02
6.221535485820491e-02
8.281617746342587e-02
1.094534427894274e-01
1.436117200111156e-01
1.866432922372041e-01
2.400550754123597e-01
3.051401497231779e-01
3.820884383986708e-01
4.703602618313475e-01
5.664062741658378e-01
6.650029803791455e-01
7.589707436699301e-01
8.413049690831098e-01
9.124367159952625e-01
9.999983008133742e-01
9.999999999912367e-01
1.000000000000000e+00
1.000000000000000e+00
1.000000000000000e+00
1.000000000000000e+00
1.000000000000000e+00
1.000000000000000e+00
1.000000000000000e+00
###8.000000000000002e+00
-5.572812595665212e-11
7.956507796693510e-11
-3.410437604724137e-13
1.250732529274943e-10
-1.270570455597163e-11
3.812838475091182e-11
1.107754531134862e-10
7.291200220876705e-11
6.471187767810513e-11
1.068839094102764e-10
6.601080030529144e-11
9.751249749761599e-11
9.267561578861540e-11
1.246950195040233e-10
1.297697873354444e-10
1.619554335465657e-10
2.007011086616698e-10
2.462753469125367e-10
2.943786724843439e-10
3.688248788612144e-10
4.585654220420498e-10
5.924147169709880e-10
7.672951593110226e-10
9.917045457844206e-10
1.296112692970075e-09
1.708412953219345e-09
2.265215653055720e-09
3.028522920612973e-09
4.087923776338408e-09
5.495692250671182e-09
7.453082778685260e-09
1.017794802536592e-08
1.393807480465719e-08
1.920227726673752e-08
2.660258216779269e-08
3.688873221454780e-08
5.158474560432368e-08
7.270262559753243e-08
1.020549211068221e-07
1.443672515253428e-07
2.055880296257262e-07
2.930256217086323e-07
4.181704231794886e-07
5.995295069097006e-07
8.632121911280842e-07
1.244425408027755e-06
1.790724593242430e-06
2.579688068307326e-06
3.717327829404556e-06
5.350548363220800e-06
7.741958717087270e-06
1.118668397029649e-05
1.610022243500310e-05
2.320103841583952e-05
3.328375591107516e-05
4.774343087137018e-05
6.838143983869831e-05
9.781599983048366e-05
1.395681194184485e-04
1.985371636434763e-04
2.823601648370136e-04
4.000016320081679e-04
5.656845441467155e-04
7.986830151262275e-04
1.120522231183317e-03
1.570519237100695e-03
2.192419658779541e-03
3.051077553217576e-03
4.229138814641840e-03
5.859616136256321e-03
8.075576634046216e-03
1.108507349209722e-02
1.514485123139838e-02
2.061251391331844e-02
2.791728858722597e-02
3.760805796682555e-02
5.036575458656947e-02
6.711590820731590e-02
8.884521274862869e-02
1.167364486690546e-01
1.522267130321763e-01
1.965674022176002e-01
2.511084700107531e-01
3.169576905299809e-01
3.940400258145771e-01
4.816394209963478e-01
5.761286016817115e-01
6.724921973888776e-01
7.640136291120957e-01
8.442508727903547e-01
9.139272342843476e-01
9.999983008133742e-01
9.999999999912367e-01
1.000000000000000e+00
1.000000000000000e+00
1.000000000000000e+00
1.000000000000000e+00
1.000000000000000e+00
1.000000000000000e+00
1.000000000000000e+00
###8.400000000000002e+00
-4.636277939465942e-11
1.123762707759880e-10
3.595378964070787e-12
1.230908282881790e-10
-1.133272336775438e-11
4.165429981016122e-11
1.115273126346166e-10
7.481181693369393e-11
6.668811572865267e-11
1.105659291838762e-10
7.302406470808572e-11
1.036683445055490e-10
1.007777428167645e-10
1.339645104677530e-10
1.490059395924187e-10
1.680109976015551e-10
2.188242577474470e-10
2.687953085759295e-10
3.221744584162983e-10
4.058580144526279e-10
5.083211579717108e-10
6.540145541654747e-10
8.507491548948053e-10
1.101295967414389e-09
1.443654197735668e-09
1.908760748275023e-09
2.542077637793385e-09
3.408659331314003e-09
4.615432778488595e-09
6.231721769539989e-09
8.484794584728943e-09
1.163029416762799e-08
1.600639291237500e-08
2.213527467341695e-08
3.080246508534770e-08
4.286666431904722e-08
6.020536570635624e-08
8.519382160454213e-08
1.199099727918702e-07
1.701345157215315e-07
2.428469190292341e-07
3.467294511900415e-07
4.954009323540837e-07
7.107363439822661e-07
1.023907850378458e-06
1.475882826283143e-06
2.122349453260250e-06
3.055744317444260e-06
4.398355281972583e-06
6.320312141466052e-06
9.130251316112012e-06
1.316762595049412e-05
1.891001579744400e-05
2.718766952874834e-05
3.890732763943705e-05
5.565999957137288e-05
7.946778352447211e-05
1.134054569992578e-04
1.613379622026351e-04
2.288426611215148e-04
3.244640586635535e-04
4.582040727305949e-04
6.459397586268158e-04
9.090658974740617e-04
1.271073441586812e-03
1.775594367466621e-03
2.469894541295983e-03
3.424715863312107e-03
4.730040639805126e-03
6.529162891278267e-03
8.963902921755262e-03
1.225561787386864e-02
1.667537672589293e-02
2.259932275485863e-02
3.047256834134778e-02
4.086245012233351e-02
5.445685406586289e-02
7.220478231413775e-02
9.507440440796848e-02
1.242194044123798e-01
1.610346873802772e-01
2.066570026004529e-01
2.622894597136319e-01
3.288603933663287e-01
4.060651273194585e-01
4.930181598652428e-01
5.860183503520583e-01
6.802304928407433e-01
7.694093214590897e-01
8.475680051717682e-01
9.156833403309498e-01
9.999983008133742e-01
9.999999999912367e-01
1.000000000000000e+00
1.000000000000000e+00
1.000000000000000e+00
1.000000000000000e+00
1.000000000000000e+00
1.000000000000000e+00
1.000000000000000e+00
###8.800000000000002e+00
-4.528129690149648e-11
1.128579593578995e-10
4.025851788391465e-12
1.303612267715430e-10
-4.250458851637771e-12
3.404585562313186e-11
1.158378331077302e-10
7.981393076699697e-11
6.684646142921266e-11
1.133458964440598e-10
8.007876462686198e-11
1.084104525908278e-10
1.102909469657101e-10
1.480698799224358e-10
1.583286156665908e-10
1.883316523097772e-10
2.380964439832030e-10
2.919801615285393e-10
3.535351286812577e-10
4.464396795331563e-10
5.598451872187589e-10
7.229531609991219e-10
9.410287735794062e-10
1.223754495088971e-09
1.609120991769816e-09
2.134232630788486e-09
2.854245358832668e-09
3.841348884452463e-09
5.219342645342180e-09
7.078688999804422e-09
9.673229808174363e-09
1.331425916199547e-08
1.840611264907010e-08
2.555544185285254e-08
3.569980854673013e-08
4.988923937055524e-08
7.030882191768709e-08
9.980375226356515e-08
1.408582366435057e-07
2.002564636108890e-07
2.863289057187450e-07
4.093623609369007e-07
5.853012946655621e-07
8.401679625082546e-07
1.210416148369198e-06
1.743746313486784e-06
2.505956041304096e-06
3.604638344102234e-06
5.181003798652255e-06
7.440192948100729e-06
1.072047588265084e-05
1.542885970040260e-05
2.210736927575223e-05
3.170926440594258e-05
4.526958551265214e-05
6.458867246349065e-05
9.194136921930803e-05
1.308830470478377e-04
1.856861571151618e-04
2.625991272708790e-04
3.712046939974268e-04
5.226295849481118e-04
7.344954193189124e-04
1.030452443110999e-03
1.436127325310666e-03
1.999510642192435e-03
2.771891511238637e-03
3.830006293558321e-03
5.270895067832305e-03
7.249428601533096e-03
9.915901563840847e-03
1.350505574749465e-02
1.830249648414016e-02
2.470134217560506e-02
3.316469545355807e-02
4.427402307113640e-02
5.872865380584407e-02
7.748823275271619e-02
1.015061855146442e-01
1.319073082144094e-01
1.700342696052259e-01
2.169109113870735e-01
2.736067963265710e-01
3.408689529980783e-01
4.181758003475913e-01
5.044827594627646e-01
5.960605826123450e-01
6.882148445182764e-01
7.751268955220343e-01
8.512058868727597e-01
9.176766176740092e-01
9.999983008133742e-01
9.999999999912367e-01
1.000000000000000e+00
1.000000000000000e+00
1.000000000000000e+00
1.000000000000000e+00
1.000000000000000e+00
1.000000000000000e+00
1.000000000000000e+00
###9.200000000000003e+00
-4.370332780870683e-11
1.124953235258542e-10
1.667555678987582e-11
1.353357388127980e-10
-6.460644789991392e-12
3.529942149471916e-11
1.182898098845714e-10
7.868958198466087e-11
7.186210867585968e-11
1.181701106568552e-10
8.569653232481231e-11
1.145118707856863e-10
1.135326067342873e-10
1.519008681432374e-10
1.726747138647938e-10
1.981125474646596e-10
2.555768403417942e-10
3.184527196226933e-10
3.875655453732891e-10
4.922537900099109e-10
6.179856334568203e-10
7.982281895097549e-10
1.041667892523474e-09
1.361114581868415e-09
1.797976045006112e-09
2.389651400992629e-09
3.209563808271606e-09
4.338014965610419e-09
5.911560847374414e-09
8.054533989892616e-09
1.105052978233301e-08
1.526271018923741e-08
2.120023667537656e-08
2.953582348861580e-08
4.141262731888987e-08
5.810843868938851e-08
8.210385705464996e-08
1.167131510740472e-07
1.653129157231732e-07
2.353255026004199e-07
3.369117996003146e-07
4.821159344288491e-07
6.901121400189408e-07
9.903248844733880e-07
1.426035302309539e-06
2.052194422148353e-06
2.947367518586755e-06
4.234969470764856e-06
6.078046771660576e-06
8.717758420289436e-06
1.253176683128122e-05
1.799919712269280e-05
2.573359535064442e-05
3.682279934809708e-05
5.244119426192856e-05
7.463422416256976e-05
1.059327503726663e-04
1.504125040193639e-04
2.128206202734422e-04
3.001209313171465e-04
4.229820553480260e-04
5.937963236218105e-04
8.319522153022592e-04
1.163585810073545e-03
1.616531732984564e-03
2.243441076043687e-03
3.099747525551878e-03
4.268706899628904e-03
5.854512244197365e-03
8.023266256833004e-03
1.093452889311384e-02
1.483655860149241e-02
2.002929737394221e-02
2.692354641514577e-02
3.599758084546423e-02
4.784746880788258e-02
6.317919679279269e-02
8.296783983831847e-02
1.081436294628491e-01
1.397999694315597e-01
1.792279519255198e-01
2.273413120963581e-01
2.850690516798824e-01
3.529884189103134e-01
4.303771947060706e-01
5.160484083196963e-01
6.062375614872849e-01
6.964154882954685e-01
7.811176277045486e-01
8.551332692564453e-01
9.198700104541090e-01
9.999983008133742e-01
9.999999999912367e-01
1.000000000000000e+00
1.000000000000000e+00
1.000000000000000e+00
1.000000000000000e+00
1.000000000000000e+00
1.000000000000000e+00
1.000000000000000e+00
###9.600000000000003e+00
-4.003765244741216e-11
1.141388698766819e-10
2.079494036731312e-11
1.353197705200068e-10
-3.436455123793579e-12
3.839000522709763e-11
1.207713990318251e-10
8.340266080237928e-11
7.949395989938312e-11
1.237594822120228e-10
9.024464303293440e-11
1.243588505151921e-10
1.276452855591898e-10
1.630679689801701e-10
1.881480231775587e-10
2.187508993899793e-10
2.778068208574326e-10
3.486504855424764e-10
4.243945867693465e-10
5.392200400876095e-10
6.817281698700388e-10
8.827811432416417e-10
1.155699336160396e-09
1.515866183300719e-09
2.007552776140015e-09
2.682556060698767e-09
3.616312592526069e-09
4.903642233759681e-09
6.707406928750370e-09
9.180363728031087e-09
1.263778102601963e-08
1.753258438389433e-08
2.444140081942879e-08
3.416528016622813e-08
4.806091088363893e-08
6.763518014200478e-08
9.584054405658501e-08
1.364331039435170e-07
1.937625622739757e-07
2.760878664989006e-07
3.956967046465112e-07
5.664690152578646e-07
8.109651591369762e-07
1.163326931026393e-06
1.674528158789979e-06
2.408078284114772e-06
3.454053671129615e-06
4.956871655849800e-06
7.102346555864996e-06
1.015795998559574e-05
1.459133419888828e-05
2.091604036109431e-05
2.983334184227264e-05
4.258792179082410e-05
6.050747031715941e-05
8.588855775170993e-05
1.215549815613634e-04
1.721884408349870e-04
2.429778345872726e-04
3.416881287154538e-04
4.801844136384777e-04
6.721630752838843e-04
9.389018651791572e-04
1.309309058965419e-03
1.813384711273950e-03
2.508714435502025e-03
3.455279729537416e-03
4.742452368368394e-03
6.482331453339849e-03
8.852863294818674e-03
1.202288329499407e-02
1.625354006356948e-02
2.185968469728356e-02
2.926983963054151e-02
3.897464372565989e-02
5.158613776868173e-02
6.781530077059743e-02
8.864893434523054e-02
1.149871615736604e-01
1.479044720873716e-01
1.886188356554656e-01
2.379470331996781e-01
2.966742537564018e-01
3.652158535594032e-01
4.426545264296590e-01
5.277005691073900e-01
6.165422501469791e-01
7.048063968256084e-01
7.873447741253368e-01
8.592919325005443e-01
9.222243429423908e-01
9.999983008133742e-01
9.999999999912367e-01
1.000000000000000e+00
1.000000000000000e+00
1.000000000000000e+00
1.000000000000000e+00
1.000000000000000e+00
1.000000000000000e+00
1.000000000000000e+00
###1.000000000000000e+01
-2.406054962165049e-11
1.296586958363882e-10
2.682054516709400e-11
1.240544029450901e-10
-8.714551187247209e-13
3.193409691136036e-11
1.281955300780515e-10
8.749790438783781e-11
8.591101754865453e-11
1.277774060823063e-10
1.023322160827989e-10
1.317328430533021e-10
1.379694026055832e-10
1.782979553445398e-10
2.033372751472974e-10
2.386035184404692e-10
3.028424509676345e-10
3.783519513625889e-10
4.634094012473616e-10
5.927756425703727e-10
7.518276617567823e-10
9.766348773182054e-10
1.285783192514576e-09
1.689940761905561e-09
2.248556316087553e-09
3.014066179761770e-09
4.079017426341998e-09
5.552789144610579e-09
7.624811393195832e-09
1.047688841487423e-08
1.448004695505451e-08
2.016407262338042e-08
2.821293373554562e-08
3.955943016586202e-08
5.579113809112468e-08
7.874589763649368e-08
1.118189945038673e-07
1.593264103197944e-07
2.267873856272953e-07
3.233673408287179e-07
4.635420310955425e-07
6.637861839095161e-07
9.507948702205363e-07
1.362924657825374e-06
1.959950755153881e-06
2.815088706776604e-06
4.033602868553931e-06
5.780416203956290e-06
8.268483622023531e-06
1.181322185109710e-05
1.692244623908521e-05
2.420629654320290e-05
3.445089038879096e-05
4.906130652589053e-05
6.954218188041437e-05
9.846246465240704e-05
1.389996897874613e-04
1.963971304191924e-04
2.763982279337027e-04
3.876391385641229e-04
5.432451631110027e-04
7.582695818038104e-04
1.056161441107750e-03
1.468438300232176e-03
2.027756706458142e-03
2.796679906549227e-03
3.839764194820312e-03
5.253311862570005e-03
7.156783116518523e-03
9.741494227680576e-03
1.318421109744197e-02
1.776001667012916e-02
2.379748429284824e-02
3.174338117966473e-02
4.210052193732480e-02
5.549435795867035e-02
7.264177098211906e-02
9.453395554297274e-02
1.220471170188776e-01
1.562243371821737e-01
1.982067341190713e-01
2.487290884408709e-01
3.084295333952499e-01
3.775523714599707e-01
4.550278310716576e-01
5.394439317303483e-01
6.269663341461348e-01
7.133544110660190e-01
7.937741426708493e-01
8.636688598150283e-01
9.247303772294220e-01
9.999983008133742e-01
9.999999999912367e-01
1.000000000000000e+00
1.000000000000000e+00
1.000000000000000e+00
1.000000000000000e+00
1.000000000000000e+00
1.000000000000000e+00
1.000000000000000e+00
###1.040000000000000e+01
-2.383227901777433e-11
1.392689963777090e-10
3.608910680750883e-11
1.256616837014515e-10
-8.736352440327474e-13
4.358677573373935e-11
1.411708803614740e-10
9.331365064076656e-11
9.372702543546533e-11
1.363569050434255e-10
1.090998859299858e-10
1.422889199731663e-10
1.585602465920253e-10
1.934607076692852e-10
2.219375627879169e-10
2.611525753833291e-10
3.311766811154185e-10
4.116258417825429e-10
5.088840800426599e-10
6.518717524250403e-10
8.315602944137008e-10
1.083745840227540e-09
1.428608078401305e-09
1.884068939362270e-09
2.520985670068057e-09
3.395035405094099e-09
4.608412475096406e-09
6.303946058917510e-09
8.681532147682483e-09
1.197995671790596e-08
1.662170202676834e-08
2.321820008366709e-08
3.257792891952044e-08
4.581604744389234e-08
6.475175246595236e-08
9.165773406212215e-08
1.303665278861268e-07
1.858565542409445e-07
2.649956632998041e-07
3.780215854758712e-07
5.419572837477612e-07
7.762100067471679e-07
1.111603480856822e-06
1.592883735065590e-06
2.286972059906555e-06
3.280236565324085e-06
4.694474409016904e-06
6.717074030968105e-06
9.591976612991867e-06
1.369004656942688e-05
1.955901338574071e-05
2.791400608485174e-05
3.963935766322503e-05
5.631946375147560e-05
7.964003876678582e-05
1.124839680657677e-04
1.583896224994280e-04
2.232448757866382e-04
3.133473463588509e-04
4.383596413587085e-04
6.125809972715106e-04
8.526795118929417e-04
1.184309085507955e-03
1.641935685029022e-03
2.260628511987389e-03
3.108445258996462e-03
4.254785485852518e-03
5.803153884157953e-03
7.880524241818683e-03
1.069104809627401e-02
1.442091418454171e-02
1.935840539967723e-02
2.584622577649207e-02
3.434741160745844e-02
4.538064390249569e-02
5.957868857157333e-02
7.766121712409296e-02
1.006280189104553e-01
1.293313326650224e-01
1.647601741774941e-01
2.080085969195061e-01
2.596955310172289e-01
3.203295113902681e-01
3.900043161557339e-01
4.675001327691866e-01
5.512641254278079e-01
6.374855455416654e-01
7.220369988393268e-01
8.003602013763755e-01
8.682014963206498e-01
9.273526377473661e-01
9.999983008133742e-01
9.999999999912367e-01
1.000000000000000e+00
1.000000000000000e+00
1.000000000000000e+00
1.000000000000000e+00
1.000000000000000e+00
1.000000000000000e+00
1.000000000000000e+00
###1.080000000000000e+01
-2.230746311009323e-11
1.391244615992472e-10
3.729724642979320e-11
1.249006565446190e-10
2.548433581127223e-12
3.719566151353029e-11
1.381821034026142e-10
9.418379864967652e-11
9.836470832731448e-11
1.459172765755657e-10
1.169591756072047e-10
1.495545463358247e-10
1.727990693622119e-10
2.070885810458630e-10
2.405419197981456e-10
2.845438262857514e-10
3.528860020899293e-10
4.477635523450869e-10
5.596858779510508e-10
7.170090772309384e-10
9.195795923291162e-10
1.202526808177344e-09
1.591367358622969e-09
2.105943302282690e-09
2.832053410409383e-09
3.829880723290788e-09
5.217134603470911e-09
7.162693667142000e-09
9.898899955003189e-09
1.371411189687676e-08
1.909439066694010e-08
2.675704799204312e-08
3.763777156249829e-08
5.305766735776735e-08
7.514297745759075e-08
1.065643893260177e-07
1.518091368068177e-07
2.166094502218162e-07
3.091611705113366e-07
4.410335495852958e-07
6.323075445016540e-07
9.052569077721551e-07
1.295792466736429e-06
1.855218183173250e-06
2.660425663973030e-06
3.810365357630662e-06
5.445772767606109e-06
7.780035841965504e-06
1.109088728590845e-05
1.580618023877768e-05
2.252829959456899e-05
3.208026109721364e-05
4.545725348886510e-05
6.444062278060600e-05
9.090351584754021e-05
1.280792024067453e-04
1.799742454897288e-04
2.529350445007451e-04
3.541252066176328e-04
4.942032742667026e-04
6.886732432263282e-04
9.560300786459420e-04
1.324192418343753e-03
1.830574541143813e-03
2.513254443768125e-03
3.445636026028989e-03
4.702216018439739e-03
6.393880086949762e-03
8.655312786046320e-03
1.170484143453605e-02
1.573624230815257e-02
2.105272038725343e-02
2.800990388976359e-02
3.708806450839405e-02
4.881771208521194e-02
6.384087123576729e-02
8.287706692507325e-02
1.069337316412530e-01
1.368340668673713e-01
1.735157455608480e-01
2.180193850815150e-01
2.708440608851001e-01
3.323742057043791e-01
4.025682731732425e-01
4.800505735027561e-01
5.631665782021376e-01
6.480857207256577e-01
7.308355530881548e-01
8.070823211191894e-01
8.728702292857655e-01
9.300700298480813e-01
9.999983008133742e-01
9.999999999912367e-01
1.000000000000000e+00
1.000000000000000e+00
1.000000000000000e+00
1.000000000000000e+00
1.000000000000000e+00
1.000000000000000e+00
1.000000000000000e+00
###1.120000000000000e+01
-7.206926042943839e-12
1.449835929805651e-10
3.893236327393728e-11
1.300925208743511e-10
6.149219889577823e-12
3.633548087234765e-11
1.410260565276472e-10
9.317207757080369e-11
1.026544415832563e-10
1.502551172946218e-10
1.244218629452497e-10
1.612673771301567e-10
1.873849001107787e-10
2.241277483743947e-10
2.595634419480082e-10
3.080514637816862e-10
3.845741973199129e-10
4.895429399929114e-10
6.140590459745537e-10
7.894322718583580e-10
1.016913814971463e-09
1.335506909795917e-09
1.774629619895574e-09
2.360879329159863e-09
3.186019729976929e-09
4.327745735860561e-09
5.919274351288531e-09
8.154477720100384e-09
1.130759391719430e-08
1.572180779538451e-08
2.194403206071821e-08
3.084880515165357e-08
4.349502376933419e-08
6.143580110908024e-08
8.716469551848388e-08
1.238222922965389e-07
1.765780702994177e-07
2.520747586865305e-07
3.599665192906507e-07
5.134411230517769e-07
7.359103029900266e-07
1.053016524847156e-06
1.506783024065397e-06
2.154801988639001e-06
3.086027899878780e-06
4.412951011411937e-06
6.297777731884660e-06
8.982637769268759e-06
1.278282067312307e-05
1.818949238340178e-05
2.586570975491642e-05
3.675125650715924e-05
5.196169320062837e-05
7.348876223432097e-05
1.034372081054819e-04
1.454015794694027e-04
2.038796421324786e-04
2.857201600963622e-04
3.990193875970735e-04
5.554986191187639e-04
7.719967984741377e-04
1.068891719753219e-03
1.476387255739563e-03
2.035556209318923e-03
2.786720869653113e-03
3.809756207036384e-03
5.184036198255209e-03
7.027900268184241e-03
9.484356912601558e-03
1.278578032155558e-02
1.713423728351477e-02
2.284683723773052e-02
3.029338729145599e-02
3.996780162557625e-02
5.241708931001155e-02
6.828412787695105e-02
8.829525795698683e-02
1.134575297356707e-01
1.445610893905143e-01
1.824937623637843e-01
2.282333273164187e-01
2.821738199173341e-01
3.445714080854784e-01
4.152438149356681e-01
4.926743168301713e-01
5.751204064361451e-01
6.587670538959765e-01
7.397251794344601e-01
8.139232388732485e-01
8.776519746753417e-01
9.328593935132351e-01
9.999983008133742e-01
9.999999999912367e-01
1.000000000000000e+00
1.000000000000000e+00
1.000000000000000e+00
1.000000000000000e+00
1.000000000000000e+00
1.000000000000000e+00
1.000000000000000e+00
###1.160000000000000e+01
2.154569072276201e-12
1.501898389776471e-10
3.530386084725863e-11
1.310574304964596e-10
1.033321189443290e-11
4.339825488264240e-11
1.386234129431634e-10
1.012575219839088e-10
1.063247870768857e-10
1.569875190100004e-10
1.336553984771289e-10
1.715055071648999e-10
2.018533157757712e-10
2.401213917288872e-10
2.803631087908537e-10
3.351180628513952e-10
4.194760312836562e-10
5.345378775227644e-10
6.745032079764829e-10
8.706990745459027e-10
1.127585469297687e-09
1.486221303324771e-09
1.981356455834557e-09
2.650809594929598e-09
3.591038623909134e-09
4.887994618536977e-09
6.724370451905632e-09
9.294396419841076e-09
1.293013849480064e-08
1.803727468008659e-08
2.524409975488740e-08
3.557483902300480e-08
5.026677187646922e-08
7.111908167204300e-08
1.010689978991614e-07
1.437313116311017e-07
2.050838199895891e-07
2.928113716774433e-07
4.183063297667671e-07
5.965033236008588e-07
8.544917221623481e-07
1.222129688570438e-06
1.747363909149561e-06
2.495800537813806e-06
3.569516982527393e-06
5.095888036854585e-06
7.262726213272277e-06
1.033979088528942e-05
1.468756477755694e-05
2.086703178384451e-05
2.960565826281737e-05
4.197249671032278e-05
5.921319144226595e-05
8.356602779810028e-05
1.173422499606511e-04
1.645832338725369e-04
2.302486288136852e-04
3.218407815686305e-04
4.483679550105253e-04
6.226840092837136e-04
8.630977974342003e-04
1.191900765984862e-03
1.641961048800719e-03
2.257765597545645e-03
3.082345518855009e-03
4.202352064089614e-03
5.701764222396557e-03
7.707131404563896e-03
1.036990794152635e-02
1.393597988747446e-02
1.861772625291841e-02
2.474377241975115e-02
3.269953046533639e-02
4.299207919068677e-02
5.618161242100700e-02
7.291574170845591e-02
9.392031736009325e-02
1.201992364428353e-01
1.525152175673657e-01
1.916975718155438e-01
2.386520408149571e-01
2.936859365849093e-01
3.569193148801589e-01
4.280343411956959e-01
5.053739732423996e-01
5.871371145602808e-01
6.694954634150788e-01
7.486772748289062e-01
8.208421111044490e-01
8.825107677757171e-01
9.357203478852733e-01
9.999983008133742e-01
9.999999999912367e-01
1.000000000000000e+00
1.000000000000000e+00
1.000000000000000e+00
1.000000000000000e+00
1.000000000000000e+00
1.000000000000000e+00
1.000000000000000e+00
###1.200000000000001e+01
7.446010973629880e-12
1.543736110541775e-10
5.551959865590722e-11
1.323299234691311e-10
9.779775370931323e-12
5.482618714669515e-11
1.407516775963638e-10
1.073539305787165e-10
1.151086747568944e-10
1.595246920371661e-10
1.445374088139346e-10
1.815940974308241e-10
2.170683306575945e-10
2.579235122370582e-10
3.027268663759351e-10
3.650380012189003e-10
4.574941608601803e-10
5.866619511958524e-10
7.416433816593279e-10
9.604531588779853e-10
1.251372098399686e-09
1.655634627412681e-09
2.217084389112576e-09
2.981184930085249e-09
4.052996437274154e-09
5.541968843499048e-09
7.647511672805784e-09
1.060590768276529e-08
1.479807192167590e-08
2.070630302261219e-08
2.905362448390491e-08
4.103377470082539e-08
5.806630613962120e-08
8.227001410242451e-08
1.170707564656636e-07
1.666393535952108e-07
2.378309403367021e-07
3.395900375966646e-07
4.851550577653735e-07
6.915413707347829e-07
9.900329687828149e-07
1.414809770659321e-06
2.020848802600319e-06
2.882713764021700e-06
4.117058518938466e-06
5.868217044857272e-06
8.349826850282759e-06
1.186776647362684e-05
1.682631403071754e-05
2.386850425008433e-05
3.378460290632956e-05
4.779846547537155e-05
6.728447796811638e-05
9.474755377842059e-05
1.327434410459211e-04
1.857807585415368e-04
2.592956925714441e-04
3.615500568698080e-04
5.024768950121989e-04
6.961359356102868e-04
9.624653117702065e-04
1.325737780125718e-03
1.821643653499815e-03
2.498278062606908e-03
3.401522247613115e-03
4.624830278533899e-03
6.257230661498640e-03
8.433921139784027e-03
1.131462982410675e-02
1.516003468743923e-02
2.018975669731061e-02
2.674861392005433e-02
3.523222856307877e-02
4.616609557488804e-02
6.011697677516042e-02
7.773673780308767e-02
9.975391864912191e-02
1.271640201585543e-01
1.606962008923034e-01
2.011185732399255e-01
2.492886521549404e-01
3.053831098319899e-01
3.694159327202330e-01
4.409243822110600e-01
5.181460338883640e-01
5.991928599585502e-01
6.802591055776802e-01
7.576856343577278e-01
8.278014136267008e-01
8.874206356655961e-01
9.386131282163650e-01
9.999983008133742e-01
9.999999999912367e-01
1.000000000000000e+00
1.000000000000000e+00
1.000000000000000e+00
1.000000000000000e+00
1.000000000000000e+00
1.000000000000000e+00
1.000000000000000e+00
###1.240000000000001e+01
2.527846788266875e-11
1.537619941306534e-10
5.489102911172058e-11
1.383130520414490e-10
1.370853915232222e-11
5.969909639732898e-11
1.447841985331290e-10
1.153904661442067e-10
1.266790604309569e-10
1.658977010438131e-10
1.531781070073738e-10
1.927376074337732e-10
2.290766281338848e-10
2.752659770897225e-10
3.309842253191826e-10
3.950305909113159e-10
4.986562303011369e-10
6.416430483495812e-10
8.179419041881803e-10
1.061100972687777e-09
1.391079873346457e-09
1.847863199181548e-09
2.485126426641855e-09
3.356099403388859e-09
4.582004808207408e-09
6.289673566338404e-09
8.707956885363450e-09
1.211777552262926e-08
1.694425534491034e-08
2.378057374306504e-08
3.344602821814931e-08
4.731859700877320e-08
6.704993544983660e-08
9.511511680669734e-08
1.354628229951576e-07
1.929235267512090e-07
2.753946566378986e-07
3.930906956933266e-07
5.614821061455064e-07
7.999061795547179e-07
1.144290270372268e-06
1.633865580879713e-06
2.331339324638902e-06
3.320601193837861e-06
4.736354860409021e-06
6.739143140889010e-06
9.574210817432949e-06
1.358384145472571e-05
1.922259080804315e-05
2.721949422755668e-05
3.844687791566815e-05
5.427984242472214e-05
7.624984177574964e-05
1.071336561709046e-04
1.497765893863912e-04
2.091420915479298e-04
2.912635737831595e-04
4.051347818348314e-04
5.617186329664925e-04
7.763693308601582e-04
1.070726549020415e-03
1.471206136484771e-03
2.016394488261312e-03
2.758225681770191e-03
3.745449355445678e-03
5.078990991811669e-03
6.852862754201355e-03
9.211423387625130e-03
1.232115893723587e-02
1.646024969739553e-02
2.185491468057355e-02
2.886407541390449e-02
3.789584534561987e-02
4.949211525782592e-02
6.422611746912904e-02
8.275609457820139e-02
1.058011192026141e-01
1.343560875686249e-01
1.691068977983280e-01
2.107704892173276e-01
2.601301017333267e-01
3.172620599290704e-01
3.820570266817454e-01
4.539222873327230e-01
5.309830851550339e-01
6.112888203939847e-01
6.910407731266552e-01
7.667018134960722e-01
8.348017559299248e-01
8.923590068969526e-01
9.415393008668917e-01
9.999983008133742e-01
9.999999999912367e-01
1.000000000000000e+00
1.000000000000000e+00
1.000000000000000e+00
1.000000000000000e+00
1.000000000000000e+00
1.000000000000000e+00
1.000000000000000e+00
###1.280000000000001e+01
3.100258508476378e-11
1.584733984394643e-10
4.859806191547960e-11
1.399335680417743e-10
1.808293133370858e-11
6.146140078667443e-11
1.479910602858596e-10
1.190722842244189e-10
1.232372095776642e-10
1.625404451327763e-10
1.633148455942363e-10
2.054692133865176e-10
2.371572352126159e-10
2.948190518963849e-10
3.498737775687161e-10
4.300704899704171e-10
5.463980138961146e-10
7.018452400105983e-10
9.001858541396725e-10
1.174947011541474e-09
1.549714064002118e-09
2.067037555863672e-09
2.789837719393819e-09
3.786779479738554e-09
5.187778527107511e-09
7.147853616701148e-09
9.927220915159474e-09
1.385401317520964e-08
1.941572053753232e-08
2.730851001679440e-08
3.848594953958162e-08
5.453864336297715e-08
7.736634105313901e-08
1.098389035783141e-07
1.565436523201851e-07
2.230367654723434e-07
3.183336714210511e-07
4.542323032047621e-07
6.485761714705623e-07
9.232610638461728e-07
1.319670528045662e-06
1.882142892378901e-06
2.682368120287967e-06
3.815327064176083e-06
5.433967904408979e-06
7.718720034944430e-06
1.094852218181318e-05
1.550646613718689e-05
2.190182737226655e-05
3.095895004364689e-05
4.363548316056890e-05
6.146968736376462e-05
8.618568233979434e-05
1.208385982471689e-04
1.685663362455354e-04
2.348593945853245e-04
3.263424425511197e-04
4.528739879711041e-04
6.264612577330557e-04
8.638295186520338e-04
1.188481135805463e-03
1.628989024744555e-03
2.227033597491993e-03
3.038702489648362e-03
4.115690138845365e-03
5.566359162581147e-03
7.490260248813480e-03
1.004098790753868e-02
1.339248394548732e-02
1.783967722572387e-02
2.361596352396018e-02
3.109538813643287e-02
4.069543561927362e-02
5.297629909645081e-02
6.851410712678899e-02
8.797336020738215e-02
1.120655900332965e-01
1.417766538617289e-01
1.777492770052566e-01
2.206505208325646e-01
2.711851538778771e-01
3.293189641023466e-01
3.948294210152195e-01
4.670088975479696e-01
5.438740068544861e-01
6.234091161208808e-01
7.018247166359604e-01
7.757219271916858e-01
8.418045073113972e-01
8.973057923186990e-01
9.444564137859311e-01
9.999983008133742e-01
9.999999999912367e-01
1.000000000000000e+00
1.000000000000000e+00
1.000000000000000e+00
1.000000000000000e+00
1.000000000000000e+00
1.000000000000000e+00
1.000000000000000e+00
###1.320000000000001e+01
4.043467945116283e-11
1.589456236763956e-10
5.244762814481168e-11
1.385944179988098e-10
2.333751985557507e-11
6.337728760824970e-11
1.461075139743266e-10
1.274868786150956e-10
1.305539782817205e-10
1.695317747802807e-10
1.756569071404944e-10
2.113484986179295e-10
2.547232655443003e-10
3.189849625351793e-10
3.788268571378589e-10
4.660065494000684e-10
5.980954118582858e-10
7.711584331156936e-10
9.929849029574419e-10
1.303939157549477e-09
1.730014724853299e-09
2.316057217736287e-09
3.138572346165627e-09
4.279084841137640e-09
5.877345813056568e-09
8.130292346817084e-09
1.132723060145213e-08
1.584561783873391e-08
2.225958368626988e-08
3.136560758114307e-08
4.428516169783118e-08
6.281955994736484e-08
8.921678861368590e-08
1.267094845678961e-07
1.806464101678408e-07
2.573831786378557e-07
3.672834664307595e-07
5.238734694210976e-07
7.475698130892331e-07
1.063305653294038e-06
1.518392500562074e-06
2.163031839542436e-06
3.078911542103664e-06
4.372976042702300e-06
6.218051004218292e-06
8.818411218959918e-06
1.248750522684751e-05
1.765484878342875e-05
2.489188018906391e-05
3.511997487405741e-05
4.940387148034105e-05
6.944279309698136e-05
9.717310874927098e-05
1.359549956370795e-04
1.892674462243425e-04
2.631098807394800e-04
3.648039164603515e-04
5.050775141034525e-04
6.971015697508299e-04
9.590369288680284e-04
1.316314223789139e-03
1.799959695009306e-03
2.454635151596501e-03
3.341047323670541e-03
4.513862889427403e-03
6.088847564299014e-03
8.171704408952011e-03
1.092571051361765e-02
1.453130802950531e-02
1.930165246299373e-02
2.547701744045243e-02
3.344603646966435e-02
4.363627488207213e-02
5.662305975331246e-02
7.298773401708926e-02
9.339483423235651e-02
1.185500380607415e-01
1.494281321390407e-01
1.866281267736650e-01
2.307569590816618e-01
2.824450005341703e-01
3.415538827587630e-01
4.077442894233338e-01
4.801881312655723e-01
5.568054787763125e-01
6.355304977017728e-01
7.125972093451719e-01
7.847176169232504e-01
8.487951901434835e-01
9.022388601480537e-01
9.473564661758681e-01
9.999983008133742e-01
9.999999999912367e-01
1.000000000000000e+00
1.000000000000000e+00
1.000000000000000e+00
1.000000000000000e+00
1.000000000000000e+00
1.000000000000000e+00
1.000000000000000e+00
###1.360000000000001e+01
4.177849882471834e-11
1.615665130740279e-10
5.408626797268815e-11
1.373203229305962e-10
2.722701313627883e-11
6.168176847548124e-11
1.489012674423876e-10
1.335875194715474e-10
1.387076335966089e-10
1.750890713728643e-10
1.905259645212029e-10
2.255895549071645e-10
2.735355577003368e-10
3.424777555663591e-10
4.103061576574143e-10
5.112123529055151e-10
6.547838727309799e-10
8.487096924100010e-10
1.099103356422360e-09
1.450107134864204e-09
1.932648920676791e-09
2.600215617963861e-09
3.536518487367426e-09
4.841039811203158e-09
6.673947584064368e-09
9.257502254067138e-09
1.293171308268124e-08
1.813208198393093e-08
2.551989573350990e-08
3.603333845364154e-08
5.093314894830669e-08
7.230668347259753e-08
1.027528035879175e-07
1.460326143840483e-07
2.081661225666936e-07
2.965597999107343e-07
4.230361451797574e-07
6.031045745322726e-07
8.600200093828392e-07
1.221993161933392e-06
1.743039600975741e-06
2.480195183166153e-06
3.525533192454582e-06
5.001093921016343e-06
7.098001479274121e-06
1.005055575154791e-05
1.420743651079585e-05
2.005233602047920e-05
2.822171766579512e-05
3.974393426833915e-05
5.579390875197798e-05
7.826056681623929e-05
1.092995783162113e-04
1.526126636300230e-04
2.120258407339424e-04
2.940998370030606e-04
4.069039450119026e-04
5.620835896401906e-04
7.740514078144166e-04
1.062530861105924e-03
1.454958767535803e-03
1.984870615196632e-03
2.700303714354037e-03
3.666569856696712e-03
4.941301730443064e-03
6.648711071836465e-03
8.899810249661197e-03
1.186776960885869e-02
1.574109113290342e-02
2.085076776432420e-02
2.744206972110770e-02
3.591964714526279e-02
4.672167494390499e-02
6.043497981519640e-02
7.764792760093883e-02
9.902535022612871e-02
1.252599980989103e-01
1.573160204413786e-01
1.957417825408094e-01
2.410872644793946e-01
2.939129638176284e-01
3.539634045579402e-01
4.207891771521342e-01
4.934516756871277e-01
5.697603244257970e-01
6.476380439613953e-01
7.233332874356861e-01
7.936788260684822e-01
8.557480178168261e-01
9.071419218255156e-01
9.502296735397495e-01
9.999983008133742e-01
9.999999999912367e-01
1.000000000000000e+00
1.000000000000000e+00
1.000000000000000e+00
1.000000000000000e+00
1.000000000000000e+00
1.000000000000000e+00
1.000000000000000e+00
###1.400000000000001e+01
5.590856490598916e-11
1.605860768441448e-10
5.798225447947718e-11
1.342244169536267e-10
3.237768092336366e-11
5.841347538759303e-11
1.498064799453873e-10
1.395164726711875e-10
1.352562457612919e-10
1.800067435070282e-10
2.084928039297641e-10
2.408694730271135e-10
2.932708004900088e-10
3.714835781778497e-10
4.452539145753365e-10
5.590218227368724e-10
7.185088214463308e-10
9.361780050488842e-10
1.217971288769498e-09
1.615188031703151e-09
2.162691348014576e-09
2.922374457376712e-09
3.989416981284321e-09
5.485030497809006e-09
7.584059624665538e-09
1.055273905544038e-08
1.476944745736160e-08
2.074400999574887e-08
2.926159749012480e-08
4.136858778278514e-08
5.853477008525681e-08
8.316354407242574e-08
1.182165334486008e-07
1.680740571251100e-07
2.395352683971442e-07
3.411794147308084e-07
4.864080190784584e-07
6.928950358575209e-07
9.872838938679028e-07
1.401127699182279e-06
1.996580789509870e-06
2.837247361134806e-06
4.027676646652147e-06
5.706370698602690e-06
8.083467059066499e-06
1.142833707774162e-05
1.612673180492022e-05
2.272020723688319e-05
3.192376017539035e-05
4.487128008574808e-05
6.286232722844666e-05
8.799908392108500e-05
1.226670110285518e-04
1.709355681793850e-04
2.369960772783657e-04
3.280323462952313e-04
4.528949086589116e-04
6.242449615439115e-04
8.577704482201140e-04
1.174810389869618e-03
1.605035239423310e-03
2.184640759029930e-03
2.964955682003786e-03
4.016366392513018e-03
5.399602107823958e-03
7.247085633715931e-03
9.676470422451268e-03
1.287046061437109e-02
1.702386876307199e-02
2.248865197748675e-02
2.951488178772483e-02
3.852112322015504e-02
4.995610771132346e-02
6.441966692420147e-02
8.250139539001192e-02
1.048679105392826e-01
1.321987077336820e-01
1.654401275198762e-01
2.050950206340177e-01
2.516458143162522e-01
3.055839561755425e-01
3.665346698817707e-01
4.339521481951616e-01
5.067817269527520e-01
5.827308694279807e-01
6.597105245540648e-01
7.340191406453405e-01
8.025764191505149e-01
8.626349177654365e-01
9.119884068900890e-01
9.530647233558198e-01
9.999983008133742e-01
9.999999999912367e-01
1.000000000000000e+00
1.000000000000000e+00
1.000000000000000e+00
1.000000000000000e+00
1.000000000000000e+00
1.000000000000000e+00
1.000000000000000e+00
###1.440000000000001e+01
6.066749050872034e-11
1.611961815887883e-10
6.064162057626007e-11
1.353910217641908e-10
3.510516641701168e-11
6.125206693121382e-11
1.529529211839571e-10
1.404905327089214e-10
1.471940377806965e-10
1.907202553720850e-10
2.227189014640516e-10
2.570127362287889e-10
3.126617296854466e-10
4.010155473511671e-10
4.846512287542622e-10
6.115290183013804e-10
7.903266107263631e-10
1.033005524989586e-09
1.353121628552693e-09
1.802150025442394e-09
2.424586218910716e-09
3.289901505046845e-09
4.506836671336389e-09
6.217595442348937e-09
8.625274675982979e-09
1.203378321332104e-08
1.688103796099786e-08
2.374711133518927e-08
3.354202916979435e-08
4.747391902598394e-08
6.722860016465408e-08
9.557163410095164e-08
1.358659525007140e-07
1.931997361863473e-07
2.752378581762626e-07
3.918492031130440e-07
5.582320071874213e-07
7.945609415810708e-07
1.131087796197626e-06
1.603525635141271e-06
2.282176328817646e-06
3.238782868002926e-06
4.591558271351598e-06
6.496290362370096e-06
9.186751789287600e-06
1.296476474118245e-05
1.826388466148405e-05
2.568787043978702e-05
3.602927441131198e-05
5.055011148335375e-05
7.067660674353828e-05
9.873707009065207e-05
1.373748524976308e-04
1.910519935226611e-04
2.643589243774330e-04
3.651377433351318e-04
5.030766065716346e-04
6.919295079658603e-04
9.487065357489180e-04
1.296517109889028e-03
1.767296221878127e-03
2.400082718753277e-03
3.249795128378575e-03
4.391954457650575e-03
5.890454214303864e-03
7.885959722072801e-03
1.050397413799054e-02
1.393585384134759e-02
1.838483874851318e-02
2.422024693633244e-02
3.169952293607677e-02
4.125389765421934e-02
5.334310600746036e-02
6.857786884871206e-02
8.755304508831949e-02
1.109261952356939e-01
1.393667320681031e-01
1.738002015438588e-01
2.146853623120771e-01
2.624323372893781e-01
3.174546648088199e-01
3.792719193199378e-01
4.472270026369664e-01
5.201668156620555e-01
5.957158916010272e-01
6.717470658298491e-01
7.446418307797519e-01
8.113871723674361e-01
8.694381834093506e-01
9.167736521729812e-01
9.558471330791962e-01
9.999983008133742e-01
9.999999999912367e-01
1.000000000000000e+00
1.000000000000000e+00
1.000000000000000e+00
1.000000000000000e+00
1.000000000000000e+00
1.000000000000000e+00
1.000000000000000e+00
###1.480000000000001e+01
5.887972712674581e-11
1.749200431319391e-10
6.175274503101273e-11
1.397967049541615e-10
3.541816047935507e-11
7.027741389894167e-11
1.570776806591118e-10
1.476412546680610e-10
1.601660157181308e-10
2.105462022011642e-10
2.509564819598398e-10
2.761783439909130e-10
3.385824266922083e-10
4.339308651769834e-10
5.266978548297269e-10
6.704251055787374e-10
8.702071502860192e-10
1.142389207055569e-09
1.508049979078763e-09
2.015873563472802e-09
2.721832591799749e-09
3.709746334156415e-09
5.098453589779490e-09
7.055965378775421e-09
9.815948952071531e-09
1.372606577322691e-08
1.929154002008492e-08
2.717939686194850e-08
3.842972033350668e-08
5.443987121452472e-08
7.715506830527623e-08
1.096902634733394e-07
1.559393188154043e-07
2.217419366269890e-07
3.157517586769824e-07
4.492505267859018e-07
6.394919805287080e-07
9.093283060228946e-07
1.293225988691070e-06
1.831147004579055e-06
2.603121249957506e-06
3.689433680069709e-06
5.222485270076926e-06
7.378454110153010e-06
1.041620473733273e-05
1.467638383898959e-05
2.064005614423525e-05
2.897867164949141e-05
4.057502711909285e-05
5.681935290272091e-05
7.929504031026197e-05
1.105451834405819e-04
1.535319412670647e-04
2.131039300109834e-04
2.942966957296531e-04
4.056475820317760e-04
5.577363823139111e-04
7.654970046582808e-04
1.047356220903783e-03
1.428243178517136e-03
1.942597448433369e-03
2.632241651876111e-03
3.556089286423604e-03
4.794758156799960e-03
6.415570084312485e-03
8.567776934429793e-03
1.138462633731436e-02
1.506686372510440e-02
1.982556570715881e-02
2.604897060833403e-02
3.399991986187425e-02
4.412330233782585e-02
5.688998163646800e-02
7.291738867556331e-02
9.280411538696527e-02
1.172100169706143e-01
1.467666210735075e-01
1.824018355789167e-01
2.245159726141263e-01
2.734365464422443e-01
3.295221017903032e-01
3.921622342307236e-01
4.606094598239508e-01
5.336054916945617e-01
6.086913035291019e-01
6.837352475852230e-01
7.551776025270923e-01
8.201004230145951e-01
8.761397165514773e-01
9.214724218429040e-01
9.585691132379127e-01
9.999983008133742e-01
9.999999999912367e-01
1.000000000000000e+00
1.000000000000000e+00
1.000000000000000e+00
1.000000000000000e+00
1.000000000000000e+00
1.000000000000000e+00
1.000000000000000e+00
###1.520000000000001e+01
6.387749044127078e-11
1.748837514037651e-10
6.351203217464076e-11
1.354296859006416e-10
3.744674755727064e-11
7.621193072944996e-11
1.616534204644775e-10
1.515420438044980e-10
1.695962927857418e-10
2.217994280671206e-10
2.663261071251822e-10
2.974627786296939e-10
3.657772272475902e-10
4.722392651552351e-10
5.760266190025662e-10
7.369287197595528e-10
9.602698032447094e-10
1.264115290334654e-09
1.680345573164383e-09
2.257579220507224e-09
3.061933471786208e-09
4.187920023636565e-09
5.773638156452183e-09
8.013949199391840e-09
1.117618976894118e-08
1.565730356962809e-08
2.204242272233608e-08
3.108915907259227e-08
4.400890651792247e-08
6.237971604482086e-08
8.845657151203023e-08
1.257427632461661e-07
1.787416508245430e-07
2.540993073292433e-07
3.615974476057113e-07
5.142044045590887e-07
7.312781799326315e-07
1.038752718518193e-06
1.475668242314778e-06
2.087066969060596e-06
2.963217550198276e-06
4.193450268895224e-06
5.927865396610110e-06
8.362604962538642e-06
1.178539620440233e-05
1.657791010745620e-05
2.327570781654879e-05
3.262196558411723e-05
4.559655766592891e-05
6.373408537689088e-05
8.878390698410652e-05
1.235243049587198e-04
1.712581167188936e-04
2.372386319848381e-04
3.270111469814070e-04
4.498014101508794e-04
6.172017165732948e-04
8.453916139674280e-04
1.154243599170983e-03
1.570664147708987e-03
2.131690546207783e-03
2.882001710508466e-03
3.885092505175174e-03
5.226362219155465e-03
6.976815622569765e-03
9.294974018674410e-03
1.232138960418566e-02
1.626615534757045e-02
2.134958992683696e-02
2.797738448371413e-02
3.641881138911637e-02
4.713333063410239e-02
6.059741368055262e-02
7.744120948921855e-02
9.826269378836205e-02
1.237132058200590e-01
1.544067530818407e-01
1.912450093412039e-01
2.345778932136435e-01
2.846670735938585e-01
3.417784351500855e-01
4.052041862344493e-01
4.740825361679472e-01
5.470775187075003e-01
6.216494547457936e-01
6.956625751412867e-01
7.656098036534760e-01
8.286999708896587e-01
8.827332819600082e-01
9.260753066586063e-01
9.612247837125258e-01
9.999983008133742e-01
9.999999999912367e-01
1.000000000000000e+00
1.000000000000000e+00
1.000000000000000e+00
1.000000000000000e+00
1.000000000000000e+00
1.000000000000000e+00
1.000000000000000e+00
###1.560000000000001e+01
6.708961330601906e-11
1.762392228763972e-10
6.486050618043773e-11
1.378361554532895e-10
4.218868750889234e-11
8.188781084820382e-11
1.672604804234631e-10
1.596870595655692e-10
1.798128822879637e-10
2.368301569720982e-10
2.819915904740387e-10
3.198394996699046e-10
3.960154343279115e-10
5.060878082735242e-10
6.328052595388723e-10
8.106999340868883e-10
1.061194792754217e-09
1.404024579551504e-09
1.875770475115345e-09
2.529862441558524e-09
3.445890512205045e-09
4.732268597060576e-09
6.544362653938524e-09
9.106405084568895e-09
1.272380535774924e-08
1.785953141635196e-08
2.517823064189210e-08
3.555410135525866e-08
5.035668472424619e-08
7.141449606059530e-08
1.012791468721718e-07
1.439598963026031e-07
2.046095089545340e-07
2.907280142568657e-07
4.134141681327479e-07
5.874965057757764e-07
8.346466144862788e-07
1.184295615007893e-06
1.680714962305535e-06
2.374280845838404e-06
3.366299874584336e-06
4.756852298697058e-06
6.714312012414082e-06
9.458509508681912e-06
1.330814403852441e-05
1.868796984437901e-05
2.619582183881055e-05
3.664960423718682e-05
5.113994984168512e-05
7.135262037330301e-05
9.921650810691838e-05
1.377629621193097e-04
1.906666778312442e-04
2.636314476980054e-04
3.626933057383648e-04
4.978970876434927e-04
6.818202929736514e-04
9.320060655595433e-04
1.269848434183750e-03
1.724370691043178e-03
2.335356872241273e-03
3.150557194306078e-03
4.237883108632642e-03
5.688330143635316e-03
7.575805872489832e-03
1.006927847589872e-02
1.331669051274284e-02
1.753699849423644e-02
2.296000282562948e-02
3.001056494199970e-02
3.896208720892512e-02
5.028855666539744e-02
6.447174204772642e-02
8.215273691976822e-02
1.039313031266078e-01
1.304439243937971e-01
1.622846289668297e-01
2.003349403585512e-01
2.448779169781609e-01
2.961088626522113e-01
3.542175683025001e-01
4.183813939988745e-01
4.876511137223395e-01
5.605724405967463e-01
6.345830626476562e-01
7.075083487834458e-01
7.759342432591547e-01
8.371655700259552e-01
8.891946999079016e-01
9.305724974860324e-01
9.638047881797989e-01
9.999983008133742e-01
9.999999999912367e-01
1.000000000000000e+00
1.000000000000000e+00
1.000000000000000e+00
1.000000000000000e+00
1.000000000000000e+00
1.000000000000000e+00
1.000000000000000e+00
