# NLO BK equation solver 0.0-dev build  (build Oct 13 2025 12:18:44)
# Initial condition: MV model, Q_s0^2 = 0.0933003 GeV^2, \gamma = 2.28091, coefficient of E inside Log is 1, x0=0.01, \Lambda_QCD = 0.241 GeV
# # LO Kernel RC:  Parent dipole. NLO Kernel RC:  Parent dipole
# Nc=3, Nf=4
# Using RungeKutta method in K1
# Resumming double log
# Resumming single log, K_sub=0.65 resum rc: parent
# BK K1 integration relative accuracy: 0.02# NLO BK as^2 terms: MC integration method: Vegas, points=1000000
# Kinematical constraint: none
# Target kinematical constraint: disabled

###1.000000000000000e-05
###1.160836920850890e+00
###100
###1.000000000000000e+00
###0.000000000000000e+00
2.244332299173582e-25
4.380513106183125e-25
8.548771884896681e-25
1.668099650426463e-24
3.254455371193818e-24
6.348501269129083e-24
1.238223671309554e-23
2.414684400942882e-23
4.708183212196375e-23
9.178596804786997e-23
1.789070195464544e-22
3.486620966425734e-22
6.793700655166235e-22
1.323519534470667e-21
2.577949863840402e-21
5.020379384439106e-21
9.774943879187397e-21
1.902853182079438e-20
3.703454971496376e-20
7.206377939374778e-20
1.401949806887389e-19
2.726782662714215e-19
5.302348267264658e-19
1.030819309006316e-18
2.003503804751858e-18
3.893029899418779e-18
7.562609896031485e-18
1.468717707931003e-17
2.851568038216571e-17
5.534824208364480e-17
1.073975369354757e-16
2.083294668737445e-16
4.039877940798681e-16
7.831446268374435e-16
1.517632649051028e-15
2.939928781753437e-15
5.693071433320868e-15
1.102021429570129e-14
2.132360441279222e-14
4.124312947556988e-14
7.973626893252096e-14
1.540870071719537e-13
2.976281807881103e-13
5.746080279155273e-13
1.108792271387808e-12
2.138456142068151e-12
4.122042679617298e-12
7.941022640105171e-12
1.528908636673421e-11
2.941823512183615e-11
5.656789303348891e-11
1.086999963087280e-10
2.087288822114129e-10
4.005124009792728e-10
7.679205832638182e-10
1.471193408367371e-09
2.816192493057407e-09
5.386168166307621e-09
1.029220635762783e-08
1.964872557244900e-08
3.747525066592833e-08
7.140471071481594e-08
1.359160197145632e-07
2.584444109081508e-07
4.909193760510865e-07
9.315300498835107e-07
1.765747245836045e-06
3.343579251428906e-06
6.324974268986225e-06
1.195328676528717e-05
2.256985115267618e-05
4.258126649203664e-05
8.027935308452250e-05
1.512659770533942e-04
2.849025155313711e-04
5.364640577861790e-04
1.010058450410134e-03
1.901848299809883e-03
3.581463009097896e-03
6.744737725313366e-03
1.269753967957266e-02
2.387223057503229e-02
4.472586109904753e-02
8.314960432549590e-02
1.521335487429440e-01
2.697866771152498e-01
4.514107799525702e-01
6.831213699985237e-01
8.897532429945014e-01
9.856052272850269e-01
9.997185276694034e-01
9.999998620046672e-01
9.999999999999479e-01
1.000000000000000e+00
1.000000000000000e+00
1.000000000000000e+00
1.000000000000000e+00
1.000000000000000e+00
1.000000000000000e+00
1.000000000000000e+00
###4.000000000000000e-01
-1.446240844960097e-10
1.727508898007896e-12
2.325086629234029e-11
-4.526521093023187e-12
-5.399363273229991e-12
-6.201170136633123e-13
-6.615526809177970e-12
1.349661034170064e-12
1.184290228851586e-11
6.045205259587544e-12
3.464097700590954e-12
4.134798274123596e-13
-3.287094542516229e-12
6.002931225280889e-13
9.482193210430200e-13
4.716529121810100e-12
9.581743449948610e-13
1.965957017745446e-12
3.327518082684256e-12
6.998457319213278e-12
1.002527714625775e-11
9.156749952656273e-12
1.562701869920182e-11
3.876645148225043e-11
2.587435544384214e-11
3.725922404928060e-11
4.603796485852216e-11
6.429343203888653e-11
8.730261905559203e-11
1.158485832180261e-10
1.568254617874082e-10
2.086747325573849e-10
2.780476384293148e-10
3.686048830855655e-10
4.897228077329856e-10
6.416793501812276e-10
8.477210241146258e-10
1.005484173641800e-09
1.463060856460387e-09
1.935907619788403e-09
2.536837395727884e-09
3.314271636815079e-09
4.307436184742268e-09
5.629235259085465e-09
7.277833514908623e-09
9.484802444196598e-09
1.232908766639699e-08
1.602903164229408e-08
2.107901356478058e-08
2.781417577129320e-08
3.683354505179842e-08
4.932207355429089e-08
6.686075239144515e-08
9.190389100897379e-08
1.291931738499217e-07
1.841872461086049e-07
2.659337764676613e-07
3.913723830725941e-07
5.824419624666842e-07
8.810617820781989e-07
1.346029022036934e-06
2.059508977768475e-06
3.204106849396395e-06
4.975093084491409e-06
7.789873976355472e-06
1.218421942687847e-05
1.916759758983997e-05
3.012430705147482e-05
4.764581388447054e-05
7.557861570689895e-05
1.200690228163934e-04
1.914196024756702e-04
3.073699054305418e-04
4.974018070094600e-04
8.106435555987059e-04
1.330319829233096e-03
2.205980433391768e-03
3.693198555124824e-03
6.246300083440740e-03
1.068417620317421e-02
1.842620735728818e-02
3.201372024522458e-02
5.590564410091759e-02
9.754634876784939e-02
1.686293683949954e-01
2.847292753206662e-01
4.570803744285842e-01
6.714049915227969e-01
8.634539414458484e-01
9.628653638446939e-01
9.899694741613893e-01
9.999998620046672e-01
9.999999999999479e-01
1.000000000000000e+00
1.000000000000000e+00
1.000000000000000e+00
1.000000000000000e+00
1.000000000000000e+00
1.000000000000000e+00
1.000000000000000e+00
###8.000000000000000e-01
-1.451037154024599e-10
1.038578426329633e-11
3.450563774366202e-11
-5.034609090582207e-12
-4.117572703805111e-12
-4.432586337261921e-12
1.248327545348955e-12
-7.805900477084180e-13
1.756623943830807e-11
9.741843782917195e-12
1.797147357758405e-11
3.500021954204186e-12
-2.166124500887702e-12
-5.787996139006957e-12
1.186445271601225e-11
7.262201843840859e-12
3.865939417171671e-12
5.197242361357105e-12
5.270835520211510e-12
8.902406757843027e-12
2.090381744363703e-11
2.243057357567555e-11
3.307896919698187e-11
5.819429724741012e-11
5.697824731779004e-11
7.739012744622251e-11
9.767447072527168e-11
1.371465252847637e-10
1.783689113924530e-10
2.402781812554537e-10
3.220565003637561e-10
4.274861055939500e-10
5.728576941538343e-10
7.543555509170885e-10
1.002671416956336e-09
1.318545586540588e-09
1.742815681251808e-09
2.195424180796912e-09
2.990104886378614e-09
3.963256131068180e-09
5.196639228533115e-09
6.747211745935582e-09
8.847527956714862e-09
1.163338670494287e-08
1.501068695643816e-08
1.973729560670216e-08
2.574728467712499e-08
3.405595459419656e-08
4.496014125957719e-08
6.001392311293437e-08
8.073193670840495e-08
1.097539255404316e-07
1.518026069696205e-07
2.119269873055323e-07
3.013170840483660e-07
4.336109400452732e-07
6.313372706075718e-07
9.347985765999233e-07
1.394943900166700e-06
2.104506052076308e-06
3.196534444884688e-06
4.849178329440712e-06
7.489143459603669e-06
1.148947511064638e-05
1.770411715609157e-05
2.723822524568335e-05
4.213048816976498e-05
6.494897893347951e-05
1.004706674590347e-04
1.556388545206194e-04
2.406830861782739e-04
3.730764433576794e-04
5.791755535567304e-04
9.041417540757909e-04
1.418049046053812e-03
2.231507335797151e-03
3.541797027646160e-03
5.658727894613640e-03
9.117292942371954e-03
1.483651795327226e-02
2.434198706761843e-02
4.024662567718081e-02
6.692594802582293e-02
1.114551288870532e-01
1.842514666531090e-01
2.986031797736630e-01
4.625661884391553e-01
6.618338286885407e-01
8.413988641910100e-01
9.429954673713631e-01
9.804193021173198e-01
9.999998620046672e-01
9.999999999999479e-01
1.000000000000000e+00
1.000000000000000e+00
1.000000000000000e+00
1.000000000000000e+00
1.000000000000000e+00
1.000000000000000e+00
1.000000000000000e+00
###1.200000000000000e+00
-1.344528326874141e-10
-3.544356186459832e-12
2.979551307042233e-11
-4.575216710473289e-12
2.327426328955307e-12
1.968007107320363e-12
3.355493193781600e-12
9.715671823349199e-12
2.396263646609484e-11
1.469941515830982e-11
1.963848848571803e-11
7.698171138909643e-12
2.075221843303673e-12
-5.390506706400427e-12
1.320741610874221e-11
1.256145801533709e-11
1.241271142404551e-11
1.129722169641109e-11
1.097539630807149e-11
1.914900001330421e-11
3.244618590058888e-11
3.604396190005387e-11
5.232387109932023e-11
8.016770497352592e-11
8.843517788117162e-11
1.219225168783674e-10
1.544859568142500e-10
2.124837147362921e-10
2.804226173180110e-10
3.671917273436664e-10
4.971764401825745e-10
6.645319527803167e-10
8.865958341324263e-10
1.165481176194130e-09
1.545741810772079e-09
2.017606591053536e-09
2.686754423043359e-09
3.441715846342051e-09
4.615846706887568e-09
6.098711320365768e-09
7.999902967133419e-09
1.042945573345294e-08
1.368879404685767e-08
1.809657224121013e-08
2.350386721521817e-08
3.112231489530295e-08
4.082269099037082e-08
5.478900815768394e-08
7.303816229526412e-08
9.868707683398884e-08
1.345279961804496e-07
1.853362498857208e-07
2.601406021084042e-07
3.687846651119313e-07
5.266921675771281e-07
7.677449722566320e-07
1.127201203239677e-06
1.673704181610847e-06
2.494970847156962e-06
3.762281772366971e-06
5.691030675473512e-06
8.611658847505350e-06
1.316361967769953e-05
2.004549313616490e-05
3.059668331420691e-05
4.657528884380127e-05
7.125551710670726e-05
1.085206244851179e-04
1.656433202811180e-04
2.530575270509893e-04
3.859730750860915e-04
5.888369088015599e-04
8.976687948675170e-04
1.373992414757786e-03
2.109322461149660e-03
3.241703749391156e-03
5.015942569273060e-03
7.793585512370126e-03
1.218271279522891e-02
1.919288693289621e-02
3.043239667110602e-02
4.855991825056341e-02
7.782346645560867e-02
1.249262463867492e-01
1.990934155627897e-01
3.116345816466953e-01
4.680099274365552e-01
6.542019199177340e-01
8.229697096029697e-01
9.256781796696480e-01
9.713152088926706e-01
9.999998620046672e-01
9.999999999999479e-01
1.000000000000000e+00
1.000000000000000e+00
1.000000000000000e+00
1.000000000000000e+00
1.000000000000000e+00
1.000000000000000e+00
1.000000000000000e+00
###1.600000000000000e+00
-1.301881308996387e-10
-9.650824751677760e-12
3.440016327803011e-11
5.881997377876000e-12
6.349055388659277e-12
-3.588619783859186e-12
5.346292214645416e-12
1.435702992432502e-11
1.790458060147529e-11
1.491218323151489e-11
1.386908338187378e-11
9.069870635587732e-12
6.555472554870358e-12
7.618995215885516e-12
7.346333586036189e-12
1.586365096160874e-11
2.131368894964963e-11
1.138263357724136e-11
1.671606996746813e-11
2.210882969937388e-11
4.370145004063665e-11
4.801107975359368e-11
7.262491464668618e-11
1.038379102173588e-10
1.226605931153756e-10
1.665760888390349e-10
2.141237121186203e-10
2.969569400241042e-10
3.871047491124635e-10
5.119902954677168e-10
6.992749039912465e-10
9.172814332829170e-10
1.219716104098527e-09
1.600134290837835e-09
2.117572256319112e-09
2.782227671412072e-09
3.683683040862965e-09
4.760507752523059e-09
6.380424672610623e-09
8.367779112435572e-09
1.100055992118253e-08
1.442146157094064e-08
1.900943799820667e-08
2.519110292034015e-08
3.306311270610378e-08
4.403435097871065e-08
5.813080722964196e-08
7.909162420753660e-08
1.065791817012234e-07
1.458790863124611e-07
2.012549975657507e-07
2.808266116882461e-07
3.985918694803171e-07
5.700720459113649e-07
8.225240774199247e-07
1.206454850047060e-06
1.779221209886677e-06
2.646254135721066e-06
3.943027985562003e-06
5.927544678293123e-06
8.938077032322491e-06
1.347599682602428e-05
2.040315757637790e-05
3.093694461830438e-05
4.684845969947922e-05
7.079628649779713e-05
1.072474500555308e-04
1.619134548368613e-04
2.445441683988586e-04
3.694472347023235e-04
5.574358596633802e-04
8.405004932379512e-04
1.265067695980272e-03
1.908700230426866e-03
2.886349206233584e-03
4.362049619151556e-03
6.630030203276120e-03
1.009587925170653e-02
1.543766547244142e-02
2.373982434157930e-02
3.669196864248333e-02
5.694394155629175e-02
8.861545829800697e-02
1.380147275684840e-01
2.132747674179508e-01
3.239596073770072e-01
4.734862549390477e-01
6.482838977936530e-01
8.076551439295595e-01
9.106761354638747e-01
9.628500602699538e-01
9.999998620046672e-01
9.999999999999479e-01
1.000000000000000e+00
1.000000000000000e+00
1.000000000000000e+00
1.000000000000000e+00
1.000000000000000e+00
1.000000000000000e+00
1.000000000000000e+00
###2.000000000000000e+00
-1.281751441579365e-10
-8.087811598995849e-12
4.437358686128409e-11
2.239870655110810e-12
8.030886765594209e-12
3.371499505703315e-11
1.166995937007318e-11
1.890846791014763e-11
1.819146198320122e-11
1.550893615572096e-11
1.547306209780308e-11
8.619985798282947e-12
5.689700209114577e-12
1.195525010889613e-11
1.509847054428766e-11
1.507645020025607e-11
2.669315620073373e-11
1.724901088543762e-11
1.824322199565415e-11
4.113654677262812e-11
5.961898505501099e-11
6.912475034659003e-11
9.428256032872671e-11
1.323934433432407e-10
1.610391153479335e-10
2.191339172393414e-10
2.818817117072177e-10
3.839991773764295e-10
5.032332968888629e-10
6.665528465883827e-10
9.015387734509391e-10
1.187725854646936e-09
1.574761900042829e-09
2.072473613770651e-09
2.718779653404040e-09
3.594911829135449e-09
4.747770760228276e-09
6.154089812009409e-09
8.260195401468438e-09
1.082967099349809e-08
1.429953078198374e-08
1.885340177276923e-08
2.493885322019974e-08
3.319043658125432e-08
4.400601385649676e-08
5.903876181166519e-08
7.898277156178685e-08
1.081270298732782e-07
1.471878321653963e-07
2.039142018349467e-07
2.846368534778049e-07
4.012354084459121e-07
5.745293645228129e-07
8.288465694737319e-07
1.203329213653918e-06
1.771776037274581e-06
2.620000899891647e-06
3.901030679727438e-06
5.794414514574252e-06
8.689181708296338e-06
1.306396368508082e-05
1.959500217694139e-05
2.949390315955000e-05
4.446364309603322e-05
6.688395300619378e-05
1.003588362518837e-04
1.508067122195046e-04
2.259727700931008e-04
3.380155148124317e-04
5.062930284680929e-04
7.570138378316434e-04
1.129979994649443e-03
1.683304526726266e-03
2.510894837372396e-03
3.751080255680278e-03
5.593270068875694e-03
8.382928365223448e-03
1.256173114667917e-02
1.887772055873580e-02
2.847300701931527e-02
4.312393891852128e-02
6.539775039052032e-02
9.931443941625946e-02
1.507754967566261e-01
2.268982872475928e-01
3.357476269080057e-01
4.790770223927773e-01
6.439019985407674e-01
7.950216565775127e-01
8.977676732423944e-01
9.551134174232058e-01
9.999998620046672e-01
9.999999999999479e-01
1.000000000000000e+00
1.000000000000000e+00
1.000000000000000e+00
1.000000000000000e+00
1.000000000000000e+00
1.000000000000000e+00
1.000000000000000e+00
###2.400000000000000e+00
-1.262468198312592e-10
-8.220267849390809e-12
7.348653452002615e-11
1.931634820673148e-12
1.791705328711199e-11
5.025553769680002e-11
1.409089359910188e-11
1.769994127007436e-11
1.693416968173196e-11
1.363722789372643e-11
1.424345710851908e-11
8.705229084077872e-12
1.265612018287835e-11
1.292188574058753e-11
1.823043531426069e-11
1.367889004740723e-11
2.626679360135761e-11
2.420063483550474e-11
2.872555758549951e-11
5.097799443862591e-11
7.235872775655339e-11
8.329018144537741e-11
1.164395212495248e-10
1.624051335907105e-10
2.091410648718192e-10
2.733558519990767e-10
3.540476468849572e-10
4.767556021221153e-10
6.273374694771713e-10
8.291571422082053e-10
1.117760363610666e-09
1.473536993854554e-09
1.951633232584760e-09
2.571653546131375e-09
3.365318301323092e-09
4.475023143710127e-09
5.892771134272068e-09
7.687422132993513e-09
1.030479204958671e-08
1.353871652037234e-08
1.793847175829575e-08
2.377867726700441e-08
3.162539926530661e-08
4.237652988421811e-08
5.669256930419005e-08
7.672639111444241e-08
1.038562682665907e-07
1.433976491392688e-07
1.970736271407192e-07
2.757907232454460e-07
3.888774034604781e-07
5.529299939799207e-07
7.973158236713964e-07
1.158403979362764e-06
1.689270994233712e-06
2.487881597395053e-06
3.677656770498393e-06
5.482111316246001e-06
8.121865863560071e-06
1.214421512366546e-05
1.818778523663918e-05
2.715422675296595e-05
4.065907409559171e-05
6.095445227792462e-05
9.169743270530130e-05
1.357904316580566e-04
2.026028100475613e-04
3.013795388076922e-04
4.473531350767591e-04
6.649209451655163e-04
9.862139301567612e-04
1.459448909050382e-03
2.154485350011998e-03
3.182506874371511e-03
4.705831991852071e-03
6.937729113171897e-03
1.027523689375352e-02
1.519117455641007e-02
2.249795298978502e-02
3.338877797499656e-02
4.970952106353742e-02
7.391869063740690e-02
1.099587381839982e-01
1.632487448298201e-01
2.400639109749116e-01
3.471006166552135e-01
4.848319609508859e-01
6.408960323466991e-01
7.847351538135473e-01
8.867453254133064e-01
9.481594899746960e-01
9.999998620046672e-01
9.999999999999479e-01
1.000000000000000e+00
1.000000000000000e+00
1.000000000000000e+00
1.000000000000000e+00
1.000000000000000e+00
1.000000000000000e+00
1.000000000000000e+00
###2.800000000000000e+00
-1.259486686938191e-10
-1.026286615567853e-11
7.257183921404488e-11
1.656464217238010e-11
1.852654572709701e-11
6.406205750103699e-11
1.207446154613820e-11
2.160801781661041e-11
1.947296763520621e-11
1.494778469715546e-11
2.310543351713014e-11
1.142878756587652e-11
1.483393609464149e-11
1.740772136933848e-11
2.362240334901826e-11
1.364417119112652e-11
3.327130396015148e-11
3.124477405434185e-11
3.886126247655536e-11
6.537888086116257e-11
8.793276056237461e-11
1.022652085409683e-10
1.439183086079986e-10
1.964487934078569e-10
2.517151670871086e-10
3.312311889743412e-10
4.308185616670845e-10
5.776345107578365e-10
7.607661295651003e-10
1.003358308277359e-09
1.346967149247754e-09
1.774136239897014e-09
2.357029745192226e-09
3.108554862024003e-09
4.073488522328309e-09
5.426529303176910e-09
7.143435469887749e-09
9.359747707850069e-09
1.256342051112397e-08
1.655819390154761e-08
2.204113799056333e-08
2.937616697715490e-08
3.933347748867690e-08
5.304037550194817e-08
7.164970904027822e-08
9.779176275091196e-08
1.338814140277409e-07
1.861092435731114e-07
2.586635785231069e-07
3.646820227472753e-07
5.187193737425075e-07
7.425330715419430e-07
1.076397990064612e-06
1.570546082645501e-06
2.298796347848223e-06
3.384650408905497e-06
5.007518253565159e-06
7.447706376394673e-06
1.100899358629827e-05
1.640079112722717e-05
2.446203239789597e-05
3.634674740628733e-05
5.415361450174720e-05
8.073014901548945e-05
1.203854586872603e-04
1.777456668482995e-04
2.633496820955163e-04
3.892215807694382e-04
5.737334849544677e-04
8.468055843391602e-04
1.246948440948090e-03
1.830898205406797e-03
2.681451404198256e-03
3.926242200091441e-03
5.752533837923400e-03
8.402974917767477e-03
1.230726166882782e-02
1.798473313915545e-02
2.629702783613522e-02
3.848993505839166e-02
5.644208451946112e-02
8.251898970135300e-02
1.205407914994455e-01
1.754818419747253e-01
2.528579337224890e-01
3.581423303822370e-01
4.907978083382672e-01
6.391462229200949e-01
7.765262321535330e-01
8.774500924197653e-01
9.420033824819787e-01
9.999998620046672e-01
9.999999999999479e-01
1.000000000000000e+00
1.000000000000000e+00
1.000000000000000e+00
1.000000000000000e+00
1.000000000000000e+00
1.000000000000000e+00
1.000000000000000e+00
###3.200000000000000e+00
-9.947342691001434e-11
-1.202221387339648e-11
6.561048949815474e-11
1.809007656804346e-11
1.566805317436104e-11
6.466172763319446e-11
3.389025995068376e-11
1.969048849400132e-11
1.703836982891277e-11
1.346067877233488e-11
2.455214707632124e-11
1.632704051764591e-11
1.821083622171857e-11
2.332419349358321e-11
1.829649837439607e-11
1.887106686746968e-11
3.797302921354576e-11
3.698499986856160e-11
4.796542174396507e-11
8.047885391346082e-11
1.025763842490580e-10
1.232813203108985e-10
1.728653436254321e-10
2.322384669749204e-10
2.675250919722681e-10
3.916689402995587e-10
5.122318919446355e-10
6.836793720339946e-10
9.040904736101034e-10
1.195323899171925e-09
1.594146934582314e-09
2.103857334075084e-09
2.796729156575188e-09
3.689623416134615e-09
4.841123164833817e-09
6.471206850889854e-09
8.524858998507682e-09
1.121677142112678e-08
1.508216015423002e-08
1.995339005734311e-08
2.670059440446345e-08
3.584383817847843e-08
4.832160443458957e-08
6.562635835081321e-08
8.947847799654497e-08
1.231868250125659e-07
1.701551858101117e-07
2.384659183820751e-07
3.345504246541830e-07
4.742732757238204e-07
6.791611419648459e-07
9.784725413827395e-07
1.422965443691283e-06
2.081584562286287e-06
3.051645917910896e-06
4.493473883411570e-06
6.641609355665849e-06
9.855955118664263e-06
1.452995656175814e-05
2.155634034111504e-05
3.202459346833648e-05
4.737239242802715e-05
7.025100777888772e-05
1.041513228531700e-04
1.541871963744692e-04
2.267490033363220e-04
3.336902874653533e-04
4.904702328900807e-04
7.184079923144296e-04
1.053428313408402e-03
1.540954553671211e-03
2.245907560038013e-03
3.266093000726042e-03
4.744004142488441e-03
6.893627766855810e-03
9.985790312198758e-03
1.448024638338916e-02
2.094053621514655e-02
3.027513536217144e-02
4.376912371492262e-02
6.332193209356607e-02
9.119722391635608e-02
1.310754073972600e-01
1.875255488526913e-01
2.653296333574773e-01
3.689245756084120e-01
4.969931379572325e-01
6.385046448025461e-01
7.701160281260132e-01
8.697136204957663e-01
9.366392788976160e-01
9.999998620046672e-01
9.999999999999479e-01
1.000000000000000e+00
1.000000000000000e+00
1.000000000000000e+00
1.000000000000000e+00
1.000000000000000e+00
1.000000000000000e+00
1.000000000000000e+00
###3.600000000000000e+00
-9.636903399696328e-11
2.276916112325132e-12
8.092499857149807e-11
2.162660406591938e-11
2.326325107128317e-11
5.788702015863198e-11
3.699514173716109e-11
5.575146247417305e-11
2.787745698463970e-11
1.818954119543128e-11
2.685007029056989e-11
1.960434599259113e-11
2.158880776435650e-11
2.649966095112867e-11
2.297357550740330e-11
2.781646163615707e-11
4.235178430215626e-11
4.773694143573794e-11
5.970284202270520e-11
9.266301125994981e-11
1.186393179405387e-10
1.457522724318059e-10
2.025125264980130e-10
2.745530741183705e-10
3.204027240985723e-10
4.591145313623396e-10
5.998562790213783e-10
7.959870137875545e-10
1.056432143369519e-09
1.397274999341363e-09
1.862109497799271e-09
2.462266803194466e-09
3.275050497182883e-09
4.325673975566668e-09
5.683051278749282e-09
7.617774660757008e-09
1.004754667555612e-08
1.328932869138597e-08
1.792518041145586e-08
2.384496205301045e-08
3.207376906627983e-08
4.338530619914218e-08
5.883238062874607e-08
8.055780554018902e-08
1.107604825909114e-07
1.536073565983189e-07
2.142836888983527e-07
3.021916967040684e-07
4.277754492836444e-07
6.085098712939413e-07
8.767469458874446e-07
1.268194759147024e-06
1.849274260022752e-06
2.721462288181600e-06
3.970899747510004e-06
5.844655039266253e-06
8.627201077363084e-06
1.276346205585087e-05
1.877247283346127e-05
2.773772279720198e-05
4.104884817365383e-05
6.043681762961100e-05
8.922858544231251e-05
1.315839469502589e-04
1.935732269897851e-04
2.834870168307723e-04
4.145589361111856e-04
6.061780405030561e-04
8.826389046652004e-04
1.286329805925380e-03
1.870042488392168e-03
2.707258419714026e-03
3.911055084470151e-03
5.640609701519343e-03
8.131971107668752e-03
1.168699639402441e-02
1.679552040593683e-02
2.405948237985946e-02
3.442981207744736e-02
4.922221333929169e-02
7.034381407830606e-02
9.995172329876430e-02
1.415838925677009e-01
1.994058629777535e-01
2.775393339307795e-01
3.795329619530157e-01
5.034347311809627e-01
6.388704185984758e-01
7.652871454845112e-01
8.633669226983364e-01
9.320541786972498e-01
9.999998620046672e-01
9.999999999999479e-01
1.000000000000000e+00
1.000000000000000e+00
1.000000000000000e+00
1.000000000000000e+00
1.000000000000000e+00
1.000000000000000e+00
1.000000000000000e+00
###4.000000000000000e+00
-1.012153974604484e-10
3.293282623508373e-12
8.223006697704728e-11
2.606131920463333e-11
2.120640760797223e-11
5.590259249434394e-11
3.083561001143454e-11
6.054481713235725e-11
2.559461268878928e-11
2.116414579296997e-11
2.495542931377663e-11
2.281436232551733e-11
2.425600458180123e-11
2.727226552319136e-11
2.715520789458982e-11
3.547009117145349e-11
4.479925317357625e-11
5.422222509835216e-11
7.728205351847162e-11
1.041990646078041e-10
1.272032460097387e-10
1.722220352246161e-10
2.338023183848568e-10
3.139746229195872e-10
3.755433344086863e-10
5.317539063035768e-10
6.932305385554522e-10
9.214341545366792e-10
1.220255862551489e-09
1.617941272787542e-09
2.152270036377852e-09
2.853805304999625e-09
3.795049621923263e-09
5.022560384009018e-09
6.607066654159520e-09
8.902279561813406e-09
1.177428298748035e-08
1.564046092475991e-08
2.119309193168459e-08
2.833960502470590e-08
3.836838980541867e-08
5.223157540266027e-08
7.136040421956455e-08
9.838273360046843e-08
1.363799604868583e-07
1.904668653642410e-07
2.678230048300939e-07
3.800216086750062e-07
5.406716876813111e-07
7.729616319432872e-07
1.118078569826742e-06
1.622234707473687e-06
2.368382630950814e-06
3.483137097393796e-06
5.084836244730611e-06
7.473606382260902e-06
1.101586468596996e-05
1.624428209286485e-05
2.382886216311134e-05
3.508012255014821e-05
5.170473193743605e-05
7.577225391204038e-05
1.113914614100199e-04
1.634623798542439e-04
2.390718823150067e-04
3.486389709524364e-04
5.070118829765333e-04
7.374307846149635e-04
1.067660786736741e-03
1.547221644523621e-03
2.235927412263332e-03
3.217005854238543e-03
4.618374487581874e-03
6.617497688560428e-03
9.470031618648142e-03
1.350963720216975e-02
1.924701512296765e-02
2.734161775816054e-02
3.875912407446645e-02
5.484896981206125e-02
7.751344692270296e-02
1.087926533000305e-01
1.520778523770732e-01
2.111569460743342e-01
2.895508075958953e-01
3.900270419853472e-01
5.101347370211068e-01
6.401607122613484e-01
7.618707410227602e-01
8.582975159976833e-01
9.282159220944427e-01
9.999998620046672e-01
9.999999999999479e-01
1.000000000000000e+00
1.000000000000000e+00
1.000000000000000e+00
1.000000000000000e+00
1.000000000000000e+00
1.000000000000000e+00
1.000000000000000e+00
###4.399999999999999e+00
-1.001984185321538e-10
1.016526038503897e-11
8.181195109941934e-11
2.551104939746602e-11
2.861796706379858e-11
5.582184627645910e-11
3.366201710379895e-11
5.755530974183913e-11
3.210190459118929e-11
2.273341990178047e-11
2.811206736898025e-11
2.299822653822739e-11
3.010207240831026e-11
2.674903131418415e-11
2.264206466057776e-11
4.374998877964775e-11
5.925747461345151e-11
6.392087458806834e-11
8.944303698438259e-11
1.177636509996399e-10
1.496843345847645e-10
1.965750232632698e-10
2.691709046916383e-10
3.566595083365578e-10
4.366075267992409e-10
6.086047120514160e-10
7.955085602256760e-10
1.055678014700042e-09
1.395728994120527e-09
1.855606873160403e-09
2.466901912609226e-09
3.279276524676012e-09
4.364444835837067e-09
5.817085774184153e-09
7.660654069218863e-09
1.033975494698066e-08
1.372602452916850e-08
1.833083257805762e-08
2.494012211075404e-08
3.358959183344757e-08
4.577565949877915e-08
6.268986457401574e-08
8.625914403688411e-08
1.197606780695289e-07
1.663419647931389e-07
2.349596360633209e-07
3.326813935365432e-07
4.742310678681045e-07
6.777243069040286e-07
9.721452053961035e-07
1.410307341603700e-06
2.052193059676521e-06
2.994797462575485e-06
4.395542068966915e-06
6.420508835098034e-06
9.423034197659213e-06
1.385934719626402e-05
2.035145514359171e-05
2.979865091867392e-05
4.370150923396731e-05
6.415968865421774e-05
9.364297989979348e-05
1.370654739906019e-04
2.001873790643326e-04
2.912407055038013e-04
4.228219985197643e-04
6.119487968727358e-04
8.851598388146912e-04
1.274963766954604e-03
1.837654103214397e-03
2.640088591820041e-03
3.777664601312941e-03
5.390638583995358e-03
7.676577507472369e-03
1.091014476887966e-02
1.545514182010737e-02
2.184558362354787e-02
3.078773630404827e-02
4.326530305841458e-02
6.064819159725787e-02
8.481855688137806e-02
1.177238393478277e-01
1.625797500893232e-01
2.228140074747323e-01
3.014047593198053e-01
4.004509602101741e-01
5.171100270994281e-01
6.422736807404072e-01
7.596937620274409e-01
8.543703607912603e-01
9.250766206880986e-01
9.999998620046672e-01
9.999999999999479e-01
1.000000000000000e+00
1.000000000000000e+00
1.000000000000000e+00
1.000000000000000e+00
1.000000000000000e+00
1.000000000000000e+00
1.000000000000000e+00
###4.800000000000000e+00
-1.059511032085528e-10
1.382458598472770e-11
7.981986660252593e-11
2.748006862837404e-11
3.237609218509730e-11
5.415527108985327e-11
4.935822076520476e-11
6.088619229101762e-11
3.978826172422764e-11
2.529832979817612e-11
3.168648200742502e-11
2.629087443220858e-11
3.478505047888234e-11
3.094435692521802e-11
3.164638313165489e-11
4.611481720282022e-11
6.957121767135064e-11
7.863377282248433e-11
1.048724647590034e-10
1.327762416143608e-10
1.736323113820811e-10
2.279954212680625e-10
3.049650687896686e-10
4.048459690916447e-10
5.016412228828209e-10
6.918945768315521e-10
9.077296297635485e-10
1.201103298615002e-09
1.590154858349662e-09
2.116751972749644e-09
2.811475491732914e-09
3.750990862721855e-09
4.996856839291525e-09
6.675363903191425e-09
8.846747475075070e-09
1.197878886236548e-08
1.596871046879276e-08
2.142732233772259e-08
2.926588305067462e-08
3.973791916080231e-08
5.448604566228480e-08
7.516835621304546e-08
1.040043146925453e-07
1.453121252737649e-07
2.033704394592231e-07
2.885408026457261e-07
4.107570679118896e-07
5.878750840699730e-07
8.434485795624816e-07
1.212440248198123e-06
1.764047457854921e-06
2.569290139550824e-06
3.747997846074933e-06
5.490035357335717e-06
8.013191681079269e-06
1.173233038198592e-05
1.721213750606094e-05
2.518937152127278e-05
3.679081025604653e-05
5.374273443821473e-05
7.858068695483301e-05
1.143092640227687e-04
1.665552285720726e-04
2.421321506278235e-04
3.506421451024898e-04
5.068339433878245e-04
7.301846630037750e-04
1.050755686636109e-03
1.505965035840749e-03
2.159457867780816e-03
3.084933435394024e-03
4.391088014549266e-03
6.230245923063603e-03
8.820171841789048e-03
1.245479521082865e-02
1.752652638241293e-02
2.459126190904582e-02
3.439929410274025e-02
4.794740979070106e-02
6.661880664869339e-02
9.224358412322084e-02
1.267503643253607e-01
1.730985094670433e-01
2.344012157552053e-01
3.131508977652966e-01
4.108435121827626e-01
5.243614180982684e-01
6.451283693140610e-01
7.586381167271034e-01
8.514813880345260e-01
9.225990626630900e-01
9.999998620046672e-01
9.999999999999479e-01
1.000000000000000e+00
1.000000000000000e+00
1.000000000000000e+00
1.000000000000000e+00
1.000000000000000e+00
1.000000000000000e+00
1.000000000000000e+00
###5.200000000000000e+00
-9.715616192928819e-11
5.864510542198406e-12
8.538882296373950e-11
2.561801441286974e-11
3.402090061429202e-11
5.185128576930897e-11
4.995194308139356e-11
5.929218734412989e-11
3.985976949000200e-11
5.008611283481034e-11
3.672575586111068e-11
3.334699503344893e-11
3.826583155036271e-11
3.394904131291629e-11
4.050917295964042e-11
5.076058163492640e-11
7.808697586462857e-11
9.007770597652422e-11
1.164022291364495e-10
1.510439373854310e-10
1.944522116040040e-10
2.580345904596097e-10
3.381055575629469e-10
4.562206124310616e-10
5.685410084368128e-10
7.820935171112596e-10
1.028244473128311e-09
1.359841638597199e-09
1.802282533710250e-09
2.397080243775852e-09
3.199635141073314e-09
4.269735619482871e-09
5.704885931811371e-09
7.641001547115838e-09
1.019020055140754e-08
1.381816209337445e-08
1.853909456212462e-08
2.506015214093713e-08
3.434724036527213e-08
4.695602686184549e-08
6.476720824701326e-08
8.993211007137654e-08
1.251784098157122e-07
1.758183127019687e-07
2.479509363683562e-07
3.532037249446958e-07
5.046318090028607e-07
7.245836608945029e-07
1.042279659503999e-06
1.500895193298987e-06
2.189383049881114e-06
3.185801411633529e-06
4.642291909621046e-06
6.788314339615643e-06
9.894405900361408e-06
1.445307785445931e-05
2.112566745239551e-05
3.084340240571469e-05
4.491307969318652e-05
6.538544950615917e-05
9.521962480741594e-05
1.380384128620535e-04
2.002290344755583e-04
2.899637110277477e-04
4.179282510321057e-04
6.015463089960963e-04
8.627157817221551e-04
1.235343750665671e-03
1.762076826420861e-03
2.514273451809833e-03
3.573203875200057e-03
5.059759110831508e-03
7.140416656643782e-03
1.005176353137641e-02
1.410708007714005e-02
1.972465905837564e-02
2.748642197465382e-02
3.817856068656850e-02
5.280721173307769e-02
7.275855097688315e-02
9.982333082349881e-02
1.358809020132367e-01
1.836523188780783e-01
2.459514601770382e-01
3.248167340146135e-01
4.212422775091349e-01
5.318839600970632e-01
6.486602010957431e-01
7.585555595463314e-01
8.495289539435877e-01
9.207483521327389e-01
9.999998620046672e-01
9.999999999999479e-01
1.000000000000000e+00
1.000000000000000e+00
1.000000000000000e+00
1.000000000000000e+00
1.000000000000000e+00
1.000000000000000e+00
1.000000000000000e+00
###5.600000000000001e+00
-6.671721676370763e-11
-4.290933508926732e-11
8.613561282413355e-11
4.766377576559282e-11
1.726480783100940e-11
5.300631440811101e-11
5.205593747961116e-11
6.103184383249658e-11
3.864282939496095e-11
5.404646293697269e-11
3.980859424617908e-11
3.645116204257390e-11
3.724645879022542e-11
4.126484947488948e-11
5.195991906782873e-11
5.905956573109958e-11
8.998952821154388e-11
1.032202965109562e-10
1.365923598235404e-10
1.713459707064888e-10
2.204656804747713e-10
2.914922194897082e-10
3.823701309206107e-10
5.121073511899697e-10
6.458817823272562e-10
8.805487300661259e-10
1.159593115438155e-09
1.532276790202655e-09
2.039371827226389e-09
2.718017722786439e-09
3.629334858893739e-09
4.854174967711899e-09
6.504228267611869e-09
8.739031617060444e-09
1.172495509577829e-08
1.593635940458702e-08
2.153309070102102e-08
2.931826994619689e-08
4.031664429261946e-08
5.547683515997969e-08
7.699194873353803e-08
1.074936995715260e-07
1.503812511084103e-07
2.123474831481116e-07
3.011702399545192e-07
4.306791715415510e-07
6.167920066882069e-07
8.875581207601355e-07
1.279400397578605e-06
1.845276623163814e-06
2.690245156389772e-06
3.915934452808692e-06
5.700988411844153e-06
8.318792112892467e-06
1.210136834216075e-05
1.763557959925943e-05
2.570103570848922e-05
3.740412737621991e-05
5.430884747434981e-05
7.877194955319390e-05
1.142882593692810e-04
1.651231336479747e-04
2.385153518718829e-04
3.440491649599997e-04
4.936879117564657e-04
7.076158968495165e-04
1.010437975148878e-03
1.440234976543454e-03
2.044863938199133e-03
2.904081235383518e-03
4.106633888709283e-03
5.786034877222621e-03
8.123320457786956e-03
1.137336557106300e-02
1.586934526352674e-02
2.205594139115790e-02
3.053335618243282e-02
4.212625499216385e-02
5.784515496344698e-02
7.907560765645701e-02
1.075632647190965e-01
1.451209642584266e-01
1.942530067970095e-01
2.574764916019151e-01
3.364319814952911e-01
4.316663910980609e-01
5.396721754033800e-01
6.528125277045104e-01
7.593553199913218e-01
8.484347712885351e-01
9.194506590934115e-01
9.999998620046672e-01
9.999999999999479e-01
1.000000000000000e+00
1.000000000000000e+00
1.000000000000000e+00
1.000000000000000e+00
1.000000000000000e+00
1.000000000000000e+00
1.000000000000000e+00
###6.000000000000001e+00
-6.019760563743389e-11
-3.951198831727113e-11
8.929551556690801e-11
4.031202172485448e-11
1.995201443829198e-11
5.483372786862843e-11
5.510025215936206e-11
6.272916510277386e-11
4.771626701901910e-11
5.784230753431379e-11
4.026613497172690e-11
4.146926547541771e-11
4.516590820273737e-11
4.756047267032716e-11
6.146036801129324e-11
6.897979814678936e-11
1.005637314897140e-10
1.184230453601999e-10
1.568911976696367e-10
1.939994437817268e-10
2.513358092593075e-10
3.277020770385765e-10
4.303226308976657e-10
5.735594067237689e-10
7.287399881482573e-10
9.886261167582490e-10
1.305952447533973e-09
1.718324057350733e-09
2.300891745484746e-09
3.073757161713342e-09
4.117152141355923e-09
5.516632827002275e-09
7.412530168797546e-09
9.998618852484554e-09
1.349071586618223e-08
1.838931768443034e-08
2.500613902403874e-08
3.430457643307796e-08
4.733636308728459e-08
6.553292756907430e-08
9.147225463017898e-08
1.283867222059030e-07
1.804787340414160e-07
2.560454156886516e-07
3.647292214983791e-07
5.229296145917972e-07
7.504517204292408e-07
1.081656615227008e-06
1.560791147727578e-06
2.251361218683118e-06
3.281425963647642e-06
4.775685863208124e-06
6.941890698451245e-06
1.010993511072454e-05
1.467542856916008e-05
2.133131244509278e-05
3.100084303124741e-05
4.498084922734623e-05
6.510862391270447e-05
9.411101454786429e-05
1.360284147220713e-04
1.958605684707675e-04
2.818051947081041e-04
4.048864599570126e-04
5.785927238128812e-04
8.259373799005261e-04
1.174465667648893e-03
1.666595369623209e-03
2.355801873495694e-03
3.330692232932127e-03
4.687667802365797e-03
6.572920383896608e-03
9.181371778563258e-03
1.278832254970237e-02
1.774551347804009e-02
2.452186506077696e-02
3.374036511178729e-02
4.624535282947874e-02
6.306766280680276e-02
8.556818726381217e-02
1.154632408701414e-01
1.544790635141793e-01
2.049115988695429e-01
2.690101550541000e-01
3.480294825088239e-01
4.421455684459110e-01
5.477225296410780e-01
6.575302238790932e-01
7.609185933316372e-01
8.480877086644522e-01
9.186694642959032e-01
9.999998620046672e-01
9.999999999999479e-01
1.000000000000000e+00
1.000000000000000e+00
1.000000000000000e+00
1.000000000000000e+00
1.000000000000000e+00
1.000000000000000e+00
1.000000000000000e+00
###6.400000000000001e+00
1.425746182144742e-11
-3.652665653604310e-11
9.380153754551493e-11
4.053216309465656e-11
8.290189533901744e-11
5.057160346593165e-11
4.286307134686323e-11
6.710880943281686e-11
4.532341623138160e-12
6.346136160224933e-11
4.794418614442404e-11
4.649427639508903e-11
4.987595836908829e-11
6.169950267799389e-11
6.567948385054302e-11
7.918352774025219e-11
1.177705324241011e-10
1.334457173416924e-10
1.762145911673633e-10
2.194315184820735e-10
2.822722386151223e-10
3.658337543255346e-10
4.830072724039676e-10
6.474040279426045e-10
8.136840673437383e-10
1.106592166968563e-09
1.467535146429299e-09
1.932478416763249e-09
2.594216547706930e-09
3.471592992743855e-09
4.659456504595772e-09
6.269315259935688e-09
8.448896640687301e-09
1.144413249651976e-08
1.552482968163884e-08
2.124561149129780e-08
2.908591274050356e-08
4.015116685760200e-08
5.561115884512766e-08
7.744844723977028e-08
1.086649320038963e-07
1.531603352812161e-07
2.162514721909516e-07
3.079414682980227e-07
4.400200531705894e-07
6.324181380849663e-07
9.087776966601074e-07
1.310907813005135e-06
1.893034581849291e-06
2.729259457749978e-06
3.976332732080510e-06
5.782571855735244e-06
8.390086353165342e-06
1.219546529901059e-05
1.766504912026626e-05
2.560368929268221e-05
3.708405529202223e-05
5.366655306002907e-05
7.745018072112975e-05
1.115669352374971e-04
1.607013805252424e-04
2.306125162538928e-04
3.305605434464404e-04
4.731425363319711e-04
6.734017057416810e-04
9.574428071784002e-04
1.356029108241631e-03
1.916018720188221e-03
2.696789041009296e-03
3.795900577193506e-03
5.318099889982197e-03
7.422696508559497e-03
1.031875855809352e-02
1.430023033819477e-02
1.973814457884720e-02
2.712486959333777e-02
3.710355479866446e-02
5.053883479662898e-02
6.847338988988419e-02
9.224330830016073e-02
1.235226785349113e-01
1.639616378276097e-01
2.156437580553874e-01
2.805599722715020e-01
3.596392154095150e-01
4.526899466634225e-01
5.560144944437808e-01
6.627553335764758e-01
7.631984932615891e-01
8.484263091554084e-01
9.183441060680976e-01
9.999998620046672e-01
9.999999999999479e-01
1.000000000000000e+00
1.000000000000000e+00
1.000000000000000e+00
1.000000000000000e+00
1.000000000000000e+00
1.000000000000000e+00
1.000000000000000e+00
###6.800000000000002e+00
1.387559196240119e-11
-8.472550590620839e-11
1.028691113690444e-10
4.217132171015655e-11
9.972661404902562e-11
5.206000558126304e-11
4.083774749256135e-11
7.265358108848375e-11
3.809339321380932e-12
7.083136225465872e-11
5.435037991801984e-11
5.767215627211995e-11
5.880790116317875e-11
7.143352614434215e-11
7.104565359999946e-11
9.387857738736545e-11
1.327887750350639e-10
1.525458217179743e-10
1.980008862944401e-10
2.488917673365115e-10
3.185002776632776e-10
4.104817632532733e-10
5.417214862990006e-10
7.216733514656208e-10
9.151385280403090e-10
1.238582293282044e-09
1.646362072569869e-09
2.174753269369533e-09
2.924748662407290e-09
3.923031385218288e-09
5.275885451852457e-09
7.131839000509458e-09
9.647520009090567e-09
1.311767376562296e-08
1.788977903424589e-08
2.457858999536901e-08
3.385733682021898e-08
4.701393822701281e-08
6.538373580972448e-08
9.150380833802487e-08
1.290071063181747e-07
1.825943913578938e-07
2.586195522163362e-07
3.692132686523219e-07
5.291000749667895e-07
7.616622295493120e-07
1.095515649657575e-06
1.581091879973957e-06
2.282984778270307e-06
3.289770396204337e-06
4.789012241713864e-06
6.955769515469016e-06
1.007263521959405e-05
1.460994657512456e-05
2.111157520291394e-05
3.051676016510286e-05
4.408697232700159e-05
6.358769967767821e-05
9.149878162550826e-05
1.313662483113950e-04
1.885741107331920e-04
2.696756875028387e-04
3.851381743021604e-04
5.492713157103881e-04
7.787678976034968e-04
1.103061970509727e-03
1.556055087967103e-03
2.189832302082835e-03
3.069306399558804e-03
4.301966835561150e-03
6.000261457245365e-03
8.338144474936792e-03
1.153755927366536e-02
1.591153683393282e-02
2.185053736214030e-02
2.986851011977426e-02
4.062372548636606e-02
5.501031198508780e-02
7.406565062817543e-02
9.910245709115376e-02
1.317427241003694e-01
1.735759150730278e-01
2.264576785468821e-01
2.921538384250230e-01
3.712679012558192e-01
4.633215591449311e-01
5.645400709177905e-01
6.684309308959238e-01
7.661045804750702e-01
8.493860439879215e-01
9.184535097492128e-01
9.999998620046672e-01
9.999999999999479e-01
1.000000000000000e+00
1.000000000000000e+00
1.000000000000000e+00
1.000000000000000e+00
1.000000000000000e+00
1.000000000000000e+00
1.000000000000000e+00
###7.200000000000002e+00
1.043306060253235e-11
-8.367755580723024e-11
1.217859232111998e-10
4.161248479228032e-11
1.025736182755950e-10
6.912223356992650e-11
5.103640467253944e-11
7.262192079988611e-11
7.251320161932297e-12
9.297251440270573e-11
6.513275476399509e-11
6.842771282259299e-11
6.914343888957902e-11
8.128242473721609e-11
7.939913870625806e-11
1.086159227561504e-10
1.499771265231391e-10
1.735153565051439e-10
2.214464904875885e-10
2.799582212556945e-10
3.589990451442455e-10
4.612271133396106e-10
6.069853915041486e-10
8.082593215553974e-10
1.028282801970300e-09
1.385322660993230e-09
1.847187378399485e-09
2.447791064663947e-09
3.296486265043354e-09
4.436868565742293e-09
5.980212767970934e-09
8.119626315304933e-09
1.102641753931844e-08
1.505665700242208e-08
2.064713969978918e-08
2.847249839028649e-08
3.945720575169293e-08
5.507758414427018e-08
7.691596935517897e-08
1.081020764917075e-07
1.529988635887447e-07
2.172337293217770e-07
3.086441720308966e-07
4.414700207114858e-07
6.340173963117564e-07
9.138145263650273e-07
1.314877434410525e-06
1.897097811408109e-06
2.739000381088258e-06
3.943894818730115e-06
5.734199720241867e-06
8.315144253420284e-06
1.201657122258888e-05
1.739008131096068e-05
2.507053864063728e-05
3.614537402163890e-05
5.204291552647097e-05
7.486088270227209e-05
1.074092515897330e-04
1.537045851546606e-04
2.199128531584477e-04
3.134489725421163e-04
4.460835239481257e-04
6.339372752366572e-04
8.955361727195935e-04
1.263715188344704e-03
1.775922122305201e-03
2.489439455139775e-03
3.475437800305707e-03
4.851019620893066e-03
6.737334235057436e-03
9.322059717534482e-03
1.284079004164157e-02
1.762551836376241e-02
2.408693370419909e-02
3.275614331559682e-02
4.430607251255805e-02
5.966078009215352e-02
7.984565106894083e-02
1.061482750196426e-01
1.401504634776982e-01
1.833307737984270e-01
2.373729099143556e-01
3.037983586840555e-01
3.829347623699821e-01
4.740435687530434e-01
5.733016314380740e-01
6.745353687292154e-01
7.695598997142774e-01
8.508927767156225e-01
9.189391576857353e-01
9.999998620046672e-01
9.999999999999479e-01
1.000000000000000e+00
1.000000000000000e+00
1.000000000000000e+00
1.000000000000000e+00
1.000000000000000e+00
1.000000000000000e+00
1.000000000000000e+00
###7.600000000000002e+00
3.292396119213114e-11
-8.343770647896853e-11
1.199873691061494e-10
4.109382598113772e-11
1.135388594975827e-10
6.523621010286581e-11
5.771145481309709e-11
7.453252800340589e-11
2.031634812582037e-11
9.443567814118214e-11
6.732914707627123e-11
7.550306629807628e-11
7.269129261218122e-11
9.145368318711658e-11
9.095767522874653e-11
1.226583366262485e-10
1.686678892180062e-10
1.931939332320493e-10
2.467808936142349e-10
3.110003398932030e-10
3.969496194188209e-10
5.138279903689210e-10
6.752661361901496e-10
8.971325420546795e-10
1.150225291172267e-09
1.549494779055357e-09
2.070493329914553e-09
2.753594835673879e-09
3.717542423548230e-09
5.017237279641122e-09
6.792420647014873e-09
9.255552015450693e-09
1.262840034207479e-08
1.732463240162265e-08
2.386211144427147e-08
3.304534601794903e-08
4.601746376307321e-08
6.455173887383197e-08
9.046658871113278e-08
1.276129658689498e-07
1.812461592919692e-07
2.580869901179357e-07
3.674023831238163e-07
5.263536810927564e-07
7.572573852308569e-07
1.091847516105731e-06
1.571328242215457e-06
2.265914614093656e-06
3.269439764818427e-06
4.701770505626614e-06
6.828639933411260e-06
9.885640574875581e-06
1.425410279313969e-05
2.058317709498131e-05
2.960035989226129e-05
4.255522790267459e-05
6.107631306830196e-05
8.763010351313568e-05
1.253672360628182e-04
1.788486340600750e-04
2.550435626055485e-04
3.623316871454953e-04
5.138722033494888e-04
7.277921828307437e-04
1.024417877860166e-03
1.440426827162718e-03
2.016865564681543e-03
2.816257781830339e-03
3.916638282959594e-03
5.445098738191158e-03
7.531663572083777e-03
1.037740969233861e-02
1.423181983621099e-02
1.944683552057606e-02
2.644947569521434e-02
3.579194157036642e-02
4.815693598401864e-02
6.449359508568892e-02
8.581769729859774e-02
1.133854531477755e-01
1.487307995826110e-01
1.932267468821633e-01
2.483838601651814e-01
3.155065558243593e-01
3.946482166712049e-01
4.848746360798368e-01
5.822838923606082e-01
6.810270379169311e-01
7.735047151066566e-01
8.528827626089929e-01
9.197738964344324e-01
9.999998620046672e-01
9.999999999999479e-01
1.000000000000000e+00
1.000000000000000e+00
1.000000000000000e+00
1.000000000000000e+00
1.000000000000000e+00
1.000000000000000e+00
1.000000000000000e+00
###8.000000000000002e+00
3.276601199892875e-11
-8.257233807092524e-11
1.206938912433976e-10
4.465735357861731e-11
1.101236365128067e-10
6.045808655088597e-11
6.689784478032730e-11
8.052378739088216e-11
2.884275576527792e-11
9.186118371214964e-11
7.323735499686563e-11
7.735552017799711e-11
8.111033328118315e-11
9.919184060083661e-11
1.099726356355607e-10
1.360926534334024e-10
1.842989033743892e-10
2.130431922688508e-10
2.699900246670909e-10
3.453593356634054e-10
4.422327287506351e-10
5.715564075177071e-10
7.510587102760030e-10
9.960214291865318e-10
1.286139605723041e-09
1.730055170796833e-09
2.320949472914142e-09
3.097466755853023e-09
4.196749019792800e-09
5.680167313621541e-09
7.709914877684782e-09
1.056670702766171e-08
1.448250413796167e-08
1.994526234548986e-08
2.761100928087873e-08
3.838393050113419e-08
5.371391212791332e-08
7.567596228193403e-08
1.063882658524474e-07
1.505402636091658e-07
2.143659705276600e-07
3.060165200188725e-07
4.363368625918004e-07
6.259833485713880e-07
9.012466318160645e-07
1.299499920190386e-06
1.869773038957506e-06
2.693764507513317e-06
3.884036139975469e-06
5.579003037950789e-06
8.088367975842911e-06
1.168740237429411e-05
1.681654715142837e-05
2.422649467142941e-05
3.475421142832910e-05
4.982881803596151e-05
7.129126674812388e-05
1.020347757798601e-04
1.455512702599256e-04
2.070111057097697e-04
2.942793980347058e-04
4.167325273484511e-04
5.890947999218599e-04
8.315045629956727e-04
1.166365424360706e-03
1.634213675521286e-03
2.280088348888421e-03
3.171968670422601e-03
4.394784569524091e-03
6.086675548298514e-03
8.385645331344177e-03
1.150672750102594e-02
1.571426623942282e-02
2.137774231125328e-02
2.894223884663462e-02
3.897709975333782e-02
5.217900192636900e-02
6.951484398685839e-02
9.198392629378940e-02
1.208137458026054e-01
1.574916655717964e-01
2.032738981571915e-01
2.595108331263384e-01
3.272905462204416e-01
4.064087229895157e-01
4.958009061425642e-01
5.914689723207042e-01
6.878526823194400e-01
7.778976066144695e-01
8.553084098225158e-01
9.209351084345121e-01
9.999998620046672e-01
9.999999999999479e-01
1.000000000000000e+00
1.000000000000000e+00
1.000000000000000e+00
1.000000000000000e+00
1.000000000000000e+00
1.000000000000000e+00
1.000000000000000e+00
###8.400000000000002e+00
4.571117536818128e-11
-6.895092378534404e-11
1.205574513602174e-10
4.399590744036189e-11
1.114166516603916e-10
5.888210284133997e-11
6.769239269407505e-11
7.385132061103354e-11
2.789546561935146e-11
9.464710394906889e-11
7.982793936090458e-11
7.753505048503743e-11
8.546330131187128e-11
1.158288250840022e-10
1.230756593684961e-10
1.532873293367817e-10
2.007438334134689e-10
2.340195064563120e-10
2.988824671177911e-10
3.828219185303094e-10
4.892937271457720e-10
6.338612968859930e-10
8.346917049119225e-10
1.103901600599803e-09
1.437922430174234e-09
1.935548890671115e-09
2.603796643636430e-09
3.492238249066490e-09
4.742745009665081e-09
6.443258501410870e-09
8.778115350260195e-09
1.207493390685657e-08
1.662293620171878e-08
2.299230680363681e-08
3.199006308369303e-08
4.463818857982617e-08
6.271162956513505e-08
8.871203798085117e-08
1.250246400415173e-07
1.774183001781446e-07
2.532365239778586e-07
3.619557892341463e-07
5.169567719205726e-07
7.420345165001970e-07
1.068812198934078e-06
1.540944783421784e-06
2.215736950289547e-06
3.189039549810113e-06
4.592046761479477e-06
6.586294395872657e-06
9.534449602820288e-06
1.375055589973049e-05
1.974085974703108e-05
2.837330971429541e-05
4.060209075538891e-05
5.805933487692069e-05
8.282087079843824e-05
1.182334571994137e-04
1.681622841270784e-04
2.384627490130052e-04
3.379302217407311e-04
4.771081830062219e-04
6.722457768709461e-04
9.458130287264473e-04
1.322267668228367e-03
1.846370168664026e-03
2.567004607482560e-03
3.558460847060154e-03
4.912298498122249e-03
6.777696923671132e-03
9.302090506533267e-03
1.271344015456153e-02
1.729091555047314e-02
2.342200634055452e-02
3.157013333561531e-02
4.231789668497709e-02
5.637509878395942e-02
7.472414977350340e-02
9.834635288797351e-02
1.284402685269780e-01
1.664346691189536e-01
2.134691036427727e-01
2.707556682949746e-01
3.391538920892155e-01
4.182534769730042e-01
5.068273803660440e-01
6.008391818375984e-01
6.949715131556398e-01
7.826842403487247e-01
8.581121561327875e-01
9.223651700224094e-01
9.999998620046672e-01
9.999999999999479e-01
1.000000000000000e+00
1.000000000000000e+00
1.000000000000000e+00
1.000000000000000e+00
1.000000000000000e+00
1.000000000000000e+00
1.000000000000000e+00
###8.800000000000002e+00
4.684515959091824e-11
-6.838778227227720e-11
1.256292078501725e-10
4.693914367620303e-11
1.075453155569583e-10
6.208396930793341e-11
7.113880289696024e-11
7.852677426467179e-11
3.447328148574110e-11
1.001492493414894e-10
9.100091208637320e-11
8.610975369408577e-11
9.540521261792118e-11
1.257968394832360e-10
1.434243448281804e-10
1.695476249672170e-10
2.189449951388013e-10
2.569047440519514e-10
3.305781752733561e-10
4.225101938571551e-10
5.424333189416119e-10
7.038080866579110e-10
9.275177990249435e-10
1.227248136881398e-09
1.611385945405224e-09
2.168509859589824e-09
2.923968367824845e-09
3.937507562016480e-09
5.366203081496170e-09
7.319189943812444e-09
1.001192861321236e-08
1.382279372202477e-08
1.911437782381310e-08
2.654773788387810e-08
3.710010381035413e-08
5.195348208509838e-08
7.323685296774973e-08
1.039588808075007e-07
1.468420502603174e-07
2.088079070453385e-07
2.985693790904809e-07
4.272375679606852e-07
6.107867669471446e-07
8.770662061755105e-07
1.263283963240240e-06
1.820386790495209e-06
2.615536963282931e-06
3.761147570056895e-06
5.407567157541315e-06
7.753177999478519e-06
1.118815911139841e-05
1.610351919091503e-05
2.306523502616983e-05
3.307521738487820e-05
4.720874991871616e-05
6.733587115891622e-05
9.577983861082247e-05
1.363821298427046e-04
1.934319857087133e-04
2.734800985079583e-04
3.864011824282668e-04
5.438661997577217e-04
7.639613948141691e-04
1.071463254076729e-03
1.492960024409592e-03
2.077926434434435e-03
2.878887609285250e-03
3.977180238222614e-03
5.471009502215948e-03
7.520879985998775e-03
1.028341992264385e-02
1.400052030206583e-02
1.896533454351874e-02
2.558377230213837e-02
3.433689093047459e-02
4.581685021170079e-02
6.074780361905246e-02
8.012441379579875e-02
1.049102255505446e-01
1.362672909649564e-01
1.755608983403408e-01
2.238301857383968e-01
2.821220675361951e-01
3.511180577960275e-01
4.301786636208914e-01
5.179522081902740e-01
6.103753524293577e-01
7.023598041087404e-01
7.878118448773879e-01
8.612510426694956e-01
9.240372466459428e-01
9.999998620046672e-01
9.999999999999479e-01
1.000000000000000e+00
1.000000000000000e+00
1.000000000000000e+00
1.000000000000000e+00
1.000000000000000e+00
1.000000000000000e+00
1.000000000000000e+00
###9.200000000000003e+00
4.864309609658654e-11
-5.865422427637569e-11
1.237158067291369e-10
5.120276111095934e-11
1.059765071394197e-10
6.310138941168998e-11
7.673218869633316e-11
8.186201112572040e-11
4.119031228285280e-11
1.060745574957199e-10
9.829528793806059e-11
9.327948047462797e-11
1.065240495933495e-10
1.372582595685336e-10
1.632821617008336e-10
1.866144631708903e-10
2.370181459085151e-10
2.841032319666156e-10
3.648742012286439e-10
4.666297789488142e-10
6.047836156820956e-10
7.783358577486382e-10
1.029835821999702e-09
1.364831505879891e-09
1.804304538770007e-09
2.432210068365982e-09
3.288596421442360e-09
4.446529990857061e-09
6.080789734674722e-09
8.328407351193322e-09
1.144384111756837e-08
1.585462830788991e-08
2.201670161554100e-08
3.069007970847560e-08
4.304128410475955e-08
6.049371853874180e-08
8.554498457543391e-08
1.216235303042982e-07
1.723530191907674e-07
2.453661972758764e-07
3.513734276752313e-07
5.030154841842356e-07
7.200689668334957e-07
1.033389453769941e-06
1.488007069283770e-06
2.142228753362181e-06
3.075398429338356e-06
4.417806741862638e-06
6.340941068929260e-06
9.085057436729877e-06
1.307288256807732e-05
1.877730618711713e-05
2.683421726372517e-05
3.838854012450536e-05
5.465961578778064e-05
7.776032389509983e-05
1.103067052421356e-04
1.566469167825068e-04
2.215800223517580e-04
3.123538585746923e-04
4.400554452409354e-04
6.175312649543452e-04
8.648302085669840e-04
1.209219041893872e-03
1.679461605721772e-03
2.329937331239570e-03
3.217566294273245e-03
4.429860357281364e-03
6.072686486361153e-03
8.318562782399889e-03
1.133263542913492e-02
1.537117276582738e-02
2.074060851228375e-02
2.786786756939312e-02
3.724407374281178e-02
4.947886983071264e-02
6.530303722140926e-02
8.572160823343712e-02
1.116803577967968e-01
1.442934197797545e-01
1.848804663859835e-01
2.343505447839215e-01
2.936195575098648e-01
3.631837412264367e-01
4.421878800205042e-01
5.291882045370755e-01
6.200770308777953e-01
7.099961493896392e-01
7.932446678522415e-01
8.647018055347663e-01
9.259109246430652e-01
9.999998620046672e-01
9.999999999999479e-01
1.000000000000000e+00
1.000000000000000e+00
1.000000000000000e+00
1.000000000000000e+00
1.000000000000000e+00
1.000000000000000e+00
1.000000000000000e+00
###9.600000000000003e+00
5.282117663627724e-11
-5.432138401048890e-11
1.264708593768473e-10
5.194021162586465e-11
1.144944552945575e-10
6.633946173846236e-11
8.010706668399802e-11
8.304318401554228e-11
4.493873323731441e-11
1.125867838203966e-10
1.009894703158443e-10
9.376793940339177e-11
1.186110567582783e-10
1.498982041537178e-10
1.768482618156321e-10
2.060379485619817e-10
2.595795195902184e-10
3.132584292340819e-10
4.025402324729029e-10
5.169443253929939e-10
6.670372667671956e-10
8.661648945300318e-10
1.144393189720387e-09
1.520404403131402e-09
2.020100471988331e-09
2.730431978262940e-09
3.705687998313196e-09
5.030162353609253e-09
6.905798842719126e-09
9.490645590956744e-09
1.309403406490595e-08
1.820911732921170e-08
2.539101833813795e-08
3.551148874058671e-08
4.997095264780215e-08
7.042611136526458e-08
9.985493737923980e-08
1.421435890432034e-07
2.020117111805405e-07
2.878602992575388e-07
4.126003264656605e-07
5.908176863279111e-07
8.459041316065248e-07
1.213676072831406e-06
1.746927084741129e-06
2.512782424049762e-06
3.603041578974753e-06
5.169344741802740e-06
7.406137419611062e-06
1.058656470052399e-05
1.521288941609058e-05
2.180569251501090e-05
3.109092195312665e-05
4.437558852755589e-05
6.303087316736466e-05
8.944298655582599e-05
1.265362309797129e-04
1.792212625451816e-04
2.528315844374088e-04
3.554091587491794e-04
4.992824819889594e-04
6.986428765282662e-04
9.755303405245826e-04
1.359869144343597e-03
1.882808338482764e-03
2.603844842394345e-03
3.584322973624346e-03
4.918600342407538e-03
6.719552537134885e-03
9.173309920983206e-03
1.245294052955349e-02
1.682818696103863e-02
2.262103187596141e-02
3.027500503677885e-02
4.029647186341252e-02
5.330670933699051e-02
7.004303536258437e-02
9.151835858026346e-02
1.186587293513291e-01
1.525277457108057e-01
1.943962805563995e-01
2.450434294142142e-01
3.052542451096162e-01
3.753469228150000e-01
4.542891394085549e-01
5.405115917812117e-01
6.299240359366545e-01
7.178354194945601e-01
7.989175053083170e-01
8.684105459655148e-01
9.279526944216192e-01
9.999998620046672e-01
9.999999999999479e-01
1.000000000000000e+00
1.000000000000000e+00
1.000000000000000e+00
1.000000000000000e+00
1.000000000000000e+00
1.000000000000000e+00
1.000000000000000e+00
###1.000000000000000e+01
5.343106373502166e-11
-5.439873736242313e-11
1.248043178732843e-10
7.447481675867446e-11
1.159256757214807e-10
6.892306040524933e-11
7.952221182601741e-11
8.765265901671739e-11
5.353857801612594e-11
1.179037832887848e-10
1.063666999158728e-10
9.776036254261811e-11
1.340043207544256e-10
1.610787704132992e-10
1.915697328956873e-10
2.270253911183634e-10
2.844926098179167e-10
3.448337352343986e-10
4.437268303512798e-10
5.706387685171910e-10
7.383984390488668e-10
9.584051949126020e-10
1.285464744895583e-09
1.699786447600253e-09
2.266494433332880e-09
3.071172694375807e-09
4.181948099270779e-09
5.700458645650503e-09
7.852715756366750e-09
1.083921091894064e-08
1.500726005030301e-08
2.094245780421894e-08
2.931143581257752e-08
4.111162730092692e-08
5.801033056334189e-08
8.200293134610197e-08
1.164883104334885e-07
1.660285295965945e-07
2.364232766213480e-07
3.371470678140281e-07
4.834005296113681e-07
6.923637824871374e-07
9.916561453832269e-07
1.421539271066362e-06
2.044008088417435e-06
2.936084597733971e-06
4.205947359522270e-06
6.026351663904334e-06
8.617530235834124e-06
1.230807253355615e-05
1.763672650683636e-05
2.522522415441599e-05
3.588568292801933e-05
5.109916179327224e-05
7.240820310063629e-05
1.024885002526989e-04
1.446161988683617e-04
2.042965471836685e-04
2.874460808206932e-04
4.029710628032554e-04
5.645151281072958e-04
7.877050335391097e-04
1.096678664263727e-03
1.524256140446700e-03
2.104057509667979e-03
2.900962880493908e-03
3.980805848425810e-03
5.445047888245120e-03
7.414316839379138e-03
1.008783763820763e-02
1.364667342695346e-02
1.837617627762131e-02
2.461001884656604e-02
3.281138826232518e-02
4.349788581230601e-02
5.730420017924282e-02
7.497105064050928e-02
9.752041137185939e-02
1.258388754647829e-01
1.609708717213381e-01
2.041044970255207e-01
2.559046020068017e-01
3.170240311344586e-01
3.876139898633003e-01
4.664784875999066e-01
5.519338897039949e-01
6.399013767794516e-01
7.258639830402391e-01
8.048234915352310e-01
8.723278464451667e-01
9.301646051890917e-01
9.999998620046672e-01
9.999999999999479e-01
1.000000000000000e+00
1.000000000000000e+00
1.000000000000000e+00
1.000000000000000e+00
1.000000000000000e+00
1.000000000000000e+00
1.000000000000000e+00
###1.040000000000000e+01
5.623480195735648e-11
-4.691680044072078e-11
1.264344853994189e-10
8.434475723515071e-11
1.175417863035288e-10
8.202357723684861e-11
8.562785554174229e-11
9.265039021292268e-11
6.263614929646073e-11
1.185976457880744e-10
1.139935591041800e-10
1.154716345238591e-10
1.476026915539198e-10
1.783403414169845e-10
2.073429112183112e-10
2.443346524491478e-10
3.095981429395228e-10
3.794428719461031e-10
4.905465230462654e-10
6.307347865459493e-10
8.190001590583086e-10
1.070269304270754e-09
1.431130157280788e-09
1.901598324804121e-09
2.547063193493939e-09
3.461171819252099e-09
4.728502430962568e-09
6.474185799851261e-09
8.948837335269763e-09
1.239275087712109e-08
1.722670619794827e-08
2.412007085312174e-08
3.384932163561117e-08
4.762043036435086e-08
6.737498773967196e-08
9.543295029464275e-08
1.357775104757405e-07
1.937136355097764e-07
2.762468963061579e-07
3.940432215829239e-07
5.650318459489670e-07
8.092966231518590e-07
1.158946604734594e-06
1.660322778360181e-06
2.384404644230353e-06
3.419945927655636e-06
4.893001751217402e-06
7.000548101371148e-06
9.992916547976802e-06
1.425789997192061e-05
2.037385596328328e-05
2.907362869827072e-05
4.127126884247648e-05
5.862933942214014e-05
8.287850118693158e-05
1.170192698265106e-04
1.647181802527297e-04
2.321003455971623e-04
3.257077080557943e-04
4.554626328772515e-04
6.361927153403691e-04
8.852874673458226e-04
1.229057646788876e-03
1.703421202937562e-03
2.344314900975630e-03
3.222485350542620e-03
4.408520945911743e-03
6.011243697534909e-03
8.159211343783643e-03
1.106448024144362e-02
1.491740057872559e-02
2.001725662965778e-02
2.671228920615525e-02
3.548076951305787e-02
4.685537647567928e-02
6.147872945497337e-02
8.009596341884605e-02
1.037294879294082e-01
1.332359413999846e-01
1.696267706128249e-01
2.140088100617739e-01
2.669388886166881e-01
3.289361383238848e-01
3.999904959983752e-01
4.787532546589436e-01
5.634381288767792e-01
6.499902648000894e-01
7.340517120212903e-01
8.109112097749940e-01
8.764263466207902e-01
9.324820111977878e-01
9.999998620046672e-01
9.999999999999479e-01
1.000000000000000e+00
1.000000000000000e+00
1.000000000000000e+00
1.000000000000000e+00
1.000000000000000e+00
1.000000000000000e+00
1.000000000000000e+00
###1.080000000000000e+01
5.850355390077616e-11
-4.313386983574940e-11
1.273008839884071e-10
7.931823485020905e-11
1.184810059581617e-10
8.804387532720266e-11
9.528145502095561e-11
9.708779879148264e-11
7.202736400215696e-11
1.250603571871455e-10
1.234530076563746e-10
1.275450752095842e-10
1.635037958087960e-10
1.932373577020188e-10
2.260367662540845e-10
2.684034247213713e-10
3.399976063734873e-10
4.186948638171195e-10
5.377994094856279e-10
6.970797867727414e-10
9.095091786609970e-10
1.190393116936721e-09
1.594663471859332e-09
2.130037707513514e-09
2.867352260347553e-09
3.906745559363918e-09
5.360268373460923e-09
7.366738970660170e-09
1.021312366552886e-08
1.419842709989525e-08
1.980214127832205e-08
2.779562842971234e-08
3.911416042711460e-08
5.516072540926191e-08
7.822480496026976e-08
1.109815656639091e-07
1.581041161207668e-07
2.256897573646232e-07
3.222225241709033e-07
4.596651382888720e-07
6.589792672863633e-07
9.435588495710769e-07
1.350720755450190e-06
1.933399481013794e-06
2.772856486269295e-06
3.971335361337340e-06
5.674177188269236e-06
8.104518280854522e-06
1.155134660792530e-05
1.645640781157038e-05
2.345704953950383e-05
3.339097715224819e-05
4.730538227823346e-05
6.704643390438052e-05
9.454992473690010e-05
1.331838362954463e-04
1.870877616879159e-04
2.628381795433235e-04
3.678937418522491e-04
5.131617757368349e-04
7.148386909259816e-04
9.920322679325565e-04
1.373406033173367e-03
1.898123807159782e-03
2.604818162983468e-03
3.569949014410940e-03
4.869429023493922e-03
6.619196308476381e-03
8.956285879583291e-03
1.210653177171835e-02
1.626827600422887e-02
2.175563089054916e-02
2.893052187477351e-02
3.828663407787330e-02
5.036944663423371e-02
6.583095021143200e-02
8.541663410460447e-02
1.101501502325850e-01
1.408574347759281e-01
1.784967233751792e-01
2.241110997397051e-01
2.781513132614559e-01
3.409925801358167e-01
4.124750375829541e-01
4.911099830331150e-01
5.750226320683004e-01
6.601805653132853e-01
7.423665561782081e-01
8.171498110906236e-01
8.806683807205253e-01
9.349242991499183e-01
9.999998620046672e-01
9.999999999999479e-01
1.000000000000000e+00
1.000000000000000e+00
1.000000000000000e+00
1.000000000000000e+00
1.000000000000000e+00
1.000000000000000e+00
1.000000000000000e+00
###1.120000000000000e+01
6.196294678596663e-11
-3.776974613248265e-11
1.306883643048854e-10
8.246179300707516e-11
1.188864568327645e-10
9.787242375983727e-11
1.006183995873363e-10
1.047496767658168e-10
8.102587208609456e-11
1.327102860000106e-10
1.310208114860331e-10
1.408157002685688e-10
1.749517567038836e-10
2.090545384247224e-10
2.476983167502357e-10
2.935261453530034e-10
3.750929091708056e-10
4.608026770079651e-10
5.955462849034770e-10
7.716644414549998e-10
1.010353597450171e-09
1.328850897661862e-09
1.782836714622119e-09
2.395935143065681e-09
3.232560948417565e-09
4.419084133667460e-09
6.085064022697759e-09
8.391509790523565e-09
1.167078804146232e-08
1.628088721928578e-08
2.276695359378575e-08
3.204413774643742e-08
4.521315107312897e-08
6.388584125588782e-08
9.075071462301931e-08
1.289689162536421e-07
1.838420027585459e-07
2.625083781566213e-07
3.751143145061448e-07
5.349998033192752e-07
7.668494771758778e-07
1.097474348115832e-06
1.570249053523543e-06
2.244063037944398e-06
3.214983175348669e-06
4.597462250771595e-06
6.559258115909947e-06
9.353171140739353e-06
1.330781838229834e-05
1.892995245307194e-05
2.691839748796639e-05
3.823391230131438e-05
5.404759970424107e-05
7.642552407913462e-05
1.075317600248315e-04
1.511186796942682e-04
2.118098268374806e-04
2.967466618987590e-04
4.143196595498434e-04
5.765229863463669e-04
8.009032181460677e-04
1.108549242019292e-03
1.530541890048081e-03
2.109404042634120e-03
2.886689296639902e-03
3.944904717421707e-03
5.365188897878140e-03
7.271270901358011e-03
9.808353819202510e-03
1.321646817289647e-02
1.770231127047881e-02
2.359489446794201e-02
3.126895034622806e-02
4.123201002028515e-02
5.404532896467436e-02
7.036599083902687e-02
9.093689998819089e-02
1.167838493665498e-01
1.486983114945320e-01
1.875855075954950e-01
2.344159082416638e-01
2.895375535045145e-01
3.531863022423684e-01
4.250684324660899e-01
5.035400734982493e-01
5.866755526590313e-01
6.704452875243365e-01
7.507819507342719e-01
8.235155423939851e-01
8.850468245001255e-01
9.374578580199857e-01
9.999998620046672e-01
9.999999999999479e-01
1.000000000000000e+00
1.000000000000000e+00
1.000000000000000e+00
1.000000000000000e+00
1.000000000000000e+00
1.000000000000000e+00
1.000000000000000e+00
###1.160000000000000e+01
3.582041343246596e-11
-4.458581901515007e-11
1.389822403848751e-10
8.299936014674838e-11
1.300284088251527e-10
1.018542430905541e-10
9.859896881580446e-11
1.109916003403396e-10
8.829297318103958e-11
1.402673990715091e-10
1.427254848342668e-10
1.564944558674120e-10
1.881846184290860e-10
2.280229633101592e-10
2.725395157870034e-10
3.165036263074340e-10
4.105188071004195e-10
5.096325216374667e-10
6.581544579845519e-10
8.550498912926076e-10
1.124247110704046e-09
1.484191880760467e-09
1.995985397727640e-09
2.691905398477436e-09
3.650712873179368e-09
5.004697522004905e-09
6.917433250513659e-09
9.573197178300410e-09
1.335230052879727e-08
1.868744725307993e-08
2.619871363216131e-08
3.696389665292662e-08
5.225108542050680e-08
7.394519722889868e-08
1.052072392582651e-07
1.496682268639560e-07
2.135366343045563e-07
3.049110300226692e-07
4.358181909815010e-07
6.213644102733753e-07
8.902478783516825e-07
1.273095407118567e-06
1.820306854895966e-06
2.597293064731927e-06
3.717224296402035e-06
5.306992868864348e-06
7.560080454635281e-06
1.076160395769733e-05
1.528299816938635e-05
2.170865977264834e-05
3.079395570690192e-05
4.364683385570749e-05
6.156132465502606e-05
8.685821865201094e-05
1.219283761774465e-04
1.709597235064705e-04
2.390777702831561e-04
3.340830302235988e-04
4.652972290546107e-04
6.459129101356806e-04
8.949084245784143e-04
1.235503875452597e-03
1.701328930130303e-03
2.338272864224660e-03
3.191280623115271e-03
4.348813064739419e-03
5.897430087026897e-03
7.969440713947958e-03
1.071773665505890e-02
1.439805584658916e-02
1.922350331909085e-02
2.553879359480366e-02
3.373139974993211e-02
4.432434082853404e-02
5.788943176879368e-02
7.508967403315850e-02
9.666447529511078e-02
1.236351675263653e-01
1.567636103586545e-01
1.968938159713360e-01
2.449208761356292e-01
3.010967507672346e-01
3.655231058917223e-01
4.377617624494263e-01
5.160488522513541e-01
5.983871610738790e-01
6.807762939565193e-01
7.592802430152639e-01
8.299845245698539e-01
8.895059748985195e-01
9.400474159354194e-01
9.999998620046672e-01
9.999999999999479e-01
1.000000000000000e+00
1.000000000000000e+00
1.000000000000000e+00
1.000000000000000e+00
1.000000000000000e+00
1.000000000000000e+00
1.000000000000000e+00
###1.200000000000001e+01
3.451364890636193e-11
-3.974931038559216e-11
1.330210706077690e-10
8.056101740450585e-11
1.291395272498931e-10
1.054967226560336e-10
1.033762791737748e-10
1.159110628545727e-10
9.309621561965020e-11
1.378259443672150e-10
1.539626550808374e-10
1.694175742540014e-10
2.322736943939871e-10
2.461273183278154e-10
2.963291926320531e-10
3.484276532328863e-10
4.510844782900725e-10
5.711888927146866e-10
7.280213639475243e-10
9.475901323513752e-10
1.251115364346735e-09
1.659760694052764e-09
2.239362325208834e-09
3.030693378673868e-09
4.128876880345471e-09
5.680061237075237e-09
7.874463504791770e-09
1.093495791765674e-08
1.529663100816234e-08
2.145639816376825e-08
3.016503698469309e-08
4.264079262702728e-08
6.036727223263587e-08
8.555617544658092e-08
1.218654336686530e-07
1.734672813620362e-07
2.476197026682727e-07
3.536001346063260e-07
5.053254234134340e-07
7.201629308717477e-07
1.031045315609134e-06
1.473242667233935e-06
2.104101494458033e-06
2.999125997552591e-06
4.285395704574677e-06
6.108488692844961e-06
8.688037901175405e-06
1.234634030712615e-05
1.750001403961310e-05
2.482063436796882e-05
3.512552583654941e-05
4.967597762181166e-05
6.991843214965764e-05
9.843302187443837e-05
1.378625885072436e-04
1.928695554571117e-04
2.691163320238432e-04
3.751100326451973e-04
5.211958199253765e-04
7.217513651654417e-04
9.974231817899675e-04
1.373475302018979e-03
1.886514419888583e-03
2.585921867916393e-03
3.519785056488175e-03
4.783424320712695e-03
6.468595963759614e-03
8.716647795078058e-03
1.168735190441009e-02
1.565353484465468e-02
2.083506193087764e-02
2.759083269196539e-02
3.632141835052934e-02
4.756552840200631e-02
6.190425494253048e-02
8.000493964426267e-02
1.026023815322002e-01
1.307084644371909e-01
1.650562210695749e-01
2.064211871998075e-01
2.556319622875343e-01
3.128324527545827e-01
3.779938578177233e-01
4.505549427052436e-01
5.286328654675898e-01
6.101434750016107e-01
6.911489622021906e-01
7.678381257178698e-01
8.365180463213452e-01
8.940430460131294e-01
9.426851295986590e-01
9.999998620046672e-01
9.999999999999479e-01
1.000000000000000e+00
1.000000000000000e+00
1.000000000000000e+00
1.000000000000000e+00
1.000000000000000e+00
1.000000000000000e+00
1.000000000000000e+00
###1.240000000000001e+01
3.016341450340448e-11
-3.288136081398007e-11
1.327860890352400e-10
7.891381947966635e-11
1.323216800408130e-10
1.106880136302822e-10
1.110236366836392e-10
1.247816494107404e-10
1.034959210183913e-10
1.454859012356447e-10
1.658269122872681e-10
1.851689077404098e-10
2.474467565582184e-10
2.645976706129498e-10
3.223103454823612e-10
3.807541735940334e-10
4.951029011188047e-10
6.282199150867441e-10
8.067025450958769e-10
1.053407672658849e-09
1.393927013211334e-09
1.860082054834722e-09
2.514998295644138e-09
3.420313579723624e-09
4.677653884655663e-09
6.463211644101114e-09
8.974746091161666e-09
1.250080088987024e-08
1.752803160872118e-08
2.464456175207932e-08
3.472808350672760e-08
4.917891381647876e-08
6.970866763094277e-08
9.891322629244848e-08
1.409776020445317e-07
2.007985333092675e-07
2.866401763568698e-07
4.092671485751473e-07
5.847219246155494e-07
8.327186784116473e-07
1.191316704330264e-06
1.700670050194206e-06
2.426051731247904e-06
3.453935326058684e-06
4.927327745338431e-06
7.011702350505865e-06
9.957154302974831e-06
1.412499614493188e-05
1.998459056984731e-05
2.829477907523558e-05
3.995470651635568e-05
5.637815740789875e-05
7.919807293914312e-05
1.112499001649808e-04
1.554618522694480e-04
2.170098540984065e-04
3.021339616529452e-04
4.201093382272065e-04
5.823306392367335e-04
8.044901031920637e-04
1.109047876572621e-03
1.523333371329415e-03
2.087013424324353e-03
2.853501043299619e-03
3.873695708908989e-03
5.250186350366943e-03
7.080242637147310e-03
9.514598242794717e-03
1.271997012295938e-02
1.698613335372328e-02
2.254057170300677e-02
2.975532644693939e-02
3.904436472504101e-02
5.096216877793659e-02
6.609550933214067e-02
8.511512608555424e-02
1.087495891832044e-01
1.380055552362917e-01
1.735695460141452e-01
2.161615823956611e-01
2.665454916694345e-01
3.247427092383438e-01
3.906054137646962e-01
4.634466372375941e-01
5.412670885428946e-01
6.219411978417557e-01
7.015499479184465e-01
7.764313770209078e-01
8.430897416973305e-01
8.986194922732659e-01
9.453400008654500e-01
9.999998620046672e-01
9.999999999999479e-01
1.000000000000000e+00
1.000000000000000e+00
1.000000000000000e+00
1.000000000000000e+00
1.000000000000000e+00
1.000000000000000e+00
1.000000000000000e+00
###1.280000000000001e+01
3.325941698587311e-11
2.934315076559823e-11
1.353792049876155e-10
6.322233992333544e-11
1.416915364304888e-10
1.102722070529558e-10
1.143595455525995e-10
1.329067400704402e-10
1.110408724339403e-10
1.604338062170452e-10
1.787359958270001e-10
2.025540327415497e-10
2.663719981178388e-10
2.861171209556932e-10
3.500692736152411e-10
4.171827879676083e-10
5.428200096421510e-10
6.928272917666124e-10
8.940267318916305e-10
1.175212022854763e-09
1.558728822892322e-09
2.083948475245866e-09
2.830415030044524e-09
3.868250343298696e-09
5.306870681261535e-09
7.354585784252328e-09
1.024192081328396e-08
1.430710982060776e-08
2.009920514531739e-08
2.832568416377202e-08
3.998796449662620e-08
5.669544701375125e-08
8.044168201520571e-08
1.142549855549867e-07
1.628895009977066e-07
2.321190178683119e-07
3.312561913472939e-07
4.728399483802914e-07
6.752131516847336e-07
9.609405576280248e-07
1.373309834277379e-06
1.958529625578785e-06
2.790253401087966e-06
3.967645611263925e-06
5.650381539332338e-06
8.027880074193473e-06
1.138165123635827e-05
1.611691035820195e-05
2.276058087979041e-05
3.216483475620827e-05
4.532492448847177e-05
6.381986247142207e-05
8.946995885284072e-05
1.254148890163029e-04
1.748802583586779e-04
2.435722248423566e-04
3.383536804114760e-04
4.693663250977367e-04
6.491146176628864e-04
8.946757004824624e-04
1.230368711234572e-03
1.685837935971172e-03
2.303838974979350e-03
3.142096089571573e-03
4.254350882151154e-03
5.750780545545312e-03
7.734881820107926e-03
1.036593426196389e-02
1.381831139555576e-02
1.839906921868645e-02
2.434312838114453e-02
3.203598331576188e-02
4.190438575250474e-02
5.451714205331160e-02
7.046495376465089e-02
9.042457377292439e-02
1.151126252059513e-01
1.455308853927291e-01
1.823147987422160e-01
2.261334569699853e-01
2.776649766030344e-01
3.368206986247507e-01
4.033454094912826e-01
4.764249959227611e-01
5.539518074096214e-01
6.337654374559857e-01
7.119668380300597e-01
7.850352771822404e-01
8.496730097273685e-01
9.032213843185155e-01
9.480078945395262e-01
9.999998620046672e-01
9.999999999999479e-01
1.000000000000000e+00
1.000000000000000e+00
1.000000000000000e+00
1.000000000000000e+00
1.000000000000000e+00
1.000000000000000e+00
1.000000000000000e+00
###1.320000000000001e+01
3.409740256684311e-11
3.126833607218370e-11
1.247429996933727e-10
6.573912517606693e-11
1.442762331155764e-10
1.085821297082090e-10
1.183350501689481e-10
1.384148789294895e-10
1.203700774346469e-10
1.706902888354609e-10
1.864801489658671e-10
2.185001618794162e-10
2.839005684930453e-10
3.093183923245582e-10
3.795933419795509e-10
4.578008965949970e-10
5.957798654309077e-10
7.646833892829185e-10
9.917687214667528e-10
1.302084807312352e-09
1.743172307929836e-09
2.346184747176083e-09
3.190804611075170e-09
4.377376691247687e-09
6.026537365800625e-09
8.379038965552321e-09
1.169451703227032e-08
1.637742589780685e-08
2.305199567555759e-08
3.254463962677868e-08
4.601358018737280e-08
6.530684439682438e-08
9.279946412375334e-08
1.318318605406458e-07
1.879611433742062e-07
2.678344499445771e-07
3.821855427938542e-07
5.451801641316210e-07
7.779760489840351e-07
1.106389070037711e-06
1.579496152402914e-06
2.249799455432506e-06
3.201831754346515e-06
4.546544748676230e-06
6.464019727926738e-06
9.167887031958926e-06
1.297623340000284e-05
1.834116840725824e-05
2.585879530650053e-05
3.647086490003127e-05
5.128771026449252e-05
7.206560088160262e-05
1.008208009086435e-04
1.410349583956145e-04
1.962729635510011e-04
2.727470217123693e-04
3.780608487402784e-04
5.232280205154674e-04
7.219422241189981e-04
9.928031227571402e-04
1.362041182797108e-03
1.861722965390793e-03
2.537996625447038e-03
3.452957384462607e-03
4.663238373103258e-03
6.287409515505298e-03
8.434374982108670e-03
1.127280475113184e-02
1.498529960070475e-02
1.989592150339933e-02
2.624673932934834e-02
3.443749640697646e-02
4.490498716299140e-02
5.823340625313850e-02
7.502098612117528e-02
9.593884929738757e-02
1.216972491735408e-01
1.532817859638076e-01
1.912948924647066e-01
2.363250950029415e-01
2.889823988332274e-01
3.490860646758246e-01
4.162163816521641e-01
4.894858370733129e-01
5.666757822926243e-01
6.455894929617325e-01
7.223790875112240e-01
7.936295987547096e-01
8.562688859347686e-01
9.078187354026880e-01
9.506838653905320e-01
9.999998620046672e-01
9.999999999999479e-01
1.000000000000000e+00
1.000000000000000e+00
1.000000000000000e+00
1.000000000000000e+00
1.000000000000000e+00
1.000000000000000e+00
1.000000000000000e+00
###1.360000000000001e+01
3.786289239277623e-11
3.275610781995602e-11
1.227078302052932e-10
6.637889453252637e-11
1.480523935697484e-10
1.098363498481962e-10
1.190265373578981e-10
1.372222810655097e-10
1.280025523981094e-10
1.791944402736462e-10
1.979688539514547e-10
2.334054136030159e-10
3.015687196554239e-10
3.342697119698985e-10
4.116516070120011e-10
5.026480843856456e-10
6.535239143452498e-10
8.441731637240948e-10
1.097178468016033e-09
1.452834861746828e-09
1.952214468989785e-09
2.638925732989527e-09
3.604238802125083e-09
4.959047267758853e-09
6.851939861057432e-09
9.547022860451102e-09
1.335893553699498e-08
1.875431294034898e-08
2.644359012498010e-08
3.739126542632137e-08
5.291203838829309e-08
7.518259608567792e-08
1.068964622516692e-07
1.519061463258567e-07
2.165069806324039e-07
3.085820362620663e-07
4.401013230077761e-07
6.273907996997641e-07
8.947416677850128e-07
1.271029931654322e-06
1.812658073085542e-06
2.578761300357280e-06
3.665122519225951e-06
5.197908543156524e-06
7.376421135928540e-06
1.044459464319781e-05
1.475812058808527e-05
2.082243632824024e-05
2.930493683605256e-05
4.125357025046370e-05
5.789698802253997e-05
8.118613906562298e-05
1.133520176844036e-04
1.582358353917825e-04
2.197685585577667e-04
3.047236735810772e-04
4.214752731467023e-04
5.820061763831246e-04
8.012300865375187e-04
1.099375401693344e-03
1.504794066970178e-03
2.051840558601634e-03
2.790503846712599e-03
3.787366982647024e-03
5.102167793069488e-03
6.861659354580980e-03
9.180838278388264e-03
1.223792160948790e-02
1.622391118172517e-02
2.147985475501254e-02
2.825546775376102e-02
3.696453759595819e-02
4.805272600716503e-02
6.211893814221388e-02
7.976388166268994e-02
1.016604865687989e-01
1.285053606552113e-01
1.612710133688896e-01
2.005049296783861e-01
2.467342686660563e-01
3.004986013681654e-01
3.614973539647674e-01
4.292062984207885e-01
5.026275929401574e-01
5.794329343599910e-01
6.574053607421286e-01
7.327582023944968e-01
8.021975129200588e-01
8.628423067825529e-01
9.123953598408980e-01
9.533420775156854e-01
9.999998620046672e-01
9.999999999999479e-01
1.000000000000000e+00
1.000000000000000e+00
1.000000000000000e+00
1.000000000000000e+00
1.000000000000000e+00
1.000000000000000e+00
1.000000000000000e+00
###1.400000000000001e+01
1.522881664206047e-11
3.466446359031020e-11
1.283507059159228e-10
6.749740066131022e-11
1.491274045148490e-10
1.149204120790753e-10
1.200234506517766e-10
1.441051928198658e-10
1.368241240015933e-10
1.939262977874320e-10
2.121088629969504e-10
2.500293648380652e-10
3.203725525842923e-10
3.619208004907153e-10
4.446504629718452e-10
5.536447001818721e-10
7.186263327314099e-10
9.341375109662561e-10
1.220982612998904e-09
1.625729993941757e-09
2.190867230544926e-09
2.971631162386494e-09
4.073673056744888e-09
5.624833651699788e-09
7.795080108583940e-09
1.088678009050132e-08
1.526719553658120e-08
2.147336385266076e-08
3.032571747168557e-08
4.293048266192690e-08
6.080846537838757e-08
8.644653871444451e-08
1.229738224400116e-07
1.748054576871491e-07
2.490708602647562e-07
3.549060634167932e-07
5.059003348925742e-07
7.206630574536124e-07
1.026820132460885e-06
1.457189235881810e-06
2.075676645297566e-06
2.949000423646244e-06
4.185384604799424e-06
5.928818382970063e-06
8.397683971548880e-06
1.187059930393374e-05
1.674446513836471e-05
2.358376689636145e-05
3.313374392723019e-05
4.655302495845270e-05
6.520928114660539e-05
9.124884451185630e-05
1.271569252880081e-04
1.771526701140115e-04
2.455344876933945e-04
3.397288574589847e-04
4.688864935243262e-04
6.460617266956267e-04
8.874440657739043e-04
1.214964578756739e-03
1.659199480511414e-03
2.257239283552260e-03
3.062520298745076e-03
4.146712648010387e-03
5.572413270598318e-03
7.475567217244258e-03
9.976695113815250e-03
1.326456406210694e-02
1.753755411119592e-02
2.315479980670807e-02
3.037345576640848e-02
3.961916010911657e-02
5.135078575348546e-02
6.617531636979496e-02
8.470006065042872e-02
1.075931178695919e-01
1.355400214477084e-01
1.694915021230034e-01
2.099457257312578e-01
2.573645106230437e-01
3.122099941620229e-01
3.740696221331634e-01
4.423159006148192e-01
5.158278291896681e-01
5.922044863577008e-01
6.692127511370790e-01
7.430951645368169e-01
8.107080241131238e-01
8.693598425507573e-01
9.169344559331570e-01
9.559855148935577e-01
9.999998620046672e-01
9.999999999999479e-01
1.000000000000000e+00
1.000000000000000e+00
1.000000000000000e+00
1.000000000000000e+00
1.000000000000000e+00
1.000000000000000e+00
1.000000000000000e+00
###1.440000000000001e+01
1.978599708457375e-11
3.815112646817507e-11
1.301096651195440e-10
7.039270147071222e-11
1.487372298939411e-10
1.186906828670043e-10
1.251187540024855e-10
1.487359188449995e-10
1.459253351875855e-10
2.035353414304799e-10
2.255748407954842e-10
2.671775758721192e-10
3.418988427671636e-10
3.914017523110530e-10
4.848685715801477e-10
6.084933218461859e-10
7.914493723876657e-10
1.034876178158739e-09
1.360475572232732e-09
1.819264987024871e-09
2.462168586974602e-09
3.352236979123979e-09
4.610091769279302e-09
6.383426985777648e-09
8.873847872287861e-09
1.242156565587878e-08
1.745582500630943e-08
2.458768005420292e-08
3.477154352716646e-08
4.927032018179797e-08
6.983349154843455e-08
9.931757242618815e-08
1.412831163968476e-07
2.008975515372610e-07
2.861226134480719e-07
4.074911297168245e-07
5.804079254539158e-07
8.261164224454885e-07
1.175957502606138e-06
1.666886723862375e-06
2.371539840472001e-06
3.364754560289342e-06
4.768797978571824e-06
6.745928901289932e-06
9.538742954417522e-06
1.346081367541374e-05
1.895525477655292e-05
2.665216016181664e-05
3.737995396379608e-05
5.241641543070953e-05
7.328389335837822e-05
1.023403906812365e-04
1.423408602341927e-04
1.979167194025548e-04
2.737503712464639e-04
3.779781448506148e-04
5.205722342250621e-04
7.157486273049571e-04
9.810503444626002e-04
1.340121317091343e-03
1.826055330658009e-03
2.478585901439172e-03
3.355109368584844e-03
4.532336066918417e-03
6.075856346328027e-03
8.130493762690112e-03
1.082446828223219e-02
1.435491915698216e-02
1.892898006035704e-02
2.492414353826727e-02
3.260358891627805e-02
4.240633293054720e-02
5.480324189750201e-02
7.040759243772367e-02
8.983342971813375e-02
1.137426555592306e-01
1.428044230481695e-01
1.779507476978998e-01
2.196250021762968e-01
2.682187234739433e-01
3.241217797281679e-01
3.867999911260164e-01
4.555317900680448e-01
5.290787598431846e-01
6.049684086761496e-01
6.809624012177837e-01
7.533703976881260e-01
8.191469911425993e-01
8.758075320203140e-01
9.214209665815105e-01
9.585669091150504e-01
9.999998620046672e-01
9.999999999999479e-01
1.000000000000000e+00
1.000000000000000e+00
1.000000000000000e+00
1.000000000000000e+00
1.000000000000000e+00
1.000000000000000e+00
1.000000000000000e+00
###1.480000000000001e+01
2.343749057349478e-11
4.305191639695648e-11
1.276729644818865e-10
7.304089321887216e-11
1.782967413846936e-10
1.201215228243034e-10
1.176400549690043e-10
1.604623995213668e-10
1.568902560862458e-10
2.144131437215902e-10
2.405736025999710e-10
2.855467309693586e-10
3.646775441704052e-10
4.263870404938214e-10
5.303956513209174e-10
6.703588576165514e-10
8.744159809206681e-10
1.147797980826934e-09
1.518281750671680e-09
2.038172723801416e-09
2.769114962415674e-09
3.783172992666260e-09
5.223799249261298e-09
7.250584536286562e-09
1.010631368957712e-08
1.417626634002880e-08
1.995429469456540e-08
2.814444187785149e-08
3.984800969296713e-08
5.650145392463063e-08
8.012911858216719e-08
1.139698722131912e-07
1.621014366576179e-07
2.304840545462625e-07
3.281450864259731e-07
4.670322828990393e-07
6.647193294467883e-07
9.451920661391775e-07
1.344017682591199e-06
1.902912121521677e-06
2.704095334700995e-06
3.831206103996196e-06
5.421977612145992e-06
7.659750909624956e-06
1.081205254242330e-05
1.523176247421156e-05
2.141153086469727e-05
3.005390213966301e-05
4.207648110099843e-05
5.889180942859701e-05
8.218139648092169e-05
1.145424531681389e-04
1.590061988692709e-04
2.206557475410461e-04
3.046084445477263e-04
4.197039499298958e-04
5.768878526285220e-04
7.914574683728315e-04
1.082502909784389e-03
1.475524196518140e-03
2.006174853832274e-03
2.716989431278652e-03
3.669514196307328e-03
4.945625682478485e-03
6.614380349497030e-03
8.829128178158408e-03
1.172617291428788e-02
1.551143904976448e-02
2.040134217558462e-02
2.679149319247641e-02
3.495074664028616e-02
4.533111060001875e-02
5.841305029303209e-02
7.482281161004269e-02
9.517002318641403e-02
1.201126747460911e-01
1.502994198276135e-01
1.866430604871888e-01
2.295357494358900e-01
2.792914776403695e-01
3.362196241155939e-01
3.996777579616220e-01
4.688404478984515e-01
5.423747348619774e-01
6.177262303692066e-01
6.926619003364922e-01
7.635704770733851e-01
8.274989571865562e-01
8.821706255389946e-01
9.258363192408281e-01
9.610964801499563e-01
9.999998620046672e-01
9.999999999999479e-01
1.000000000000000e+00
1.000000000000000e+00
1.000000000000000e+00
1.000000000000000e+00
1.000000000000000e+00
1.000000000000000e+00
1.000000000000000e+00
###1.520000000000001e+01
2.929976936206507e-11
4.306350946645261e-11
1.305138986166368e-10
7.437916664864204e-11
1.788078809660829e-10
1.246925843939486e-10
1.252756748301703e-10
1.692362133035491e-10
1.637724034649667e-10
2.248855385419387e-10
2.597012214593289e-10
3.088621253203584e-10
3.913636724066959e-10
4.644438593639974e-10
5.805875317410334e-10
7.379928319068904e-10
9.675627704895894e-10
1.275675860481484e-09
1.696192872690253e-09
2.288528079708181e-09
3.119827370898450e-09
4.277616469673347e-09
5.922544208494887e-09
8.241195678100496e-09
1.151641486875791e-08
1.617862000598072e-08
2.280512875257605e-08
3.220556349127135e-08
4.562980116940368e-08
6.473444856396225e-08
9.184224802919434e-08
1.306122366929366e-07
1.857626350945252e-07
2.640679855614209e-07
3.757488125575253e-07
5.343227527436352e-07
7.598307041794095e-07
1.079420985575003e-06
1.533033906505034e-06
2.168076571219470e-06
3.076855014619062e-06
4.353357022737248e-06
6.151886399017488e-06
8.678318121233956e-06
1.222916292567636e-05
1.719832788509963e-05
2.413533014594121e-05
3.382037028173331e-05
4.726704263505439e-05
6.603284490686030e-05
9.197007424534537e-05
1.279438175855756e-04
1.772788795803110e-04
2.455310012130890e-04
3.382952130795832e-04
4.651756975687057e-04
6.380868682533102e-04
8.736285640844160e-04
1.192362935605054e-03
1.621853404109442e-03
2.200337100967612e-03
2.973500889172997e-03
4.006982010891128e-03
5.388193181761961e-03
7.189500444015498e-03
9.573494056024159e-03
1.268492504461005e-02
1.673855158917494e-02
2.195840759680602e-02
2.876037561413105e-02
3.741869109435365e-02
4.839839390888818e-02
6.218779776908966e-02
7.942231746138310e-02
1.007116013035831e-01
1.267053444349806e-01
1.580273861003793e-01
1.955760505487826e-01
2.396755353372178e-01
2.905738663523085e-01
3.484996501937015e-01
4.126944746085957e-01
4.822394614190157e-01
5.557068606994718e-01
6.304730677111186e-01
7.043055913185209e-01
7.736727679191057e-01
8.357510318661608e-01
8.884289218159794e-01
9.301633229511953e-01
9.635766382643675e-01
9.999998620046672e-01
9.999999999999479e-01
1.000000000000000e+00
1.000000000000000e+00
1.000000000000000e+00
1.000000000000000e+00
1.000000000000000e+00
1.000000000000000e+00
1.000000000000000e+00
###1.560000000000001e+01
3.962743958999835e-11
4.797944722000020e-11
1.333112583749506e-10
7.906590486509700e-11
1.722924150645295e-10
1.306888655277652e-10
1.349652117527521e-10
1.771045608134239e-10
1.800682259998159e-10
2.372779720452552e-10
2.770239502208461e-10
3.363780259311212e-10
4.210694247370481e-10
5.058591029997403e-10
6.366716082094842e-10
8.150906340069431e-10
1.072447152514487e-09
1.419768389100403e-09
1.898569005978359e-09
2.571856299585824e-09
3.518290974919549e-09
4.841005812704256e-09
6.719715213469757e-09
9.372552456783709e-09
1.312556489070257e-08
1.846378710107117e-08
2.605616809778159e-08
3.683228859063321e-08
5.221400036856926e-08
7.410289577825223e-08
1.051506907559288e-07
1.495158227538944e-07
2.125621691020826e-07
3.020649594706699e-07
4.295228952696089e-07
6.102517405059816e-07
8.669433226014428e-07
1.230354843794124e-06
1.745458596059205e-06
2.465292882310105e-06
3.494314654100493e-06
4.936540357892541e-06
6.965979863555884e-06
9.812402804200700e-06
1.380270751897449e-05
1.937862606388802e-05
2.715142771954120e-05
3.798202121883756e-05
5.299988422712463e-05
7.389769159939592e-05
1.027308204128848e-04
1.426431648723970e-04
1.972801336194120e-04
2.727152886043463e-04
3.750300137226029e-04
5.146664596915014e-04
7.045439942019718e-04
9.626733566163711e-04
1.311217445009482e-03
1.779805235556699e-03
2.409474031068643e-03
3.249180844745689e-03
4.368771625647197e-03
5.861675906879456e-03
7.803373451304307e-03
1.036632099074437e-02
1.370285549493994e-02
1.803751665397613e-02
2.360307757841730e-02
3.083517253649862e-02
4.001160401830491e-02
5.161095006780846e-02
6.612876838323657e-02
8.420956802468486e-02
1.064628270680656e-01
1.335224928262933e-01
1.659947039118571e-01
2.047503747801828e-01
2.500463321756923e-01
3.020755369383413e-01
3.609622999584227e-01
4.258563658928231e-01
4.957207972125319e-01
5.690532867259931e-01
6.431760335061610e-01
7.158669466785261e-01
7.836653355403798e-01
8.438694197282995e-01
8.945718286288529e-01
9.343952150864044e-01
9.659802785176734e-01
9.999998620046672e-01
9.999999999999479e-01
1.000000000000000e+00
1.000000000000000e+00
1.000000000000000e+00
1.000000000000000e+00
1.000000000000000e+00
1.000000000000000e+00
1.000000000000000e+00
