# NLO BK equation solver 0.0-dev build  (build Oct 13 2025 12:18:44)
# Initial condition: MV model, Q_s0^2 = 0.0881782 GeV^2, \gamma = 2.1902, coefficient of E inside Log is 1, x0=0.01, \Lambda_QCD = 0.241 GeV
# # LO Kernel RC:  Parent dipole. NLO Kernel RC:  Parent dipole
# Nc=3, Nf=4
# Using RungeKutta method in K1
# Resumming double log
# Resumming single log, K_sub=0.65 resum rc: parent
# BK K1 integration relative accuracy: 0.02# NLO BK as^2 terms: MC integration method: Vegas, points=1000000
# Kinematical constraint: none
# Target kinematical constraint: disabled

###1.000000000000000e-05
###1.160836920850890e+00
###100
###1.000000000000000e+00
###0.000000000000000e+00
1.985539038498462e-24
3.771950293862118e-24
7.164640634137734e-24
1.360699987924996e-23
2.583856653138943e-23
4.905813262006483e-23
9.312978722238245e-23
1.767663487497904e-22
3.354611840320212e-22
6.365242004701093e-22
1.207579451725192e-21
2.290565828002491e-21
4.344043377710790e-21
8.236976144430058e-21
1.561570606852927e-20
2.959875219074932e-20
5.609198950504268e-20
1.062775559828607e-19
2.013228420637326e-19
3.812876383636998e-19
7.219678555977604e-19
1.366739125033713e-18
2.586741667262007e-18
4.894598362278710e-18
9.259219791722798e-18
1.751143221362824e-17
3.310970665894376e-17
6.258520394260174e-17
1.182678727312880e-16
2.234274789116016e-16
4.219653411736228e-16
7.966780805963668e-16
1.503661623895113e-15
2.837092861818342e-15
5.351160113413705e-15
1.008945716950724e-14
1.901635737444238e-14
3.582782493226233e-14
6.747466344593970e-14
1.270227257237684e-13
2.390206552275345e-13
4.495678529985118e-13
8.451873434786815e-13
1.588182223752369e-12
2.982830243691996e-12
5.599231215877908e-12
1.050485941044302e-11
1.969717306895018e-11
3.691124609552205e-11
6.912632898873302e-11
1.293738756643879e-10
2.419668223791045e-10
4.522291423228270e-10
8.445817095537321e-10
1.576128852404557e-09
2.938968202892212e-09
5.475668650843663e-09
1.019305666138795e-08
1.895757230527491e-08
3.522559432435039e-08
6.539103252823582e-08
1.212691179683063e-07
2.246692879414594e-07
4.158051959124503e-07
7.687456074187989e-07
1.419773445580394e-06
2.619391559812525e-06
4.827621515081407e-06
8.888532443350549e-06
1.634960968066590e-05
3.004676932016892e-05
5.517422703449348e-05
1.012440327041730e-04
1.856750777186056e-04
3.403719574962549e-04
6.237935798893979e-04
1.143106090744972e-03
2.094848156287688e-03
3.839481946510070e-03
7.037512705349691e-03
1.289566865727532e-02
2.360315677053293e-02
4.307235603139936e-02
7.808308632322858e-02
1.396622515284278e-01
2.434213555396689e-01
4.045598516493241e-01
6.193535575108937e-01
8.353228356864395e-01
9.658346047259839e-01
9.982276632543183e-01
9.999933049787838e-01
9.999999998227309e-01
1.000000000000000e+00
1.000000000000000e+00
1.000000000000000e+00
1.000000000000000e+00
1.000000000000000e+00
1.000000000000000e+00
1.000000000000000e+00
###4.000000000000000e-01
-3.809581823438210e-11
3.699490236149374e-12
1.009106862351543e-12
-1.419174429072879e-11
-1.438802211344045e-12
7.434578350766470e-13
5.180723316998729e-12
5.518160841078960e-11
-1.300123062213749e-14
6.939516398563502e-12
1.480330323898261e-12
-1.092535053447895e-13
-1.282589628865622e-12
8.372356101576681e-12
2.655694929265946e-12
-2.371649815223044e-13
2.756428891939755e-12
5.542852350688296e-13
4.684470013272647e-12
8.118092216965268e-12
8.411412012244603e-12
1.037396786023880e-11
1.696122538229031e-11
1.740906729246228e-11
2.446736530130467e-11
4.926055962189349e-11
4.399095381731514e-11
5.622015697332093e-11
7.778234904930037e-11
9.664705023429688e-11
1.411696252135243e-10
1.884030725716007e-10
2.481023219434196e-10
3.361311957824198e-10
4.410276132678533e-10
5.800391024025179e-10
7.715735493950976e-10
1.006885815320296e-09
1.322676488373745e-09
1.726638415107792e-09
2.267171240215027e-09
2.927402445169492e-09
3.823760055256918e-09
4.981178880214335e-09
6.441233147252517e-09
8.355877341219250e-09
1.090001793090422e-08
1.417397886870151e-08
1.862904237566896e-08
2.459218693682396e-08
3.293988853456176e-08
4.433936643692661e-08
6.106412951467513e-08
8.484578959834634e-08
1.200082600172622e-07
1.726408219471048e-07
2.525933950330944e-07
3.755769852517495e-07
5.661280382611713e-07
8.627033407311348e-07
1.331380357649020e-06
2.052430013091891e-06
3.213189816058240e-06
5.023766643209242e-06
7.880580154729457e-06
1.239714009749819e-05
1.953933405138665e-05
3.088619556200110e-05
4.897729808941380e-05
7.797846425793588e-05
1.242303378820806e-04
1.983189470449489e-04
3.188135709637861e-04
5.160835149832690e-04
8.398229322301579e-04
1.373918643881395e-03
2.266513844194007e-03
3.767081741629270e-03
6.311461706149081e-03
1.066462066925363e-02
1.813445021365992e-02
3.100975490854348e-02
5.321270944467743e-02
9.118706565266242e-02
1.550128654505884e-01
2.583216235577455e-01
4.129496439683334e-01
6.135528575435348e-01
8.139595143926961e-01
9.419757589848780e-01
9.854484431908587e-01
9.999933049787838e-01
9.999999998227309e-01
1.000000000000000e+00
1.000000000000000e+00
1.000000000000000e+00
1.000000000000000e+00
1.000000000000000e+00
1.000000000000000e+00
1.000000000000000e+00
###8.000000000000000e-01
4.653303644274436e-12
5.052211618018588e-12
1.094512076901246e-11
-2.065001913895036e-11
-1.474871002698026e-11
-3.962424476567842e-12
3.262691083292723e-12
5.395347440323665e-11
1.057524852190780e-11
8.193094088060401e-12
3.775591334139453e-12
2.925388208119611e-12
-2.129413928073243e-11
1.048741593106848e-11
3.765455323378037e-12
1.343297886554262e-12
3.143468865251856e-12
2.727629638282461e-12
1.316798383721422e-11
1.677780745209803e-11
1.508155841464653e-11
2.356677280845510e-11
3.126459746748953e-11
3.573210355533748e-11
5.088315382889126e-11
8.307659048867692e-11
9.256620251993680e-11
1.197537883063821e-10
1.629077754300985e-10
2.120788455565177e-10
2.938650809501031e-10
3.883242349803877e-10
5.173535866548700e-10
6.903460603471612e-10
9.055241296854853e-10
1.183538496448633e-09
1.571351021228449e-09
2.068160443074113e-09
2.694830633440176e-09
3.532267078790592e-09
4.646133637820983e-09
5.991605778428339e-09
7.849440054588566e-09
1.027297707828762e-08
1.331724057268017e-08
1.750166458351694e-08
2.287278792164209e-08
3.021355166368729e-08
4.006612769879548e-08
5.371217832024642e-08
7.279082606666573e-08
9.951077918454802e-08
1.385706801667373e-07
1.956664290130226e-07
2.800396099944714e-07
4.069898239193715e-07
5.984566456291218e-07
8.929575836577021e-07
1.342605599218302e-06
2.039581705146422e-06
3.113817603235902e-06
4.744276266864256e-06
7.344567831262898e-06
1.131180430464457e-05
1.745375246695577e-05
2.691873556234173e-05
4.167269491412520e-05
6.439909933570407e-05
9.970161756220087e-05
1.546775220116469e-04
2.396483034843201e-04
3.715156004349926e-04
5.774859390107828e-04
9.018787142146464e-04
1.413805933747301e-03
2.221813883657943e-03
3.518081748116712e-03
5.598097153963027e-03
8.971324146373586e-03
1.448997473861534e-02
2.355704831962849e-02
3.852561940148460e-02
6.326268836317435e-02
1.039465505027354e-01
1.696447720096781e-01
2.722933808138121e-01
4.208971871297105e-01
6.090304125083734e-01
7.960616461125855e-01
9.214152185042371e-01
9.736438954657379e-01
9.999933049787838e-01
9.999999998227309e-01
1.000000000000000e+00
1.000000000000000e+00
1.000000000000000e+00
1.000000000000000e+00
1.000000000000000e+00
1.000000000000000e+00
1.000000000000000e+00
###1.200000000000000e+00
-2.836921996001025e-11
2.316156434996258e-12
4.254266888681708e-12
-3.259867470043859e-12
-1.648226215629714e-11
-9.513237707352074e-12
3.488831061083757e-12
4.860213911880641e-11
1.667049410050243e-11
1.189227369066105e-11
4.963116127642527e-12
2.685912323867854e-12
-1.953645122726741e-11
1.156209651711900e-11
6.463147979911597e-12
3.860725228524918e-12
9.838876601527104e-12
2.750353673880567e-12
1.580686653311271e-11
2.268814670973706e-11
2.258111534890702e-11
3.443870941817071e-11
4.953556687210553e-11
5.809069796193165e-11
8.471791435411525e-11
1.245665667484290e-10
1.445961157582782e-10
1.890318387343572e-10
2.560141403884428e-10
3.358806486548477e-10
4.556959673260127e-10
6.012662228870815e-10
8.001940281377238e-10
1.063562628210510e-09
1.394926829238101e-09
1.828185968678510e-09
2.418941354318817e-09
3.179088315376763e-09
4.158403772223564e-09
5.429389332339588e-09
7.113941454256802e-09
9.283683743742384e-09
1.213981709823525e-08
1.603335184407822e-08
2.085596986816428e-08
2.772289731095400e-08
3.641451002364677e-08
4.893377078660787e-08
6.547002281767291e-08
8.874245621135796e-08
1.220791670406636e-07
1.692691435046666e-07
2.391297250280114e-07
3.418946354316146e-07
4.935678181370554e-07
7.218633917764779e-07
1.066718742117196e-06
1.593300101289865e-06
2.395320669725596e-06
3.623828597000072e-06
5.497545295662087e-06
8.336723953754373e-06
1.265240456020776e-05
1.946613567809092e-05
2.981736906786395e-05
4.545797059463182e-05
6.955660063132946e-05
1.060705459504877e-04
1.619894170561705e-04
2.475149047639122e-04
3.778361478589964e-04
5.762483313966025e-04
8.787890657137541e-04
1.345159676092835e-03
2.064201699390432e-03
3.168776313711866e-03
4.894944557012997e-03
7.583766942736671e-03
1.181001987487714e-02
1.850711826566551e-02
2.915170509427422e-02
4.614103339879688e-02
7.325161402011761e-02
1.163920959863971e-01
1.836820179656481e-01
2.855060555695351e-01
4.285631913019996e-01
6.057070440409845e-01
7.811261309807377e-01
9.037694426617761e-01
9.628770991758128e-01
9.999933049787838e-01
9.999999998227309e-01
1.000000000000000e+00
1.000000000000000e+00
1.000000000000000e+00
1.000000000000000e+00
1.000000000000000e+00
1.000000000000000e+00
1.000000000000000e+00
###1.600000000000000e+00
-2.443710858612587e-11
5.274331417300847e-13
-1.253195082438898e-11
-4.131088264289989e-12
-1.585916524746864e-11
-3.879341745448476e-12
3.434177900011032e-12
4.768798840643025e-11
1.722324484543204e-11
3.512193448061845e-11
7.789139980182185e-12
5.727634347969535e-11
-1.590434563456876e-11
1.310665674497268e-11
1.266935575529179e-11
8.907538477536997e-12
1.732789009769380e-11
1.019611899418773e-11
2.336861949477980e-11
2.174788785205000e-11
3.049686734518596e-11
4.768212012439082e-11
6.816049934701416e-11
8.304951094090051e-11
1.177485848733770e-10
1.631616273261636e-10
2.022278245949705e-10
2.614592778567118e-10
3.557890460429010e-10
4.672594121905393e-10
6.260361166962205e-10
8.332231724332229e-10
1.106630869944609e-09
1.460054477014242e-09
1.913396912724555e-09
2.516515149470648e-09
3.319013973310018e-09
4.354419431636990e-09
5.717406573134816e-09
7.462923915465653e-09
9.821123937560221e-09
1.286165195828848e-08
1.690450781352808e-08
2.235192602811448e-08
2.943450972077764e-08
3.934131048706924e-08
5.214634348699887e-08
7.102734639859670e-08
9.598603400666361e-08
1.320393839741415e-07
1.836809816264149e-07
2.574581876123462e-07
3.678127924577256e-07
5.302657078106757e-07
7.720191829901989e-07
1.135505463278492e-06
1.684622098055316e-06
2.517225907248417e-06
3.776442755146363e-06
5.687533128567845e-06
8.594009444578835e-06
1.297850264188422e-05
1.957425273363491e-05
2.985300070306015e-05
4.530937419855703e-05
6.853880232875001e-05
1.038107597053084e-04
1.568648529650104e-04
2.368402711421156e-04
3.579213103107430e-04
5.401880387340249e-04
8.138853497009886e-04
1.225059215402789e-03
1.848095112935516e-03
2.793049438015768e-03
4.216379967934284e-03
6.399877146709418e-03
9.722793814628752e-03
1.482378056220261e-02
2.270787476312314e-02
3.492853292950291e-02
5.385041720989969e-02
8.319524406697235e-02
1.285627389116290e-01
1.972059916314418e-01
2.980939268415947e-01
4.360606467789238e-01
6.034929207757710e-01
7.688021581785801e-01
8.887152614962768e-01
9.532072352567650e-01
9.999933049787838e-01
9.999999998227309e-01
1.000000000000000e+00
1.000000000000000e+00
1.000000000000000e+00
1.000000000000000e+00
1.000000000000000e+00
1.000000000000000e+00
1.000000000000000e+00
###2.000000000000000e+00
-2.041925063440840e-11
1.480903974739538e-11
-1.088242029312149e-11
-7.334826442624084e-12
-1.019016699477260e-11
-2.386851923581243e-12
-1.511309301196552e-12
6.029369029913531e-11
1.893314812211573e-11
3.196016232293989e-11
8.867232162096755e-12
6.503286544242743e-11
-1.082616398463202e-11
1.647780163273786e-11
1.670882370822709e-11
1.518471487054446e-11
1.883850582799985e-11
2.171735986755939e-11
3.125071720522817e-11
3.617386040322696e-11
4.131692121617181e-11
6.540853525552847e-11
8.940390939313647e-11
1.084619658836167e-10
1.541004499072590e-10
2.102923333270164e-10
2.684080398662745e-10
3.454329360890353e-10
4.605221437193131e-10
6.054974854711894e-10
8.072859345283410e-10
1.009919171909884e-09
1.425082263323945e-09
1.879850780132057e-09
2.462575260489209e-09
3.249312468023403e-09
4.276582246207573e-09
5.616408328031310e-09
7.405479670519508e-09
9.671594067011415e-09
1.275556219424153e-08
1.680456842192916e-08
2.224164921363671e-08
2.953229016210440e-08
3.932964005044464e-08
5.294829424703001e-08
7.106048869854775e-08
9.750550021634529e-08
1.334016957426086e-07
1.855156829700369e-07
2.611621652329881e-07
3.700999975127426e-07
5.326262602223664e-07
7.730984201187543e-07
1.130917389546611e-06
1.669489157703780e-06
2.479567536736597e-06
3.704444272482466e-06
5.533815185474231e-06
8.311011117591157e-06
1.251070786304200e-05
1.879102006742736e-05
2.821366828667750e-05
4.269973166790825e-05
6.431857044534469e-05
9.658119742502998e-05
1.450918864093501e-04
2.174928383782358e-04
3.252315680776985e-04
4.870285987784621e-04
7.283691456104856e-04
1.086496533904668e-03
1.617948156494599e-03
2.412716423168551e-03
3.602238250099277e-03
5.366931373209344e-03
8.032141107418978e-03
1.201370063196193e-02
1.801141598174884e-02
2.708343005781121e-02
4.086319275125604e-02
6.165447166822260e-02
9.310989616012159e-02
1.405009169602581e-01
2.102849540646096e-01
3.101764303997429e-01
4.434584368078329e-01
6.023079496945122e-01
7.587694699378537e-01
8.759434873708688e-01
9.446263500411237e-01
9.999933049787838e-01
9.999999998227309e-01
1.000000000000000e+00
1.000000000000000e+00
1.000000000000000e+00
1.000000000000000e+00
1.000000000000000e+00
1.000000000000000e+00
1.000000000000000e+00
###2.400000000000000e+00
-2.154725816391486e-11
1.657075109467714e-11
-1.405063953594747e-11
-1.823169455254666e-12
-1.119626814009517e-11
-1.906944093992509e-11
-2.804167790628963e-11
4.369815852882873e-11
2.383204020904205e-11
2.858330811482234e-11
1.377722479011315e-11
6.480963662358161e-11
-2.440844505199481e-12
1.964806324676863e-11
2.189354400585889e-11
2.021027085570415e-11
2.468505583560433e-11
2.949609895721725e-11
3.897137837163048e-11
4.890461266372033e-11
5.399619085004118e-11
8.597485409352888e-11
1.098900444559841e-10
1.395435795814464e-10
1.923350502082298e-10
2.577178773851372e-10
3.358536209645189e-10
4.324173302311315e-10
5.733843879488092e-10
7.544139578967455e-10
1.001738256992062e-09
1.277084294072348e-09
1.764106954988480e-09
2.327242628194301e-09
3.052208602091987e-09
4.036896152176876e-09
5.306758754346033e-09
6.982914817222842e-09
9.245160145240727e-09
1.210542256857250e-08
1.603347966051689e-08
2.125695564908120e-08
2.831010021339027e-08
3.784720106646484e-08
5.086434496253943e-08
6.912021098489496e-08
9.383545576563893e-08
1.298276859996465e-07
1.793561450758858e-07
2.520912428615524e-07
3.583270083648094e-07
5.118988395272989e-07
7.419753618930359e-07
1.082619410346959e-06
1.588801135700187e-06
2.346656646296421e-06
3.486467381753641e-06
5.203065419535169e-06
7.737541598555555e-06
1.158344586102959e-05
1.736632074235377e-05
2.595271454315846e-05
3.879929190687372e-05
5.828569991322239e-05
8.721504419914510e-05
1.300765495517828e-04
1.939989074118205e-04
2.886092443425450e-04
4.282646562907044e-04
6.363231787768335e-04
9.438649111342931e-04
1.395876270500171e-03
2.059588064833793e-03
3.041374742629104e-03
4.493968035451244e-03
6.621147253400309e-03
9.793056347818366e-03
1.445681168847063e-02
2.136897585237380e-02
3.163480721397082e-02
4.695203528593040e-02
6.954811686687828e-02
1.029972462114798e-01
1.522334291197597e-01
2.229926385271722e-01
3.218605596070855e-01
4.508243673007341e-01
6.020631880727941e-01
7.507603649069801e-01
8.652126598079474e-01
9.371060529883990e-01
9.999933049787838e-01
9.999999998227309e-01
1.000000000000000e+00
1.000000000000000e+00
1.000000000000000e+00
1.000000000000000e+00
1.000000000000000e+00
1.000000000000000e+00
1.000000000000000e+00
###2.800000000000000e+00
-2.049023144875314e-11
1.809255455869030e-11
-2.231718663028037e-11
-4.587118728605567e-12
-1.111642045236846e-11
-1.990131847910224e-11
-2.702493935771786e-11
4.554249753428758e-11
1.178169974840800e-11
3.478156976453116e-11
1.940705048575828e-11
6.364536181260089e-11
2.581961841596590e-12
2.457942177594946e-11
2.768332042885378e-11
2.613873678580989e-11
2.822401214783642e-11
4.019785757943161e-11
4.607437695239119e-11
5.914029000469088e-11
6.883759596669542e-11
1.029201229394051e-10
1.273761517276372e-10
1.695081337773086e-10
2.307272116315183e-10
3.104185196018982e-10
4.020237803462726e-10
5.248160058583069e-10
6.939937640798950e-10
9.125019270364427e-10
1.213818818167799e-09
1.557131259809125e-09
2.124571361526256e-09
2.801377362468057e-09
3.686093952133689e-09
4.885562351559573e-09
6.432219160241599e-09
8.486597591426807e-09
1.127208668622259e-08
1.482201667168505e-08
1.973994329879395e-08
2.632201305951666e-08
3.530842392611729e-08
4.762155641761963e-08
6.455018352872942e-08
8.846111179089311e-08
1.215049037671083e-07
1.694293904817663e-07
2.366053155514444e-07
3.348818894510661e-07
4.795534030355315e-07
6.892077449725849e-07
1.004566351924841e-06
1.470813626346563e-06
2.161388107379242e-06
3.193928838834206e-06
4.740162144803275e-06
7.059144797607734e-06
1.046708786391727e-05
1.559622851493809e-05
2.329027583873768e-05
3.462585750088752e-05
5.153371459362305e-05
7.693628575846344e-05
1.143372148492597e-04
1.695621211666382e-04
2.511474546466517e-04
3.712155627378922e-04
5.470178609061239e-04
8.069800928818740e-04
1.188340200693202e-03
1.743774963056215e-03
2.552587634292558e-03
3.735978486983648e-03
5.470774392805452e-03
7.985429109771281e-03
1.168322456734417e-02
1.705094947396995e-02
2.489410707439480e-02
3.635819065402610e-02
5.319119014372666e-02
7.753566187759756e-02
1.128817852352857e-01
1.637991352590720e-01
2.353839739257035e-01
3.332171178861914e-01
4.582479254468227e-01
6.026897783278813e-01
7.445145752511738e-01
8.562907185602697e-01
9.305986702204032e-01
9.999933049787838e-01
9.999999998227309e-01
1.000000000000000e+00
1.000000000000000e+00
1.000000000000000e+00
1.000000000000000e+00
1.000000000000000e+00
1.000000000000000e+00
1.000000000000000e+00
###3.200000000000000e+00
-2.445546621518851e-11
1.220494205067708e-11
-2.826259047760354e-11
-4.292642049687276e-12
-1.096633741041087e-11
-1.557511736059978e-11
-2.858689833314521e-11
4.584948346756715e-11
1.752124314853532e-11
3.357728187104583e-11
1.753166495750725e-11
6.281057226763193e-11
5.849258030673142e-12
2.155106504107204e-11
3.349981372757429e-11
2.890866782364334e-11
3.230867472859546e-11
4.786674415002199e-11
5.638089475916309e-11
6.813228213239066e-11
8.082293416014887e-11
1.217745635766206e-10
1.516384063544508e-10
2.018228487283238e-10
2.723680569232645e-10
3.664298210745778e-10
4.748150118880783e-10
6.226185375909034e-10
8.226902475017442e-10
1.081793927511718e-09
1.435659724002194e-09
1.856765468851331e-09
2.516273227608645e-09
3.323109362418331e-09
4.378784040688978e-09
5.814367507146809e-09
7.671790335438302e-09
1.015080821763874e-08
1.354836505731036e-08
1.789831709426745e-08
2.396824793943868e-08
3.220182372439652e-08
4.348607447021122e-08
5.910958462110559e-08
8.091961858681977e-08
1.118170183454999e-07
1.550609372981783e-07
2.179593595354702e-07
3.071347110128027e-07
4.372270293921215e-07
6.297197628166016e-07
9.101710987619498e-07
1.330057994047928e-06
1.960121647670203e-06
2.870061005566698e-06
4.237938702402841e-06
6.279270883313775e-06
9.331019449466317e-06
1.378609780883288e-05
2.045564084125293e-05
3.041981545415901e-05
4.500792456035834e-05
6.668412988450936e-05
9.895362034818009e-05
1.461851370160148e-04
2.156149083428547e-04
3.171892850254583e-04
4.661856643279503e-04
6.826107885598484e-04
1.000536300087244e-03
1.463395208633319e-03
2.131921363820276e-03
3.098829917582449e-03
4.499154343510926e-03
6.534205038009094e-03
9.458723533521769e-03
1.370376686700093e-02
1.979712088448584e-02
2.858769135906792e-02
4.125848955167040e-02
5.957872411003937e-02
8.561852918455554e-02
1.227652871549221e-01
1.752269883534969e-01
2.475175484819059e-01
3.443290103636321e-01
4.657448580762201e-01
6.041295247088767e-01
7.398296907531970e-01
8.489850974650882e-01
9.250651399220599e-01
9.999933049787838e-01
9.999999998227309e-01
1.000000000000000e+00
1.000000000000000e+00
1.000000000000000e+00
1.000000000000000e+00
1.000000000000000e+00
1.000000000000000e+00
1.000000000000000e+00
###3.600000000000000e+00
-1.112457302804508e-11
1.629352390915221e-11
-1.141967484060598e-10
3.303388206969813e-12
-1.844577714962336e-11
-1.734692732808003e-11
-2.605373267522355e-11
4.284463393282100e-11
1.724836564222163e-11
4.196955995711124e-11
2.074464653995502e-11
6.521794031362629e-11
1.018730816821428e-11
2.455085141336907e-11
3.283179459412268e-11
3.670051414065178e-11
4.056539396238769e-11
5.664113002632378e-11
6.222941053828373e-11
7.710036736746955e-11
9.515332787924768e-11
1.429212905296134e-10
1.723057659256213e-10
2.367957918350455e-10
3.231219154701344e-10
4.228037469264235e-10
5.535305906437734e-10
7.241968858324786e-10
9.615220402443779e-10
1.265577570787763e-09
1.668572103222321e-09
2.180535145720301e-09
2.941836805311267e-09
3.892645254670526e-09
5.135257589168682e-09
6.842598962263892e-09
9.050542163989244e-09
1.201931264769358e-08
1.613237321085896e-08
2.141927409756517e-08
2.887527887542499e-08
3.907371365732694e-08
5.312640220606319e-08
7.282942929355208e-08
1.006069278774366e-07
1.400538841419189e-07
1.959458824316166e-07
2.773392775839277e-07
3.938036201238548e-07
5.631505877617199e-07
8.143456670475136e-07
1.182113908170190e-06
1.730434993460976e-06
2.547746285374665e-06
3.732811177139291e-06
5.506395590510950e-06
8.147280713817675e-06
1.204881287261792e-05
1.777293212585049e-05
2.626708487549528e-05
3.890339118833523e-05
5.729167423182513e-05
8.451765757177686e-05
1.247144074571967e-04
1.831887259200655e-04
2.687666511261366e-04
3.930782546621461e-04
5.744847484769690e-04
8.362967188101215e-04
1.218221708754966e-03
1.770544093372728e-03
2.562464356560814e-03
3.700458415920958e-03
5.335270589091697e-03
7.687675236498517e-03
1.104208181359631e-02
1.585729094407198e-02
2.269634650358006e-02
3.244796826668967e-02
4.632856707703491e-02
6.611522340948786e-02
9.379899403674954e-02
1.326511326065093e-01
1.865442976263409e-01
2.594418805611348e-01
3.552473643042905e-01
4.733570766961429e-01
6.063221129929400e-01
7.365290725651092e-01
8.431265470565850e-01
9.204348372777609e-01
9.999933049787838e-01
9.999999998227309e-01
1.000000000000000e+00
1.000000000000000e+00
1.000000000000000e+00
1.000000000000000e+00
1.000000000000000e+00
1.000000000000000e+00
1.000000000000000e+00
###4.000000000000000e+00
-1.339751925808668e-11
2.563872845752972e-11
-1.083914027105518e-10
-2.585578234604691e-12
-1.937907715563498e-11
-4.160207930924628e-11
-2.487895580281152e-11
3.901187640387948e-11
1.845906394771101e-11
4.892285196103408e-11
2.315765683767005e-11
6.292852781249052e-11
1.592593391189331e-11
2.958832438392254e-11
3.900925062743599e-11
3.600775236660361e-11
4.687161692942788e-11
6.693920148285673e-11
7.022496951829520e-11
8.389008266201560e-11
1.143460578451182e-10
1.623436528387914e-10
2.032373088469843e-10
2.687303745974188e-10
3.719563537498309e-10
4.862263120363013e-10
6.354559800686147e-10
8.347628043178733e-10
1.105837598128850e-09
1.463431578784320e-09
1.928185486008116e-09
2.532835541321232e-09
3.407422099852487e-09
4.519082384667217e-09
5.971619440056532e-09
7.992449901341547e-09
1.060507264574680e-08
1.414111694084911e-08
1.906401749941328e-08
2.552135934889338e-08
3.462315646496006e-08
4.717476813964004e-08
6.461360151057121e-08
8.924323281876111e-08
1.242599770764144e-07
1.741934463742438e-07
2.455360614378621e-07
3.497459002361943e-07
4.991585890173928e-07
7.166893649920391e-07
1.040033404954514e-06
1.514940490673095e-06
2.218082236425219e-06
3.261863595482373e-06
4.775849269257249e-06
7.036997045403154e-06
1.038751321772231e-05
1.530143380839077e-05
2.251041886719091e-05
3.314518427617239e-05
4.886985825373880e-05
7.168812646991737e-05
1.053057737800399e-04
1.545771451964908e-04
2.258639589000132e-04
3.297113001853625e-04
4.797122467211779e-04
6.971171743756019e-04
1.009189696489518e-03
1.461813739454607e-03
2.111116506248587e-03
3.037848435590081e-03
4.359521617241735e-03
6.244695894101242e-03
8.932948261647257e-03
1.273821501294501e-02
1.813818465882868e-02
2.574890126421324e-02
3.647509518419376e-02
5.156723773196611e-02
7.280153327428573e-02
1.020806729694516e-01
1.425553103165319e-01
1.977810466946082e-01
2.712021885158699e-01
3.660454553862212e-01
4.811115590260456e-01
6.091840285638003e-01
7.344731850556139e-01
8.385643904163443e-01
9.166350453777030e-01
9.999933049787838e-01
9.999999998227309e-01
1.000000000000000e+00
1.000000000000000e+00
1.000000000000000e+00
1.000000000000000e+00
1.000000000000000e+00
1.000000000000000e+00
1.000000000000000e+00
###4.399999999999999e+00
-2.029070517001870e-11
3.064185334436476e-11
-9.907187108103207e-11
-1.701340799003476e-12
-2.332162749101847e-11
-4.272514953223682e-11
-1.897918073987638e-11
4.289454526918393e-11
1.712026706419325e-11
4.844549385426375e-11
3.005512045627863e-11
6.507510658172456e-11
1.555560787190476e-11
3.611591811666426e-11
4.320344088420180e-11
3.245065405638095e-11
5.119679561482522e-11
7.492502275355203e-11
7.951442028330641e-11
9.840414457177176e-11
1.330376220477461e-10
1.850741833025904e-10
2.353978663233199e-10
3.092384883696271e-10
4.231456932085294e-10
5.546738025128031e-10
7.270200086191395e-10
9.547569412675217e-10
1.266877134808078e-09
1.679991654757825e-09
2.215233102732140e-09
2.920467250877053e-09
3.917568779748813e-09
5.213852823924349e-09
6.920954397510702e-09
9.291023582431044e-09
1.237296921039908e-08
1.657430633693228e-08
2.245259119723986e-08
3.031667455274386e-08
4.138934147618762e-08
5.682450379101785e-08
7.831972510468001e-08
1.089357644913102e-07
1.527939298365916e-07
2.155543409790355e-07
3.056100566813231e-07
4.376328433484998e-07
6.271905973565659e-07
9.031268847239464e-07
1.315155558804243e-06
1.917184031650217e-06
2.805449110579478e-06
4.120447380460803e-06
6.028995678746107e-06
8.865348389607623e-06
1.303612398245389e-05
1.915419139715429e-05
2.809625901562278e-05
4.121194124001239e-05
6.049865187618917e-05
8.842414908770315e-05
1.293051921344628e-04
1.889199103490684e-04
2.746642476136634e-04
3.990381350292508e-04
5.777278566275067e-04
8.350403272406641e-04
1.202549322027753e-03
1.732878374315478e-03
2.487938301950028e-03
3.560097549266244e-03
5.078733587815370e-03
7.230116038200055e-03
1.027318366609027e-02
1.454990459043525e-02
2.055399155820142e-02
2.895554014207272e-02
4.066987050765185e-02
5.697444004599331e-02
7.964034624586375e-02
1.104657160795927e-01
1.524921068237778e-01
2.089571635172696e-01
2.828380786684759e-01
3.767499124163544e-01
4.890297044326950e-01
6.126834104377160e-01
7.335023793160549e-01
8.351596479666770e-01
9.136051075886986e-01
9.999933049787838e-01
9.999999998227309e-01
1.000000000000000e+00
1.000000000000000e+00
1.000000000000000e+00
1.000000000000000e+00
1.000000000000000e+00
1.000000000000000e+00
1.000000000000000e+00
###4.800000000000000e+00
-1.803686758858489e-11
3.135374406934157e-11
-9.936200458832555e-11
-1.858169973958575e-12
-3.888390824530316e-11
-4.090048772958305e-11
-1.604116185238693e-11
4.605994800760241e-11
2.137794930807624e-11
5.053218270538126e-11
3.568439521351809e-11
7.066065466842821e-11
1.765285377527844e-11
3.761082458116749e-11
4.191473808347432e-11
4.029964488354712e-11
6.009912200069706e-11
8.234890151187744e-11
8.928157019636601e-11
1.183371922539528e-10
1.519907744272007e-10
2.093426750227155e-10
2.704263606652600e-10
3.525879916494957e-10
4.788052070651849e-10
6.316909530458374e-10
8.266089318300427e-10
1.088815059973130e-09
1.442017005479729e-09
1.913425137399380e-09
2.534439531668045e-09
3.344069097532191e-09
4.487361817727939e-09
5.988076846171321e-09
7.985485064825533e-09
1.076737453527485e-08
1.440340383077715e-08
1.942705245442160e-08
2.641693237391522e-08
3.595002178974672e-08
4.941518197524436e-08
6.829212021006854e-08
9.469137544621924e-08
1.326312044216379e-07
1.871104132440594e-07
2.656672026094724e-07
3.783176135466823e-07
5.433954896530923e-07
7.819480581995539e-07
1.127842402379015e-06
1.645497552211578e-06
2.400306765539834e-06
3.508984298480873e-06
5.145299688076189e-06
7.518953084257121e-06
1.102770022187574e-05
1.617483835262009e-05
2.368337162318509e-05
3.463522760772367e-05
5.060772946464961e-05
7.399032423258477e-05
1.077368248730692e-04
1.568584768614148e-04
2.281517560848480e-04
3.301491356440455e-04
4.774123247183535e-04
6.879359062591777e-04
9.893886969048553e-04
1.417813179243923e-03
2.032535507139997e-03
2.902677257267072e-03
4.130961194457512e-03
5.860478109173564e-03
8.293813199084525e-03
1.171022183401528e-02
1.647598482241752e-02
2.310874707336527e-02
3.231946225581519e-02
4.503276409591161e-02
6.255092312374921e-02
8.659767804788963e-02
1.189633401095777e-01
1.624740931278072e-01
2.200954276799938e-01
2.943927292041006e-01
3.874036567559002e-01
4.971135454944622e-01
6.167689762510044e-01
7.334990330464271e-01
8.327891625914327e-01
9.112939758381862e-01
9.999933049787838e-01
9.999999998227309e-01
1.000000000000000e+00
1.000000000000000e+00
1.000000000000000e+00
1.000000000000000e+00
1.000000000000000e+00
1.000000000000000e+00
1.000000000000000e+00
###5.200000000000000e+00
1.901361077969175e-11
3.435879102185936e-11
-9.243557024446186e-11
2.590782822063694e-12
-3.573228813316472e-11
-5.044232691553833e-11
-1.833197675176610e-11
7.498986735654686e-11
2.249052603206627e-11
5.203367706983484e-11
4.051999482007250e-11
7.065227739812218e-11
2.076090973704725e-11
3.737562052770749e-11
4.851178393282520e-11
4.549195851950673e-11
6.852401217173425e-11
8.929828500925864e-11
1.100981254283401e-10
1.336111285891701e-10
1.742172270273095e-10
2.357099432634122e-10
3.079128642129932e-10
4.009280729405256e-10
5.395976931397083e-10
7.122099097097542e-10
9.324063230352516e-10
1.231580566716891e-09
1.632701746938045e-09
2.170190247436822e-09
2.879341646373124e-09
3.814079999069030e-09
5.128637897797062e-09
6.864010016095372e-09
9.197878942815638e-09
1.243492286111026e-08
1.674616207654439e-08
2.272743298539523e-08
3.107105344128417e-08
4.257250281439470e-08
5.889739663197227e-08
8.188984398789402e-08
1.142895618414126e-07
1.609850425871182e-07
2.283781171414260e-07
3.257014043167938e-07
4.658087937836364e-07
6.706572825878234e-07
9.669839356717266e-07
1.398502168537806e-06
2.040720289039112e-06
2.975570515236702e-06
4.344306776173651e-06
6.359635794526024e-06
9.276088219027138e-06
1.356861460057336e-05
1.984851518569991e-05
2.896521601821970e-05
4.222235366179639e-05
6.147141483745346e-05
8.951315936144805e-05
1.298804579259339e-04
1.883089986003790e-04
2.727135318886952e-04
3.928685204785723e-04
5.655838463459823e-04
8.112865215323863e-04
1.161317875168081e-03
1.656207772410025e-03
2.362692124348016e-03
3.357002144442723e-03
4.753029760751236e-03
6.706648453621719e-03
9.438772430948126e-03
1.324667096538685e-02
1.851984813778217e-02
2.580351880694069e-02
3.584081855543441e-02
4.956551736566016e-02
6.829699139157902e-02
9.370967022818445e-02
1.275734086927433e-01
1.725075046056435e-01
2.312217904924926e-01
3.058752824785538e-01
3.980409128020117e-01
5.053763719895070e-01
6.213913986097475e-01
7.343806975534045e-01
8.313624212140875e-01
9.096244076557681e-01
9.999933049787838e-01
9.999999998227309e-01
1.000000000000000e+00
1.000000000000000e+00
1.000000000000000e+00
1.000000000000000e+00
1.000000000000000e+00
1.000000000000000e+00
1.000000000000000e+00
###5.600000000000001e+00
2.025225992605996e-11
3.214040241430185e-11
-7.780067060622844e-11
2.799601749785832e-11
-1.956543563151058e-11
-4.078358902753451e-11
-1.323715741288799e-11
8.023941250976401e-11
2.675270310940446e-11
5.953442700937816e-11
4.371854164778723e-11
7.131372661290365e-11
2.848168862617717e-11
4.475196683494678e-11
5.908820673742992e-11
5.576011785246720e-11
7.955540084754630e-11
1.039628211448982e-10
1.193505355687799e-10
1.521866522861806e-10
1.948250636879040e-10
2.641392504875357e-10
3.486566332669992e-10
4.526473939650124e-10
6.062557594826802e-10
8.029489830673612e-10
1.051816002327405e-09
1.392500857030693e-09
1.844705754649267e-09
2.456320042239991e-09
3.266808553730354e-09
4.343613947950416e-09
5.852064851364410e-09
7.860810232996498e-09
1.059109231905060e-08
1.436412151074043e-08
1.947141825431031e-08
2.660899411672350e-08
3.653359425734471e-08
5.039772043257667e-08
7.020179368051917e-08
9.812298120864378e-08
1.377295974966052e-07
1.948546467386288e-07
2.776849725040616e-07
3.976309902046163e-07
5.703283645090079e-07
8.224436825653672e-07
1.188136619493685e-06
1.718381001638754e-06
2.510536846277244e-06
3.656934271197811e-06
5.331857266938597e-06
7.788561852763561e-06
1.133896948274874e-05
1.653929632670955e-05
2.412485631504351e-05
3.509245189803747e-05
5.099080995591084e-05
7.395058664364502e-05
1.072947510346950e-04
1.551061910590417e-04
2.239644931033103e-04
3.230602884874932e-04
4.634331763316855e-04
6.642701862638729e-04
9.487560585325791e-04
1.351866122205482e-03
1.919261147677917e-03
2.725210523690702e-03
3.852738876463260e-03
5.428434757094773e-03
7.619939107687407e-03
1.066697659020069e-02
1.488621182516823e-02
2.068883910852581e-02
2.864279293245346e-02
3.952032747846031e-02
5.427025716664095e-02
7.421117663472904e-02
1.009779075044713e-01
1.363078319223424e-01
1.826087944080818e-01
2.423476813838363e-01
3.173262784470579e-01
4.086892532119654e-01
5.138250282090840e-01
6.265033882916844e-01
7.360371403108670e-01
8.307565258193992e-01
9.085196204357073e-01
9.999933049787838e-01
9.999999998227309e-01
1.000000000000000e+00
1.000000000000000e+00
1.000000000000000e+00
1.000000000000000e+00
1.000000000000000e+00
1.000000000000000e+00
1.000000000000000e+00
###6.000000000000001e+00
8.447336304399932e-11
3.476288377679881e-11
-6.872804513086167e-11
3.679593851452356e-11
-1.431889407361165e-11
-3.398553470182432e-11
-7.661606322252825e-12
8.070916355503633e-11
3.175621029243177e-11
5.807803411584149e-11
4.627975468625057e-11
7.464263165880536e-11
4.148870658102249e-11
5.089181826392803e-11
6.756902216826404e-11
6.388137608385476e-11
9.224668052141431e-11
1.156025994913922e-10
1.417610895447024e-10
1.743106495305596e-10
2.203700475963568e-10
2.979800123377137e-10
3.927167832355131e-10
5.081813571817481e-10
6.737624735782306e-10
9.009995154100020e-10
1.183699842978655e-09
1.566153473816105e-09
2.079850934599744e-09
2.775578548969918e-09
3.703358243313458e-09
4.939741757286639e-09
6.674223236049266e-09
9.005789577562040e-09
1.219113848538337e-08
1.662095484902616e-08
2.265410802287482e-08
3.116981531366210e-08
4.300533761375895e-08
5.967653397108105e-08
8.353479610610349e-08
1.174307156684253e-07
1.655936689217011e-07
2.352900284744163e-07
3.365573186742316e-07
4.833492833101942e-07
6.946055225854410e-07
1.002998046620741e-06
1.450390824659436e-06
2.097858939592613e-06
3.063494824965400e-06
4.458770071955357e-06
6.488209172725892e-06
9.457978698265242e-06
1.373789231697801e-05
1.998408669815542e-05
2.906461125106437e-05
4.214464569717128e-05
6.104845627012535e-05
8.822803575090931e-05
1.275287249311872e-04
1.837043283954991e-04
2.642455526282377e-04
3.796878276161993e-04
5.424061885305914e-04
7.742389330508312e-04
1.101186136102128e-03
1.562293920361835e-03
2.208385377294795e-03
3.121602420360172e-03
4.392453255830628e-03
6.159543945051542e-03
8.603335928864166e-03
1.198240471164736e-02
1.663071730327414e-02
2.298238757536535e-02
3.162954389605156e-02
4.336284079819144e-02
5.914944681911687e-02
8.029852998897458e-02
1.084135142986880e-01
1.451659783538953e-01
1.927850692473294e-01
2.535050640161318e-01
3.287624271962145e-01
4.193566614161949e-01
5.224550671777133e-01
6.320693396073157e-01
7.383941432905559e-01
8.308937429682406e-01
9.079731537788798e-01
9.999933049787838e-01
9.999999998227309e-01
1.000000000000000e+00
1.000000000000000e+00
1.000000000000000e+00
1.000000000000000e+00
1.000000000000000e+00
1.000000000000000e+00
1.000000000000000e+00
###6.400000000000001e+00
7.846953977267565e-11
3.327823169982653e-11
-6.668937450302081e-11
-8.391500162954846e-13
-1.225827716933320e-11
-2.833484444654227e-11
-7.487076856078153e-12
8.704298105703854e-11
3.618198547183246e-11
6.122315747341717e-11
4.789213709159331e-11
8.019094561808248e-11
4.834228231016272e-11
5.584193126265226e-11
7.409041861973327e-11
7.115601387160449e-11
1.038505142915378e-10
1.326679440158117e-10
1.600297087947790e-10
1.982916425371417e-10
2.489449562602919e-10
3.334752892976500e-10
4.396797860267579e-10
5.690272763867289e-10
7.548158434348045e-10
1.008058561790859e-09
1.328329193477866e-09
1.758194058749414e-09
2.341569024865240e-09
3.137126582959334e-09
4.192944733374875e-09
5.618802334272211e-09
7.620559439586999e-09
1.032636235485291e-08
1.405021394839687e-08
1.923427710365701e-08
2.639461979434230e-08
3.652697247075742e-08
5.062456730339923e-08
7.064856735392530e-08
9.935266570843238e-08
1.403559877054002e-07
1.986685420494520e-07
2.832558120875453e-07
4.064604148129641e-07
5.849806328157437e-07
8.418475680506951e-07
1.216294846883861e-06
1.759635768347053e-06
2.543805082637891e-06
3.710234133977424e-06
5.396226881736723e-06
7.837716717305958e-06
1.139893709574862e-05
1.651697679339239e-05
2.396073339370561e-05
3.474449442313286e-05
5.023227872333964e-05
7.252441790899896e-05
1.044731508960538e-04
1.504601279423842e-04
2.159740568993236e-04
3.095115014223973e-04
4.430508186388742e-04
6.304445807734322e-04
8.963776454965877e-04
1.269773525036435e-03
1.793862272518408e-03
2.524875901551627e-03
3.553731938357313e-03
4.977794070391716e-03
6.948599892037122e-03
9.659455873632159e-03
1.338737243266033e-02
1.848370711859847e-02
2.540560835540773e-02
3.476448653662455e-02
4.737163856097770e-02
6.420858444279749e-02
8.656272837191251e-02
1.160119123567296e-01
1.541583926750338e-01
2.030494288091036e-01
2.646950916286210e-01
3.402113548589470e-01
4.300780319642601e-01
5.312839353480143e-01
6.380571999102078e-01
7.413897342412978e-01
8.317035747586572e-01
9.078961458045268e-01
9.999933049787838e-01
9.999999998227309e-01
1.000000000000000e+00
1.000000000000000e+00
1.000000000000000e+00
1.000000000000000e+00
1.000000000000000e+00
1.000000000000000e+00
1.000000000000000e+00
###6.800000000000002e+00
5.902446033628901e-11
3.695718947314660e-11
-7.228892099103106e-11
2.252259748747567e-11
5.031152886422721e-12
-2.285888667202852e-11
-3.894853555366905e-12
8.645726175975951e-11
4.173534853449978e-11
6.058003504437814e-11
5.550683144370209e-11
8.406084146594467e-11
5.406944773719244e-11
6.375179766817867e-11
8.024364586139690e-11
8.161786053461730e-11
1.163542634342225e-10
1.474385256449401e-10
1.815126270766004e-10
2.225686877995711e-10
2.819799054491624e-10
3.764182045413222e-10
4.916709296937629e-10
6.344827058936100e-10
8.428563796710715e-10
1.125624524629112e-09
1.487587180297713e-09
1.973584684936364e-09
2.637069752922675e-09
3.540155117270139e-09
4.701148047671051e-09
6.394349306898084e-09
8.704129953673374e-09
1.185359850603724e-08
1.621567284569088e-08
2.231654143316417e-08
3.074921744173808e-08
4.282955661432909e-08
5.962779527465989e-08
8.362264488567389e-08
1.181142820636581e-07
1.674727604728522e-07
2.378813422551773e-07
3.401366372875674e-07
4.890265350220236e-07
7.049881025133531e-07
1.015456995161026e-06
1.467490401340883e-06
2.122225885692011e-06
3.065834535974447e-06
4.465385220385113e-06
6.486661745467674e-06
9.401988361993617e-06
1.364369523618683e-05
1.972177713035629e-05
2.853016799458821e-05
4.121914849939245e-05
5.944997725920158e-05
8.556513785438146e-05
1.228585072236185e-04
1.763479553554858e-04
2.522518355327926e-04
3.601736430938756e-04
5.137038398054032e-04
7.281494026024394e-04
1.031412792631134e-03
1.455319504402323e-03
2.047806149022698e-03
2.870516654622737e-03
4.023362164319450e-03
5.611220366033181e-03
7.798391319307952e-03
1.079124512466330e-02
1.488466214997982e-02
2.044862319391086e-02
2.796010757364780e-02
3.804956904057684e-02
5.154948244968355e-02
6.944487821043760e-02
9.300375373314301e-02
1.237751451402110e-01
1.632861159527073e-01
2.134084952444951e-01
2.759377476260372e-01
3.516884841640840e-01
4.408633651392658e-01
5.402896841113921e-01
6.444223199112127e-01
7.449322553118251e-01
8.331089158244076e-01
9.082664076587403e-01
9.999933049787838e-01
9.999999998227309e-01
1.000000000000000e+00
1.000000000000000e+00
1.000000000000000e+00
1.000000000000000e+00
1.000000000000000e+00
1.000000000000000e+00
1.000000000000000e+00
###7.200000000000002e+00
5.619419136004389e-11
3.970452568185093e-11
-7.740229667660969e-11
1.835277007372951e-11
9.111942012015682e-12
-1.974958817230604e-11
-1.512653538958937e-12
9.681052733491941e-11
4.179544659965347e-11
6.106485062823279e-11
5.775066299793756e-11
8.920288485595785e-11
5.827198882523223e-11
7.578964266927789e-11
8.744102501787524e-11
1.003965833089661e-10
1.314110453836155e-10
1.628347505755908e-10
2.016835989658752e-10
2.489334179142496e-10
3.162441072708097e-10
4.189237257501697e-10
5.452642550847789e-10
7.099166520025399e-10
9.405461288920027e-10
1.257661878494650e-09
1.666146027168238e-09
2.215753893051709e-09
2.974531253756671e-09
3.998305071835390e-09
5.343847919904660e-09
7.294226095702628e-09
9.960069773471936e-09
1.362694134532434e-08
1.873399981168474e-08
2.594567315721504e-08
3.588456450115707e-08
5.024819485725126e-08
7.024163557065986e-08
9.888829843950889e-08
1.402732842273609e-07
1.994801242936414e-07
2.841843181224515e-07
4.072363483215164e-07
5.864081233300958e-07
8.460544272196933e-07
1.219175141013095e-06
1.761592250083189e-06
2.545934253016555e-06
3.671955701209104e-06
5.342757971901866e-06
7.750343455200189e-06
1.120746268685839e-05
1.622743096323548e-05
2.339865582223152e-05
3.375088751735667e-05
4.860009782666136e-05
6.992011052913947e-05
1.003275000514813e-04
1.435819516746481e-04
2.054219311084017e-04
2.928458039686494e-04
4.167026868363826e-04
5.922027600149444e-04
8.363754125864069e-04
1.180337943491627e-03
1.659252934938176e-03
2.325409035826074e-03
3.246903189689781e-03
4.532409166784567e-03
6.294866314232830e-03
8.710404545569461e-03
1.200134025823546e-02
1.647816530529349e-02
2.252829592062171e-02
3.064879316253965e-02
4.148566076637589e-02
5.589507009913936e-02
7.486263531410997e-02
9.962958629388069e-02
1.317053092853593e-01
1.725570734057872e-01
2.238718866743091e-01
2.872448228821029e-01
3.632113716654776e-01
4.517211272735592e-01
5.494712834036196e-01
6.511373361151946e-01
7.489794370647316e-01
8.350490472510922e-01
9.090106273177121e-01
9.999933049787838e-01
9.999999998227309e-01
1.000000000000000e+00
1.000000000000000e+00
1.000000000000000e+00
1.000000000000000e+00
1.000000000000000e+00
1.000000000000000e+00
1.000000000000000e+00
###7.600000000000002e+00
6.506577092464033e-11
3.758446489023020e-11
-7.432372112592870e-11
2.322250652440024e-11
1.189143329156888e-11
-1.266864401892068e-11
-2.433908047956899e-11
9.602987339413983e-11
4.616166779172794e-11
6.478484836324109e-11
6.536028368829638e-11
9.659815433743313e-11
6.732443466048473e-11
8.563863575907237e-11
9.498952995116304e-11
1.159930784459292e-10
1.464080214132616e-10
1.826268662444625e-10
2.259119892668320e-10
2.790042884055927e-10
3.538972119374253e-10
4.661718734306015e-10
6.066653155875196e-10
7.950297997499541e-10
1.049615168866579e-09
1.404278793009299e-09
1.867095896973618e-09
2.490604642200112e-09
3.360264171930870e-09
4.523433038909191e-09
6.079715069407653e-09
8.328822467199722e-09
1.141302720838174e-08
1.569278036412021e-08
2.168174980594226e-08
3.017384525945733e-08
4.191989128712275e-08
5.896060666258425e-08
8.273058077669590e-08
1.169101652604242e-07
1.664155836290521e-07
2.371880700067138e-07
3.386540472706376e-07
4.860769775459400e-07
7.007630638112457e-07
1.011271849550285e-06
1.457154665089132e-06
2.103998127199709e-06
3.037690043282600e-06
4.375101761227393e-06
6.356977286966155e-06
9.205998772262114e-06
1.328315733494526e-05
1.918611250061941e-05
2.759782424738911e-05
3.969510389522752e-05
5.697550975591386e-05
8.175755391224216e-05
1.169687201726669e-04
1.668697629386720e-04
2.379780148852498e-04
3.381329219105070e-04
4.795478764013115e-04
6.791826300879949e-04
9.557570355715082e-04
1.344003733882081e-03
1.882295105769103e-03
2.628264719596499e-03
3.655725424081120e-03
5.083027969957137e-03
7.031414071336891e-03
9.689233988256211e-03
1.329296678355210e-02
1.817043836365630e-02
2.472572450534322e-02
3.347621845919741e-02
4.507839829196197e-02
6.041744573553452e-02
8.046496400876046e-02
1.064435475165970e-01
1.398274073823366e-01
1.819773102053601e-01
2.344456501347351e-01
2.986161824875359e-01
3.747843160989099e-01
4.626516401877210e-01
5.588263597289456e-01
6.581736535065951e-01
7.534858300901344e-01
8.374437411775051e-01
9.101116581266002e-01
9.999933049787838e-01
9.999999998227309e-01
1.000000000000000e+00
1.000000000000000e+00
1.000000000000000e+00
1.000000000000000e+00
1.000000000000000e+00
1.000000000000000e+00
1.000000000000000e+00
###8.000000000000002e+00
6.681574078722662e-11
3.884886430785433e-11
-7.216858682447252e-11
2.052023038075792e-11
1.654434252078997e-11
-6.902348112921222e-12
-1.576389818508352e-11
9.879309663407198e-11
4.871122621052576e-11
6.900322280508421e-11
7.291253631745793e-11
1.012035949240492e-10
7.431697861322712e-11
9.310488296130646e-11
1.078493905063937e-10
1.226119927616107e-10
1.643811153916390e-10
2.017235792668838e-10
2.511268236858367e-10
3.101065832973401e-10
3.789810402313755e-10
5.202459175354764e-10
6.727318462072214e-10
8.867296792841397e-10
1.170954559244268e-09
1.569895333708152e-09
2.092539719701456e-09
2.802568750721906e-09
3.798619920812804e-09
5.124840114094223e-09
6.922630002138167e-09
9.518202803220543e-09
1.310316557957759e-08
1.809452741249952e-08
2.512326387335704e-08
3.508555954305257e-08
4.901003945516299e-08
6.919575122288848e-08
9.741448454749667e-08
1.381036556006670e-07
1.970469033169834e-07
2.814493559816471e-07
4.024601181093050e-07
5.781530350593031e-07
8.340022442310286e-07
1.203816442734525e-06
1.733754712883360e-06
2.501176566028477e-06
3.607535395826813e-06
5.186808112290930e-06
7.525615211327088e-06
1.087736942807878e-05
1.565802333162851e-05
2.256400103085114e-05
3.237316214049653e-05
4.643769438721573e-05
6.644727860016499e-05
9.510179326412404e-05
1.356570938263069e-04
1.929303561090193e-04
2.742820066890269e-04
3.884681124115386e-04
5.490856042360239e-04
7.751296067499844e-04
1.087127739732836e-03
1.523493909228072e-03
2.125943521536796e-03
2.957740260377466e-03
4.098673379385125e-03
5.677239569807014e-03
7.823072973895166e-03
1.073671838655960e-02
1.466847929376864e-02
1.996442357499559e-02
2.704545127391131e-02
3.644470698617987e-02
4.883252399497295e-02
6.511336277681738e-02
8.625095592352212e-02
1.134440723172287e-01
1.481148316525130e-01
1.915519670015119e-01
2.451371247443742e-01
3.100741572927517e-01
3.864257657922537e-01
4.736692952932217e-01
5.683403680593512e-01
6.654982483880816e-01
7.583849011145190e-01
8.402688467653865e-01
9.115019635834855e-01
9.999933049787838e-01
9.999999998227309e-01
1.000000000000000e+00
1.000000000000000e+00
1.000000000000000e+00
1.000000000000000e+00
1.000000000000000e+00
1.000000000000000e+00
1.000000000000000e+00
###8.400000000000002e+00
6.718596256064802e-11
4.910360053596851e-11
-7.344504137963449e-11
1.905736790706188e-11
2.300407008676085e-11
-3.893354837434354e-12
-9.894738727660446e-12
1.013850995378194e-10
5.609459068306931e-11
7.013389344367985e-11
7.864226535037606e-11
1.062209839210806e-10
8.417943458269025e-11
1.034286034294603e-10
1.236644068404055e-10
1.362876629796311e-10
1.827610112814644e-10
2.239618280471612e-10
2.784733254672192e-10
3.463640322890353e-10
4.235974152509117e-10
5.771429295423607e-10
7.489429637972219e-10
9.883686378362214e-10
1.307900984001881e-09
1.756456809091722e-09
2.347152730546400e-09
3.155205028566603e-09
4.296176668312158e-09
5.815586246966159e-09
7.898847308436848e-09
1.089629248535425e-08
1.506530427083131e-08
2.089588418090768e-08
2.914385038844795e-08
4.081777760885031e-08
5.729382854732394e-08
8.116267434905904e-08
1.146093710688659e-07
1.629270678682377e-07
2.329447809905410e-07
3.332238271764743e-07
4.769530459424100e-07
6.855174281323513e-07
9.890544219485025e-07
1.427351857433581e-06
2.054666686234097e-06
2.960629620867461e-06
4.263925510945251e-06
6.121999638024267e-06
8.864751958641071e-06
1.278743126457589e-05
1.836762931908983e-05
2.640221069898453e-05
3.778495738390292e-05
5.405354025193493e-05
7.711850739610204e-05
1.100831547384709e-04
1.565744836011834e-04
2.220153232105431e-04
3.146698709285079e-04
4.442818287134045e-04
6.260160959123165e-04
8.808600729710100e-04
1.231265253474410e-03
1.719558415825792e-03
2.391363621989075e-03
3.315373105432847e-03
4.577644380033044e-03
6.317299420714432e-03
8.672156477659549e-03
1.185538408797762e-02
1.613207512987975e-02
2.186441794421587e-02
2.948978023206626e-02
3.955827142533279e-02
5.275117262642805e-02
6.999010985458019e-02
9.222383053294128e-02
1.206343189577540e-01
1.565917158188823e-01
2.012849258551253e-01
2.559552463885977e-01
3.216262903796781e-01
3.981358234337364e-01
4.847736940487093e-01
5.780146612692409e-01
6.730662707488123e-01
7.636333307326892e-01
8.434558421809999e-01
9.131769499418781e-01
9.999933049787838e-01
9.999999998227309e-01
1.000000000000000e+00
1.000000000000000e+00
1.000000000000000e+00
1.000000000000000e+00
1.000000000000000e+00
1.000000000000000e+00
1.000000000000000e+00
###8.800000000000002e+00
6.809525492397867e-11
5.057663436511983e-11
-4.732260737710383e-11
1.713748536926608e-11
2.513234010898056e-11
1.943033905065442e-13
-8.220614454413481e-12
1.034425288136971e-10
6.090607286584741e-11
7.209920501863219e-11
8.739978890315707e-11
1.091493344022693e-10
9.370542148461765e-11
1.142575140282810e-10
1.356964751570774e-10
1.582216265301939e-10
2.021219028595143e-10
2.486949141577458e-10
3.058437215804862e-10
3.827950035185317e-10
4.722291641136481e-10
6.412069933272196e-10
8.331355138337067e-10
1.101366981457838e-09
1.461008750338878e-09
1.967576706714281e-09
2.636850409315214e-09
3.559361486100261e-09
4.865396878952765e-09
6.613421478738752e-09
9.026752957918908e-09
1.249653395980422e-08
1.734862906471076e-08
2.415742720088470e-08
3.383186469961475e-08
4.753839145475505e-08
6.696679030845253e-08
9.516885344320882e-08
1.347544466621938e-07
1.918684016145100e-07
2.747719836264180e-07
3.935246247158887e-07
5.637186398077169e-07
8.103147607939357e-07
1.168820726599891e-06
1.685549857722702e-06
2.424518368044235e-06
3.489656607310608e-06
5.017799809438822e-06
7.194850023219378e-06
1.039594668426372e-05
1.496136909282747e-05
2.144290349290075e-05
3.075007453361419e-05
4.389810855803041e-05
6.262649012544436e-05
8.910235331872791e-05
1.268591655182120e-04
1.799304282734544e-04
2.543745782053896e-04
3.594542331176415e-04
5.060220550117193e-04
7.107688245465481e-04
9.969402570251227e-04
1.388960445458637e-03
1.933531517671118e-03
2.679898237992076e-03
3.702516400530305e-03
5.094296053501191e-03
7.005175020291981e-03
9.581213836132934e-03
1.304877792626878e-02
1.768605491093414e-02
2.387323469803950e-02
3.206316653274632e-02
4.282078591935827e-02
5.683781600568868e-02
7.505015621662216e-02
9.839433788588015e-02
1.280204950261362e-01
1.652566377276052e-01
2.111818827808618e-01
2.669077701707949e-01
3.332764041074986e-01
4.099257506008246e-01
4.959759631727676e-01
5.878374456381671e-01
6.808850988040346e-01
7.692025876977614e-01
8.469620449854667e-01
9.150920347257717e-01
9.999933049787838e-01
9.999999998227309e-01
1.000000000000000e+00
1.000000000000000e+00
1.000000000000000e+00
1.000000000000000e+00
1.000000000000000e+00
1.000000000000000e+00
1.000000000000000e+00
###9.200000000000003e+00
2.060308757677976e-10
4.613667626381231e-11
-3.974725373716520e-11
1.795331919327417e-11
1.719392296517343e-11
3.806084702361810e-13
5.309834232200848e-12
9.890213337952785e-11
6.553669581904810e-11
8.351616933634433e-11
9.885030191895553e-11
1.184655007467370e-10
1.076985065279766e-10
1.273998943776138e-10
1.498034528775218e-10
1.807035276797079e-10
2.195710914025773e-10
2.751298361259489e-10
3.406592066169071e-10
4.242977674270635e-10
5.283315871224797e-10
7.126442808402783e-10
9.277780978152116e-10
1.228059221422044e-09
1.634453247805317e-09
2.207153225303033e-09
2.968921615195472e-09
4.021555295484406e-09
5.516565147653010e-09
7.533683267881270e-09
1.033998662426611e-08
1.435518836558887e-08
2.000505044591345e-08
2.796013934989134e-08
3.929190474630826e-08
5.538770841794558e-08
7.828755734901868e-08
1.114644510989126e-07
1.582786440902177e-07
2.255628605579533e-07
3.234519652980476e-07
4.635706795610933e-07
6.646320631450860e-07
9.549670238118761e-07
1.376524282204154e-06
1.982796157650360e-06
2.849887531667526e-06
4.096155951492172e-06
5.880131119479518e-06
8.425345311612048e-06
1.213701974921938e-05
1.743230828535272e-05
2.492469732414533e-05
3.565898340470374e-05
5.078089380295766e-05
7.225300624043426e-05
1.025138799826196e-04
1.455678570081197e-04
2.059124665376319e-04
2.902638100190187e-04
4.090014187053843e-04
5.740363743345597e-04
8.039105127993782e-04
1.124133611624384e-03
1.561269620511343e-03
2.166387659689521e-03
2.992857187513575e-03
4.121041899020514e-03
5.650779761456223e-03
7.743455827142673e-03
1.055292834719066e-02
1.431946160868374e-02
1.933390367610584e-02
2.599442733916916e-02
3.476808299916413e-02
4.623629961829671e-02
6.109569305294313e-02
8.029572514953580e-02
1.047630102300569e-01
1.356077400423404e-01
1.741061927148848e-01
2.212421529963192e-01
2.779956946522759e-01
3.450299839373094e-01
4.217993929730944e-01
5.072637146202323e-01
5.977942168008290e-01
6.889065539865267e-01
7.750364129748578e-01
8.507574438603401e-01
9.171989433912376e-01
9.999933049787838e-01
9.999999998227309e-01
1.000000000000000e+00
1.000000000000000e+00
1.000000000000000e+00
1.000000000000000e+00
1.000000000000000e+00
1.000000000000000e+00
1.000000000000000e+00
###9.600000000000003e+00
2.109157284155985e-10
4.897203039074036e-11
-3.478672571261046e-11
2.268321966786578e-11
1.511087249702720e-11
1.155997524146396e-11
1.358237088590867e-11
1.018737045350870e-10
7.521251642294033e-11
8.869701774295742e-11
1.053960456631196e-10
1.291271792360820e-10
1.204612208948432e-10
1.416007148893306e-10
1.671877839492502e-10
2.005833883817154e-10
2.402210872791153e-10
3.037678412404333e-10
3.733373303649063e-10
4.829776446239364e-10
5.891315847961577e-10
7.909683345246466e-10
1.040470839577703e-09
1.370860289985938e-09
1.833226508212584e-09
2.479954112274196e-09
3.348517215413728e-09
4.554545453869352e-09
6.272869922297716e-09
8.600285966841712e-09
1.185818642514930e-08
1.651232485956409e-08
2.309257960732028e-08
3.239263167478901e-08
4.565956308288788e-08
6.452678183356768e-08
9.148000271158403e-08
1.304042165012401e-07
1.855843089038390e-07
2.647665058689407e-07
3.799175887414645e-07
5.447294012695273e-07
7.809928326066088e-07
1.121533182930555e-06
1.615457926015642e-06
2.324882256752773e-06
3.336991113778833e-06
4.789686062724580e-06
6.864371944098182e-06
9.812322538986017e-06
1.411266598184043e-05
2.022612372991388e-05
2.885420697158950e-05
4.118442550078558e-05
5.850692760160482e-05
8.303129994465398e-05
1.174797263509598e-04
1.663878561825863e-04
2.347384139151491e-04
3.300073865366873e-04
4.636791575426350e-04
6.488718058806130e-04
9.060680646275177e-04
1.263176504376406e-03
1.748995941239885e-03
2.419268938436062e-03
3.331626286902980e-03
4.572404918979256e-03
6.249006760349118e-03
8.534255982676195e-03
1.159004285900953e-02
1.567044403332206e-02
2.108011903112183e-02
2.823163466185293e-02
3.761043772245701e-02
4.980654268039072e-02
6.552877735590820e-02
8.573270611856172e-02
1.113262562262620e-01
1.433926448997816e-01
1.831414030674612e-01
2.314682881770934e-01
2.892179803137443e-01
3.568894643721845e-01
4.337601335230503e-01
5.186438034803085e-01
6.078749825392481e-01
6.971159991341225e-01
7.811124914829538e-01
8.547959532314358e-01
9.194774047017416e-01
9.999933049787838e-01
9.999999998227309e-01
1.000000000000000e+00
1.000000000000000e+00
1.000000000000000e+00
1.000000000000000e+00
1.000000000000000e+00
1.000000000000000e+00
1.000000000000000e+00
###1.000000000000000e+01
2.220892499935905e-10
4.889081944373117e-11
-4.066214949137831e-11
2.578798509234406e-11
1.777099791961257e-11
1.614019922326557e-11
1.917145453260743e-11
1.056453342716692e-10
8.436836720290675e-11
9.430012705369635e-11
1.091710070295703e-10
1.374834964830093e-10
1.338480497011528e-10
1.559107364661687e-10
1.842293606185698e-10
2.187350859280607e-10
2.599386212069748e-10
3.339317110922472e-10
4.129942140605409e-10
5.333137366780917e-10
6.547980889776428e-10
8.795100158697285e-10
1.157108584653598e-09
1.532831312657993e-09
2.058805351198074e-09
2.792214033979842e-09
3.783336104106694e-09
5.167498096362850e-09
7.137850239125962e-09
9.829827420967583e-09
1.361474862423920e-08
1.901770138525002e-08
2.669031984541618e-08
3.753531793616962e-08
5.306641959047026e-08
7.512532144663515e-08
1.067986900060381e-07
1.523637721759688e-07
2.172462667932214e-07
3.101514979947172e-07
4.452410998257661e-07
6.383659792641862e-07
9.153429438200747e-07
1.313040641739883e-06
1.889921599829206e-06
2.716423788012414e-06
3.893670149291788e-06
5.579590486664787e-06
7.982637528010942e-06
1.138626203473078e-05
1.634574507752806e-05
2.338036058525712e-05
3.327599301979353e-05
4.738539656190354e-05
6.715058659580739e-05
9.505947133684810e-05
1.341483122083496e-04
1.895105315544224e-04
2.666499375189003e-04
3.738489325897882e-04
5.238181952589023e-04
7.309971741271197e-04
1.017811769488918e-03
1.414752074350055e-03
1.953176550914445e-03
2.693446689215731e-03
3.697699594766396e-03
5.058597273804185e-03
6.891140204214450e-03
9.380238985781917e-03
1.269569167350049e-02
1.710472890092586e-02
2.292601980308311e-02
3.058942871288204e-02
4.059275339675163e-02
5.353804524354699e-02
7.013993076640895e-02
9.136608246878368e-02
1.180986264728374e-01
1.513811253901297e-01
1.923702604025047e-01
2.418716066055539e-01
3.005853235167760e-01
3.688565751413355e-01
4.458011103696808e-01
5.301071657693081e-01
6.180795367618285e-01
7.054883521939878e-01
7.873868870998070e-01
8.590367778115373e-01
9.219175562033425e-01
9.999933049787838e-01
9.999999998227309e-01
1.000000000000000e+00
1.000000000000000e+00
1.000000000000000e+00
1.000000000000000e+00
1.000000000000000e+00
1.000000000000000e+00
1.000000000000000e+00
###1.040000000000000e+01
2.194831576784312e-10
5.184023367292304e-11
-3.641709888283360e-11
2.529241710759625e-11
2.146236951596803e-11
2.127676540759383e-11
2.715995994983478e-11
1.117427422537223e-10
9.060192083039962e-11
9.701099347960888e-11
1.176968791788457e-10
1.451125357264259e-10
1.462050261335502e-10
1.698950558265618e-10
2.003320622091205e-10
2.411863883102504e-10
2.863360908320197e-10
3.673342493488520e-10
4.541894330171517e-10
5.883656155669069e-10
7.295152404721763e-10
9.785259033513432e-10
1.290053781032351e-09
1.718088012472462e-09
2.313417628564180e-09
3.147793628916303e-09
4.287466563970773e-09
5.873370523982513e-09
8.135897649617588e-09
1.124893489101486e-08
1.563995817775704e-08
2.192744732949790e-08
3.086153842356501e-08
4.351981423677384e-08
6.164755523088744e-08
8.746806783408711e-08
1.245301098243223e-07
1.778110807410067e-07
2.539092717307450e-07
3.625711696231639e-07
5.205397523350315e-07
7.462247727825106e-07
1.069610906009322e-06
1.533033235779756e-06
2.203470487532130e-06
3.162657187154299e-06
4.527284282759522e-06
6.477935331416871e-06
9.249661184232675e-06
1.318633209216986e-05
1.886531786051359e-05
2.692776312115343e-05
3.824011825137493e-05
5.432688024603634e-05
7.679929130672437e-05
1.084533960335570e-04
1.526515386434777e-04
2.151167270172161e-04
3.018956535457213e-04
4.221582069491357e-04
5.898674843165773e-04
8.209075981791525e-04
1.139820043665537e-03
1.579826307184776e-03
2.174723796704878e-03
2.990142693560774e-03
4.092531427338827e-03
5.581403252050056e-03
7.579362306299985e-03
1.028359660555592e-02
1.387200696407115e-02
1.862594773601258e-02
2.487669497205615e-02
3.307087460813698e-02
4.371930833768289e-02
5.743477190806999e-02
7.493557267476536e-02
9.719789858542233e-02
1.250780838704230e-01
1.595726543066923e-01
2.017846495518180e-01
2.524515170099365e-01
3.120954019639502e-01
3.809332452495005e-01
4.579256639076147e-01
5.416410201968437e-01
6.283709182514602e-01
7.139900790843321e-01
7.938379971546331e-01
8.634623292162015e-01
9.244823446578534e-01
9.999933049787838e-01
9.999999998227309e-01
1.000000000000000e+00
1.000000000000000e+00
1.000000000000000e+00
1.000000000000000e+00
1.000000000000000e+00
1.000000000000000e+00
1.000000000000000e+00
###1.080000000000000e+01
2.310216123452473e-10
5.071798356915459e-11
-3.500485197727037e-11
2.161255414477460e-11
2.615479918790646e-11
2.792135898410571e-11
3.769496472354332e-11
1.174299137204744e-10
9.569220300922316e-11
1.079534010818480e-10
1.250241137456331e-10
1.545308286062697e-10
1.531231253817474e-10
1.847013721266563e-10
2.135758406167848e-10
2.639538885016013e-10
3.162715763927068e-10
4.027588823800817e-10
4.993942780409986e-10
6.479348996152594e-10
8.123968972284821e-10
1.089893556754927e-09
1.440250333834341e-09
1.926335282900251e-09
2.603556157875332e-09
3.555685520786325e-09
4.863847485646707e-09
6.687240659970756e-09
9.287927120443544e-09
1.289750967570469e-08
1.799739297411813e-08
2.530103882633227e-08
3.569512500882192e-08
5.044760968325959e-08
7.158574519405001e-08
1.017526706987222e-07
1.450447203791520e-07
2.072466707167969e-07
2.962195424077560e-07
4.229306157966080e-07
6.071190966252595e-07
8.699882770348688e-07
1.246283303717292e-06
1.785025103829001e-06
2.561111878507155e-06
3.670528230192931e-06
5.246660865779339e-06
7.494725397801357e-06
1.068236631277169e-05
1.521298882011968e-05
2.170241897466756e-05
3.090782870285722e-05
4.379430222711290e-05
6.207141810676389e-05
8.753852472841106e-05
1.233193297735548e-04
1.731763447130434e-04
2.434038816148175e-04
3.407316162037107e-04
4.753054596699378e-04
6.622088083465050e-04
9.191640372611498e-04
1.272750500557280e-03
1.759234733500302e-03
2.414833391224734e-03
3.310592033047652e-03
4.517530021547847e-03
6.142856766833375e-03
8.315986851555100e-03
1.124703143243816e-02
1.512258088582028e-02
2.023784940459248e-02
2.693560837067583e-02
3.567891852859736e-02
4.699398927777353e-02
6.150001997995948e-02
7.991844048744616e-02
1.032296753961605e-01
1.322665126862073e-01
1.679786737387200e-01
2.114011366212914e-01
2.632020832012379e-01
3.237512150153370e-01
3.931314525498203e-01
4.701379556420433e-01
5.532533109854212e-01
6.387456811063766e-01
7.226135522167143e-01
8.004296869466079e-01
8.680239911023040e-01
9.271480697492662e-01
9.999933049787838e-01
9.999999998227309e-01
1.000000000000000e+00
1.000000000000000e+00
1.000000000000000e+00
1.000000000000000e+00
1.000000000000000e+00
1.000000000000000e+00
1.000000000000000e+00
###1.120000000000000e+01
2.455553968505658e-10
5.132914588904082e-11
-3.128101817636448e-11
2.386715115512058e-11
2.882744617762476e-11
3.095307847194820e-11
4.163472763158132e-11
1.221707092066644e-10
1.031440542538378e-10
1.089205847101573e-10
1.358690614111811e-10
1.663114587574503e-10
1.659848886679879e-10
2.034504380313523e-10
2.334309352635631e-10
2.886250044687192e-10
3.485817183223693e-10
4.430501376853335e-10
5.519403844791882e-10
7.161232540441984e-10
9.055701636354528e-10
1.215550696039940e-09
1.611209269722299e-09
2.161852886437643e-09
2.936735849642044e-09
4.023580746925400e-09
5.523176463617254e-09
7.624511502978964e-09
1.061659701400246e-08
1.480440900409214e-08
2.072018971860463e-08
2.920126318244823e-08
4.129476411019646e-08
5.845094967053657e-08
8.309167131138667e-08
1.182492015025746e-07
1.686998574078163e-07
2.411565236750979e-07
3.448504577507229e-07
4.922846233841810e-07
7.063679389030006e-07
1.011605415907019e-06
1.447975686513883e-06
2.071750133904685e-06
2.968118118428910e-06
4.246661115977776e-06
6.061194081997784e-06
8.643681243408713e-06
1.229983808215200e-05
1.748976037172573e-05
2.488635788448758e-05
3.536440908360246e-05
4.999437233808636e-05
7.069914765582062e-05
9.947259092479353e-05
1.398132640853277e-04
1.959417316338807e-04
2.745878931341313e-04
3.834276376582135e-04
5.335718596908180e-04
7.413790658873305e-04
1.026367753319628e-03
1.417362512516300e-03
1.953848246770146e-03
2.674522660721097e-03
3.656051755367086e-03
4.974695210821380e-03
6.744547969533260e-03
9.102944094345327e-03
1.227304561920109e-02
1.645030691669948e-02
2.194212113996690e-02
2.910580769931221e-02
3.841979580507814e-02
5.042031598515342e-02
6.573708335914952e-02
8.508899793064499e-02
1.094659114631426e-01
1.396641807310214e-01
1.765959250243433e-01
2.212212169021681e-01
2.741298747957380e-01
3.355544271493873e-01
4.054346492683700e-01
4.824363671078756e-01
5.649333224782817e-01
6.491978768907641e-01
7.313289464564142e-01
8.071287560643519e-01
8.727032479696387e-01
9.298826195663829e-01
9.999933049787838e-01
9.999999998227309e-01
1.000000000000000e+00
1.000000000000000e+00
1.000000000000000e+00
1.000000000000000e+00
1.000000000000000e+00
1.000000000000000e+00
1.000000000000000e+00
###1.160000000000000e+01
2.438213694870214e-10
5.953954765579122e-11
-2.809577902990436e-11
2.679933177644889e-11
3.277213007375681e-11
3.873682982464422e-11
4.788952042836869e-11
1.261707498706538e-10
1.025003936428719e-10
1.196359654592684e-10
1.480159996438526e-10
1.778326987541225e-10
1.884832949384862e-10
2.243889404859873e-10
2.598720921474106e-10
3.158241966336098e-10
3.829467700336874e-10
4.867119795415424e-10
6.158139023257814e-10
7.927718787528743e-10
1.011803717689901e-09
1.357019142504008e-09
1.804624359101697e-09
2.436783880095681e-09
3.318298867088927e-09
4.559980305015383e-09
6.282943955130291e-09
8.704078965435482e-09
1.215301370353192e-08
1.700372881939588e-08
2.386670439637905e-08
3.370685481644280e-08
4.775460786912334e-08
6.769689500901139e-08
9.637097881190819e-08
1.372621044558488e-07
1.959617276264678e-07
2.801840576929785e-07
4.006981080656921e-07
5.717750254579053e-07
8.198676586868554e-07
1.173081079524871e-06
1.677930769556698e-06
2.397622181121894e-06
3.430149383206850e-06
4.898992422983675e-06
6.981923746190055e-06
9.938946761782384e-06
1.411902602054716e-05
2.004338054450511e-05
2.844973812091283e-05
4.033827520642190e-05
5.690348123649249e-05
8.028511297037209e-05
1.127050306136285e-04
1.580455504329435e-04
2.210125787430869e-04
3.088928970410326e-04
4.303107106672372e-04
5.973763661594161e-04
8.278541171984361e-04
1.143079030657612e-03
1.574503078390101e-03
2.164658639376739e-03
2.954934289789931e-03
4.028351229012527e-03
5.465640517717267e-03
7.388650910201941e-03
9.942861803606585e-03
1.336478745224173e-02
1.785863153820197e-02
2.374430510877776e-02
3.139167848635388e-02
4.129681058820542e-02
5.400372473242673e-02
7.015145013049040e-02
9.045508232717273e-02
1.159098169254831e-01
1.472785781664240e-01
1.854218385998350e-01
2.312436618794883e-01
2.852366432493981e-01
3.474977615400185e-01
4.178520870659206e-01
4.948145109489648e-01
5.766698891958227e-01
6.597119685067915e-01
7.401124635441612e-01
8.139173849283443e-01
8.774747370349396e-01
9.326945610092647e-01
9.999933049787838e-01
9.999999998227309e-01
1.000000000000000e+00
1.000000000000000e+00
1.000000000000000e+00
1.000000000000000e+00
1.000000000000000e+00
1.000000000000000e+00
1.000000000000000e+00
###1.200000000000001e+01
2.399698932837617e-10
5.955186746562276e-11
-1.732193682804881e-11
2.862147937567510e-11
3.647093509188019e-11
4.950680027657398e-11
5.730319877488104e-11
1.310546815480918e-10
1.107479731653184e-10
1.274827545389348e-10
1.600467729854374e-10
1.879162860015742e-10
2.049042428486721e-10
2.421538171043541e-10
2.838119581475854e-10
3.371485120853204e-10
4.202973135261777e-10
5.353041227208174e-10
6.794188545114075e-10
8.793446359136413e-10
1.131635484523730e-09
1.519423983315463e-09
2.023915388227912e-09
2.737667936849735e-09
3.755681755710943e-09
5.177132164132555e-09
7.157448487590068e-09
9.946901027178890e-09
1.392654197269028e-08
1.953898780700736e-08
2.749329726811307e-08
3.891025941069196e-08
5.519792100656026e-08
7.835167164160732e-08
1.116201538805646e-07
1.591305427145668e-07
2.272439676108857e-07
3.249487961855846e-07
4.645298402902297e-07
6.624940441341774e-07
9.492574074532475e-07
1.357103220088544e-06
1.938958486653429e-06
2.766785965363445e-06
3.952359864599356e-06
5.635686853171222e-06
8.017852746776298e-06
1.139343532367075e-05
1.615825450710796e-05
2.290011347910100e-05
3.243200868752611e-05
4.588018621841961e-05
6.458078392324021e-05
9.091551202470209e-05
1.273462764665261e-04
1.781698771948132e-04
2.485981718946093e-04
3.465730881396036e-04
4.816441466146863e-04
6.670498320369376e-04
9.220551181878475e-04
1.269973534271347e-03
1.744758914349372e-03
2.392606718255774e-03
3.257460902203951e-03
4.428644730246121e-03
5.992136235560340e-03
8.077387581786801e-03
1.083812276627142e-02
1.452547511936793e-02
1.934998827364259e-02
2.564576218101361e-02
3.379695036442136e-02
4.431268340216955e-02
5.774799164217143e-02
7.474638917544006e-02
9.602180687681501e-02
1.225691576135996e-01
1.551117022348681e-01
1.944628104087401e-01
2.414808707876409e-01
2.965200696362628e-01
3.595877686096508e-01
4.303727902056966e-01
5.072578961690670e-01
5.884581245514050e-01
6.702702897471252e-01
7.489511051246770e-01
8.207750546096017e-01
8.823078594787369e-01
9.355466202359425e-01
9.999933049787838e-01
9.999999998227309e-01
1.000000000000000e+00
1.000000000000000e+00
1.000000000000000e+00
1.000000000000000e+00
1.000000000000000e+00
1.000000000000000e+00
1.000000000000000e+00
###1.240000000000001e+01
2.397549224540746e-10
6.888263747994597e-11
-1.640996036376188e-11
3.704469361357070e-11
4.037028267543817e-11
5.694878299515752e-11
6.472804615551540e-11
1.371311861138150e-10
1.171223168945392e-10
1.383535902754535e-10
1.706687627660200e-10
1.995340812387632e-10
2.231318763344132e-10
2.659576266283209e-10
3.096266550122958e-10
3.700251014093941e-10
4.632146093123961e-10
5.890359418435497e-10
7.495642211633655e-10
9.767987696321034e-10
1.264924737435005e-09
1.700745779752283e-09
2.277949842050992e-09
3.094043552477617e-09
4.257132866944506e-09
5.885687533148399e-09
8.166322470639731e-09
1.137655628081694e-08
1.596938548742888e-08
2.246850209254063e-08
3.167390560529100e-08
4.489247352796447e-08
6.378066480166838e-08
9.060665867643548e-08
1.291779512485069e-07
1.842065731242781e-07
2.630558484524200e-07
3.760337397616014e-07
5.374548178155226e-07
7.658714038377114e-07
1.096454830623507e-06
1.565872395635896e-06
2.234710096428191e-06
3.184171087875118e-06
4.541737775514224e-06
6.464643443237585e-06
9.182846465088534e-06
1.302626870778476e-05
1.843691393138019e-05
2.608720186411228e-05
3.686377092858803e-05
5.203830061017655e-05
7.309343026017617e-05
1.026774300661026e-04
1.435051924555600e-04
2.003287558661330e-04
2.789154625052628e-04
3.878874658573860e-04
5.377918135704873e-04
7.430403034840692e-04
1.024564665498323e-03
1.407652707198622e-03
1.929041729451065e-03
2.638652708030557e-03
3.583049654481834e-03
4.858428130190047e-03
6.555802872799481e-03
8.813477769812044e-03
1.179146487231560e-02
1.575698770551865e-02
2.092756696529754e-02
2.765183234754610e-02
3.632603343797817e-02
4.747178481624811e-02
6.165618593838607e-02
7.952421894203825e-02
1.017896438758210e-01
1.294396799564782e-01
1.631647571940864e-01
2.037193393421043e-01
2.519230877800770e-01
3.079770144641167e-01
3.718183937820821e-01
4.429942168105726e-01
5.197751689257077e-01
6.002906264762733e-01
6.808446037568384e-01
7.578202463834847e-01
8.276619546168928e-01
8.871769640040039e-01
9.384231515365832e-01
9.999933049787838e-01
9.999999998227309e-01
1.000000000000000e+00
1.000000000000000e+00
1.000000000000000e+00
1.000000000000000e+00
1.000000000000000e+00
1.000000000000000e+00
1.000000000000000e+00
###1.280000000000001e+01
2.378938942933799e-10
5.064701523930813e-11
1.162866023499640e-11
3.897301531659027e-11
4.877862874530257e-11
6.377815909752682e-11
7.542082399241693e-11
1.460542007482849e-10
1.249378384107113e-10
1.482715225785737e-10
1.819403428276343e-10
2.153756368354098e-10
2.409070556395198e-10
2.877627422860102e-10
3.378500468473708e-10
4.061800260816357e-10
5.107140998173227e-10
6.474763668047672e-10
8.302697749928282e-10
1.083979706572136e-09
1.416381133989921e-09
1.908330227399123e-09
2.564918550883676e-09
3.502487660587543e-09
4.829957742124846e-09
6.697049397876098e-09
9.322898117268255e-09
1.302362151254993e-08
1.831991291659979e-08
2.582984403170603e-08
3.648000356252442e-08
5.178637484479842e-08
7.361857515489374e-08
1.046526039780772e-07
1.492638617490540e-07
2.128893455444174e-07
3.040090308687138e-07
4.343392256358829e-07
6.204722005779442e-07
8.833242531809019e-07
1.263453722631869e-06
1.802446589389370e-06
2.569183726984304e-06
3.655201142109344e-06
5.205622998205765e-06
7.396540289422017e-06
1.048975246648898e-05
1.485386361722198e-05
2.098202232929269e-05
2.963883975008202e-05
4.179285958205222e-05
5.886905014652172e-05
8.251197955183514e-05
1.156643408237118e-04
1.613053590181293e-04
2.246924853202217e-04
3.121500053260826e-04
4.330765557364076e-04
5.990740309232502e-04
8.257917957965024e-04
1.135951642996814e-03
1.556864060737195e-03
2.128270391009075e-03
2.903989038644023e-03
3.933275493545946e-03
5.319406397992978e-03
7.158728343527521e-03
9.598557908478593e-03
1.280541192061523e-02
1.706318435001150e-02
2.259552334501412e-02
2.976608645801445e-02
3.898248342428549e-02
5.078025719142659e-02
6.573409629676162e-02
8.449210068601071e-02
1.077644759380895e-01
1.365288419348814e-01
1.714388702805647e-01
2.131999686128782e-01
2.625616891362084e-01
3.196174470002917e-01
3.841884254754979e-01
4.557181837630300e-01
5.323312594132589e-01
6.121510564279316e-01
6.914400856637199e-01
7.667039036642883e-01
8.345753051496410e-01
8.920716949207120e-01
9.413106688372925e-01
9.999933049787838e-01
9.999999998227309e-01
1.000000000000000e+00
1.000000000000000e+00
1.000000000000000e+00
1.000000000000000e+00
1.000000000000000e+00
1.000000000000000e+00
1.000000000000000e+00
###1.320000000000001e+01
2.289568196754188e-10
5.035545030134599e-11
1.387071366030024e-11
4.321398296017027e-11
5.231239720677059e-11
6.888213647410435e-11
7.624682934323833e-11
1.467426768450092e-10
1.283784509475268e-10
1.562347404053014e-10
1.903381184574112e-10
2.238433006121958e-10
2.543320768859190e-10
3.087885990671219e-10
3.643720565716875e-10
4.440530139387675e-10
5.579497030910945e-10
7.117366231682812e-10
9.179374546000017e-10
1.203851271819663e-09
1.585266807661328e-09
2.140533886252390e-09
2.894252917366778e-09
3.966360138336118e-09
5.485582159927078e-09
7.629330716694590e-09
1.064859369686443e-08
1.491271903679639e-08
2.101761672978230e-08
2.968797002328015e-08
4.198945445682008e-08
5.967345776507310e-08
8.488674966942715e-08
1.207296902658670e-07
1.722293673333227e-07
2.456404612888705e-07
3.506774943819766e-07
5.006204885006509e-07
7.147769564222930e-07
1.016743045151367e-06
1.452516648167594e-06
2.069737473854829e-06
2.946164033773029e-06
4.185238350929445e-06
5.950975656479908e-06
8.441600804059910e-06
1.195097216621385e-05
1.689314039093784e-05
2.381798313307673e-05
3.358500159285818e-05
4.725887900048923e-05
6.642438138435364e-05
9.291874259911090e-05
1.299843615642530e-04
1.809111721306366e-04
2.514322665714617e-04
3.485361586163497e-04
4.824633083333955e-04
6.658730098295993e-04
9.157920946262538e-04
1.256763851286994e-03
1.718333512440602e-03
2.343332529520278e-03
3.189593146638022e-03
4.309356708778414e-03
5.813202666004532e-03
7.802712481306279e-03
1.043473189265479e-02
1.388260513503967e-02
1.844676068541973e-02
2.435705369681151e-02
3.199278794389133e-02
4.177089966069238e-02
5.424102121966536e-02
6.998401387407711e-02
8.965124376714574e-02
1.139453209898848e-01
1.438381636125959e-01
1.799363238411088e-01
2.229017486276417e-01
2.734029794154831e-01
3.314293851840311e-01
3.966985931097266e-01
4.685288494490640e-01
5.449387998416905e-01
6.240083062622795e-01
7.020260097789121e-01
7.755802031665842e-01
8.414905935209213e-01
8.969700230760338e-01
9.441946051248051e-01
9.999933049787838e-01
9.999999998227309e-01
1.000000000000000e+00
1.000000000000000e+00
1.000000000000000e+00
1.000000000000000e+00
1.000000000000000e+00
1.000000000000000e+00
1.000000000000000e+00
###1.360000000000001e+01
2.430943273497848e-10
4.634114556586099e-11
1.678351020525648e-11
4.223617661657065e-11
5.664515499348050e-11
7.700891606667937e-11
7.103429092288796e-11
1.513655982392451e-10
1.322298996071721e-10
1.691665085458511e-10
2.023465063176557e-10
2.360209849996337e-10
2.712698679958752e-10
3.299720829804422e-10
3.939411758229266e-10
4.833013281335318e-10
6.101052859170773e-10
7.831268377726279e-10
1.017250388148346e-09
1.339844208618260e-09
1.776861491261791e-09
2.406735050586620e-09
3.269842414276595e-09
4.497049889480091e-09
6.237314992550105e-09
8.696357179756398e-09
1.217070835668047e-08
1.708501791515912e-08
2.410691840025217e-08
3.411903745718645e-08
4.831019862623780e-08
6.871309145856929e-08
9.777121085287753e-08
1.391396636510945e-07
1.984303079556258e-07
2.829474080916102e-07
4.037731499307353e-07
5.759911250365800e-07
8.216817847575342e-07
1.167619941926293e-06
1.666094154812411e-06
2.371178758831455e-06
3.370508471143614e-06
4.780866274779193e-06
6.786348432405058e-06
9.611199154603814e-06
1.358177046062750e-05
1.916567642859215e-05
2.697375447340014e-05
3.796609630530828e-05
5.331487399833638e-05
7.477473095064012e-05
1.044024381466661e-04
1.457394661682984e-04
2.024331736177217e-04
2.807285283336568e-04
3.883283954730813e-04
5.363298580377750e-04
7.385446073662218e-04
1.013521906651727e-03
1.387642355807266e-03
1.892828304276362e-03
2.575282344747054e-03
3.496859862177048e-03
4.712964886561224e-03
6.341487243396781e-03
8.490375360097996e-03
1.132460545125642e-02
1.502588024138069e-02
1.991089410420802e-02
2.621614204255146e-02
3.433475533627087e-02
4.469460593396989e-02
5.785745719042194e-02
7.441173266182109e-02
9.500731702045914e-02
1.203405588895216e-01
1.513695723360415e-01
1.886601689440742e-01
2.328220659483859e-01
2.844468916583657e-01
3.434133739213688e-01
4.093386267912636e-01
4.814282043542928e-01
5.575915733314392e-01
6.358666933711017e-01
7.125909217090648e-01
7.844265169152912e-01
8.483838423121776e-01
9.018430228819476e-01
9.470700669588219e-01
9.999933049787838e-01
9.999999998227309e-01
1.000000000000000e+00
1.000000000000000e+00
1.000000000000000e+00
1.000000000000000e+00
1.000000000000000e+00
1.000000000000000e+00
1.000000000000000e+00
###1.400000000000001e+01
2.434403141371675e-10
4.788943256655665e-11
1.732028919731701e-11
4.432807494056049e-11
5.674065543881719e-11
8.224854128424500e-11
7.699781237115847e-11
1.562601078354254e-10
1.415347374756322e-10
1.753119170095134e-10
2.144162385758485e-10
2.489052912957023e-10
2.887027883705204e-10
3.531569274522566e-10
4.262158908434229e-10
5.276012835448457e-10
6.696656030870162e-10
8.637574081311855e-10
1.129126083768266e-09
1.494196338838037e-09
1.996029479181720e-09
2.710590590118824e-09
3.698123851042468e-09
5.105342636365710e-09
7.103645278373751e-09
9.921276834693671e-09
1.391409759108704e-08
1.956998517676624e-08
2.765246455842306e-08
3.919211067269935e-08
5.553919036808971e-08
7.902882359654443e-08
1.124741615544109e-07
1.600876196825324e-07
2.282532777781839e-07
3.253382110944299e-07
4.640304955171765e-07
6.613254948634610e-07
9.425153613442656e-07
1.337924387602626e-06
1.906985715062189e-06
2.710195818814114e-06
3.846869361340625e-06
5.449708738007045e-06
7.721025896524177e-06
1.091610095777999e-05
1.539977795142022e-05
2.169232921699449e-05
3.047780526865004e-05
4.281783521494141e-05
6.000618143312023e-05
8.398631163693213e-05
1.170458710237719e-04
1.630460205452937e-04
2.260192301619098e-04
3.127697311763263e-04
4.317507772070628e-04
5.950031742996694e-04
8.175053964201769e-04
1.119458775707638e-03
1.529211712893978e-03
2.081119688230024e-03
2.824881402685915e-03
3.826714939051306e-03
5.145053850781771e-03
6.906071882959886e-03
9.223181561457927e-03
1.227063975239134e-02
1.623786660257904e-02
2.145888581224866e-02
2.817610910345546e-02
3.679592357528676e-02
4.775688420081298e-02
6.163521482955827e-02
7.902174267633559e-02
1.005672460750005e-01
1.269515440392986e-01
1.591265638388862e-01
1.976142107825734e-01
2.429554843699138e-01
2.956828452871878e-01
3.555543537382300e-01
4.221009093021685e-01
4.943988706430941e-01
5.702675130224821e-01
6.477151447411420e-01
7.231282578723076e-01
7.932329275629694e-01
8.552238345579856e-01
9.066794592845340e-01
9.499175338682280e-01
9.999933049787838e-01
9.999999998227309e-01
1.000000000000000e+00
1.000000000000000e+00
1.000000000000000e+00
1.000000000000000e+00
1.000000000000000e+00
1.000000000000000e+00
1.000000000000000e+00
###1.440000000000001e+01
2.401790358107733e-10
4.663194366448504e-11
1.345686029561194e-11
4.739106243767538e-11
5.479967179227203e-11
8.496679697763730e-11
7.793150233503571e-11
1.598589653482552e-10
1.477326237986365e-10
1.765691008753842e-10
2.238630504265256e-10
2.666413390057799e-10
3.085043167365787e-10
3.776134059578343e-10
4.623606856060654e-10
5.765572492139798e-10
7.357473367059322e-10
9.544798804500097e-10
1.255379931443322e-09
1.669040515382268e-09
2.243787160150190e-09
3.057225472600847e-09
4.187735745525549e-09
5.797902276229397e-09
8.087168800432813e-09
1.132079138633674e-08
1.591160607498370e-08
2.241627152584965e-08
3.170923666446662e-08
4.498851944779645e-08
6.379377861754565e-08
9.080431232896963e-08
1.292159606286776e-07
1.839160968239434e-07
2.621314888990295e-07
3.734839531792829e-07
5.321879130320719e-07
7.578563077510346e-07
1.079077308903594e-06
1.529850650562943e-06
2.177921212457821e-06
3.090861966902808e-06
4.380539678692211e-06
6.197671971726982e-06
8.765698208251238e-06
1.237021647429112e-05
1.742272296775840e-05
2.449800484086458e-05
3.435913229028105e-05
4.818025818990419e-05
6.738540359867296e-05
9.413121635696759e-05
1.309262799013958e-04
1.820242459716845e-04
2.518384955547806e-04
3.477650815308519e-04
4.790582545534351e-04
6.588075389588086e-04
9.031941053053461e-04
1.234113301198778e-03
1.682136212059905e-03
2.284171694669374e-03
3.093385417835234e-03
4.180597938798660e-03
5.607566929155251e-03
7.508665352321252e-03
1.000334650791105e-02
1.327539913904292e-02
1.752157891557257e-02
2.309406397466944e-02
3.024051010147269e-02
3.938193368519812e-02
5.096481732622343e-02
6.557736987229486e-02
8.381519464669196e-02
1.063276468513411e-01
1.337796076592694e-01
1.671119522271985e-01
2.067941939552354e-01
2.533069734168809e-01
3.071131964528435e-01
3.678625248989742e-01
4.349803581614081e-01
5.074391375318801e-01
5.829700133364312e-01
6.595528998241179e-01
7.336153230433601e-01
8.019716509632737e-01
8.620029685755001e-01
9.114638932234176e-01
9.527178232043424e-01
9.999933049787838e-01
9.999999998227309e-01
1.000000000000000e+00
1.000000000000000e+00
1.000000000000000e+00
1.000000000000000e+00
1.000000000000000e+00
1.000000000000000e+00
1.000000000000000e+00
###1.480000000000001e+01
2.591333508795613e-10
4.762597733066156e-11
2.350567366534500e-11
4.998114835436116e-11
5.608712219932226e-11
8.924552336601868e-11
8.719768833824671e-11
1.680341119166332e-10
1.546077209663986e-10
1.865087224200624e-10
2.362360869879916e-10
2.836028039814953e-10
3.292651655109881e-10
4.079691375712414e-10
5.024127635695189e-10
6.321979048717506e-10
8.107326415830424e-10
1.057359537561059e-09
1.398553222243950e-09
1.870561061354847e-09
2.525198992926993e-09
3.452601284300304e-09
4.747137461759923e-09
6.590326551478056e-09
9.214317013921135e-09
1.292119288347280e-08
1.819428796213708e-08
2.566607692541743e-08
3.632999869860089e-08
5.159804061110732e-08
7.320681319677843e-08
1.041867295735979e-07
1.482590151922481e-07
2.109724588387462e-07
3.005034144678723e-07
4.279040916107254e-07
6.092454964648830e-07
8.666958648498871e-07
1.232769791671348e-06
1.745595986213817e-06
2.481788519352938e-06
3.517274825835991e-06
4.977682520151374e-06
7.032466330161587e-06
9.928861434384827e-06
1.398848753329200e-05
1.966785223072235e-05
2.760738859072479e-05
3.865044569579069e-05
5.409960512462491e-05
7.551607647818964e-05
1.052841573940508e-04
1.461617262776529e-04
2.028180854353615e-04
2.800422710416907e-04
3.859261382578809e-04
5.305342403975969e-04
7.281056677573085e-04
9.960587788255856e-04
1.358133112352628e-03
1.847168907135940e-03
2.502756857562378e-03
3.381723560966428e-03
4.559909473989406e-03
6.102182850767473e-03
8.151179856740284e-03
1.083348719944964e-02
1.434149235292046e-02
1.887982940995584e-02
2.481905320091049e-02
3.241296178256569e-02
4.209466695405029e-02
5.432192253495834e-02
6.968949968044287e-02
8.879884757798318e-02
1.122971789364090e-01
1.408305296797870e-01
1.753234649180033e-01
2.162028768738414e-01
2.638774607636720e-01
3.187370864604432e-01
3.803243919136527e-01
4.479684998071983e-01
5.205360421097835e-01
5.956838637599920e-01
6.713610213404254e-01
7.440263274636439e-01
8.106353163727945e-01
8.686966738440800e-01
9.161829990351238e-01
9.554659573912603e-01
9.999933049787838e-01
9.999999998227309e-01
1.000000000000000e+00
1.000000000000000e+00
1.000000000000000e+00
1.000000000000000e+00
1.000000000000000e+00
1.000000000000000e+00
1.000000000000000e+00
###1.520000000000001e+01
2.619805523084006e-10
4.978698286371509e-11
2.462522005312141e-11
5.209447826833364e-11
4.467774047579117e-11
9.066068094807203e-11
9.210082349663689e-11
1.648996953047565e-10
1.637927612610756e-10
1.970327394968437e-10
2.565338327592567e-10
2.996607755461723e-10
3.658940541205199e-10
4.417222340001722e-10
5.470321826027801e-10
6.933942004056823e-10
8.939264992751153e-10
1.169993759183149e-09
1.560349951322630e-09
2.096652122430598e-09
2.844386211714895e-09
3.902710376311273e-09
5.384319161954525e-09
7.495543523501197e-09
1.049818345290127e-08
1.474978055330299e-08
2.079666530664557e-08
2.937634947490672e-08
4.161611046308756e-08
5.912205103521740e-08
8.391411458169844e-08
1.194065458362319e-07
1.698617896446370e-07
2.416298164397658e-07
3.439484686818103e-07
4.893834550795320e-07
6.960618845149935e-07
9.892515134317502e-07
1.405565957297740e-06
1.987820169452572e-06
2.822227281835953e-06
3.994020750239212e-06
5.644121835077002e-06
7.962682175325540e-06
1.122301832586726e-05
1.578529969352308e-05
2.215694589954569e-05
3.104792472503099e-05
4.339066467318626e-05
6.062602028809766e-05
8.446235445571755e-05
1.175267142786241e-04
1.628524900524190e-04
2.255513855556288e-04
3.108168929770135e-04
4.274910197736815e-04
5.864980793448864e-04
8.032411737190576e-04
1.096589718341989e-03
1.492111359766791e-03
2.024953005827148e-03
2.737803545663952e-03
3.691078580505907e-03
4.965884004962433e-03
6.630413595195036e-03
8.835475186756918e-03
1.171559554425164e-02
1.547124730664354e-02
2.031608632876847e-02
2.663826847823539e-02
3.469735086955315e-02
4.493839496803512e-02
5.782968346636094e-02
7.397393239869465e-02
9.397920335663562e-02
1.184773579823162e-01
1.481058711911638e-01
1.837704174413649e-01
2.258402817164683e-01
2.746653333473832e-01
3.305489815550932e-01
3.929407462949747e-01
4.610601831554362e-01
5.336772148527040e-01
6.083951105598916e-01
6.831195213649335e-01
7.543660916064601e-01
8.191980505729872e-01
8.752964932503189e-01
9.208185070884330e-01
9.581588107120610e-01
9.999933049787838e-01
9.999999998227309e-01
1.000000000000000e+00
1.000000000000000e+00
1.000000000000000e+00
1.000000000000000e+00
1.000000000000000e+00
1.000000000000000e+00
1.000000000000000e+00
###1.560000000000001e+01
2.717415380846921e-10
5.274439757474129e-11
2.506917700651972e-11
5.461185932713074e-11
4.421766278550102e-11
9.638175839894257e-11
9.761110169179121e-11
1.722403005724761e-10
1.731101392357136e-10
2.072154250486303e-10
2.680637241650934e-10
3.193169109175771e-10
3.962156036587215e-10
4.776011143794108e-10
5.981391056949502e-10
7.618403174180697e-10
9.885133375720989e-10
1.301573635123363e-09
1.747100410093174e-09
2.351592277264283e-09
3.207526705421992e-09
4.415851838578480e-09
6.111106593401616e-09
8.527704720212293e-09
1.196379480190927e-08
1.683325998875436e-08
2.376491060918676e-08
3.360008258127485e-08
4.762913119993163e-08
6.767569605465550e-08
9.605730538125231e-08
1.366666332664161e-07
1.943390504971331e-07
2.763262535838941e-07
3.930458968170082e-07
5.587562429230783e-07
7.938682718993316e-07
1.127007710274368e-06
1.599518866611886e-06
2.259149788814872e-06
3.203237594141945e-06
4.526299109250655e-06
6.386962708429472e-06
8.997394385071813e-06
1.265997089626910e-05
1.777650524996053e-05
2.491061342825258e-05
3.484596233270211e-05
4.861816891702756e-05
6.780533736211306e-05
9.428613549753177e-05
1.309344281824096e-04
1.811151384387610e-04
2.503730111306606e-04
3.443741564304026e-04
4.726938439239423e-04
6.472462901571127e-04
8.846474842247524e-04
1.205256495225229e-03
1.636573806628937e-03
2.216377881308984e-03
2.990262712158820e-03
4.022695360395451e-03
5.399956480713386e-03
7.193736662855449e-03
9.563988778088563e-03
1.265200184936127e-02
1.666803735760521e-02
2.183390493122935e-02
2.855509365806747e-02
3.709788403565438e-02
4.791865211029914e-02
6.149289467287511e-02
7.843898647586346e-02
9.935465637047697e-02
1.248732610210237e-01
1.556086797314709e-01
1.924475320999531e-01
2.357082896190129e-01
2.856605798808280e-01
3.425418012072605e-01
4.056991728485791e-01
4.742440503554514e-01
5.468608957493555e-01
6.210857921485778e-01
6.948087146869371e-01
7.646078762778427e-01
8.276452127498513e-01
8.817839842288149e-01
9.253546789871863e-01
9.607850125436666e-01
9.999933049787838e-01
9.999999998227309e-01
1.000000000000000e+00
1.000000000000000e+00
1.000000000000000e+00
1.000000000000000e+00
1.000000000000000e+00
1.000000000000000e+00
1.000000000000000e+00
