# NLO BK equation solver 0.0-dev build  (build Oct 13 2025 12:18:44)
# Initial condition: MV model, Q_s0^2 = 0.0965015 GeV^2, \gamma = 2.45692, coefficient of E inside Log is 1, x0=0.01, \Lambda_QCD = 0.241 GeV
# # LO Kernel RC:  Parent dipole. NLO Kernel RC:  Parent dipole
# Nc=3, Nf=4
# Using RungeKutta method in K1
# Resumming double log
# Resumming single log, K_sub=0.65 resum rc: parent
# BK K1 integration relative accuracy: 0.02# NLO BK as^2 terms: MC integration method: Vegas, points=1000000
# Kinematical constraint: none
# Target kinematical constraint: disabled

###1.000000000000000e-05
###1.160836920850890e+00
###100
###1.000000000000000e+00
###0.000000000000000e+00
2.789790447531433e-27
5.738671321792813e-27
1.180299003092121e-26
2.427237355706703e-26
4.990804071033398e-26
1.026042512083164e-25
2.109090381259828e-25
4.334693650354966e-25
8.907448740048424e-25
1.830114299154679e-24
3.759510019615687e-24
7.721657736123318e-24
1.585674935411393e-23
3.255667575915758e-23
6.683225420368973e-23
1.371671530156411e-22
2.814685035016250e-22
5.774611302107009e-22
1.184476608667572e-21
2.429060877055362e-21
4.980303088430842e-21
1.020882541290912e-20
2.092162659001078e-20
4.286587431796184e-20
8.780540633786629e-20
1.798128683892562e-19
3.681346297781662e-19
7.534861075085196e-19
1.541780685664836e-18
3.153876176567160e-18
6.449663733770729e-18
1.318546340723970e-17
2.694727679343160e-17
5.505421270328701e-17
1.124390555803901e-16
2.295563349977134e-16
4.684907815769237e-16
9.557546081951245e-16
1.949031787411911e-15
3.972938670566222e-15
8.095023311050067e-15
1.648656419234864e-14
3.356140487256538e-14
6.828726449326781e-14
1.388737493463598e-13
2.822749002866036e-13
5.734378342345363e-13
1.164266061006937e-12
2.362431809923136e-12
4.790670559624935e-12
9.708488920084990e-12
1.966133983976495e-11
3.978946247406684e-11
8.046433690440077e-11
1.625944517100767e-10
3.282926260996654e-10
6.623013470324139e-10
1.334981215829441e-09
2.688472977070855e-09
5.409206007344648e-09
1.087290579813514e-08
2.183382812232731e-08
4.380015175451101e-08
8.777565042035834e-08
1.757191239891410e-07
3.514047838044077e-07
7.020067402606865e-07
1.400961853992699e-06
2.793028685273019e-06
5.562992974318672e-06
1.107010432288558e-05
2.201129057832762e-05
4.373571289506550e-05
8.685235520078383e-05
1.724046660602774e-04
3.421472737662468e-04
6.789700835863055e-04
1.347505483663580e-03
2.674816146031711e-03
5.310264474364224e-03
1.053980735718807e-02
2.089268352973206e-02
4.126502258940956e-02
8.080757380977632e-02
1.553365702639298e-01
2.874942867183926e-01
4.944840070654446e-01
7.474487547426261e-01
9.381305371587637e-01
9.964487637577998e-01
9.999894531110222e-01
9.999999999266005e-01
1.000000000000000e+00
1.000000000000000e+00
1.000000000000000e+00
1.000000000000000e+00
1.000000000000000e+00
1.000000000000000e+00
1.000000000000000e+00
1.000000000000000e+00
###4.000000000000000e-01
-6.190268796987605e-12
-4.118046246029148e-12
1.868422103345392e-11
-5.133892585572917e-12
7.590827922728389e-13
-7.679560698976541e-12
1.349991326197282e-12
5.295053671256533e-13
-1.063350921896614e-11
3.475123689314417e-13
2.023540310113684e-12
5.739647859028402e-12
1.029622821826457e-12
4.115209809646730e-12
2.153174337587845e-12
1.636526306156372e-12
-4.935797930642736e-13
2.664661818185794e-12
-9.397971372561991e-12
4.472841728259264e-12
6.616357089938809e-13
9.374195700614855e-12
1.448315260742194e-11
2.175287355729839e-11
2.917415860424873e-11
3.644384208175978e-11
5.276881634042408e-11
6.947371942924478e-11
8.609414326616325e-11
1.203090661864667e-10
1.560529181132674e-10
2.123408716049521e-10
2.821389423002295e-10
3.812809144618902e-10
5.043473770212222e-10
6.646051948190376e-10
8.859402166738080e-10
1.160532233647629e-09
1.523410868012656e-09
2.009249606932896e-09
2.604779272702272e-09
3.424062342704257e-09
4.476989733296396e-09
5.850534492963770e-09
7.566467087662475e-09
9.888132278122687e-09
1.282574031668566e-08
1.672936186315091e-08
2.173435252104011e-08
2.829660878026274e-08
3.754779210052047e-08
5.006306603968877e-08
6.744350729187271e-08
9.219668601153819e-08
1.279042731244843e-07
1.799761989345398e-07
2.570716259152199e-07
3.749382373198262e-07
5.525881419852123e-07
8.293774782447218e-07
1.255690210988368e-06
1.909592998913069e-06
2.942558450808154e-06
4.559126777306537e-06
7.086781008122961e-06
1.098927000375313e-05
1.716092891500599e-05
2.680270711798162e-05
4.201896585857874e-05
6.618215144383504e-05
1.042270058035824e-04
1.647164460360649e-04
2.622960983109878e-04
4.214408440370002e-04
6.828070167658507e-04
1.119321770764600e-03
1.858331248386295e-03
3.133190822767429e-03
5.356876450932095e-03
9.323638391435386e-03
1.645850532805105e-02
2.943073259147516e-02
5.314978002836493e-02
9.624394347831364e-02
1.728929557465777e-01
3.022526198968326e-01
4.966501755467387e-01
7.286786301948445e-01
9.080483144997051e-01
9.768337953381928e-01
9.931121590252964e-01
9.999999999266005e-01
1.000000000000000e+00
1.000000000000000e+00
1.000000000000000e+00
1.000000000000000e+00
1.000000000000000e+00
1.000000000000000e+00
1.000000000000000e+00
1.000000000000000e+00
###8.000000000000000e-01
-2.493335159561479e-12
8.008528056663982e-12
1.439741322058414e-10
-1.449343239984429e-11
-6.258073882572053e-12
-5.089516966529459e-12
1.386876638103996e-12
3.908849093336141e-12
-1.341220334605875e-11
2.466620104913750e-12
2.780603686324142e-12
4.775143097006440e-12
3.872286037832180e-12
-3.895893471147776e-12
1.210296742190615e-11
4.536763115084300e-12
3.516930096476664e-12
8.099862255819016e-12
1.612268532165711e-12
1.561847574346254e-11
1.356509173365810e-11
2.300465072787345e-11
3.591203834041458e-11
4.626219896489643e-11
6.782831560313261e-11
6.966679293516213e-11
1.063962264699713e-10
1.402137950628605e-10
1.825041849197500e-10
2.472052654910973e-10
3.291659861562247e-10
4.400981924101131e-10
5.852886577177424e-10
7.821455465063631e-10
1.031877979736937e-09
1.366821885306208e-09
1.807017832594418e-09
2.380481054317492e-09
3.116469558045490e-09
4.108484715102176e-09
5.372825546718454e-09
6.997343840061926e-09
9.201523887203214e-09
1.206945887899197e-08
1.558606049399877e-08
2.051733503321236e-08
2.665518256304641e-08
3.517108837594187e-08
4.621526160158927e-08
6.110425280346152e-08
8.217081697929363e-08
1.108445193474317e-07
1.519392813266072e-07
2.108835513672333e-07
2.973432074522843e-07
4.242331645940874e-07
6.135778505876881e-07
9.019847183387972e-07
1.338986688380284e-06
2.007333085038143e-06
3.034630791335124e-06
4.580992882728293e-06
7.040584701991081e-06
1.077441268761977e-05
1.657812208033597e-05
2.539966510579110e-05
3.913686118089894e-05
6.016631467589863e-05
9.275612070514177e-05
1.432107033398920e-04
2.205306910283293e-04
3.401581907900699e-04
5.261175766531043e-04
8.177035923884829e-04
1.277854064312656e-03
2.006574348339038e-03
3.182186226518771e-03
5.093476787639436e-03
8.253069737421645e-03
1.355769922578027e-02
2.256548008044958e-02
3.804008422314177e-02
6.482890009854789e-02
1.110507338766119e-01
1.893378256982051e-01
3.158486022798689e-01
4.990038826198436e-01
7.131156051315249e-01
8.825936535979330e-01
9.590808073326851e-01
9.857836060031804e-01
9.999999999266005e-01
1.000000000000000e+00
1.000000000000000e+00
1.000000000000000e+00
1.000000000000000e+00
1.000000000000000e+00
1.000000000000000e+00
1.000000000000000e+00
1.000000000000000e+00
###1.200000000000000e+00
-7.688637682170326e-12
1.014608735682235e-11
1.420825536445707e-10
-1.229198629383232e-11
4.641127408369082e-12
5.385379149069069e-12
1.096177426948842e-11
8.499007380477947e-12
-8.019334613131927e-12
6.585501053076000e-12
7.622588671159393e-12
9.862015715681898e-12
5.838973845743735e-12
-2.333657434201479e-12
1.947723564660144e-11
9.425221798685706e-12
1.205862694744762e-11
1.825245817570455e-11
1.302914828901978e-11
2.726486972047440e-11
2.344888405765656e-11
4.067140759725477e-11
5.771608192282339e-11
7.255107753816128e-11
1.024697782974002e-10
1.124977041241906e-10
1.653400586943431e-10
2.175943609439995e-10
2.890753812163988e-10
3.863117035915842e-10
5.123060620697634e-10
6.829804199201163e-10
9.098470153777656e-10
1.213992635833093e-09
1.590819621771542e-09
2.109156476701034e-09
2.784136823302671e-09
3.655760470581654e-09
4.820032757631741e-09
6.313067443250008e-09
8.249279921426709e-09
1.080662776801829e-08
1.418170330339337e-08
1.870184154831704e-08
2.428046942834448e-08
3.223321523957948e-08
4.205335757506506e-08
5.615645590133839e-08
7.449265196040975e-08
1.002269595781142e-07
1.361348727305436e-07
1.860634263008133e-07
2.589826555750533e-07
3.649750252223676e-07
5.210967260544326e-07
7.494076554159093e-07
1.094318415688712e-06
1.617601060639837e-06
2.404628081664768e-06
3.604918674799572e-06
5.437524726688736e-06
8.184698256396752e-06
1.251901701812846e-05
1.902391787294699e-05
2.899592461484271e-05
4.406033367476879e-05
6.727633477494488e-05
1.022835628840077e-04
1.559192489226398e-04
2.376314139495023e-04
3.608892259659394e-04
5.501204710590823e-04
8.403308276019065e-04
1.278094737225176e-03
1.958023217199612e-03
3.005619677163773e-03
4.648702772083688e-03
7.232227938983677e-03
1.134920154910396e-02
1.799954399400779e-02
2.884293545575111e-02
4.670636456580794e-02
7.630099656966820e-02
1.253008321788725e-01
2.048303842894303e-01
3.284772217638641e-01
5.016103303909026e-01
7.003722248473823e-01
8.611045300083365e-01
9.431438195744686e-01
9.783598279340419e-01
9.999999999266005e-01
1.000000000000000e+00
1.000000000000000e+00
1.000000000000000e+00
1.000000000000000e+00
1.000000000000000e+00
1.000000000000000e+00
1.000000000000000e+00
1.000000000000000e+00
###1.600000000000000e+00
-1.736565523557785e-12
2.416199676282036e-11
1.358228866397325e-10
-4.765446117477125e-12
-1.215824693540043e-11
8.556382651796148e-12
2.272757029215070e-11
1.378106366124840e-11
-1.399057122113099e-12
1.044751678743696e-11
1.325137219557377e-11
1.237330872648560e-11
1.102853270106427e-11
-1.035482792392727e-12
2.213254101512585e-11
1.397889972633648e-11
1.595466982514691e-11
2.532381543946416e-11
1.950322707869123e-11
4.311367184558381e-11
3.946487523567328e-11
6.122090169919122e-11
9.209774809325634e-11
9.989452155590731e-11
1.345634305496014e-10
1.611599916811587e-10
2.294897567457917e-10
3.000466003441815e-10
3.980945716920168e-10
5.349734808683527e-10
7.101317023548819e-10
9.435061758866344e-10
1.257648667873928e-09
1.670536847234584e-09
2.186361203563145e-09
2.900268798614349e-09
3.816367149546211e-09
5.016665585597302e-09
6.619116851678677e-09
8.667158669371227e-09
1.133793246324793e-08
1.493179359642081e-08
1.965013208170545e-08
2.589827766553253e-08
3.396915341721588e-08
4.533041097717865e-08
5.961484564663116e-08
8.079973876890738e-08
1.081035683496477e-07
1.473142610759334e-07
2.025523485392234e-07
2.808511227378671e-07
3.952411479612292e-07
5.623176391313236e-07
8.106077789144121e-07
1.176634638839954e-06
1.728957679437100e-06
2.563543288691406e-06
3.808968187210271e-06
5.703882296261838e-06
8.579834172767679e-06
1.289699584844641e-05
1.953625985022973e-05
2.956874945356668e-05
4.472828631852474e-05
6.755669160008004e-05
1.022109271794848e-04
1.540456932433474e-04
2.326088429969064e-04
3.509441909515922e-04
5.284209595394802e-04
7.963900003077560e-04
1.200051067813452e-03
1.804409476257362e-03
2.725543362937843e-03
4.116829156213776e-03
6.257195551096888e-03
9.541620934801182e-03
1.463890435037871e-02
2.263900801789931e-02
3.528266227680874e-02
5.542036814969523e-02
8.761053373522459e-02
1.390549955128895e-01
2.195230949034767e-01
3.403394726495623e-01
5.045417474690075e-01
6.900410193824117e-01
8.430201405323864e-01
9.289094161554101e-01
9.711035842062100e-01
9.999999999266005e-01
1.000000000000000e+00
1.000000000000000e+00
1.000000000000000e+00
1.000000000000000e+00
1.000000000000000e+00
1.000000000000000e+00
1.000000000000000e+00
1.000000000000000e+00
###2.000000000000000e+00
2.544932917505753e-11
4.095043280200333e-11
1.346664698889460e-10
-7.307973939162375e-12
-1.120150641455483e-11
8.857719088625448e-12
3.641054550893822e-11
1.515461280093564e-11
7.751153042562844e-12
1.524902190422541e-11
2.772207554519775e-11
1.448971068542102e-11
2.484160427035545e-11
6.561414577897851e-12
3.154063829913867e-11
1.314057620966041e-11
2.133145979148902e-11
3.231507981914122e-11
3.238320154130857e-11
5.492673605804197e-11
5.317811795016102e-11
8.062704202251486e-11
1.141267422630598e-10
1.359675286681772e-10
1.738747082389842e-10
2.133699009584287e-10
2.982067283145903e-10
3.906456098369228e-10
5.198195113635405e-10
6.932451252423098e-10
9.197110479897246e-10
1.220220448023908e-09
1.627177997364920e-09
2.161090223353289e-09
2.814424046810961e-09
3.743147089589386e-09
4.913270851978963e-09
6.464929055410600e-09
8.548102799067502e-09
1.119939443553395e-08
1.469487642343184e-08
1.941701374136401e-08
2.568531614047632e-08
3.398608925699189e-08
4.501111396508233e-08
6.037093328146374e-08
8.003813000702504e-08
1.098482549094188e-07
1.486482395468680e-07
2.049782783706773e-07
2.846318093017035e-07
3.997067706510851e-07
5.677433097195255e-07
8.157718812784925e-07
1.182893765514437e-06
1.729134625250152e-06
2.548266875463768e-06
3.782142684125497e-06
5.608447752986485e-06
8.385628991651244e-06
1.258717573727491e-05
1.884420197354007e-05
2.838468690793816e-05
4.270441112722845e-05
6.420149607947384e-05
9.634008315570598e-05
1.446445573063507e-04
2.165075671797736e-04
3.239622838582687e-04
4.847650747044612e-04
7.240369408341207e-04
1.080747348488831e-03
1.611025061541073e-03
2.398693883804805e-03
3.582197186809539e-03
5.341748204708735e-03
8.008776690262842e-03
1.201977782791689e-02
1.811707461312401e-02
2.746438727397439e-02
4.189398217010908e-02
6.418062941032772e-02
9.877654464680419e-02
1.523824185016856e-01
2.335462638761813e-01
3.516186055250035e-01
5.078237266353659e-01
6.818040947097606e-01
8.278785140298723e-01
9.163161906198911e-01
9.641917324607606e-01
9.999999999266005e-01
1.000000000000000e+00
1.000000000000000e+00
1.000000000000000e+00
1.000000000000000e+00
1.000000000000000e+00
1.000000000000000e+00
1.000000000000000e+00
1.000000000000000e+00
###2.400000000000000e+00
8.208187800393926e-12
7.933603516110092e-11
1.551553725041397e-10
7.394772746971364e-13
-1.785914851668303e-11
8.542942347851928e-12
3.934360426439497e-11
1.782829879500664e-11
1.049475142227058e-11
2.775631338553400e-11
2.708844084843926e-11
1.843460088057212e-11
2.726973404941674e-11
1.621090929523097e-11
3.704273553279086e-11
2.618440898291174e-11
2.663991193204601e-11
3.860205068366352e-11
3.683668184749245e-11
7.161827493111292e-11
7.166142742740118e-11
9.938492464842303e-11
1.374122109159714e-10
1.695363491569548e-10
2.167117037747365e-10
2.739484028528821e-10
3.727255082726541e-10
4.886740723247498e-10
6.503000817163777e-10
8.681532939635393e-10
1.144206910265660e-09
1.512839644922290e-09
2.017958307248572e-09
2.675052914970724e-09
3.485543736573693e-09
4.639028247564219e-09
6.095848907056207e-09
8.024646017412945e-09
1.064892753413188e-08
1.396103149461936e-08
1.840100013975149e-08
2.441223809396917e-08
3.250467660747849e-08
4.328484789968400e-08
5.781782359398771e-08
7.814113659089666e-08
1.049011190331273e-07
1.447029338053134e-07
1.980612200358694e-07
2.759656684407766e-07
3.871757089784030e-07
5.486441258396998e-07
7.864002506992503e-07
1.137962831861729e-06
1.656484574881974e-06
2.429099184008101e-06
3.585775843290284e-06
5.322981405027075e-06
7.874744179240525e-06
1.175156849557618e-05
1.757799282982103e-05
2.620342318576742e-05
3.926218857227301e-05
5.875866081314859e-05
8.781821160478317e-05
1.309502584654876e-04
1.952572574062907e-04
2.903991493805608e-04
4.310460630328200e-04
6.403192886834498e-04
9.494798830059453e-04
1.405098247745078e-03
2.075419669083802e-03
3.062952724414824e-03
4.529815214286442e-03
6.681769660815153e-03
9.902255971681942e-03
1.466505768578881e-02
2.178097510558175e-02
3.247210635480646e-02
4.865130047281330e-02
7.299252128176562e-02
1.098318736753404e-01
1.653341978204830e-01
2.469896618163337e-01
3.624302383062951e-01
5.114825890172510e-01
6.754328363675242e-01
8.152457839585534e-01
9.052737578253608e-01
9.577378168006374e-01
9.999999999266005e-01
1.000000000000000e+00
1.000000000000000e+00
1.000000000000000e+00
1.000000000000000e+00
1.000000000000000e+00
1.000000000000000e+00
1.000000000000000e+00
1.000000000000000e+00
###2.800000000000000e+00
1.183044875497927e-11
7.695405499494055e-11
2.066772580805641e-10
7.438047315550916e-12
-1.770515347407512e-11
1.271340934620271e-11
4.131297173195680e-11
2.867770918440695e-11
1.885962273812239e-11
3.062321032371933e-11
2.718842787338671e-11
2.542254510057445e-11
3.178439665474665e-11
2.083031481106341e-11
4.894274802285334e-11
2.260946123087345e-11
3.374573876400131e-11
4.102876497001150e-11
4.841273858936040e-11
7.643596461195170e-11
9.001812722404524e-11
1.163630167557692e-10
1.649905703577500e-10
2.087148694454264e-10
2.629122712766797e-10
3.313528976079975e-10
4.517360117150796e-10
5.919299334594122e-10
7.890613486146096e-10
1.049318268623923e-09
1.382983412882826e-09
1.828768807989448e-09
2.426924529806884e-09
3.224130317132227e-09
4.207097209603329e-09
5.615429465725224e-09
7.380892339505667e-09
9.728233333345850e-09
1.295373171912171e-08
1.702285118440324e-08
2.255782469215970e-08
3.007977613058408e-08
4.029045420111823e-08
5.399692418635048e-08
7.282465132875334e-08
9.917258401789423e-08
1.348574528533228e-07
1.872311897566886e-07
2.585911583918984e-07
3.635192488808572e-07
5.146881094699543e-07
7.343190175166729e-07
1.060099671542913e-06
1.540620293707150e-06
2.251498459642450e-06
3.304817663136592e-06
4.867477160015644e-06
7.240111571645144e-06
1.068970084878885e-05
1.590001620398176e-05
2.369461019541389e-05
3.517333252799065e-05
5.242593803137252e-05
7.807652441413252e-05
1.160116804382685e-04
1.719652726223671e-04
2.547310645323027e-04
3.764693905240017e-04
5.551692805600660e-04
8.190241982406096e-04
1.206091649448972e-03
1.771547549330975e-03
2.595514365808378e-03
3.799854890644407e-03
5.570239000361923e-03
8.138632751154420e-03
1.193732225279100e-02
1.747597945221598e-02
2.562610018310112e-02
3.766507029093537e-02
5.554698244156571e-02
8.185226523077470e-02
1.207804053726626e-01
1.779705738557958e-01
2.599499985637673e-01
3.728953436176664e-01
5.155472710327512e-01
6.706942790569300e-01
8.048707503753721e-01
8.956782904768505e-01
9.518346558903041e-01
9.999999999266005e-01
1.000000000000000e+00
1.000000000000000e+00
1.000000000000000e+00
1.000000000000000e+00
1.000000000000000e+00
1.000000000000000e+00
1.000000000000000e+00
1.000000000000000e+00
###3.200000000000000e+00
1.812379070439254e-11
7.948241489814129e-11
2.070794609875933e-10
1.369321257535824e-11
-7.853079568516221e-12
1.430089013355822e-11
4.131944243584610e-11
7.311968993792810e-11
5.207535024346285e-12
3.523654658927772e-11
-7.899675184100885e-11
2.775040640609179e-11
3.719699345635725e-11
3.223422008377567e-11
5.223289976251065e-11
2.891456348118113e-11
4.535625305439977e-11
4.690538642141511e-11
5.786213153407126e-11
8.952088488481061e-11
1.087859435726133e-10
1.469071242765083e-10
1.940531454363421e-10
2.457394610076059e-10
3.111135705877813e-10
3.987733196849373e-10
5.371749585354601e-10
7.027953908932991e-10
9.370465089981622e-10
1.244788912659399e-09
1.639676266354892e-09
2.167813734735559e-09
2.882690959750091e-09
3.821706565905290e-09
4.992808201348288e-09
6.680222619952624e-09
8.792575183939603e-09
1.160812534608821e-08
1.551671026347433e-08
2.047743516923815e-08
2.729069351325068e-08
3.659736768698044e-08
4.934310727548245e-08
6.661071301716101e-08
9.059008175726574e-08
1.243594846400160e-07
1.708911691364727e-07
2.389786812661423e-07
3.330402686258352e-07
4.710505672824641e-07
6.725158411861946e-07
9.653819654710761e-07
1.399205278360307e-06
2.041183121530510e-06
2.987072164171134e-06
4.386805813367423e-06
6.455222082516642e-06
9.592962942493383e-06
1.412597570131277e-05
2.093917709004973e-05
3.108973844016778e-05
4.595171353492864e-05
6.815412999870249e-05
1.010006726793498e-04
1.491719484533924e-04
2.199889612476433e-04
3.237640372931578e-04
4.759729563289973e-04
6.973569650439009e-04
1.022538528327231e-03
1.495941748737566e-03
2.181699105329122e-03
3.174155384542524e-03
4.611616252785706e-03
6.705849220171600e-03
9.718935368477045e-03
1.411510160736767e-02
2.045147537687266e-02
2.964881576865930e-02
4.303356262819975e-02
6.257917450742674e-02
9.076525363083277e-02
1.316398998036587e-01
1.903403571071741e-01
2.725174021974999e-01
3.831040084534001e-01
5.199997697167145e-01
6.674100703187933e-01
7.964671581835338e-01
8.874337241152851e-01
9.465328435950743e-01
9.999999999266005e-01
1.000000000000000e+00
1.000000000000000e+00
1.000000000000000e+00
1.000000000000000e+00
1.000000000000000e+00
1.000000000000000e+00
1.000000000000000e+00
1.000000000000000e+00
###3.600000000000000e+00
2.547822176698337e-11
6.467055414866977e-11
1.897125366968806e-10
4.126967435162038e-12
3.613059875655194e-11
3.050387880655896e-11
4.296013300558639e-11
5.285927620362588e-11
1.013813264678688e-11
4.001413766090620e-11
-6.941666008840220e-11
4.898597847160788e-11
4.503621790435985e-11
4.221859806397856e-11
6.174325014298572e-11
4.102953620063865e-11
5.093535754529299e-11
5.966831596384423e-11
7.351003126730861e-11
1.081569378237288e-10
1.292452775530561e-10
1.855270134059617e-10
2.290137501309730e-10
2.896411720955652e-10
3.687121642871754e-10
4.731984262784201e-10
6.349095025504725e-10
8.246197235400207e-10
1.100965876987613e-09
1.457308528623234e-09
1.918411776111909e-09
2.539573729273556e-09
3.375277536130615e-09
4.473266034039535e-09
5.861838421143164e-09
7.851958761171057e-09
1.035568372571258e-08
1.371503398678263e-08
1.839833805343659e-08
2.442923435531470e-08
3.272036871726110e-08
4.411847582234305e-08
5.988958875926026e-08
8.146443521454884e-08
1.117604724037825e-07
1.546080534898578e-07
2.145178862521805e-07
3.018660516428235e-07
4.245484498185680e-07
6.033756187375187e-07
8.664079656842441e-07
1.249723760058084e-06
1.816184275654392e-06
2.654642910282274e-06
3.886989071763609e-06
5.706831915932416e-06
8.400263393863402e-06
1.243724156344945e-05
1.827329454198062e-05
2.698429403404201e-05
3.991882407662555e-05
5.873568313856546e-05
8.673840944411763e-05
1.279023561422901e-04
1.878700660277525e-04
2.757049610681452e-04
4.032793002861622e-04
5.897647838218925e-04
8.590625404621820e-04
1.252262709611424e-03
1.821050223075808e-03
2.638154490062789e-03
3.813093400586986e-03
5.500941245821235e-03
7.939018323895064e-03
1.141948737474672e-02
1.643686494869775e-02
2.359114119643449e-02
3.384955290910286e-02
4.857118717459152e-02
6.974612962525355e-02
9.973944936890926e-02
1.424227824542265e-01
2.024805774446967e-01
2.847665986841887e-01
3.931411793146731e-01
5.248533986645183e-01
6.654255628583799e-01
7.897719021480071e-01
8.804566313096064e-01
9.418235167758435e-01
9.999999999266005e-01
1.000000000000000e+00
1.000000000000000e+00
1.000000000000000e+00
1.000000000000000e+00
1.000000000000000e+00
1.000000000000000e+00
1.000000000000000e+00
1.000000000000000e+00
###4.000000000000000e+00
2.842752596596484e-11
6.395357778760709e-11
2.263042947613431e-10
1.297328572758675e-11
3.320209463884113e-11
1.550972986580532e-11
3.452647001589690e-11
5.366569465003525e-11
2.845267681085123e-11
3.560209740062603e-11
-6.556394643928081e-11
5.203958489352274e-11
5.154024438631516e-11
4.770336217663370e-11
6.775951431540979e-11
5.266570958986969e-11
6.227004551883556e-11
7.262652291386929e-11
9.135318938422925e-11
1.219905389955393e-10
1.493587308051355e-10
2.137223334660111e-10
2.647551797134803e-10
3.326245171459483e-10
4.251787056278051e-10
5.500398867547517e-10
7.342307809497084e-10
9.568960104846173e-10
1.274955657691992e-09
1.686310332115211e-09
2.218567897581264e-09
2.941143778763366e-09
3.910941755392510e-09
5.185900971324226e-09
6.814999116686743e-09
9.144836862857208e-09
1.210364221080009e-08
1.608179230104737e-08
2.168058650998373e-08
2.895047123649961e-08
3.903015571324428e-08
5.300574562642570e-08
7.233256546729646e-08
9.919782109894891e-08
1.371775609048310e-07
1.911085892213281e-07
2.672917421872737e-07
3.784296772696846e-07
5.362288322573300e-07
7.647444815305088e-07
1.102962028201067e-06
1.596670395164077e-06
2.323898102588254e-06
3.416887247908832e-06
4.974625268153816e-06
7.302348245803916e-06
1.073798715517375e-05
1.583601644290805e-05
2.321889486087341e-05
3.416499600391563e-05
5.035759197522156e-05
7.377075220390126e-05
1.084774649347411e-04
1.592043084929304e-04
2.326303857075194e-04
3.397321686438225e-04
4.941849189255669e-04
7.190858689737396e-04
1.041544147357672e-03
1.509889293854941e-03
2.183092101275132e-03
3.143004495550957e-03
4.514883082674003e-03
6.472590962882492e-03
9.272799587366799e-03
1.324185119289014e-02
1.889659841358206e-02
2.689359975135894e-02
3.822559606562517e-02
5.427823625308047e-02
7.704858744927423e-02
1.087758583074583e-01
1.531637662608921e-01
2.144479094274412e-01
2.967644063329778e-01
4.030559317687662e-01
5.301072563752328e-01
6.645849490522783e-01
7.846181863998412e-01
8.746303706316364e-01
9.377387275841536e-01
9.999999999266005e-01
1.000000000000000e+00
1.000000000000000e+00
1.000000000000000e+00
1.000000000000000e+00
1.000000000000000e+00
1.000000000000000e+00
1.000000000000000e+00
1.000000000000000e+00
###4.399999999999999e+00
5.545172927313274e-12
6.282152541436870e-11
2.469758418452819e-10
1.315002245066468e-11
3.441471968430356e-11
1.690921575557825e-11
4.172126366107676e-11
7.395618378653761e-11
4.101422207415553e-13
3.383037637537862e-11
-6.583953365591348e-11
6.865271166040133e-11
4.225344916567915e-11
4.896811886248821e-11
8.062759302847830e-11
6.169876149482811e-11
6.965390153630036e-11
8.660425698904461e-11
1.115470279144093e-10
1.456746298087812e-10
1.737474147598272e-10
2.437328373593884e-10
3.028193590244468e-10
3.839377869179785e-10
4.951387851112289e-10
6.340924461799225e-10
8.447950663858069e-10
1.100113238030902e-09
1.466947837513242e-09
1.934972777137931e-09
2.547009554798881e-09
3.380847313482203e-09
4.492070297285066e-09
5.967401685296216e-09
7.882931875418578e-09
1.060032714468002e-08
1.408274192874826e-08
1.878889251387189e-08
2.545104887804117e-08
3.420118618592194e-08
4.642875449690020e-08
6.341613476301863e-08
8.711922491544161e-08
1.202103431582485e-07
1.676198959266731e-07
2.350589481613854e-07
3.310281339151465e-07
4.708839954189923e-07
6.710129440002162e-07
9.604567749547820e-07
1.389674558651383e-06
2.017627959721308e-06
2.937337546462793e-06
4.312591719061942e-06
6.280966858043282e-06
9.196075210543275e-06
1.352342307419814e-05
1.984977699744230e-05
2.906787811432700e-05
4.260927498107101e-05
6.257998171473666e-05
9.129111131601083e-05
1.336773137050128e-04
1.952829567880994e-04
2.839662288044561e-04
4.127634035901884e-04
5.973364023970236e-04
8.649337267605306e-04
1.246203726598555e-03
1.796869322215044e-03
2.583783119950592e-03
3.698650030351261e-03
5.281725636151476e-03
7.526919688659391e-03
1.070843133013764e-02
1.518705406058306e-02
2.150130793635234e-02
3.036090004598098e-02
4.277402408692708e-02
6.015539765884919e-02
8.447778614568167e-02
1.178872398323162e-01
1.638647226535091e-01
2.262679938510007e-01
3.085538225365772e-01
4.128983773376421e-01
5.357286081131927e-01
6.647747657053210e-01
7.808118173527602e-01
8.698949063828224e-01
9.342571846409657e-01
9.999999999266005e-01
1.000000000000000e+00
1.000000000000000e+00
1.000000000000000e+00
1.000000000000000e+00
1.000000000000000e+00
1.000000000000000e+00
1.000000000000000e+00
1.000000000000000e+00
###4.800000000000000e+00
4.919674304922988e-12
1.047536631505563e-10
2.333410338937397e-10
5.645073614584851e-12
3.760788003344920e-11
2.053925085360115e-11
4.770620002899075e-11
8.137484999832582e-11
6.976318602261339e-12
4.105540084754496e-11
-5.850931595649769e-11
7.500282046003908e-11
5.010400090735190e-11
6.038798006635451e-11
8.838027611291023e-11
7.337479156863807e-11
8.679421016438202e-11
1.006705387235744e-10
1.383418892985079e-10
1.722872949273395e-10
2.042736346849990e-10
2.803410521831461e-10
3.484103021210374e-10
4.375779797667539e-10
5.671869941504173e-10
7.308015406432827e-10
9.638718419633899e-10
1.243091421476071e-09
1.671398306746526e-09
2.209828193050221e-09
2.911075954171914e-09
3.866872319512237e-09
5.140414244620958e-09
6.844948273648566e-09
9.085235610913133e-09
1.224930970747843e-08
1.634234883734348e-08
2.190720891827300e-08
2.979775028246067e-08
4.034674700185335e-08
5.513081788014163e-08
7.580101021131539e-08
1.048068348614691e-07
1.456066993335122e-07
2.041679908183798e-07
2.878997873757965e-07
4.079325743439987e-07
5.826402124138590e-07
8.340894384362041e-07
1.196499481002934e-06
1.734903658725495e-06
2.524288137365618e-06
3.675774100913166e-06
5.385952077522548e-06
7.838613231261022e-06
1.146386062697580e-05
1.681521088749860e-05
2.458861103765897e-05
3.591842629240663e-05
5.246456040788061e-05
7.678000674272947e-05
1.115708453211093e-04
1.626989023108907e-04
2.366183453344354e-04
3.424849881603791e-04
4.955576348231778e-04
7.138926187756300e-04
1.028189259780941e-03
1.474407908691644e-03
2.115173599352979e-03
3.024463534471132e-03
4.307026887488337e-03
6.115923823336002e-03
8.665690135882283e-03
1.224925591005676e-02
1.726012635687382e-02
2.425371566596608e-02
3.399409237274594e-02
4.749813209895551e-02
6.619931732904361e-02
9.201771605501979e-02
1.270689625500849e-01
1.745584592643491e-01
2.379771889979249e-01
3.201946795305246e-01
4.227325659700009e-01
5.417291789350034e-01
6.658976423384331e-01
7.782342060776649e-01
8.661470102351558e-01
9.313541527828927e-01
9.999999999266005e-01
1.000000000000000e+00
1.000000000000000e+00
1.000000000000000e+00
1.000000000000000e+00
1.000000000000000e+00
1.000000000000000e+00
1.000000000000000e+00
1.000000000000000e+00
###5.200000000000000e+00
4.725673902579003e-12
1.004458229305578e-10
2.490178344278385e-10
1.923277322922182e-10
3.983902010927094e-11
1.492528912281543e-11
6.376959382579618e-11
4.971073192900681e-11
9.372368230548434e-12
3.563957782079287e-11
-5.121045799685231e-11
7.675714543513173e-11
6.828157136129303e-11
6.753220894367664e-11
9.510011419048982e-11
8.537265592401279e-11
1.006853335384225e-10
1.229371050434364e-10
1.503487652669996e-10
1.944199474323735e-10
2.317400720712364e-10
3.171737468459911e-10
3.926682212727768e-10
4.940105841976806e-10
6.509295285863436e-10
8.274129886830902e-10
1.090434259004952e-09
1.412169138019590e-09
1.895681677980914e-09
2.503529907811642e-09
3.307204548522543e-09
4.406047972940552e-09
5.864225455199095e-09
7.831170937846715e-09
1.044175454308332e-08
1.412946282047538e-08
1.893034828937273e-08
2.551379777593312e-08
3.487285562882272e-08
4.756137760546054e-08
6.539574967340311e-08
9.056545020170870e-08
1.258323094873294e-07
1.758794312915701e-07
2.479741139242262e-07
3.513677577849001e-07
5.003426947445852e-07
7.166224962646875e-07
1.029380965858027e-06
1.479046579813450e-06
2.150423496460250e-06
3.128585796251895e-06
4.553328439943066e-06
6.659044967946940e-06
9.680864991940629e-06
1.413330663631825e-05
2.066824773409787e-05
3.014018109830460e-05
4.389842617054684e-05
6.389598219849047e-05
9.311893874226881e-05
1.349070844100603e-04
1.958407036958207e-04
2.836616736302869e-04
4.087873969772999e-04
5.888619894142128e-04
8.446907989628962e-04
1.210640673936631e-03
1.727724792355327e-03
2.466376188108610e-03
3.508252642652813e-03
4.970715755193296e-03
7.020597938715628e-03
9.891430428992111e-03
1.389769762653563e-02
1.946163601491854e-02
2.715621152580320e-02
3.779209929647553e-02
5.239718588407113e-02
7.241147617622209e-02
9.969884744274787e-02
1.363352934005073e-01
1.852555151474469e-01
2.496045151731995e-01
3.317157045702424e-01
4.325875831571244e-01
5.480849916996136e-01
6.678379686975868e-01
7.767203812475866e-01
8.633009758688328e-01
9.290162719277485e-01
9.999999999266005e-01
1.000000000000000e+00
1.000000000000000e+00
1.000000000000000e+00
1.000000000000000e+00
1.000000000000000e+00
1.000000000000000e+00
1.000000000000000e+00
1.000000000000000e+00
###5.600000000000001e+00
-5.501255333645682e-13
1.003151936162354e-10
2.486926064792039e-10
2.093547444884182e-10
3.307818524619032e-11
1.539668368166436e-11
4.837507296011343e-11
5.052863350869783e-11
1.787949673955881e-11
-4.642823190401957e-12
-1.074404313012097e-10
7.572026099208798e-11
-2.712401484462040e-11
7.705760470749632e-11
8.618766387160283e-11
1.000405734936592e-10
1.162962839655733e-10
1.414972782648986e-10
1.771779410167499e-10
2.194739483369566e-10
2.634277872198415e-10
3.559134482543230e-10
4.419579614002801e-10
5.542661373668680e-10
7.316570273062915e-10
9.342060853778837e-10
1.230399867070508e-09
1.598511702046724e-09
2.141357683702986e-09
2.832453117248883e-09
3.750479301864155e-09
5.007723443676313e-09
6.680301404000294e-09
8.947784974012438e-09
1.200053598573750e-08
1.627001630381311e-08
2.192433942401176e-08
2.975330057042274e-08
4.084111430587706e-08
5.602835332290532e-08
7.754862379955255e-08
1.079530939274869e-07
1.507985805298070e-07
2.119393743942734e-07
3.004846360523378e-07
4.276183440230848e-07
6.108313825444617e-07
8.769048930195717e-07
1.262084862502861e-06
1.816046664025224e-06
2.643117868218564e-06
3.845055728467793e-06
5.590598135667110e-06
8.162735773501830e-06
1.184870254071658e-05
1.725549109265849e-05
2.514263830803607e-05
3.658301482485617e-05
5.312853966899096e-05
7.707751825702622e-05
1.118598995490216e-04
1.615473760643424e-04
2.335206351457218e-04
3.368656531484774e-04
4.835053646539400e-04
6.934575162716932e-04
9.906268254602699e-04
1.413045037214829e-03
2.007536171152880e-03
2.852459262082321e-03
4.037112168091279e-03
5.692159004026144e-03
7.997128781837747e-03
1.120776130692798e-02
1.565667687011878e-02
2.178980145588573e-02
3.021106278418768e-02
4.175901189932953e-02
5.747300786855304e-02
7.878852586522295e-02
1.075280376586682e-01
1.456949077783412e-01
1.959664397035178e-01
2.611791101416305e-01
3.431755546416120e-01
4.424710216198975e-01
5.547886388639820e-01
6.705317118161941e-01
7.761683558578649e-01
8.612962476084670e-01
9.272123902668938e-01
9.999999999266005e-01
1.000000000000000e+00
1.000000000000000e+00
1.000000000000000e+00
1.000000000000000e+00
1.000000000000000e+00
1.000000000000000e+00
1.000000000000000e+00
1.000000000000000e+00
###6.000000000000001e+00
2.725993704985247e-11
1.893464979489486e-10
4.950964603818116e-10
6.196183704269695e-11
-1.101492405324150e-10
2.025733100072587e-11
-2.908527880737900e-11
4.594614679109806e-11
5.630069957788306e-11
4.477223104983808e-11
-9.727413458761338e-11
8.517660528117697e-11
-1.046379494095744e-11
8.996649189815118e-11
1.025901201331011e-10
1.181346847245243e-10
1.307224205780612e-10
1.614037417057708e-10
2.042188653567886e-10
2.466366017102816e-10
2.995532648357468e-10
4.003471649117958e-10
4.975452037365053e-10
6.292553493537267e-10
8.219722009480249e-10
1.052878609064249e-09
1.384210102230284e-09
1.803920523149033e-09
2.413393607178089e-09
3.198904795617088e-09
4.245317669612262e-09
5.681940479611731e-09
7.603629801215554e-09
1.022230566811860e-08
1.377472027509956e-08
1.873813213661399e-08
2.540805794507561e-08
3.468471092291250e-08
4.784237792451432e-08
6.602414579395639e-08
9.193229547708109e-08
1.286295537583452e-07
1.806408612377404e-07
2.549625018395856e-07
3.628602517133926e-07
5.182798925263359e-07
7.421236953677053e-07
1.067391654621241e-06
1.538622745080460e-06
2.218755521463896e-06
3.225020526200472e-06
4.688532284372788e-06
6.808423030185831e-06
9.918820380155373e-06
1.437849479096360e-05
2.088803063116194e-05
3.032988647905165e-05
4.402146491227324e-05
6.374321289443795e-05
9.216400419816672e-05
1.332532157765678e-04
1.918227593851762e-04
2.761553374084089e-04
3.968256753404455e-04
5.672531051112017e-04
8.102352505574969e-04
1.152716054069800e-03
1.636869410138927e-03
2.315193832642300e-03
3.275016687554397e-03
4.613188371003564e-03
6.473456097540322e-03
9.049376571135054e-03
1.261620024755123e-02
1.752815991346404e-02
2.425194423573159e-02
3.341856920592139e-02
4.589323913372809e-02
6.272664340301635e-02
8.533596986088128e-02
1.155086293619874e-01
1.551454242044045e-01
2.067176409225788e-01
2.727286595545109e-01
3.545845991783846e-01
4.524211821578868e-01
5.618224136005764e-01
6.738992284596763e-01
7.764904325470494e-01
8.600637962094420e-01
9.258693229972319e-01
9.999999999266005e-01
1.000000000000000e+00
1.000000000000000e+00
1.000000000000000e+00
1.000000000000000e+00
1.000000000000000e+00
1.000000000000000e+00
1.000000000000000e+00
1.000000000000000e+00
###6.400000000000001e+00
3.689024098856261e-11
1.642663653431321e-10
4.972699163794450e-10
6.565070536945716e-11
-1.086190798040460e-10
-2.934566577422698e-13
-1.556068533726458e-11
7.217047999930924e-11
7.007908436733237e-11
5.946521743517627e-11
-8.404425355270608e-11
9.638692302311235e-11
5.995286774073243e-12
1.002259700960005e-10
1.148140347589227e-10
1.313012436645000e-10
1.139523691554030e-10
1.900684771552364e-10
2.286673305163960e-10
2.790761451475823e-10
3.474817515464770e-10
4.490759420620303e-10
5.612806965098108e-10
7.083559842187559e-10
9.200674380596922e-10
1.183621040562278e-09
1.554167710367742e-09
2.029669475904737e-09
2.715405411926123e-09
3.609388682494815e-09
4.800818363813007e-09
6.438118590929612e-09
8.657824798565428e-09
1.168443980411554e-08
1.582649546083894e-08
2.159042133417866e-08
2.947352219775107e-08
4.048348609341461e-08
5.607269885162493e-08
7.781023699153849e-08
1.089441692632032e-07
1.530788690225193e-07
2.159297908803720e-07
3.060324025071578e-07
4.370124718445698e-07
6.260028881820324e-07
8.978589006041830e-07
1.293191107800223e-06
1.865041456419725e-06
2.688655439114916e-06
3.908286885941979e-06
5.677390139470502e-06
8.230747547973932e-06
1.196507452208248e-05
1.731347576317626e-05
2.508876902109763e-05
3.630942575807348e-05
5.255777410667151e-05
7.588460618175688e-05
1.093404608882604e-04
1.575236988554035e-04
2.260508432436189e-04
3.241521453338945e-04
4.641263161200895e-04
6.607853774027626e-04
9.400892592897244e-04
1.332169581118003e-03
1.883473744487439e-03
2.652872807369090e-03
3.736020773076318e-03
5.238545737459822e-03
7.317276369134271e-03
1.017986313934889e-02
1.412147516367744e-02
1.951671067299997e-02
2.685362323507877e-02
3.678693461430266e-02
5.020068656106107e-02
6.816264663656738e-02
9.205783952613471e-02
1.236385742024988e-01
1.647014197084490e-01
2.175111832896444e-01
2.842598840975823e-01
3.659917824023110e-01
4.624454102740379e-01
5.691679806101162e-01
6.778832067632806e-01
7.775799987766011e-01
8.595098278335541e-01
9.249973711863422e-01
9.999999999266005e-01
1.000000000000000e+00
1.000000000000000e+00
1.000000000000000e+00
1.000000000000000e+00
1.000000000000000e+00
1.000000000000000e+00
1.000000000000000e+00
1.000000000000000e+00
###6.800000000000002e+00
4.413423986383015e-11
8.872674094988162e-10
6.082413489091782e-10
7.035076345827446e-11
1.186852084404374e-10
1.855429548547712e-11
-7.025414619924402e-15
7.200375689885486e-11
8.563935290328144e-11
2.221183231131067e-11
-4.862340161010817e-11
1.053298472500697e-10
1.511654083984641e-11
1.175283321089812e-10
1.335010902541204e-10
1.409844049111383e-10
1.421853984963165e-10
2.232164268702765e-10
2.562135330610811e-10
3.178770647418079e-10
3.925249019500350e-10
5.035517436022206e-10
6.302652743718524e-10
7.949208657168727e-10
1.030686953404866e-09
1.326037951396699e-09
1.745838430619415e-09
2.284510170576236e-09
3.055405182423025e-09
4.073763530689063e-09
5.432934073505753e-09
7.305358835788991e-09
9.868977760847499e-09
1.337613884211752e-08
1.820956385081819e-08
2.492272278917062e-08
3.422562970532089e-08
4.731996632125907e-08
6.573775444237514e-08
9.173835604680405e-08
1.290258636739518e-07
1.820525669957327e-07
2.576426305317696e-07
3.664336545357200e-07
5.247197095967082e-07
7.530261086244475e-07
1.081621436590984e-06
1.558361507191443e-06
2.248377618052386e-06
3.240957353820271e-06
4.707216740544435e-06
6.829627759788280e-06
9.883735939369382e-06
1.433467571493631e-05
2.069955857291364e-05
2.991991838107958e-05
4.316525801781040e-05
6.232227527794337e-05
8.970402585729175e-05
1.288201840221343e-04
1.849513856076718e-04
2.645569457902843e-04
3.779670533608318e-04
5.392476615289256e-04
7.647960875907801e-04
1.083862844929725e-03
1.529969445432286e-03
2.154254657095045e-03
3.021799922584819e-03
4.237650534112694e-03
5.915758421959363e-03
8.226383370115978e-03
1.139169050399619e-02
1.572669679138815e-02
2.162353446211823e-02
2.959443337297577e-02
4.031516587981182e-02
5.468498884774473e-02
7.377761845191329e-02
9.895699485676486e-02
1.319156157538964e-01
1.743771626245762e-01
2.283669958423779e-01
2.958064718451216e-01
3.774022889070101e-01
4.725608430905966e-01
5.768089794723201e-01
6.824143438152016e-01
7.793687384102806e-01
8.596017387098840e-01
9.245456491250427e-01
9.999999999266005e-01
1.000000000000000e+00
1.000000000000000e+00
1.000000000000000e+00
1.000000000000000e+00
1.000000000000000e+00
1.000000000000000e+00
1.000000000000000e+00
1.000000000000000e+00
###7.200000000000002e+00
5.993781403822475e-11
8.669723641042411e-10
6.147204232582717e-10
7.552053517079280e-11
1.774015673512798e-10
3.917053100448865e-11
2.016025080723950e-11
9.006223468285530e-11
9.236961910689581e-11
4.129264241318214e-11
-3.022574448116661e-11
1.071552185156412e-10
3.838953600741363e-11
1.382801416653037e-10
1.532168993442220e-10
1.607868588621430e-10
1.688508746949415e-10
2.470272428887329e-10
2.881062939561472e-10
3.807476584972600e-10
4.292071458588118e-10
5.615744481355682e-10
7.040518045031890e-10
8.889128941858816e-10
1.152387616703963e-09
1.486434393898934e-09
1.957328377047733e-09
2.567433017881040e-09
3.433989976734738e-09
4.598186970170540e-09
6.152311367757999e-09
8.299338782543410e-09
1.125739647218410e-08
1.532852866365048e-08
2.096922854987705e-08
2.881275592604742e-08
3.978519441567371e-08
5.534339888662709e-08
7.711875911811318e-08
1.081590621323721e-07
1.526797834732196e-07
2.162295268902039e-07
3.069815169226592e-07
4.375978903062386e-07
6.280277914788157e-07
9.024602373328314e-07
1.297255712040421e-06
1.869315786972889e-06
2.696524919263716e-06
3.882037394732092e-06
5.635376861217888e-06
8.165207993067435e-06
1.179210023979852e-05
1.706790228091711e-05
2.459125260200992e-05
3.545078466230140e-05
5.099148646412474e-05
7.341984822192000e-05
1.053587771228287e-04
1.508261149661467e-04
2.158411032699876e-04
3.077207485089047e-04
4.380811150893721e-04
6.227860630095858e-04
8.800712921589847e-04
1.242528920633225e-03
1.747343801467791e-03
2.450612784294026e-03
3.423743166169843e-03
4.781888494719506e-03
6.646954942522539e-03
9.203534399760164e-03
1.268772819371109e-02
1.743390344808262e-02
2.385326278275176e-02
3.247837586479486e-02
4.400361359417649e-02
5.934234755285558e-02
7.957956200453710e-02
1.060369861445791e-01
1.403671907601618e-01
1.841771159586876e-01
2.392973245152856e-01
3.073870367872831e-01
3.888345221813793e-01
4.827786008335451e-01
5.847301724951267e-01
6.874384762554425e-01
7.817744012168755e-01
8.602529058470954e-01
9.245072187381573e-01
9.999999999266005e-01
1.000000000000000e+00
1.000000000000000e+00
1.000000000000000e+00
1.000000000000000e+00
1.000000000000000e+00
1.000000000000000e+00
1.000000000000000e+00
1.000000000000000e+00
###7.600000000000002e+00
-9.065499267290911e-12
8.767781568344477e-10
3.898196715770775e-10
1.769405845388379e-10
1.532438516765019e-10
4.922162338217309e-11
3.465301066595075e-11
1.097618887691312e-10
8.955127037475301e-11
1.440768099219199e-11
-8.763592753354959e-12
1.173976030943296e-10
5.641019623568472e-11
1.155499405863259e-10
1.724526370693461e-10
1.836540040698277e-10
2.160237097952586e-10
2.752074372344443e-10
3.230331650374556e-10
4.204808154722043e-10
4.818100952925194e-10
6.251342151794996e-10
7.852348240814102e-10
9.924847183792393e-10
1.285797965617311e-09
1.665409388092039e-09
2.193788792878735e-09
2.885642042200732e-09
3.871332124994631e-09
5.194177072785854e-09
6.974026471004799e-09
9.440586956174408e-09
1.287437384598746e-08
1.759239403568376e-08
2.418290525548899e-08
3.335615442002304e-08
4.629928234800687e-08
6.472336003009264e-08
9.050390211982066e-08
1.274767740413177e-07
1.805598584588526e-07
2.563955594228852e-07
3.648349580976957e-07
5.212511344678709e-07
7.490738574106895e-07
1.077546673445183e-06
1.549379325112573e-06
2.232396004758011e-06
3.217634403871847e-06
4.627481990008566e-06
6.709570574331869e-06
9.707105715101475e-06
1.398944810936012e-05
2.020316920996651e-05
2.904022897184223e-05
4.175335048659171e-05
5.988359739712688e-05
8.598899052566264e-05
1.230483837132774e-04
1.755854398727080e-04
2.504549003722440e-04
3.559137120343536e-04
5.049887510159405e-04
7.154539386082356e-04
1.007314730031998e-03
1.417107694290759e-03
1.985558299342420e-03
2.774084506228895e-03
3.860550000546355e-03
5.370818227143008e-03
7.434838699964604e-03
1.025149747181110e-02
1.407110529488283e-02
1.924710854320964e-02
2.620989290939344e-02
3.550836808646185e-02
4.785232487157350e-02
6.418253371599666e-02
8.556684459548226e-02
1.133031947433010e-01
1.489849569395612e-01
1.941052576507821e-01
2.503102723585477e-01
3.190120766452686e-01
4.003047530367146e-01
4.931014365992831e-01
5.929099242482542e-01
6.929177756580339e-01
7.847328798614153e-01
8.614530218024473e-01
9.248134849714468e-01
9.999999999266005e-01
1.000000000000000e+00
1.000000000000000e+00
1.000000000000000e+00
1.000000000000000e+00
1.000000000000000e+00
1.000000000000000e+00
1.000000000000000e+00
1.000000000000000e+00
###8.000000000000002e+00
7.245113422916651e-12
9.237159041456378e-10
3.995773641010487e-10
1.860837210330690e-10
1.466923214126851e-10
5.954549762518455e-11
5.813792713349459e-11
1.454871325795117e-10
9.497755389861079e-11
3.208530749805945e-11
2.164482266533050e-11
1.376569336899256e-10
8.959444357886690e-11
1.374702437026989e-10
1.952230215112219e-10
2.108424096685800e-10
2.567703273548895e-10
3.103959213001946e-10
3.616776002981454e-10
4.647898764525400e-10
5.410168958740018e-10
6.982634371614644e-10
8.775681268802402e-10
1.111341912429103e-09
1.438220479771209e-09
1.867825700539656e-09
2.461416264178928e-09
3.246923769840313e-09
4.380822378509439e-09
5.892595206101205e-09
7.932820626105860e-09
1.076930791337588e-08
1.474837714313294e-08
2.023579011928008e-08
2.793078901351654e-08
3.867861581006560e-08
5.394764053744281e-08
7.575174676703063e-08
1.062202077836874e-07
1.501719580357690e-07
2.132662127884926e-07
3.036131649298105e-07
4.327592186908045e-07
6.192642690271614e-07
8.907030456347169e-07
1.281880679353786e-06
1.842615710777088e-06
2.653859442135858e-06
3.821717567395160e-06
5.495201983401462e-06
7.948729427034003e-06
1.147924093350861e-05
1.650939884332778e-05
2.378620756210799e-05
3.410942015126116e-05
4.891370387735872e-05
6.994875170964381e-05
1.001710066867852e-04
1.429263922858756e-04
2.033154168379389e-04
2.891074025402812e-04
4.095454716586799e-04
5.792008193226967e-04
8.178750093094863e-04
1.147497125989068e-03
1.608731629521197e-03
2.245966447918873e-03
3.126220324303276e-03
4.334433541649937e-03
6.006465446778840e-03
8.282071132786586e-03
1.137312199326839e-02
1.554529978538114e-02
2.116918298133140e-02
2.869502356233731e-02
3.868804743957886e-02
5.187054090366622e-02
6.920613299645022e-02
9.174344754681808e-02
1.207513692845818e-01
1.577694866083635e-01
2.041673312141810e-01
2.614151741950780e-01
3.306934764168553e-01
4.118374381381777e-01
5.035436668014803e-01
6.013356243707620e-01
6.988202619822547e-01
7.881867037046625e-01
8.630986396790168e-01
9.254303862539481e-01
9.999999999266005e-01
1.000000000000000e+00
1.000000000000000e+00
1.000000000000000e+00
1.000000000000000e+00
1.000000000000000e+00
1.000000000000000e+00
1.000000000000000e+00
1.000000000000000e+00
###8.400000000000002e+00
-4.234067058495767e-11
9.187897091775167e-10
3.905461803253730e-10
2.106755385235683e-10
1.612537092469053e-10
8.401313804464014e-11
9.257555444506081e-12
1.569365843283302e-10
1.114264544749459e-10
4.963027295455577e-11
5.940412009534461e-11
1.492728508394044e-10
1.089023741005333e-10
1.749888226144945e-10
2.073931516746728e-10
2.334667319414746e-10
2.856500631828368e-10
3.412721255372783e-10
3.972372464596872e-10
4.873028916560067e-10
6.002709004593502e-10
7.723445285835575e-10
9.726505567159432e-10
1.238888771845765e-09
1.604611171427031e-09
2.091851986360545e-09
2.762879849787258e-09
3.656146765868161e-09
4.939894263410299e-09
6.674572361778153e-09
9.019280761676082e-09
1.229275079716387e-08
1.690213772383989e-08
2.329649081268115e-08
3.228814392022874e-08
4.489563706537994e-08
6.286769745299854e-08
8.862917748027133e-08
1.246538484015468e-07
1.767558702661671e-07
2.515277669466503e-07
3.587480911975252e-07
5.120002981550536e-07
7.334885243317628e-07
1.055547430692732e-06
1.519228884240000e-06
2.182775604115643e-06
3.141224525274117e-06
4.518633287809428e-06
6.494566717477810e-06
9.371429274160363e-06
1.350652100585767e-05
1.938497537994515e-05
2.786147006269107e-05
3.985930104260720e-05
5.701132525823009e-05
8.130741786183609e-05
1.161156883485288e-04
1.651963891249864e-04
2.343068656836057e-04
3.321774004809802e-04
4.690883348673725e-04
6.612659266114919e-04
9.307524249062433e-04
1.301471868558084e-03
1.818329110979485e-03
2.529720383447432e-03
3.508660385489911e-03
4.847002397651003e-03
6.691651525638761e-03
9.190907929127671e-03
1.257115408413816e-02
1.711284628144443e-02
2.320448754597770e-02
3.131225177065330e-02
4.202094983874721e-02
5.605921044682789e-02
7.441494621225936e-02
9.811189903048699e-02
1.283864319421371e-01
1.667248841095292e-01
2.143685930990482e-01
2.726257267508281e-01
3.424520728430973e-01
4.234362557567510e-01
5.140980501957333e-01
6.099994575571855e-01
7.050670569854489e-01
7.920907901836712e-01
8.651544907925033e-01
9.263667125449035e-01
9.999999999266005e-01
1.000000000000000e+00
1.000000000000000e+00
1.000000000000000e+00
1.000000000000000e+00
1.000000000000000e+00
1.000000000000000e+00
1.000000000000000e+00
1.000000000000000e+00
###8.800000000000002e+00
-6.079324027532067e-11
9.255741028632168e-10
3.951927930772035e-10
2.131617788314518e-10
2.147023088090284e-10
9.432409904721557e-11
1.082701904264132e-10
1.720772613167771e-10
1.340526258837378e-10
6.940438008930867e-11
7.777241559010239e-11
1.718047275774175e-10
1.310558301436116e-10
1.946982292227920e-10
2.300657799798275e-10
2.598684540662195e-10
3.205807306071931e-10
3.780694148172958e-10
4.013379621963826e-10
5.427380499846649e-10
6.673596840051569e-10
8.576046886560019e-10
1.081839343395363e-09
1.379955603868644e-09
1.791935886040636e-09
2.343704314360734e-09
3.112459097914798e-09
4.131842614018632e-09
5.589222584294118e-09
7.586687345652502e-09
1.028082996065941e-08
1.406723729940743e-08
1.942076170881548e-08
2.686447593171789e-08
3.738904784536923e-08
5.214022443776033e-08
7.332138730771786e-08
1.036781727336311e-07
1.461971209999416e-07
2.078056399029520e-07
2.962137985712138e-07
4.230367573443317e-07
6.043555771222686e-07
8.663277961487601e-07
1.246801205862726e-06
1.794272177411111e-06
2.575843936017189e-06
3.703472509654530e-06
5.320175285808977e-06
7.633005864393357e-06
1.099732635481979e-05
1.581951640725179e-05
2.265618871571398e-05
3.248449009817838e-05
4.636370107635696e-05
6.614037434940967e-05
9.407584218061557e-05
1.339843941217291e-04
1.900760589308138e-04
2.688258867181667e-04
3.799592897505843e-04
5.349717426067903e-04
7.518111256379148e-04
1.054811363259138e-03
1.470076617701598e-03
2.047190525070714e-03
2.838532769235850e-03
3.923026251732412e-03
5.400110330916047e-03
7.428336437262164e-03
1.016463532806841e-02
1.384899388248283e-02
1.877693229571590e-02
2.535519157610268e-02
3.406664294575491e-02
4.551088825974965e-02
6.042638984129554e-02
7.981421364361931e-02
1.046777362664207e-01
1.362181295016417e-01
1.758469761059062e-01
2.247184731225674e-01
2.839485380290921e-01
3.542888453075448e-01
4.350990031707460e-01
5.247631302997509e-01
6.188733730585029e-01
7.116408937433427e-01
7.963896730790895e-01
8.675981893727724e-01
9.275473512388652e-01
9.999999999266005e-01
1.000000000000000e+00
1.000000000000000e+00
1.000000000000000e+00
1.000000000000000e+00
1.000000000000000e+00
1.000000000000000e+00
1.000000000000000e+00
1.000000000000000e+00
###9.200000000000003e+00
-6.374213298248101e-11
9.977877993678868e-10
4.001682606949277e-10
2.216157158253040e-10
2.285376180745631e-10
1.090821426381032e-10
1.451205679259794e-10
1.796200767512587e-10
1.602534956922016e-10
9.109585934599277e-11
9.617654909012712e-11
1.904905637803252e-10
1.565215466750571e-10
2.187853755640881e-10
2.565636047436835e-10
2.902874147025734e-10
3.555707068765593e-10
4.200062916312596e-10
4.558530558925491e-10
6.018421832685962e-10
7.425862265631176e-10
9.516436861266570e-10
1.204554904803085e-09
1.538350356162909e-09
2.002318831462854e-09
2.639870352573423e-09
3.510152947091226e-09
4.678651740800531e-09
6.340536468915415e-09
8.631851949424005e-09
1.174116253125663e-08
1.612409005641607e-08
2.233255301802603e-08
3.099823427202559e-08
4.331706327691320e-08
6.059829826769349e-08
8.545861818386505e-08
1.211114585804697e-07
1.713966308216640e-07
2.438963667759813e-07
3.482304236458257e-07
4.977096041877103e-07
7.117392912471606e-07
1.020118628553349e-06
1.467654643563060e-06
2.110463643925728e-06
3.027872652675821e-06
4.348699688731688e-06
6.239687971139756e-06
8.942186099049619e-06
1.285127474810774e-05
1.844961620841037e-05
2.636487278576199e-05
3.771465601470789e-05
5.369838297562487e-05
7.640190904341991e-05
1.083872693424056e-04
1.539503418196691e-04
2.178058433335789e-04
3.071458365198232e-04
4.328569181495795e-04
6.076254147996423e-04
8.513805256649197e-04
1.190855777941674e-03
1.654396430374004e-03
2.296360202731474e-03
3.173492392003216e-03
4.371006822818104e-03
5.995954450589223e-03
8.218931984518668e-03
1.120568210778633e-02
1.520971849867682e-02
2.054157320490351e-02
2.762611948980032e-02
3.696116235378522e-02
4.916222442650750e-02
6.497124441630407e-02
8.540478566890299e-02
1.114421520371592e-01
1.442413379457742e-01
1.851630024843335e-01
2.352182581692567e-01
2.953833991515525e-01
3.662140238643752e-01
4.468303206595916e-01
5.355486994465639e-01
6.279284663234840e-01
7.184939459050790e-01
8.010329524655275e-01
8.703773650353689e-01
9.289638508393951e-01
9.999999999266005e-01
1.000000000000000e+00
1.000000000000000e+00
1.000000000000000e+00
1.000000000000000e+00
1.000000000000000e+00
1.000000000000000e+00
1.000000000000000e+00
1.000000000000000e+00
###9.600000000000003e+00
-2.802888585501598e-11
9.894223708948062e-10
3.841953552164511e-10
3.159136741948915e-10
2.066662059203405e-10
1.347609999430627e-10
2.059610135007352e-10
2.218539423718938e-10
1.775126159200043e-10
1.034579656748557e-10
1.295769492514754e-10
2.187828386659230e-10
1.806223636965987e-10
2.367766777540614e-10
2.862548039737456e-10
3.249813998150434e-10
3.935072483307683e-10
4.647035231242899e-10
5.092306127063222e-10
6.675235315218087e-10
8.234314096575314e-10
1.053337067904925e-09
1.339771163862098e-09
1.714403445891448e-09
2.240355393665941e-09
2.962563332384944e-09
3.958311442299877e-09
5.294744569815068e-09
7.199313009264528e-09
9.831367268270877e-09
1.342015801707198e-08
1.849998860354784e-08
2.570734503604387e-08
3.581493220126666e-08
5.019500881281927e-08
7.046548399811990e-08
9.961969144610850e-08
1.414221338470351e-07
2.006744411192359e-07
2.858539730529405e-07
4.084672102468298e-07
5.842516274302863e-07
8.362400200517849e-07
1.197585949701252e-06
1.722236626667719e-06
2.474851363076440e-06
3.546707956819258e-06
5.087422201083748e-06
7.287606745425957e-06
1.043164911314470e-05
1.495813469769283e-05
2.142869945805892e-05
3.055582564199449e-05
4.360660091985233e-05
6.193613007591460e-05
8.789665222167157e-05
1.243585986606684e-04
1.761915904671464e-04
2.485978037206443e-04
3.495906718092361e-04
4.912713513018615e-04
6.876444627900317e-04
9.606287945190243e-04
1.339617711627825e-03
1.855410929268541e-03
2.567180986047367e-03
3.536255569071367e-03
4.854584502862516e-03
6.636666893708351e-03
9.066418573891524e-03
1.231673199198714e-02
1.665636018313757e-02
2.241002543677583e-02
3.002024279141351e-02
3.999930868459829e-02
5.297512606209315e-02
6.969899369138416e-02
9.119093195420643e-02
1.184079327828093e-01
1.524684373754908e-01
1.946628961680112e-01
2.458744571668095e-01
3.069423444402812e-01
3.782244841230565e-01
4.586630627536507e-01
5.464370407593908e-01
6.371620007359419e-01
7.256003840232726e-01
8.059692110246479e-01
8.734471351490154e-01
9.305821797333199e-01
9.999999999266005e-01
1.000000000000000e+00
1.000000000000000e+00
1.000000000000000e+00
1.000000000000000e+00
1.000000000000000e+00
1.000000000000000e+00
1.000000000000000e+00
1.000000000000000e+00
###1.000000000000000e+01
-6.935078268074418e-12
9.874991050040842e-10
4.263584129544717e-10
3.173597479224301e-10
2.196426918417176e-10
1.369827112586467e-10
2.594388572407354e-10
2.460209723228586e-10
1.948837490711224e-10
1.262768734930207e-10
1.552820207448002e-10
2.207061110808755e-10
2.028105409601072e-10
2.654061400860613e-10
3.168009459308078e-10
3.574861253065021e-10
4.304597342130028e-10
5.170940407560660e-10
5.710190725537101e-10
7.409493433088658e-10
9.144828250091548e-10
1.169159570865291e-09
1.492110145311969e-09
1.915740505468488e-09
2.509536333573412e-09
3.327745992274795e-09
4.466192614140113e-09
5.998035294506300e-09
8.183590115571360e-09
1.121196248840474e-08
1.536086654175634e-08
2.124815482457687e-08
2.961801763026630e-08
4.140148225642607e-08
5.820596717652488e-08
8.194006070733160e-08
1.160548269948489e-07
1.649935192738697e-07
2.345523713408717e-07
3.343997940594321e-07
4.782762287655466e-07
6.842096531576581e-07
9.796522772556827e-07
1.401713907312517e-06
2.014509960798685e-06
2.892088037775680e-06
4.139615508624767e-06
5.930160983350580e-06
8.479036467360179e-06
1.210255001378272e-05
1.734135024004681e-05
2.479248116776339e-05
3.527452448451587e-05
5.022283105714633e-05
7.116386352287308e-05
1.007402424912313e-04
1.421704696289060e-04
2.009194835090994e-04
2.827198580465236e-04
3.964872864028032e-04
5.556449265949260e-04
7.755530360071308e-04
1.080252131638022e-03
1.501982228558170e-03
2.074113524191667e-03
2.860986331404192e-03
3.928342211400367e-03
5.375557890272372e-03
7.324641855875471e-03
9.972743796654443e-03
1.350100702795317e-02
1.819273516368506e-02
2.438595931964179e-02
3.254192305871758e-02
4.318685406636379e-02
5.695805802508441e-02
7.461263008406877e-02
9.717925553958509e-02
1.255741738817406e-01
1.608935428191837e-01
2.043475591413300e-01
2.566957993762373e-01
3.186270377159408e-01
3.903320076987850e-01
4.705634594135866e-01
5.574340686165592e-01
6.465556389911168e-01
7.329400580954747e-01
8.111813350620490e-01
8.767681174961107e-01
9.323938540004079e-01
9.999999999266005e-01
1.000000000000000e+00
1.000000000000000e+00
1.000000000000000e+00
1.000000000000000e+00
1.000000000000000e+00
1.000000000000000e+00
1.000000000000000e+00
1.000000000000000e+00
###1.040000000000000e+01
-4.779816396384621e-11
9.846105302826779e-10
3.202688998468432e-10
3.357703484232871e-10
2.305277934526581e-10
1.596565418352228e-10
2.692245766860605e-10
2.662159639950004e-10
2.199011085822544e-10
1.515497975375242e-10
1.815115384462510e-10
2.423262570220896e-10
2.306629948412004e-10
2.911892113298793e-10
3.505665413059918e-10
3.967090921391752e-10
4.740768238062808e-10
5.663032036149951e-10
6.358165419845197e-10
8.187982116242684e-10
1.015182120025894e-09
1.290811058389400e-09
1.669390382815741e-09
2.140901270904492e-09
2.815560065066643e-09
3.745852276036290e-09
5.048731125733623e-09
6.810629843979620e-09
9.312745367402779e-09
1.279741366473318e-08
1.760435598287383e-08
2.443607474226412e-08
3.416942130923293e-08
4.787903800569865e-08
6.745556277454042e-08
9.524400697909633e-08
1.351310414568203e-07
1.922810610881907e-07
2.738486216785568e-07
3.905166317602849e-07
5.587627726566123e-07
7.992814559239111e-07
1.144317262603963e-06
1.636593427046791e-06
2.349111295448305e-06
3.367729375086094e-06
4.815528723250525e-06
6.888523532606771e-06
9.831645963892281e-06
1.401873652769984e-05
2.003207006617979e-05
2.857987115478919e-05
4.057323785224362e-05
5.763477968744746e-05
8.147152913428698e-05
1.150556043999111e-04
1.619596937058718e-04
2.283046288647663e-04
3.204177776606858e-04
4.482394945775391e-04
6.263473727924849e-04
8.718446231014115e-04
1.210979743523243e-03
1.678940306368065e-03
2.311516487571524e-03
3.178993167546007e-03
4.351513668799442e-03
5.935870831324836e-03
8.062349448885786e-03
1.094063741199808e-02
1.476078170463108e-02
1.982128884265500e-02
2.647269143966096e-02
3.519440070644957e-02
4.652521527746704e-02
6.111428874110281e-02
7.971611373550308e-02
1.033684020406637e-01
1.329541270366493e-01
1.695200250587671e-01
2.142137299811391e-01
2.676772118530136e-01
3.304354201334380e-01
4.025387920196393e-01
4.825550782755054e-01
5.685205666366020e-01
6.560970031930156e-01
7.404756180139007e-01
8.166283786888251e-01
8.803181528822221e-01
9.343449841316854e-01
9.999999999266005e-01
1.000000000000000e+00
1.000000000000000e+00
1.000000000000000e+00
1.000000000000000e+00
1.000000000000000e+00
1.000000000000000e+00
1.000000000000000e+00
1.000000000000000e+00
###1.080000000000000e+01
-1.447480029401516e-10
9.845361888944702e-10
3.512442121876511e-10
3.376858351765143e-10
2.305137370026664e-10
1.725833439509273e-10
2.855415481599197e-10
2.987271185323637e-10
2.375867239840622e-10
1.762402025944108e-10
2.115315437475333e-10
2.677401886130269e-10
2.583729923466480e-10
3.215546773241365e-10
3.842549233511556e-10
4.157513255977057e-10
5.187188705364937e-10
6.212316004594843e-10
7.055589478834163e-10
9.036860136358164e-10
1.114688403337110e-09
1.435441780375984e-09
1.858924141278957e-09
2.394331082333721e-09
3.159816228190114e-09
4.228521232451935e-09
5.712463956415172e-09
7.735326814977133e-09
1.060625404667171e-08
1.463009495799785e-08
2.019217054619118e-08
2.813184066978978e-08
3.942370842329494e-08
5.536213536744955e-08
7.820012810037152e-08
1.106735611941965e-07
1.572041874434480e-07
2.238577872987446e-07
3.191688803569526e-07
4.551457185335733e-07
6.512749658998614e-07
9.314843505296591e-07
1.332956054818184e-06
1.905566352702905e-06
2.731023556933641e-06
3.909830948983464e-06
5.583690397436183e-06
7.973862668773636e-06
1.136337697598613e-05
1.618009091902424e-05
2.306068152130032e-05
3.283451602668378e-05
4.650927594658860e-05
6.591695081122951e-05
9.296427039706227e-05
1.309699954424195e-04
1.839949913638852e-04
2.585826376087894e-04
3.620049021896850e-04
5.051489963047138e-04
7.039321252957555e-04
9.771816591806718e-04
1.353488541078669e-03
1.871243892290810e-03
2.568876938212431e-03
3.522515734857873e-03
4.807461468180029e-03
6.537964178604361e-03
8.851751674869610e-03
1.197333068989925e-02
1.610037539937556e-02
2.154626567649180e-02
2.867587462603917e-02
3.798323271898126e-02
5.002040052778207e-02
6.544721025386212e-02
8.501479812111264e-02
1.097635811424709e-01
1.405501489951538e-01
1.783575128105299e-01
2.242769507446243e-01
2.788262284638360e-01
3.423817523271501e-01
4.148439910920587e-01
4.946277296156941e-01
5.797009376991122e-01
6.657516561206632e-01
7.481838116893262e-01
8.222706958415852e-01
8.840540775819279e-01
9.364337954553967e-01
9.999999999266005e-01
1.000000000000000e+00
1.000000000000000e+00
1.000000000000000e+00
1.000000000000000e+00
1.000000000000000e+00
1.000000000000000e+00
1.000000000000000e+00
1.000000000000000e+00
###1.120000000000000e+01
-1.382751474101743e-10
1.004072640203631e-09
3.541128174427623e-10
3.607719505864727e-10
2.524674012241888e-10
1.891707025922616e-10
3.005521310068905e-10
3.161056131867410e-10
2.544893304992353e-10
2.001729165380917e-10
2.363899527976698e-10
2.930799784908976e-10
2.885792093076715e-10
3.498566550745362e-10
4.220028277717834e-10
4.574527291043000e-10
5.678738826219237e-10
6.822983912650599e-10
7.837965678957699e-10
9.978012857596029e-10
1.224637217645349e-09
1.595724396823883e-09
2.071095986765430e-09
2.681274400845414e-09
3.560627972189170e-09
4.778260193971741e-09
6.470591100365385e-09
8.793898156869122e-09
1.209286011699710e-08
1.674581815710901e-08
2.317612797948760e-08
3.239298457600271e-08
4.549217987251488e-08
6.402855770235190e-08
9.062406890456957e-08
1.284461110837205e-07
1.826476134229255e-07
2.602680054195238e-07
3.713237877029216e-07
5.294723272047512e-07
7.574395442153723e-07
1.082810700087408e-06
1.548638731424453e-06
2.211487874509978e-06
3.166167767033852e-06
4.525107955223779e-06
6.454387780316499e-06
9.201489813327536e-06
1.309152992720889e-05
1.861315419929645e-05
2.646644238815902e-05
3.760127001674394e-05
5.314152252346119e-05
7.515240538332495e-05
1.057449725445620e-04
1.486347789860062e-04
2.083585933435494e-04
2.920043567941773e-04
4.077710124864935e-04
5.675843138574353e-04
7.888211659985289e-04
1.092108861678324e-03
1.508555061951702e-03
2.079903420802609e-03
2.847321090149761e-03
3.893320282500567e-03
5.297808912779743e-03
7.183252945447491e-03
9.695519102356682e-03
1.307282630960531e-02
1.752199433838406e-02
2.337104182562531e-02
3.099714940257809e-02
4.091077631158182e-02
5.367566931180413e-02
6.995833345177394e-02
9.050914269947019e-02
1.163693832449933e-01
1.483596052869281e-01
1.874065870329536e-01
2.345340227776456e-01
2.901417555332098e-01
3.544599361327891e-01
4.272513476193195e-01
5.067874986372364e-01
5.909602856926961e-01
6.755042961573076e-01
7.560261411437162e-01
8.280765723366368e-01
8.879340208815664e-01
9.386315354512118e-01
9.999999999266005e-01
1.000000000000000e+00
1.000000000000000e+00
1.000000000000000e+00
1.000000000000000e+00
1.000000000000000e+00
1.000000000000000e+00
1.000000000000000e+00
1.000000000000000e+00
###1.160000000000000e+01
-1.368764622846819e-10
1.005867286948209e-09
3.621758447585010e-10
3.668437011559391e-10
2.646205700385547e-10
2.137220545990785e-10
3.154959583382869e-10
3.345730897735494e-10
2.735723155206685e-10
2.272704236234724e-10
2.624635602522627e-10
3.353478760306888e-10
3.225608786048331e-10
3.883449965720887e-10
4.611090973094780e-10
4.992546400097274e-10
6.222286417370519e-10
7.472337663461602e-10
8.693081353239189e-10
1.100141772186144e-09
1.363955098943373e-09
1.777853943619547e-09
2.310512869092407e-09
3.006348402151766e-09
4.014868175914572e-09
5.404267206017186e-09
7.339526369249566e-09
1.000751105695482e-08
1.380479321967405e-08
1.917519303415643e-08
2.662110803943844e-08
3.730454778052420e-08
5.248913905413932e-08
7.402621714490221e-08
1.049347644431107e-07
1.489329507672287e-07
2.119195862728895e-07
3.020919339571718e-07
4.310913153425311e-07
6.145725559464211e-07
8.788821427708942e-07
1.255777598753758e-06
1.794496337166439e-06
2.559082264626142e-06
3.659834940704488e-06
5.222908117759674e-06
7.438857906203531e-06
1.058686953896581e-05
1.503538028350385e-05
2.134408063382251e-05
3.028133171833410e-05
4.292706708684166e-05
6.053974898502438e-05
8.542497204584769e-05
1.199239091254650e-04
1.681795638881547e-04
2.352185066703530e-04
3.287869937946788e-04
4.580226898805660e-04
6.359821693847776e-04
8.815397275916275e-04
1.217310326955325e-03
1.677056021057759e-03
2.306083771643411e-03
3.148233790952103e-03
4.292664392050750e-03
5.824461465205495e-03
7.874142862536838e-03
1.059629354360573e-02
1.424283419719483e-02
1.902998853624141e-02
2.529959701729884e-02
3.344167636001810e-02
4.398239611843363e-02
5.749543684794321e-02
7.465329981670672e-02
9.620587720410022e-02
1.231862540708366e-01
1.563829799615356e-01
1.966681438525811e-01
2.449836931360505e-01
3.016185671704015e-01
3.666704643754296e-01
4.397605214167349e-01
5.190224929953030e-01
6.022941754252198e-01
6.853528758183435e-01
7.639851474348642e-01
8.340144727892065e-01
8.919580896961310e-01
9.409079964109810e-01
9.999999999266005e-01
1.000000000000000e+00
1.000000000000000e+00
1.000000000000000e+00
1.000000000000000e+00
1.000000000000000e+00
1.000000000000000e+00
1.000000000000000e+00
1.000000000000000e+00
###1.200000000000001e+01
-1.409360358127856e-10
1.005729427484019e-09
3.772987770989805e-10
3.934789916942066e-10
2.834581683282519e-10
2.444670636413999e-10
3.298093527495875e-10
3.441113313896671e-10
2.941292378479788e-10
2.468058213558712e-10
2.919926033000131e-10
3.569903450522910e-10
3.504532844219828e-10
4.215865942827282e-10
5.015012017178292e-10
5.494629991134754e-10
6.810846219022424e-10
8.152783134902467e-10
9.636307019365865e-10
1.216766140194271e-09
1.519026000767955e-09
1.981034244304654e-09
2.581026686961991e-09
3.376065037234078e-09
4.532476639506801e-09
6.119476282125105e-09
8.335492174617600e-09
1.140117947506413e-08
1.578333431766913e-08
2.197320126005087e-08
3.058662287617730e-08
4.296886429288596e-08
6.055517519357482e-08
8.553320515584515e-08
1.213873976737369e-07
1.724621883597698e-07
2.455540514278472e-07
3.500621350101557e-07
4.996078188076633e-07
7.118333505484281e-07
1.017405343803893e-06
1.452600176781603e-06
2.073728642931266e-06
2.954190101884761e-06
4.218657018359758e-06
6.011008233604307e-06
8.547772639207830e-06
1.214441145837911e-05
1.721555471831980e-05
2.440310941723016e-05
3.454232922633173e-05
4.886326828057515e-05
6.876684958979433e-05
9.681345036762638e-05
1.356248668386921e-04
1.897608823034549e-04
2.648151423471961e-04
3.692513653547956e-04
5.131236871825167e-04
7.107475148823467e-04
9.826833574792292e-04
1.353546473452115e-03
1.859835554373496e-03
2.550664164035728e-03
3.472935616882847e-03
4.722037214126905e-03
6.389218682117010e-03
8.612899457487248e-03
1.155602302566522e-02
1.548605007875806e-02
2.062702503076232e-02
2.733465272426813e-02
3.601271061459243e-02
4.719992331754887e-02
6.148419094913183e-02
7.953882025811601e-02
1.021072677611507e-01
1.302228053872771e-01
1.646279049170126e-01
2.061455149214351e-01
2.556319348796394e-01
3.132634719014571e-01
3.790188345480213e-01
4.523619819861862e-01
5.313209406096308e-01
6.136859549612855e-01
6.952719056061474e-01
7.720385737155319e-01
8.400615498419443e-01
8.960799452662260e-01
9.432866416719597e-01
9.999999999266005e-01
1.000000000000000e+00
1.000000000000000e+00
1.000000000000000e+00
1.000000000000000e+00
1.000000000000000e+00
1.000000000000000e+00
1.000000000000000e+00
1.000000000000000e+00
###1.240000000000001e+01
-1.359522762528400e-10
9.961969124384211e-10
3.666550870467481e-10
3.958228830659906e-10
2.915374572786851e-10
2.614228690155577e-10
3.474392999805446e-10
3.764534459809414e-10
3.172958595837474e-10
2.720951747798224e-10
3.135955803660232e-10
3.841677658767439e-10
3.857023991944466e-10
4.607031924893734e-10
5.453750755552711e-10
6.059941352526604e-10
7.448314245864537e-10
8.936123005757180e-10
1.067283680376085e-09
1.346422470818529e-09
1.690794920241929e-09
2.209381043689394e-09
2.887751750023254e-09
3.795630220111682e-09
5.118993519266335e-09
6.933300237814966e-09
9.474377998335209e-09
1.299857887826765e-08
1.804947166769324e-08
2.518489492793108e-08
3.515048611874439e-08
4.947430763447524e-08
6.982322356132280e-08
9.874418369395911e-08
1.402709173648016e-07
1.994258962394162e-07
2.840209681525189e-07
4.048297296139334e-07
5.777373921116767e-07
8.226711424544420e-07
1.175131806623476e-06
1.676426620085403e-06
2.390486106584951e-06
3.401499240854047e-06
4.850346766454829e-06
6.900013142762101e-06
9.796275833837985e-06
1.389294791298754e-05
1.965694844053338e-05
2.782050599620920e-05
3.929171824451054e-05
5.546725969268383e-05
7.789218417122430e-05
1.094333240853098e-04
1.529580713494359e-04
2.135472538730017e-04
2.973437025015334e-04
4.135886193261595e-04
5.733944549774332e-04
7.923462948489731e-04
1.092754888720229e-03
1.501425974744251e-03
2.057772474452492e-03
2.814886727373441e-03
3.822436659229003e-03
5.183336509484999e-03
6.994126636987761e-03
9.402125841929544e-03
1.257802229380026e-02
1.680586006048454e-02
2.231629082215665e-02
2.948067953053927e-02
3.871519252486948e-02
5.057070233493694e-02
6.564586332969269e-02
8.461536747572829e-02
1.082184963657424e-01
1.374783295433534e-01
1.730984363991604e-01
2.158316537866781e-01
2.664743395485873e-01
3.250721447727353e-01
3.915021576045752e-01
4.650492904561402e-01
5.436835699924044e-01
6.251256215333681e-01
7.052450434469782e-01
7.801534815629492e-01
8.461780175290338e-01
9.002721361441908e-01
9.456909451617553e-01
9.999999999266005e-01
1.000000000000000e+00
1.000000000000000e+00
1.000000000000000e+00
1.000000000000000e+00
1.000000000000000e+00
1.000000000000000e+00
1.000000000000000e+00
1.000000000000000e+00
###1.280000000000001e+01
-1.230322723552075e-10
1.006791465459917e-09
3.728133838364363e-10
3.643364752916631e-10
2.930033917902149e-10
2.800613922187501e-10
3.564792340809618e-10
4.061115235317998e-10
3.372624127689325e-10
3.046661247509238e-10
3.502233112168187e-10
4.132793393819377e-10
4.238002028225042e-10
5.012636510107324e-10
5.850036137213248e-10
6.650639836329726e-10
8.178983577457179e-10
9.820302666725652e-10
1.180660182327715e-09
1.490547641124038e-09
1.883684449941245e-09
2.467777605360084e-09
3.235092652421716e-09
4.272719047761253e-09
5.788399994231506e-09
7.862539208578984e-09
1.077355911282769e-08
1.483934047361001e-08
2.064886805907554e-08
2.887924671709369e-08
4.039098480719097e-08
5.694802335525298e-08
8.045285597739499e-08
1.139061579745044e-07
1.618627783849127e-07
2.302592093218652e-07
3.279451145929179e-07
4.673701236683219e-07
6.667508594047297e-07
9.487587054538751e-07
1.354330891088497e-06
1.930014078615434e-06
2.749005635557582e-06
3.906471158095771e-06
5.561791361055795e-06
7.899079008230385e-06
1.119690338369069e-05
1.585166987234041e-05
2.238714913980185e-05
3.162940556526258e-05
4.457656424717030e-05
6.279154038234390e-05
8.800347281705114e-05
1.233794211770297e-04
1.720689209765467e-04
2.397190646501748e-04
3.330587914257542e-04
4.621431774523060e-04
6.392015787390229e-04
8.812314443493093e-04
1.212395402739016e-03
1.661769732675136e-03
2.271792172489175e-03
3.099871289633680e-03
4.198564174252786e-03
5.678169738390582e-03
7.641300867035178e-03
1.024442995215824e-02
1.366505519697608e-02
1.820541655583863e-02
2.410223890390873e-02
3.174156220172260e-02
4.155179610146080e-02
5.409710271037322e-02
6.998508673546851e-02
8.988766142444701e-02
1.145438316746675e-01
1.449568268896935e-01
1.817887491139098e-01
2.257369946585971e-01
2.775142108346791e-01
3.370497610498981e-01
4.041008422191014e-01
4.778370960205326e-01
5.561057280843248e-01
6.366091838947716e-01
7.152516923263790e-01
7.883191586149494e-01
8.523514233373904e-01
9.045286263689543e-01
9.481453698714518e-01
9.999999999266005e-01
1.000000000000000e+00
1.000000000000000e+00
1.000000000000000e+00
1.000000000000000e+00
1.000000000000000e+00
1.000000000000000e+00
1.000000000000000e+00
1.000000000000000e+00
###1.320000000000001e+01
-1.139073903106189e-10
1.006603002334928e-09
3.760936046689498e-10
3.724585637811999e-10
3.015301040136111e-10
2.957841972473366e-10
3.724697215001344e-10
4.258614203488962e-10
3.643038211497092e-10
3.327217693456791e-10
3.839244428211618e-10
4.459672666184901e-10
4.621522524556381e-10
5.449402649530041e-10
6.372916316730595e-10
7.287110228813105e-10
8.941101651194357e-10
1.076361726876579e-09
1.305255900588417e-09
1.652082606042743e-09
2.099850080129393e-09
2.757296772124696e-09
3.629294089308031e-09
4.815996965111843e-09
6.550541225492311e-09
8.925674671653092e-09
1.226471477645093e-08
1.694599017246055e-08
2.363047286778819e-08
3.310992750796242e-08
4.640277173176521e-08
6.551831181702935e-08
9.263733294251915e-08
1.312722966044195e-07
1.866071518721121e-07
2.655115227088500e-07
3.780787035003137e-07
5.386554757840468e-07
7.679748829581222e-07
1.091786710773095e-06
1.557339488891024e-06
2.216787895404327e-06
3.153115806687938e-06
4.475035396756464e-06
6.361398819112870e-06
9.019334872821853e-06
1.276595494978446e-05
1.804141720070805e-05
2.543084960582545e-05
3.586720028606557e-05
5.044527686772694e-05
7.090286337458699e-05
9.918517294689920e-05
1.387583845346046e-04
1.931282824574427e-04
2.684543194417852e-04
3.721685646275473e-04
5.152127553414600e-04
7.109750419717517e-04
9.779613849039334e-04
1.342236678940835e-03
1.835304677084891e-03
2.502843690140415e-03
3.406748090556780e-03
4.602547495602362e-03
6.208338381092294e-03
8.332645628070481e-03
1.114172737592101e-02
1.481956878774393e-02
1.968723858667070e-02
2.598812976019756e-02
3.412140936119853e-02
4.452810381197543e-02
5.778538121029960e-02
7.450604994483949e-02
9.535979111603744e-02
1.210795613312972e-01
1.526589605025397e-01
1.907091901370556e-01
2.358546827989574e-01
2.887466801826723e-01
3.491906955410905e-01
4.168203071101739e-01
4.906969029587216e-01
5.685621828892509e-01
6.481144876668262e-01
7.252743018188887e-01
7.965020765567755e-01
8.585544256269958e-01
9.088176773497909e-01
9.506276296896068e-01
9.999999999266005e-01
1.000000000000000e+00
1.000000000000000e+00
1.000000000000000e+00
1.000000000000000e+00
1.000000000000000e+00
1.000000000000000e+00
1.000000000000000e+00
1.000000000000000e+00
###1.360000000000001e+01
-7.572434561999584e-11
1.007564456125485e-09
3.316279356134758e-10
3.752198940036941e-10
3.091094098229673e-10
3.108974840423997e-10
3.911819856668474e-10
4.450994348643629e-10
3.870908396434448e-10
3.610776987863075e-10
4.164790272833542e-10
4.805515854979058e-10
5.036180870094821e-10
5.917696612578679e-10
6.918178026201121e-10
7.967865287882429e-10
9.768981334655922e-10
1.181857632294134e-09
1.444002057152004e-09
1.831485205698339e-09
2.342818004805391e-09
3.084558862167610e-09
4.075413556087200e-09
5.433367477857597e-09
7.415727271660944e-09
1.013772708925071e-08
1.396677743891809e-08
1.935647343034199e-08
2.703817071071111e-08
3.795358651006383e-08
5.328759761206549e-08
7.530738057927068e-08
1.065719911945436e-07
1.511497731358183e-07
2.148667209634692e-07
3.056830571644391e-07
4.351687551504090e-07
6.196350146983914e-07
8.828533331640376e-07
1.253708176149414e-06
1.786729936007435e-06
2.540218251233314e-06
3.608633437343161e-06
5.114687637975674e-06
7.258595819080885e-06
1.027449569511976e-05
1.451785174461869e-05
2.048152949945584e-05
2.881976623509900e-05
4.056989509912021e-05
5.694627556159689e-05
7.987047611468748e-05
1.115218302026402e-04
1.556879677929724e-04
2.162626313220338e-04
2.999454116023488e-04
4.149286209178576e-04
5.731211745666553e-04
7.891195317005268e-04
1.083012776907084e-03
1.482958856566266e-03
2.022909644608650e-03
2.752152734950900e-03
3.736734536311239e-03
5.035845732770904e-03
6.775377262190275e-03
9.070299131161223e-03
1.209603118200482e-02
1.604489753246748e-02
2.125499723872775e-02
2.797739059730771e-02
3.662411681618224e-02
4.764674450343401e-02
6.163853803618795e-02
7.921259005221601e-02
1.010410598165648e-01
1.278378462893210e-01
1.605908271616907e-01
1.998563071726810e-01
2.461932725794244e-01
3.001722880087389e-01
3.614880662311351e-01
4.296599760608180e-01
5.036385302058427e-01
5.810652009358117e-01
6.596180018871584e-01
7.352936324333671e-01
8.046884755242232e-01
8.647617711220023e-01
9.131029373160432e-01
9.531224598188338e-01
9.999999999266005e-01
1.000000000000000e+00
1.000000000000000e+00
1.000000000000000e+00
1.000000000000000e+00
1.000000000000000e+00
1.000000000000000e+00
1.000000000000000e+00
1.000000000000000e+00
###1.400000000000001e+01
-6.693872545393401e-11
1.008269527425701e-09
3.619005545048468e-10
3.863153301648019e-10
3.193530392865066e-10
3.269114251237225e-10
4.079460900753252e-10
4.632423898265342e-10
4.125249502831277e-10
3.426313230717675e-10
4.476914619681397e-10
5.099864526010675e-10
5.488591874189419e-10
6.431371452667372e-10
7.518320243101664e-10
8.711754489459460e-10
1.068179975341943e-09
1.300569820696766e-09
1.598165568808927e-09
2.029405408060940e-09
2.617007220059291e-09
3.454267853181838e-09
4.582459747575603e-09
6.136142231787158e-09
8.400713492889941e-09
1.151947603970625e-08
1.591238483866926e-08
2.211054712554608e-08
3.094163292382097e-08
4.350022239133793e-08
6.114630470142654e-08
8.650572630206254e-08
1.224921690379561e-07
1.738016834306045e-07
2.470172572856230e-07
3.513292117496830e-07
4.999405856741810e-07
7.113569415539984e-07
1.012826567667800e-06
1.436728242658488e-06
2.045378917934916e-06
2.904357105873466e-06
4.120208387506767e-06
5.832948182055438e-06
8.262940439446893e-06
1.167783886617092e-05
1.647182758786985e-05
2.319815918932151e-05
3.258560745591620e-05
4.578271805587481e-05
6.413817799708139e-05
8.977397046717341e-05
1.251104332408268e-04
1.742972804113468e-04
2.416285656188091e-04
3.344065620972932e-04
4.616209414273495e-04
6.362186861541378e-04
8.740548461083713e-04
1.196947919985117e-03
1.635230901863991e-03
2.225505500015544e-03
3.020504529423028e-03
4.091399042006707e-03
5.500347635351104e-03
7.381769370704813e-03
9.856700225846187e-03
1.311079491885874e-02
1.734405049725813e-02
2.291285032965894e-02
3.007401267091239e-02
3.925354573422223e-02
5.091413429309696e-02
6.566129166229827e-02
8.410914674171471e-02
1.069296742738239e-01
1.348182034807756e-01
1.687525778472896e-01
2.092292204545722e-01
2.567488395590559e-01
3.117911783100754e-01
3.739423476617153e-01
4.426136214457874e-01
5.166372656609373e-01
5.935875821312397e-01
6.711145600982233e-01
7.452754761841892e-01
8.128399730979347e-01
8.709599310693301e-01
9.174043493651121e-01
9.556124801901413e-01
9.999999999266005e-01
1.000000000000000e+00
1.000000000000000e+00
1.000000000000000e+00
1.000000000000000e+00
1.000000000000000e+00
1.000000000000000e+00
1.000000000000000e+00
1.000000000000000e+00
###1.440000000000001e+01
-7.830770679509114e-11
1.008083831661894e-09
3.681131466926472e-10
3.923603415201939e-10
3.272706573407762e-10
3.544339824121584e-10
4.281054657315017e-10
4.815693841943873e-10
4.367749973215608e-10
3.747916210035534e-10
4.831216042965973e-10
5.452607283988528e-10
5.933240689011630e-10
6.918489587550063e-10
8.154948410817328e-10
9.524704073856579e-10
1.167088074203393e-09
1.428998674844971e-09
1.767606641875431e-09
2.255335506184500e-09
2.923428280297455e-09
3.870194653104832e-09
5.155287994652772e-09
6.933515807221720e-09
9.519467466041165e-09
1.309202473193233e-08
1.812894655049023e-08
2.524890369911527e-08
3.539105636102166e-08
4.982184035818749e-08
7.012542521570176e-08
9.926400826693223e-08
1.406035765835451e-07
1.995489746335392e-07
2.835668304974996e-07
4.031156276723374e-07
5.733752145615695e-07
8.151420312772663e-07
1.159599604915219e-06
1.643065662087608e-06
2.336437264387295e-06
3.313427600870738e-06
4.693941283865611e-06
6.637415793143779e-06
9.385082838715717e-06
1.324125526337296e-05
1.864596370323833e-05
2.621556553759102e-05
3.675947170572134e-05
5.155041091538927e-05
7.207856026566564e-05
1.006870911048553e-04
1.400507342291437e-04
1.947297414443355e-04
2.694128053676657e-04
3.720558424967277e-04
5.125442540305824e-04
7.048705283335403e-04
9.662864451633896e-04
1.320323474746591e-03
1.799746299895597e-03
2.443794787594458e-03
3.309266825122686e-03
4.471891628841611e-03
5.997519973588005e-03
8.028479495509517e-03
1.069407003973525e-02
1.418863342849275e-02
1.872026584644135e-02
2.466355139431609e-02
3.228187104304094e-02
4.201427326803360e-02
5.433349787867513e-02
6.985777104360766e-02
8.920072799311668e-02
1.130302206673585e-01
1.420247413031738e-01
1.771438087687383e-01
2.188327457006609e-01
2.675202328216028e-01
3.235988797509819e-01
3.865463062339188e-01
4.556756225961172e-01
5.296938240510962e-01
6.061230711072699e-01
6.825861622509402e-01
7.552246359653323e-01
8.209482164039582e-01
8.771154920931976e-01
9.216638498833667e-01
9.580772751844827e-01
9.999999999266005e-01
1.000000000000000e+00
1.000000000000000e+00
1.000000000000000e+00
1.000000000000000e+00
1.000000000000000e+00
1.000000000000000e+00
1.000000000000000e+00
1.000000000000000e+00
###1.480000000000001e+01
-6.665768677942250e-11
1.007744295533419e-09
3.723857628241375e-10
4.351762556470175e-10
3.376658727042847e-10
3.490940608943587e-10
4.978154444216098e-10
5.026145280073469e-10
4.603540692838295e-10
4.097454891543018e-10
5.176134536716387e-10
5.817138034134725e-10
6.429983769271328e-10
7.502495488729010e-10
8.854763920737953e-10
1.040905195179340e-09
1.277825976741681e-09
1.572506218921982e-09
1.958357173672394e-09
2.509114959147272e-09
3.268276695374418e-09
4.342911235094779e-09
5.807700373409707e-09
7.841073383397061e-09
1.079848678693573e-08
1.488484323784132e-08
2.065924381823475e-08
2.883476691099205e-08
4.046863848760489e-08
5.702967840241003e-08
8.035069456145880e-08
1.137827768468766e-07
1.612199248717433e-07
2.288048956470640e-07
3.250002284931364e-07
4.618072094537464e-07
6.563836738635232e-07
9.323324507896348e-07
1.325035057916539e-06
1.875351179723460e-06
2.663469295274579e-06
3.772111845263845e-06
5.336441778371465e-06
7.535689714926620e-06
1.063608699894789e-05
1.498104073150582e-05
2.106239108426284e-05
2.956079400111514e-05
4.138031072524181e-05
5.792055970237510e-05
8.083220215415473e-05
1.126923224510700e-04
1.564518851375546e-04
2.171097452905394e-04
2.997820907667990e-04
4.131504458847376e-04
5.679746877515720e-04
7.794741550682036e-04
1.066303645022474e-03
1.453817874699823e-03
1.977386147252157e-03
2.679044111906951e-03
3.619498554482063e-03
4.879732190178568e-03
6.529112599820951e-03
8.718593563874133e-03
1.158495536964807e-02
1.533214365219947e-02
2.017619668439137e-02
2.651102026848011e-02
3.460564382331031e-02
4.491106299209754e-02
5.790952067672400e-02
7.423092221172009e-02
9.448902468138215e-02
1.193461247130094e-01
1.494605468173425e-01
1.857678915350433e-01
2.286617577311075e-01
2.784999522905462e-01
3.355898569185812e-01
3.993038963482516e-01
4.688308704867262e-01
5.427992530563667e-01
6.186610986195791e-01
6.940064267625402e-01
7.651251099510633e-01
8.289901666953533e-01
8.832000900324556e-01
9.258804764607396e-01
9.605016961660816e-01
9.999999999266005e-01
1.000000000000000e+00
1.000000000000000e+00
1.000000000000000e+00
1.000000000000000e+00
1.000000000000000e+00
1.000000000000000e+00
1.000000000000000e+00
1.000000000000000e+00
###1.520000000000001e+01
-6.157571629300203e-11
1.005617186650268e-09
3.766716975258350e-10
4.299026825159962e-10
3.451751497769253e-10
3.633471811123183e-10
5.176555255158238e-10
5.235276300361912e-10
4.888698617114808e-10
4.457178798887710e-10
5.558926509303428e-10
6.244613146750273e-10
6.946660359195100e-10
8.165669109400529e-10
9.623044954211308e-10
1.137651654578758e-09
1.399652660282655e-09
1.732678435779880e-09
2.170950999905425e-09
2.794917567993832e-09
3.656909302961017e-09
4.877984853171112e-09
6.544693766467313e-09
8.875137514551848e-09
1.225289511267075e-08
1.692581011291844e-08
2.354217229916427e-08
3.291170394769203e-08
4.624896705815745e-08
6.522491064175909e-08
9.199243391943160e-08
1.302836984256117e-07
1.846090448354021e-07
2.619386098952061e-07
3.718871372046509e-07
5.281772430984195e-07
7.500209785069378e-07
1.064379043921961e-06
1.510978866442291e-06
2.135971318971388e-06
3.029950880790159e-06
4.285457742788595e-06
6.053981375006219e-06
8.536594135238121e-06
1.202875330041429e-05
1.691453911260771e-05
2.374246362783303e-05
3.326361675824687e-05
4.648527304359946e-05
6.494248173555656e-05
9.046297110384984e-05
1.258816128422215e-04
1.744271526551878e-04
2.415978393635563e-04
3.329501563637112e-04
4.579167047955008e-04
6.282517969815027e-04
8.604053230275525e-04
1.174553552711462e-03
1.598044613540077e-03
2.168878487912993e-03
2.931890606668617e-03
3.952418746615525e-03
5.316329507032327e-03
7.096818389942611e-03
9.453846874848048e-03
1.253202128793328e-02
1.654406561868724e-02
2.171544134777803e-02
2.845881064947046e-02
3.704798855281621e-02
4.794576187332968e-02
6.164677608464163e-02
7.878726795751972e-02
9.998229214379999e-02
1.258809736296340e-01
1.571257695754538e-01
1.946308375824257e-01
2.387200166507366e-01
2.896892414722063e-01
3.477594605000771e-01
4.121921266380266e-01
4.820718777922003e-01
5.559395201722461e-01
6.311730230125430e-01
7.053795058444761e-01
7.749435701242255e-01
8.369487286536778e-01
8.892086603820046e-01
9.300281024527411e-01
9.628803147077618e-01
9.999999999266005e-01
1.000000000000000e+00
1.000000000000000e+00
1.000000000000000e+00
1.000000000000000e+00
1.000000000000000e+00
1.000000000000000e+00
1.000000000000000e+00
1.000000000000000e+00
###1.560000000000001e+01
-4.720030650080057e-11
9.911200230197062e-10
3.798047004203806e-10
4.367470222698882e-10
3.577934947003167e-10
3.806893672641320e-10
5.347988737135569e-10
5.519317896521929e-10
5.040339225864656e-10
4.832341974224329e-10
5.941459212173618e-10
6.666666543869526e-10
7.549061088002534e-10
8.790098049788411e-10
1.045879447455533e-09
1.242636092025045e-09
1.535081617446913e-09
1.909494225416422e-09
2.406381508050828e-09
3.114577367264816e-09
4.096310412969244e-09
5.481653773860474e-09
7.383154320333113e-09
1.004878454361506e-08
1.390388349887071e-08
1.924752483185926e-08
2.682170174159794e-08
3.754903410479333e-08
5.282207145640154e-08
7.453588928767491e-08
1.051993828452260e-07
1.489731648072318e-07
2.110776292400918e-07
2.994152548637086e-07
4.248492229378202e-07
6.029780487060632e-07
8.555612905929005e-07
1.212836679460917e-06
1.719981182596415e-06
2.428413568385237e-06
3.440105177983597e-06
4.858917613291681e-06
6.853397696527588e-06
9.651418808316943e-06
1.357621726993483e-05
1.905831969108596e-05
2.670779042060201e-05
3.735620949713279e-05
5.212154819634314e-05
7.267970491250764e-05
1.010451183640827e-04
1.403190333855731e-04
1.941147914876164e-04
2.683509546073945e-04
3.690941743166494e-04
5.066377105675226e-04
6.937111253187817e-04
9.481013671468020e-04
1.291633545626956e-03
1.753677429987025e-03
2.375081393623544e-03
3.203636210660355e-03
4.309168124939013e-03
5.783379703181006e-03
7.702449044303896e-03
1.023632887598095e-02
1.353772982098253e-02
1.782717285628697e-02
2.334143777560174e-02
3.051008681645829e-02
3.961306534887234e-02
5.112574985916205e-02
6.554966680819968e-02
8.352878818247057e-02
1.056797640793448e-01
1.326385856083806e-01
1.650228946288680e-01
2.037280870003247e-01
2.490073643909953e-01
3.010876448260817e-01
3.601053395048911e-01
4.252168828198306e-01
4.953954227382336e-01
5.691051462263537e-01
6.436553590020421e-01
7.166977743134338e-01
7.846701486981988e-01
8.448123283482758e-01
8.951287663517333e-01
9.341066050912938e-01
9.652247272004170e-01
9.999999999266005e-01
1.000000000000000e+00
1.000000000000000e+00
1.000000000000000e+00
1.000000000000000e+00
1.000000000000000e+00
1.000000000000000e+00
1.000000000000000e+00
1.000000000000000e+00
