# NLO BK equation solver 0.0-dev build  (build Oct 13 2025 12:18:44)
# Initial condition: MV model, Q_s0^2 = 0.105695 GeV^2, \gamma = 3.17382, coefficient of E inside Log is 1, x0=0.01, \Lambda_QCD = 0.241 GeV
# # LO Kernel RC:  Parent dipole. NLO Kernel RC:  Parent dipole
# Nc=3, Nf=4
# Using RungeKutta method in K1
# Resumming double log
# Resumming single log, K_sub=0.65 resum rc: parent
# BK K1 integration relative accuracy: 0.02# NLO BK as^2 terms: MC integration method: Vegas, points=1000000
# Kinematical constraint: none
# Target kinematical constraint: disabled

###1.000000000000000e-05
###1.160836920850890e+00
###100
###1.000000000000000e+00
###0.000000000000000e+00
4.721123239739893e-35
1.202689836282683e-34
3.063394049248838e-34
7.801742394586176e-34
1.986636518080504e-33
5.058034459380028e-33
1.287597587573230e-32
3.277267624556546e-32
8.340178864402313e-32
2.122114349238320e-31
5.398714348338002e-31
1.373213881050911e-30
3.492290266245350e-30
8.879832242376376e-30
2.257456297557794e-29
5.737885811350519e-29
1.458142993505089e-28
3.704772997473790e-28
9.410958742359130e-28
2.390090330624046e-27
6.068763650214618e-27
1.540595986217892e-26
3.910001883574412e-26
9.921143724526142e-26
2.516748663836452e-25
6.382750869909011e-25
1.618312288718971e-24
4.102035773124132e-24
1.039478065988277e-23
2.633333731897599e-23
6.669094493064509e-23
1.688471486774985e-22
4.273480744014692e-22
1.081249598795991e-21
2.734772013278912e-21
6.914515505534697e-21
1.747600084549533e-20
4.415256542576997e-20
1.115056822072614e-19
2.814870843799228e-19
7.102859927335254e-19
1.791487734894906e-18
4.516399473390332e-18
1.138047703213884e-17
2.866219501227826e-17
7.214896130710833e-17
1.815150746873041e-16
4.564015680159549e-16
1.146892483901378e-15
2.880237273982532e-15
7.228565719097225e-15
1.812934606657287e-14
4.543658016612711e-14
1.137914248630575e-13
2.847608991383962e-13
7.120398441908847e-13
1.778964745774473e-12
4.440740475432872e-12
1.107527321136343e-11
2.759629821121088e-11
6.869600284149757e-11
1.708379158096196e-10
4.244226252054245e-10
1.053332545764500e-09
2.611433741599854e-09
6.467496254955521e-09
1.600067607657647e-08
3.954502881949245e-08
9.763589618965189e-08
2.408303224504008e-07
5.935062653809879e-07
1.461470360835536e-06
3.596283888058142e-06
8.844580827712878e-06
2.174338038885004e-05
5.344285491548639e-05
1.313566279812495e-04
3.229268191172752e-04
7.941862612155237e-04
1.954047704219697e-03
4.808855072775953e-03
1.182539048213982e-02
2.897511047134282e-02
7.022120327322723e-02
1.652756594194829e-01
3.618729808879609e-01
6.735905433851950e-01
9.390098970014058e-01
9.990921906340920e-01
9.999999768851815e-01
1.000000000000000e+00
1.000000000000000e+00
1.000000000000000e+00
1.000000000000000e+00
1.000000000000000e+00
1.000000000000000e+00
1.000000000000000e+00
1.000000000000000e+00
1.000000000000000e+00
1.000000000000000e+00
###4.000000000000000e-01
1.975374237886396e-11
1.100566793569049e-12
3.069252957176269e-12
2.675371621478592e-12
-1.195259264308872e-12
-7.199163683900437e-12
8.550273834011963e-13
-2.360961622897951e-11
-1.431562333122810e-12
-9.418550173671864e-13
1.668196061445846e-12
-1.360551407282765e-11
3.748649144495618e-12
6.152566643375441e-13
4.110087237103362e-12
4.669023757687844e-12
-5.747964579456385e-12
3.149687037538673e-12
-2.888247489140914e-12
5.443266662281410e-12
1.271640739056154e-11
1.609916593279625e-11
7.220829831433709e-12
2.360513440616500e-11
3.264762057074519e-11
4.167169414947886e-11
5.435730113196156e-11
7.420066417005549e-11
1.003982369740897e-10
1.364936745269823e-10
1.847005967570694e-10
2.426308065058510e-10
3.272866003757951e-10
4.365167927818469e-10
5.887380138738681e-10
7.747058529707814e-10
1.023552546385249e-09
1.363106592982692e-09
1.780652392217473e-09
2.372017878798278e-09
3.126860223571590e-09
4.071363506972323e-09
5.349923566708941e-09
7.026681341684018e-09
9.101675828118080e-09
1.185483996254220e-08
1.540836315792233e-08
2.008319185638833e-08
2.607453909877917e-08
3.412565718999820e-08
4.458433275131598e-08
5.863474423397273e-08
7.750649533767781e-08
1.039464415803444e-07
1.409558180386143e-07
1.930727702522506e-07
2.683117408662086e-07
3.819432474068873e-07
5.470324089504470e-07
8.002247767276184e-07
1.188805912258861e-06
1.773043288129029e-06
2.688223523027630e-06
4.097522636430676e-06
6.293006745046268e-06
9.699853230576339e-06
1.497079195593920e-05
2.316398032172328e-05
3.589996429632430e-05
5.565615044134245e-05
8.628385177739102e-05
1.336005350639808e-04
2.076841667966610e-04
3.240087838691497e-04
5.086406683075678e-04
8.059889215351105e-04
1.297662693392534e-03
2.129411444667684e-03
3.595598325272994e-03
6.306814528318522e-03
1.153431629128299e-02
2.206132341154029e-02
4.403648690174061e-02
9.063508034243065e-02
1.879091406937469e-01
3.744140795787725e-01
6.554119230705722e-01
8.972842620463551e-01
9.733308086528425e-01
9.999999768851815e-01
1.000000000000000e+00
1.000000000000000e+00
1.000000000000000e+00
1.000000000000000e+00
1.000000000000000e+00
1.000000000000000e+00
1.000000000000000e+00
1.000000000000000e+00
1.000000000000000e+00
1.000000000000000e+00
###8.000000000000000e-01
2.055668178972664e-11
3.051628901602560e-11
1.490518780344434e-11
6.161709420648664e-12
8.657492049104006e-12
2.981248392027549e-13
-3.022429052523669e-13
-2.409799438969907e-11
1.359510318751531e-11
-1.146378965865575e-13
2.307821246766722e-12
-5.522090835191162e-12
4.074343722507098e-12
4.546915189014324e-12
1.554853269972636e-11
1.128886578704830e-11
-8.384894188029332e-12
6.067323187103635e-12
3.079648816692886e-12
1.359967063617300e-11
2.518466721402618e-11
3.103664337448940e-11
3.615751604656674e-11
5.433564435091615e-11
6.816510212093218e-11
8.748271904014963e-11
1.153436609147489e-10
1.565504722993540e-10
2.131110876622385e-10
2.848600826544064e-10
3.868733713440152e-10
5.061235975586301e-10
6.791863424073561e-10
9.076816325670920e-10
1.208269085856953e-09
1.601462238507782e-09
2.111744383642379e-09
2.805760776424582e-09
3.664291375182991e-09
4.872240988780015e-09
6.474555484768504e-09
8.350450419609913e-09
1.098813098078337e-08
1.448335030603849e-08
1.876715639817817e-08
2.462135759420131e-08
3.208586856055727e-08
4.210442774216211e-08
5.501988347091436e-08
7.272053792180787e-08
9.614064043339676e-08
1.280955681439515e-07
1.721227729954755e-07
2.349529012943300e-07
3.234299939810128e-07
4.505503259313114e-07
6.361730660160959e-07
9.165166579564900e-07
1.328525275801158e-06
1.957883765637447e-06
2.915505518062915e-06
4.351627702194521e-06
6.609016099084205e-06
1.001772424618836e-05
1.530549414677812e-05
2.334212666179264e-05
3.580075945151887e-05
5.481303646118580e-05
8.410911792008742e-05
1.290408740282487e-04
1.974702780958547e-04
3.022496184687292e-04
4.622658606452714e-04
7.098935268659459e-04
1.093733572536638e-03
1.689638952004745e-03
2.634701446465096e-03
4.154602550353301e-03
6.656086520875948e-03
1.093699762918033e-02
1.848155806519202e-02
3.230701302808207e-02
5.862159200129434e-02
1.097271489172143e-01
2.083546269242420e-01
3.854930504142345e-01
6.406075416269252e-01
8.627811846069020e-01
9.507061905383537e-01
9.999999768851815e-01
1.000000000000000e+00
1.000000000000000e+00
1.000000000000000e+00
1.000000000000000e+00
1.000000000000000e+00
1.000000000000000e+00
1.000000000000000e+00
1.000000000000000e+00
1.000000000000000e+00
1.000000000000000e+00
###1.200000000000000e+00
4.119834604818267e-11
3.131617423538958e-11
1.346326642377120e-12
1.086181143359661e-11
2.243475627594599e-11
-1.086787543305870e-11
1.263565428812498e-11
-1.988396871054558e-11
3.375631702678191e-11
-9.889497293630879e-13
2.114493712385358e-11
-4.657154398725982e-12
9.741672321267350e-13
7.918425609044633e-12
1.859782368395554e-11
1.455871879308960e-11
-4.105056419707912e-12
1.113888218888609e-11
1.236258589932682e-11
2.053788117378620e-11
3.369391192297914e-11
4.694486795317956e-11
5.983753061179646e-11
8.271456993668273e-11
1.069294346903274e-10
1.414833702810594e-10
1.823379828933676e-10
2.484649943886480e-10
3.317887330334011e-10
4.462450802410608e-10
6.042852136513937e-10
7.907553985071971e-10
1.056906562623667e-09
1.409284771171353e-09
1.870791861252186e-09
2.484212877995512e-09
3.277351952373157e-09
4.333001569602430e-09
5.691144342266967e-09
7.513946222562570e-09
9.948109660917782e-09
1.294662197563005e-08
1.701609972109051e-08
2.240022155032452e-08
2.923983945685458e-08
3.861884361377097e-08
5.031225364793002e-08
6.688151419849203e-08
8.809408390428388e-08
1.174905265204224e-07
1.572457341849488e-07
2.121783181721540e-07
2.900692282144121e-07
4.012254802894287e-07
5.595573468194220e-07
7.908825139445215e-07
1.131093420600947e-06
1.641966431176322e-06
2.394468285282808e-06
3.545842527233266e-06
5.285321804842755e-06
7.894064648696025e-06
1.195435755791553e-05
1.804505939966747e-05
2.736730455694078e-05
4.145163103772209e-05
6.315899473961146e-05
9.580524668577797e-05
1.456397797859822e-04
2.214127081308274e-04
3.358280626410536e-04
5.092071973795303e-04
7.700166433898553e-04
1.168483432412373e-03
1.776847358064560e-03
2.703580489329781e-03
4.142583614795567e-03
6.372830341864107e-03
9.964856174508015e-03
1.582253366184999e-02
2.562142586408020e-02
4.255304493344500e-02
7.275177287800368e-02
1.276622608287032e-01
2.270080779423733e-01
3.955052451469245e-01
6.287338113268441e-01
8.343370367174641e-01
9.309941136462990e-01
9.999999768851815e-01
1.000000000000000e+00
1.000000000000000e+00
1.000000000000000e+00
1.000000000000000e+00
1.000000000000000e+00
1.000000000000000e+00
1.000000000000000e+00
1.000000000000000e+00
1.000000000000000e+00
1.000000000000000e+00
###1.600000000000000e+00
3.374328496745908e-11
4.647539204089412e-11
1.218474222389625e-12
1.012318612749978e-11
2.301322526850848e-11
-4.219707780113566e-11
6.782735712854510e-12
-2.492983367441641e-11
3.226896833200359e-11
2.243119904678818e-12
2.733847495544195e-11
-4.312958879049112e-12
2.809136570878106e-12
8.150260246156317e-12
2.241758110515348e-11
1.740288307020608e-11
-7.007147270077291e-12
1.941885183115856e-11
1.993074956111925e-11
3.256731102393406e-11
4.419371497296030e-11
5.998525677997279e-11
8.407161099838969e-11
1.138447417656307e-10
1.485621525952955e-10
1.953837863777876e-10
2.546098739193776e-10
3.507573548681720e-10
4.620273265468021e-10
6.206683310476773e-10
8.311606277590572e-10
1.088857701000289e-09
1.463662215423355e-09
1.946376663501500e-09
2.576522015363530e-09
3.424396255231208e-09
4.520006578913995e-09
5.954691369981218e-09
7.861575465671573e-09
1.033855475690647e-08
1.367459476252083e-08
1.790214175356489e-08
2.357866524437926e-08
3.107846055245062e-08
4.086490396415958e-08
5.419024249652360e-08
7.105929291701917e-08
9.531759135453760e-08
1.266722547730591e-07
1.705401633969533e-07
2.314070032837118e-07
3.156615559431199e-07
4.374244799292918e-07
6.118659227818187e-07
8.633729358677918e-07
1.234220011247169e-06
1.781553845658844e-06
2.600719035616987e-06
3.813354657233333e-06
5.646636957487481e-06
8.423864924849209e-06
1.257233863040188e-05
1.892728276477733e-05
2.847807075142021e-05
4.290267428328215e-05
6.466672572549740e-05
9.773039075767479e-05
1.471588170819455e-04
2.217511987611813e-04
3.342924085683948e-04
5.030321527257353e-04
7.559404375907198e-04
1.132762276736195e-03
1.701484110678034e-03
2.560006325912215e-03
3.847574860135736e-03
5.816599739080633e-03
8.816409974539051e-03
1.350903711842885e-02
2.093993466504882e-02
3.293384156019816e-02
5.278169264280872e-02
8.644926570710723e-02
1.445941692864312e-01
2.441730009268061e-01
4.047637747378936e-01
6.194092311683248e-01
8.109797575701962e-01
9.139769137049533e-01
9.999999768851815e-01
1.000000000000000e+00
1.000000000000000e+00
1.000000000000000e+00
1.000000000000000e+00
1.000000000000000e+00
1.000000000000000e+00
1.000000000000000e+00
1.000000000000000e+00
1.000000000000000e+00
1.000000000000000e+00
###2.000000000000000e+00
3.706428611499798e-11
7.475728244601416e-11
-5.677871778562038e-13
8.701692092088850e-12
2.246311587298906e-11
-4.914653651474982e-11
1.107106676017405e-11
-2.298477674865881e-11
3.051901795227763e-11
3.638396530517976e-12
2.832473023039536e-11
3.574690725986874e-12
4.402783679059357e-12
1.387442431178401e-11
2.418283368258654e-11
2.186136015274124e-11
-7.915181291395978e-13
2.987402510499498e-11
3.499600305263238e-11
4.019360569777889e-11
6.489917534667207e-11
7.501986565264069e-11
1.103312570848933e-10
1.476163019791653e-10
1.939329045251597e-10
2.567130406281276e-10
3.340481307176982e-10
4.538549018496033e-10
6.031646062391224e-10
8.048760255524388e-10
1.077352172458998e-09
1.419709458476146e-09
1.908128773231060e-09
2.523716504725633e-09
3.333061484903937e-09
4.430573614539025e-09
5.841308724508975e-09
7.702058226101446e-09
1.019526774038264e-08
1.338498363667352e-08
1.772843825146608e-08
2.332526550733904e-08
3.079566964725337e-08
4.069520710505473e-08
5.394016814362254e-08
7.189601495642517e-08
9.535790077895783e-08
1.284710419987888e-07
1.723104373496516e-07
2.345661045401850e-07
3.216525687941003e-07
4.439060264370083e-07
6.221833928151137e-07
8.790169489365389e-07
1.251841711483511e-06
1.804486299677532e-06
2.621624030052083e-06
3.841093640209692e-06
5.636898458847963e-06
8.353763294977638e-06
1.245365821744692e-05
1.854861690155805e-05
2.778284923591669e-05
4.163889136344975e-05
6.240677288467270e-05
9.349016196822102e-05
1.402755207807621e-04
2.099590863587257e-04
3.136540144912317e-04
4.693820067652367e-04
7.009570054787673e-04
1.044603481951904e-03
1.557093172497832e-03
2.310896062460841e-03
3.443990661671780e-03
5.122439978587498e-03
7.657584894731777e-03
1.145806153209039e-02
1.727781094546426e-02
2.627750858902531e-02
4.040043061863292e-02
6.299014557714810e-02
9.979265109368929e-02
1.606576151809827e-01
2.600989531703302e-01
4.134977110596230e-01
6.123071561544261e-01
7.919293993558689e-01
8.994660420982391e-01
9.999999768851815e-01
1.000000000000000e+00
1.000000000000000e+00
1.000000000000000e+00
1.000000000000000e+00
1.000000000000000e+00
1.000000000000000e+00
1.000000000000000e+00
1.000000000000000e+00
1.000000000000000e+00
1.000000000000000e+00
###2.400000000000000e+00
4.006325774037255e-11
7.468041433341659e-11
1.486951440719161e-12
-4.395047688758221e-13
2.616693806498379e-11
-4.124505326665382e-11
4.421684817730322e-11
-1.520826678489467e-11
3.281953147893210e-11
1.061809171946423e-11
1.577176506497747e-11
7.751751915678724e-12
3.662863999212289e-12
1.653388486010537e-11
2.885439786249851e-11
2.752020401039535e-11
7.812782498421590e-12
4.243918784722324e-11
4.522546541939066e-11
5.640167299075503e-11
7.902636982734048e-11
1.052600897686846e-10
1.377264886410585e-10
1.842090956433623e-10
2.410771741911745e-10
3.259317366371112e-10
4.192128621840734e-10
5.666294172130163e-10
7.561081553281989e-10
1.007403205689608e-09
1.341684832269449e-09
1.772298335590026e-09
2.375704742387269e-09
3.140830744872900e-09
4.144087671712135e-09
5.515982680023334e-09
7.264401388021891e-09
9.590186699070812e-09
1.271568804669203e-08
1.671088518202684e-08
2.218519159393236e-08
2.932126003594455e-08
3.885774735938771e-08
5.160656716684252e-08
6.883092148523456e-08
9.241828200215692e-08
1.237954635102385e-07
1.679429453887398e-07
2.273224433567241e-07
3.123611800439975e-07
4.330738779321902e-07
6.036245906105613e-07
8.540522656788860e-07
1.217287098915178e-06
1.746208643505160e-06
2.528312622334614e-06
3.688934223484554e-06
5.419762980374542e-06
7.948582057594677e-06
1.176794309414180e-05
1.751231997595133e-05
2.600023885055610e-05
3.878746231051189e-05
5.787367472602908e-05
8.630087307610494e-05
1.285267163898014e-04
1.915722256669709e-04
2.848933466441172e-04
4.226520191629969e-04
6.280662778161876e-04
9.314098431905542e-04
1.377792154124427e-03
2.035579026365843e-03
2.999158808977815e-03
4.431061038366254e-03
6.527999199638294e-03
9.661683145075650e-03
1.429239102757576e-02
2.125792009890836e-02
3.181713615720632e-02
4.801314442433163e-02
7.317761070630271e-02
1.128227156629748e-01
1.759796322280954e-01
2.750106973331587e-01
4.218885469456433e-01
6.071823133112131e-01
7.764989768254761e-01
8.872091400536189e-01
9.999999768851815e-01
1.000000000000000e+00
1.000000000000000e+00
1.000000000000000e+00
1.000000000000000e+00
1.000000000000000e+00
1.000000000000000e+00
1.000000000000000e+00
1.000000000000000e+00
1.000000000000000e+00
1.000000000000000e+00
###2.800000000000000e+00
-8.815667669993043e-11
7.664932916326146e-11
7.314938431954889e-11
4.766806513019611e-12
6.146382116599474e-12
-2.962149645157984e-11
4.249746520436260e-11
-2.217383850895825e-11
5.588982833562425e-11
1.490779100263920e-11
2.311066360706069e-11
9.717211926702438e-12
7.137999291751067e-13
2.038122901701240e-11
3.414758447742818e-11
3.674047091169433e-11
1.353257263262387e-11
4.859211834756806e-11
4.783765197317157e-11
7.117632557371449e-11
9.212566709939717e-11
1.258771939536818e-10
1.712495306968329e-10
2.249797343497751e-10
2.934878260689683e-10
3.938085275425928e-10
5.135416794661540e-10
6.891205690189754e-10
9.170589310892407e-10
1.216059615731173e-09
1.624665898845808e-09
2.151990425776110e-09
2.878389197953399e-09
3.807256605321181e-09
5.019117978710122e-09
6.686481637980751e-09
8.816920847796915e-09
1.168846992305586e-08
1.548103563373119e-08
2.039949969880062e-08
2.711517689782514e-08
3.603171332228444e-08
4.798740735096668e-08
6.409145599612660e-08
8.607370321396772e-08
1.164166546509519e-07
1.574890835992071e-07
2.151342193165917e-07
2.939039141758864e-07
4.075291773421707e-07
5.703266577330444e-07
8.017616807320676e-07
1.142965895248077e-06
1.639181760803453e-06
2.364275655932695e-06
3.435306869609277e-06
5.022792322398290e-06
7.386243539163322e-06
1.083075902217906e-05
1.600271873820310e-05
2.375283758271650e-05
3.514588947972149e-05
5.221710159965748e-05
7.755447794001142e-05
1.158558819703061e-04
1.718663797304855e-04
2.523743350424215e-04
3.731075701232973e-04
5.499698498913146e-04
8.120095939027152e-04
1.196219845822116e-03
1.757117474148667e-03
2.575772622405567e-03
3.768370746172022e-03
5.522875698495574e-03
8.065657799587976e-03
1.182884280323937e-02
1.731700319403728e-02
2.544601129613705e-02
3.755508749003816e-02
5.578696511685113e-02
8.334663806042332e-02
1.255855263540324e-01
1.906645279402597e-01
2.891051794055859e-01
4.300931453677411e-01
6.037708325099430e-01
7.641996987086859e-01
8.769944754303748e-01
9.999999768851815e-01
1.000000000000000e+00
1.000000000000000e+00
1.000000000000000e+00
1.000000000000000e+00
1.000000000000000e+00
1.000000000000000e+00
1.000000000000000e+00
1.000000000000000e+00
1.000000000000000e+00
1.000000000000000e+00
###3.200000000000000e+00
-8.057341577592603e-11
7.762848447461720e-11
6.281838862634297e-11
2.990494160515369e-12
4.146553051074127e-11
-4.549547536941714e-11
9.079020052515919e-11
-1.457753950810025e-11
5.884681608643584e-11
2.696433690296249e-11
3.440285972291893e-11
-5.546305766196523e-11
1.190605516746227e-11
2.508841736798753e-11
3.519866803742252e-11
4.548266059360185e-11
3.572607621588399e-11
6.447529718366019e-11
6.200149013766059e-11
8.966789597440539e-11
1.160818823764360e-10
1.602603078146688e-10
2.085474996211423e-10
2.690638520092851e-10
3.541493799166322e-10
4.720272082602774e-10
6.164751858763427e-10
8.209938579967486e-10
1.103834765245143e-09
1.454199488679470e-09
1.935371199186104e-09
2.564571239962094e-09
3.421833063127319e-09
4.530825746108225e-09
5.980707071097813e-09
7.962977038983767e-09
1.051338077393528e-08
1.394358825151390e-08
1.855233702287797e-08
2.453771557358307e-08
3.271801768936020e-08
4.366377558178383e-08
5.847843256166892e-08
7.853642074237543e-08
1.063254734173853e-07
1.446476010551050e-07
1.975016567165748e-07
2.720570530279819e-07
3.755409872158529e-07
5.234386420523693e-07
7.386088658292634e-07
1.047200973121025e-06
1.500519645550160e-06
2.162219514922017e-06
3.129984118368798e-06
4.557017942411943e-06
6.671481852510659e-06
9.799902841109432e-06
1.436995139909093e-05
2.118252911949925e-05
3.134775573508805e-05
4.620963577212718e-05
6.838540711336467e-05
1.011216361594011e-04
1.498964963722478e-04
2.224026773442288e-04
3.237132054107875e-04
4.757611200423063e-04
6.971434747598557e-04
1.022847259812661e-03
1.497458496407357e-03
2.184642631050775e-03
3.180970464236709e-03
4.620817832560797e-03
6.721461580650229e-03
9.742267943638035e-03
1.415748455146210e-02
2.052775387107299e-02
2.983509690539943e-02
4.348666851950857e-02
6.368791568521094e-02
9.351254263206382e-02
1.380989857765408e-01
2.048167004426690e-01
3.025435295628783e-01
4.382047725730602e-01
6.018822510249752e-01
7.545887414640621e-01
8.685611915255282e-01
9.999999768851815e-01
1.000000000000000e+00
1.000000000000000e+00
1.000000000000000e+00
1.000000000000000e+00
1.000000000000000e+00
1.000000000000000e+00
1.000000000000000e+00
1.000000000000000e+00
1.000000000000000e+00
1.000000000000000e+00
###3.600000000000000e+00
-7.729995941804194e-11
1.039279226731626e-10
1.700428027144654e-11
2.014667519919521e-11
4.490464485952532e-11
-4.675230535476966e-11
9.718116698830075e-11
1.137911646664241e-12
3.738928832426484e-11
2.838798131500761e-11
4.272956354532356e-11
-4.444240761125723e-11
2.388696039286001e-11
3.207878357934335e-11
4.244075781582132e-11
5.000725177210949e-11
5.003377453399591e-11
7.725860505106256e-11
7.689933185784188e-11
1.176061013731597e-10
1.406979314476812e-10
1.908374541281350e-10
2.465397032774324e-10
3.199023926861548e-10
4.182162291712611e-10
5.569252902414542e-10
7.265900495433184e-10
9.662069981515681e-10
1.293838617802483e-09
1.706857821166428e-09
2.271192236788452e-09
3.006542963174886e-09
4.010012873510022e-09
5.309732619375998e-09
7.020248465323501e-09
9.355174369093853e-09
1.238198839186117e-08
1.646735023698706e-08
2.194655298343415e-08
2.917913660734770e-08
3.908254874395531e-08
5.249014076652490e-08
7.062164864488181e-08
9.549019895490719e-08
1.301669922185102e-07
1.782962407788637e-07
2.456300218451859e-07
3.408321854418444e-07
4.745432923062918e-07
6.652093279889896e-07
9.444452010099202e-07
1.347613744190606e-06
1.938986888521460e-06
2.803347799244079e-06
4.068569019271404e-06
5.929636247094542e-06
8.683433377656822e-06
1.273809215328026e-05
1.881594408386702e-05
2.743508446895650e-05
4.045891373309824e-05
5.941368097035065e-05
8.758930404747512e-05
1.289275238808595e-04
1.898748057302122e-04
2.797223857850813e-04
4.061894168818837e-04
5.939076771160533e-04
8.653331178568474e-04
1.262260972070625e-03
1.837126995910953e-03
2.662967629242315e-03
3.852487884821511e-03
5.559589902890676e-03
8.028732860142912e-03
1.155394186345417e-02
1.664802598436123e-02
2.392312840624523e-02
3.442083957462331e-02
4.960156867688181e-02
7.171086987288147e-02
1.036760614084020e-01
1.504003386411523e-01
2.185131719382899e-01
3.154625945776101e-01
4.463239341875316e-01
6.013243734427897e-01
7.472576554966184e-01
8.617772538811224e-01
9.999999768851815e-01
1.000000000000000e+00
1.000000000000000e+00
1.000000000000000e+00
1.000000000000000e+00
1.000000000000000e+00
1.000000000000000e+00
1.000000000000000e+00
1.000000000000000e+00
1.000000000000000e+00
1.000000000000000e+00
###4.000000000000000e+00
-8.495810469549833e-11
1.126023276022074e-10
2.001008114761852e-11
7.152377076363851e-12
4.782980836091606e-11
-1.363863783386542e-11
1.017273136683562e-10
6.599542811255779e-12
4.448186768702582e-11
5.001219250236499e-11
4.387119302242820e-11
-6.477116796558177e-11
2.758297947912702e-11
2.744577272218868e-11
5.084962112565036e-11
5.648988205883505e-11
6.584750527257701e-11
8.969000300315963e-11
8.128270834594813e-11
1.391250586167332e-10
1.617128951544572e-10
2.220967493820437e-10
2.866181905558895e-10
3.738867182129938e-10
4.872269621214670e-10
6.468480406852364e-10
8.428511506298746e-10
1.123533571145948e-09
1.500156502818760e-09
1.984354132609597e-09
2.630817274551100e-09
3.489651490314849e-09
4.648206071079958e-09
6.162992571290844e-09
8.169990429725164e-09
1.090832155643243e-08
1.444625162101585e-08
1.927404739106227e-08
2.580206837347069e-08
3.447995778217632e-08
4.637794058556196e-08
6.265859482550357e-08
8.476977288146088e-08
1.154387945039358e-07
1.584141804414527e-07
2.185431886661554e-07
3.032838033135948e-07
4.235175106588658e-07
5.943119304458470e-07
8.373496535809019e-07
1.195385758933443e-06
1.713835044738545e-06
2.472457070128617e-06
3.584117164407439e-06
5.204431203680444e-06
7.589891337575734e-06
1.111058721071431e-05
1.625450974649994e-05
2.392655046176565e-05
3.488333324255059e-05
5.127300113956786e-05
7.500078684155142e-05
1.101281443252673e-04
1.614188066326341e-04
2.363024444810406e-04
3.460195204797981e-04
5.009351793887338e-04
7.288041272028232e-04
1.056149147187986e-03
1.532172396314455e-03
2.217208451599623e-03
3.194503432014613e-03
4.593013504716796e-03
6.588933224796690e-03
9.447668359476779e-03
1.350168835493113e-02
1.929363119779741e-02
2.750054361502152e-02
3.919817014234940e-02
5.589547656158058e-02
7.985338193008150e-02
1.138484996662787e-01
1.625373020208665e-01
2.318419961295706e-01
3.279683262712621e-01
4.544956909517424e-01
6.019364424902629e-01
7.418897020313185e-01
8.564367407219537e-01
9.999999768851815e-01
1.000000000000000e+00
1.000000000000000e+00
1.000000000000000e+00
1.000000000000000e+00
1.000000000000000e+00
1.000000000000000e+00
1.000000000000000e+00
1.000000000000000e+00
1.000000000000000e+00
1.000000000000000e+00
###4.399999999999999e+00
-5.227963511301046e-11
1.631446773089444e-10
1.120419352064449e-11
-3.452165952510275e-12
4.271072624143969e-11
-1.496712206595200e-11
1.122717928858668e-10
-1.198749442350815e-12
5.687457167152531e-11
5.078355903202586e-11
8.386663661888352e-11
-5.516623319584866e-11
3.814982413084498e-11
3.489421807017347e-11
5.861593372648419e-11
6.684863711692384e-11
8.122922215006935e-11
9.739209509120809e-11
8.636888179842164e-11
1.675311963994321e-10
1.907778355125900e-10
2.562290781754571e-10
3.199798677100793e-10
4.359624506331482e-10
5.644254349157167e-10
7.449985344254480e-10
9.756762004389671e-10
1.293598445845163e-09
1.723855315715504e-09
2.281927633024216e-09
3.024304515009346e-09
4.015848726633943e-09
5.347180374208816e-09
7.101538744804959e-09
9.428021880507668e-09
1.263814921355295e-08
1.678687624408269e-08
2.244267914884308e-08
3.020078703941197e-08
4.055125429390117e-08
5.484750519155800e-08
7.447200622890225e-08
1.014088794805400e-07
1.389638954648892e-07
1.920043880871492e-07
2.666082057951236e-07
3.723072770481403e-07
5.236108437905443e-07
7.395355056422579e-07
1.045871147565836e-06
1.498755956963349e-06
2.158358199985176e-06
3.116372112357223e-06
4.533663643648233e-06
6.569237910948548e-06
9.581836940366163e-06
1.401123188912783e-05
2.044251120564139e-05
2.999304151611183e-05
4.366573453109865e-05
6.398965619809517e-05
9.324039890506083e-05
1.363878075771962e-04
1.990532658498530e-04
2.898208448344363e-04
4.220901915074923e-04
6.090404571552237e-04
8.815839346033975e-04
1.270954872607861e-03
1.834121746082782e-03
2.639890837873460e-03
3.781674734307350e-03
5.405454576369336e-03
7.709430236850501e-03
1.098039580169339e-02
1.558810061050912e-02
2.210012773918924e-02
3.126187935804905e-02
4.416580435663047e-02
6.236657305058030e-02
8.811789807999451e-02
1.240395407814589e-01
1.745296147172644e-01
2.448666818508347e-01
3.401441570193193e-01
4.627646606605971e-01
6.035951990427934e-01
7.382285038056053e-01
8.524196248041711e-01
9.999999768851815e-01
1.000000000000000e+00
1.000000000000000e+00
1.000000000000000e+00
1.000000000000000e+00
1.000000000000000e+00
1.000000000000000e+00
1.000000000000000e+00
1.000000000000000e+00
1.000000000000000e+00
1.000000000000000e+00
###4.800000000000000e+00
-5.534473224188270e-11
1.497219580635851e-10
2.611155658494528e-11
4.391499782992433e-11
8.083692662349558e-11
-1.321101684313277e-11
1.277121880265991e-10
-9.117596941351850e-13
7.411069445256510e-11
5.814885337982856e-11
1.111415237286234e-10
-3.192364891514969e-11
5.426561522251822e-11
6.296448250356377e-11
6.871063589373647e-11
8.531004741285120e-11
1.010854553636016e-10
1.185957356228194e-10
1.153417402685966e-10
1.961549236457676e-10
1.877164372945516e-10
2.985066529403781e-10
3.981075351603704e-10
4.982443278927150e-10
6.471489924721145e-10
8.549991917495100e-10
1.119196217288433e-09
1.479261613679672e-09
1.971270661098007e-09
2.611084802445410e-09
3.468197223393572e-09
4.619773437294940e-09
6.184082917568000e-09
8.260260672735677e-09
1.084910470490942e-08
1.459244897412983e-08
1.943666272985119e-08
2.606462052085312e-08
3.524376674409949e-08
4.759585731506706e-08
6.472946482124445e-08
8.835646870040542e-08
1.210779073298839e-07
1.668748815505768e-07
2.320241286356505e-07
3.240957433373333e-07
4.553455880051053e-07
6.436912744267579e-07
9.136026188488896e-07
1.296442745832449e-06
1.864308951556368e-06
2.691783946390645e-06
3.890938128291702e-06
5.665651114700032e-06
8.199464433111012e-06
1.194972753972123e-05
1.745263823203512e-05
2.539906731023346e-05
3.712928053823297e-05
5.395630874819538e-05
7.881080373421468e-05
1.144287858428111e-04
1.667236129608709e-04
2.423139016812587e-04
3.510903222966355e-04
5.087320540222178e-04
7.314396921641014e-04
1.053579004289303e-03
1.511407306113187e-03
2.170158222181656e-03
3.106149674348892e-03
4.426830157561080e-03
6.291996688357802e-03
8.923533312594711e-03
1.262937719551224e-02
1.781366535316477e-02
2.507011687033494e-02
3.520314699933990e-02
4.932172209294586e-02
6.901327222842371e-02
9.646728535924390e-02
1.342576799751603e-01
1.864042070501275e-01
2.576370554712143e-01
3.520919922527985e-01
4.711714217525508e-01
6.061922530707099e-01
7.360714678410888e-01
8.495483587399854e-01
9.999999768851815e-01
1.000000000000000e+00
1.000000000000000e+00
1.000000000000000e+00
1.000000000000000e+00
1.000000000000000e+00
1.000000000000000e+00
1.000000000000000e+00
1.000000000000000e+00
1.000000000000000e+00
1.000000000000000e+00
###5.200000000000000e+00
-2.090519463872426e-11
1.241585708665853e-10
2.187855859365103e-11
4.781801969690781e-11
8.056541315388794e-11
-1.102746772621890e-11
1.341717942963644e-10
1.680776652561287e-11
7.611671810616927e-11
7.182148532140957e-11
1.153492262417814e-10
-1.481368227559685e-11
6.467354267286943e-11
8.017345297532991e-11
8.446494034947394e-11
1.030920426464000e-10
1.185909745947314e-10
1.387856501870722e-10
1.413422141059332e-10
2.234389570148819e-10
2.280149962047268e-10
3.476628121945348e-10
4.484941739982981e-10
5.668097201153129e-10
7.370046355184661e-10
9.715182444843866e-10
1.273625536870154e-09
1.679919332203452e-09
2.234604533204193e-09
2.969558083136848e-09
3.943307897586016e-09
5.264591012038089e-09
7.047322020685573e-09
9.422685789633915e-09
1.245259580437699e-08
1.679348125111344e-08
2.243776326351808e-08
3.021329591014819e-08
4.104897317686487e-08
5.575188620632368e-08
7.626360160909717e-08
1.047278223338874e-07
1.441968964069050e-07
1.999929718527177e-07
2.797217769389277e-07
3.927260609508954e-07
5.545947101668957e-07
7.874094294433277e-07
1.120955497091099e-06
1.595929719984206e-06
2.301401835007228e-06
3.329387749746028e-06
4.814528624398536e-06
7.002885725516587e-06
1.013318050802826e-05
1.474501000082536e-05
2.149478870030619e-05
3.120795996391798e-05
4.546087117431437e-05
6.592841875671139e-05
9.593880859691389e-05
1.388815713863941e-04
2.015246347530032e-04
2.917220099294734e-04
4.207230072131687e-04
6.067289740167283e-04
8.691701684046973e-04
1.245995386201910e-03
1.779162787550802e-03
2.542094303236871e-03
3.619154924203927e-03
5.132491368874073e-03
7.255994541955304e-03
1.023393359682722e-02
1.439623729744672e-02
2.017925033369877e-02
2.820748390390680e-02
3.932599566984565e-02
5.466598740548839e-02
7.582165317542415e-02
1.049410548997773e-01
1.445086515083235e-01
1.981984623751264e-01
2.702089448771638e-01
3.638449373904449e-01
4.797237345178761e-01
6.096187148357740e-01
7.351919628274981e-01
8.476820876003208e-01
9.999999768851815e-01
1.000000000000000e+00
1.000000000000000e+00
1.000000000000000e+00
1.000000000000000e+00
1.000000000000000e+00
1.000000000000000e+00
1.000000000000000e+00
1.000000000000000e+00
1.000000000000000e+00
1.000000000000000e+00
###5.600000000000001e+00
-2.403463689203878e-11
4.935665218839527e-11
2.544717680159753e-11
4.280412111297780e-11
9.651936141638605e-11
4.336884095497588e-12
1.446174950658843e-10
3.293046777577455e-11
8.002787296381451e-11
8.549418551803835e-11
1.282772776285486e-10
2.695219344864662e-12
8.221026417287923e-11
9.226256615266697e-11
1.034347765347364e-10
1.191169603708167e-10
1.391411435835142e-10
1.636897623654395e-10
1.715993658678926e-10
2.550247115409445e-10
2.697049088500489e-10
3.953204607180251e-10
5.064377998568068e-10
6.456252211825523e-10
8.357633260170196e-10
1.099545414778991e-09
1.442712781753546e-09
1.903667836427833e-09
2.527855453693738e-09
3.363262854248013e-09
4.469539674132699e-09
5.977474350169140e-09
8.008049923450301e-09
1.072516925229080e-08
1.426144641397673e-08
1.926836979029659e-08
2.588933528431848e-08
3.504475804089808e-08
4.779831383262873e-08
6.525936731172826e-08
8.979758918317459e-08
1.239719504027600e-07
1.716317728512220e-07
2.394372040931407e-07
3.364461529944691e-07
4.748448260728686e-07
6.728480888017038e-07
9.582440644785895e-07
1.368567066793496e-06
1.953379272661671e-06
2.821910804994107e-06
4.084574129636214e-06
5.907616583616259e-06
8.581576831802719e-06
1.241303730811825e-05
1.802100072015633e-05
2.618684908430473e-05
3.797610766578013e-05
5.513278496055461e-05
7.977130564634854e-05
1.156399607345348e-04
1.668988121373345e-04
2.411711973196350e-04
3.478128485943473e-04
4.994245612774367e-04
7.169510712330853e-04
1.023405799364138e-03
1.460244270390818e-03
2.075739564259646e-03
2.952073198463007e-03
4.181320463199466e-03
5.901524515483976e-03
8.299219430359541e-03
1.164319733850391e-02
1.628464698099819e-02
2.269304333857804e-02
3.150727343371173e-02
4.363043131011435e-02
6.019614604315764e-02
8.280229345608531e-02
1.135462571694697e-01
1.548094768393343e-01
2.099311800545233e-01
2.826299199109298e-01
3.754808081242473e-01
4.884468179655339e-01
6.137915768813317e-01
7.354177854067853e-01
8.466947350131626e-01
9.999999768851815e-01
1.000000000000000e+00
1.000000000000000e+00
1.000000000000000e+00
1.000000000000000e+00
1.000000000000000e+00
1.000000000000000e+00
1.000000000000000e+00
1.000000000000000e+00
1.000000000000000e+00
1.000000000000000e+00
###6.000000000000001e+00
-8.801862507083171e-11
4.543258279028266e-11
3.017750377302863e-11
5.420263750865971e-11
3.772432502639623e-11
6.246476171051808e-11
1.397715835683991e-10
2.053694778738131e-11
8.389086395357568e-11
1.135544285866521e-10
1.316079076126517e-10
2.449485527105149e-11
8.812108361161650e-11
1.079949038360689e-10
1.243566926952764e-10
2.038960676745119e-10
1.545454635227388e-10
1.501293725597366e-10
1.970117122012621e-10
2.838149487032270e-10
3.107718717420344e-10
4.462257443234097e-10
5.666949329013310e-10
7.263717951772936e-10
9.387564841031699e-10
1.235041021863453e-09
1.622644905597531e-09
2.144107804908098e-09
2.849686981524000e-09
3.792527768482513e-09
5.051740065521702e-09
6.774018640533318e-09
9.083612246083336e-09
1.220203754831909e-08
1.632051818465563e-08
2.212447735481710e-08
2.985797071260937e-08
4.068528338737358e-08
5.567577970090902e-08
7.638907005003556e-08
1.056922360053341e-07
1.466995035244338e-07
2.040395572602635e-07
2.861288629095769e-07
4.039353630785940e-07
5.720208717495725e-07
8.133347782778771e-07
1.161238302416669e-06
1.661888741059463e-06
2.376342135190809e-06
3.442623140106790e-06
4.976086979059787e-06
7.191996063847294e-06
1.043234902705564e-05
1.507432947767671e-05
2.184177648421896e-05
3.166789025183822e-05
4.580395424833998e-05
6.629404057165334e-05
9.563977867079796e-05
1.381743941030896e-04
1.987712166903228e-04
2.861427773246023e-04
4.111381897370749e-04
5.879641991113542e-04
8.403258060309207e-04
1.195174377568733e-03
1.697785863558856e-03
2.402754844577506e-03
3.401692177531429e-03
4.795250011376542e-03
6.735964061029343e-03
9.425831108133826e-03
1.315516891413870e-02
1.829736894615962e-02
2.535227753670867e-02
3.497485304890045e-02
4.811829090153169e-02
6.591380157309758e-02
8.995689518278867e-02
1.222820514309238e-01
1.651637159282124e-01
2.216286639228821e-01
2.949343942088514e-01
3.870296603541455e-01
4.973541598073004e-01
6.186171191357878e-01
7.366213766852725e-01
8.465154011271313e-01
9.999999768851815e-01
1.000000000000000e+00
1.000000000000000e+00
1.000000000000000e+00
1.000000000000000e+00
1.000000000000000e+00
1.000000000000000e+00
1.000000000000000e+00
1.000000000000000e+00
1.000000000000000e+00
1.000000000000000e+00
###6.400000000000001e+00
-3.670623404612306e-11
5.327912929650499e-11
3.034223405826835e-11
5.260810665756205e-11
4.051526018437394e-11
6.674016026444155e-11
1.569068639625340e-10
1.844425931843378e-11
8.406628915063841e-11
9.349268549783926e-11
1.340264112321032e-10
3.416863687258486e-11
9.694040097716823e-11
1.168208438493870e-10
1.305387625289843e-10
2.124159618813604e-10
1.746613388198091e-10
1.708554110190423e-10
2.216321343050993e-10
3.150065090009153e-10
3.588179605116570e-10
4.999821661883299e-10
6.325211868767691e-10
8.114138702768631e-10
1.049091866942199e-09
1.382131157705907e-09
1.819829370952963e-09
2.406001092668756e-09
3.206010405467106e-09
4.271106561380527e-09
5.700309795546339e-09
7.670766434371187e-09
1.030166095414999e-08
1.388175486376378e-08
1.866464433848105e-08
2.543325021619854e-08
3.445940748122978e-08
4.722479597055141e-08
6.485843255142271e-08
8.943908322138528e-08
1.243833455555406e-07
1.735085978190183e-07
2.423851516148977e-07
3.413108828394420e-07
4.838022516609404e-07
6.874835466879424e-07
9.797251260554932e-07
1.401307479752727e-06
2.008218909396028e-06
2.875001796346280e-06
4.168098943854629e-06
6.020825238811314e-06
8.694691848416627e-06
1.259168468850062e-05
1.816982141938448e-05
2.626906673383510e-05
3.799999310835644e-05
5.481623085742775e-05
7.909360428267573e-05
1.137709264743176e-04
1.638338964349241e-04
2.349089509471698e-04
3.368987881116549e-04
4.823401313799965e-04
6.870007898989377e-04
9.779274317122169e-04
1.385662972591924e-03
1.960027085851447e-03
2.762303716591715e-03
3.893521516673939e-03
5.463151028890666e-03
7.639175572870647e-03
1.063773380696758e-02
1.477180709205607e-02
2.043635752743005e-02
2.815664889285494e-02
3.861257424187027e-02
5.278904570661675e-02
7.182543818746086e-02
9.728453450788058e-02
1.311595241853911e-01
1.755934128188971e-01
2.333109549126426e-01
3.071569997415844e-01
3.985291485061596e-01
5.064460051462562e-01
6.240338275274001e-01
7.386769204551882e-01
8.469958015016128e-01
9.999999768851815e-01
1.000000000000000e+00
1.000000000000000e+00
1.000000000000000e+00
1.000000000000000e+00
1.000000000000000e+00
1.000000000000000e+00
1.000000000000000e+00
1.000000000000000e+00
1.000000000000000e+00
1.000000000000000e+00
###6.800000000000002e+00
-3.612611459741142e-11
6.088182360922029e-11
3.866599757728166e-11
6.432691145172551e-11
4.738816629747189e-11
5.211365396198527e-11
8.337800969851256e-11
1.281724044266722e-11
1.067528347443255e-10
9.970187118625613e-11
1.371870928230408e-10
4.165121137400229e-11
1.207939618492387e-10
1.314458673890879e-10
1.432377761113514e-10
2.359173306684314e-10
1.931863548329866e-10
1.936963700754621e-10
2.530060366235240e-10
3.477414936518343e-10
4.022354381667676e-10
5.524124429443048e-10
7.028718665313491e-10
9.046853565297117e-10
1.172370245568819e-09
1.546706720060941e-09
2.037475706086999e-09
2.700500415104701e-09
3.599869643968176e-09
4.807589469679989e-09
6.433202023738090e-09
8.679992005684916e-09
1.168903393895330e-08
1.580636849533659e-08
2.136594281787290e-08
2.924126204304871e-08
3.979980460082284e-08
5.484802918568420e-08
7.558176093704277e-08
1.047406224654857e-07
1.463661642421948e-07
2.051412591181711e-07
2.875971417424809e-07
4.063843557963929e-07
5.780234469601907e-07
8.232567830480199e-07
1.175591270177617e-06
1.683316760624605e-06
2.415548108818540e-06
3.459699385728943e-06
5.013720733141258e-06
7.239475791889719e-06
1.044250584495826e-05
1.509444485644641e-05
2.174945467811969e-05
3.137132798884093e-05
4.526901554390814e-05
6.512383824618028e-05
9.370205956268133e-05
1.343772929640955e-04
1.928679309240395e-04
2.756919846224405e-04
3.939448577143389e-04
5.620267254605858e-04
7.973641154759076e-04
1.130696094426480e-03
1.596162059838460e-03
2.248620456745445e-03
3.155878731871769e-03
4.429436246185497e-03
6.187591194874706e-03
8.613285741567138e-03
1.193837344820042e-02
1.649682942274562e-02
2.270589007969874e-02
3.110992984259929e-02
4.242279651245574e-02
5.764661732049770e-02
7.792697620372127e-02
1.047917960021941e-01
1.401785755480892e-01
1.860953882721171e-01
2.449983071277357e-01
3.193250454890374e-01
4.100143909593593e-01
5.157147407837775e-01
6.299629181497417e-01
7.414904572235628e-01
8.480579302522663e-01
9.999999768851815e-01
1.000000000000000e+00
1.000000000000000e+00
1.000000000000000e+00
1.000000000000000e+00
1.000000000000000e+00
1.000000000000000e+00
1.000000000000000e+00
1.000000000000000e+00
1.000000000000000e+00
1.000000000000000e+00
###7.200000000000002e+00
-3.014718940448283e-11
4.977003180322362e-11
3.061108622803738e-11
7.144584474850903e-11
7.626626241022624e-11
5.257464208150603e-11
7.901969069715904e-11
1.408899359643905e-11
1.107942635760193e-10
9.859434163032743e-11
1.379881233785524e-10
5.559749358327093e-11
1.262635524319239e-10
1.430174671289387e-10
1.694681908756622e-10
2.455488713014087e-10
2.127881266359490e-10
2.123497546646800e-10
2.824308034376197e-10
3.812418625398345e-10
4.517489236159183e-10
6.106005894575130e-10
7.797929733016367e-10
1.006391699400165e-09
1.306947815328200e-09
1.724476753150869e-09
2.278803275449576e-09
3.024145206580455e-09
4.041674586677413e-09
5.417375630898451e-09
7.260253064957468e-09
9.816694616550274e-09
1.327840040801340e-08
1.801003208045133e-08
2.447933961099794e-08
3.359259655161291e-08
4.600934977433527e-08
6.374310073898383e-08
8.816592443870195e-08
1.227258189949885e-07
1.721984660847205e-07
2.421737271779261e-07
3.407758254482346e-07
4.830095974467237e-07
6.887297626719529e-07
9.831482063614274e-07
1.405552063556135e-06
2.014422366584721e-06
2.891527674756358e-06
4.141049533975540e-06
5.997049928644901e-06
8.653972077085903e-06
1.246633754218934e-05
1.798888452565028e-05
2.586706640233788e-05
3.722468606774963e-05
5.354404014127449e-05
7.687990145539928e-05
1.102800582156144e-04
1.576961284228733e-04
2.255888023381134e-04
3.215098328221834e-04
4.577860748249535e-04
6.508209113950151e-04
9.199661451335663e-04
1.299719766538137e-03
1.827897091515451e-03
2.564889128424277e-03
3.585406043063124e-03
5.011821289012286e-03
6.971416392320143e-03
9.661568384305836e-03
1.333148222721483e-02
1.833395521410194e-02
2.510802060146132e-02
3.421919447602271e-02
4.640704860862221e-02
6.269285593950358e-02
8.421880772665667e-02
1.124790172866842e-01
1.493480581846137e-01
1.966902246543293e-01
2.567094095939454e-01
3.314782801639087e-01
4.215127177585639e-01
5.251626218007045e-01
6.363571892736368e-01
7.449254810038455e-01
8.496987419248526e-01
9.999999768851815e-01
1.000000000000000e+00
1.000000000000000e+00
1.000000000000000e+00
1.000000000000000e+00
1.000000000000000e+00
1.000000000000000e+00
1.000000000000000e+00
1.000000000000000e+00
1.000000000000000e+00
1.000000000000000e+00
###7.600000000000002e+00
-1.015869839902464e-10
5.771973472861806e-11
1.152903963727385e-11
5.889285049024368e-11
7.379966795579974e-11
5.263500489328343e-11
8.896338089646663e-11
2.153948921815965e-11
1.102463068894923e-10
1.008147489185341e-10
1.418280386346557e-10
4.891661389686134e-11
1.413290672730264e-10
1.601083492458346e-10
1.806894635703821e-10
2.578579367417288e-10
2.413524899684796e-10
2.385780407352770e-10
3.138417208670411e-10
3.897336960449792e-10
5.058669143934428e-10
6.748491667919919e-10
8.640690323201088e-10
1.101597411913590e-09
1.459123937228978e-09
1.922565839641238e-09
2.545647341284140e-09
3.386081480667283e-09
4.537289234043905e-09
6.096845646267003e-09
8.197437305959075e-09
1.111563330173275e-08
1.508804805084200e-08
2.055162124617208e-08
2.809368497021307e-08
3.865797296076403e-08
5.324653752758192e-08
7.411609849516310e-08
1.028857660439128e-07
1.437695036705594e-07
2.024865008887476e-07
2.856168856458729e-07
4.031279876608490e-07
5.729079502514662e-07
8.186210272418729e-07
1.170310908274491e-06
1.674611318376919e-06
2.400851250344813e-06
3.445822109081133e-06
4.934334451920289e-06
7.136504903804467e-06
1.028962167226816e-05
1.479780294955316e-05
2.131486365473395e-05
3.058580456004323e-05
4.391072655417061e-05
6.296880866766680e-05
9.021747395664045e-05
1.290435533992541e-04
1.839825613936968e-04
2.623820343437832e-04
3.727597374824262e-04
5.289419125554885e-04
7.494602969552838e-04
1.055669147238967e-03
1.485980138880348e-03
2.082305306580391e-03
2.910716953992073e-03
4.052894609045797e-03
5.642546056814864e-03
7.816669801499428e-03
1.078679156043834e-02
1.481854423066551e-02
2.028560451691850e-02
2.764625655933171e-02
3.748590087036355e-02
5.056775743043676e-02
6.792788481038346e-02
9.070463644456649e-02
1.203465671359514e-01
1.586697921789652e-01
2.073798823366927e-01
2.684535391821267e-01
3.436257038792301e-01
4.330252575764200e-01
5.348042443533899e-01
6.431570631291439e-01
7.489392203458437e-01
8.518030600172790e-01
9.999999768851815e-01
1.000000000000000e+00
1.000000000000000e+00
1.000000000000000e+00
1.000000000000000e+00
1.000000000000000e+00
1.000000000000000e+00
1.000000000000000e+00
1.000000000000000e+00
1.000000000000000e+00
1.000000000000000e+00
###8.000000000000002e+00
-9.835306565791085e-11
5.373479395474392e-11
8.936642204688244e-12
6.080372007741333e-11
7.578724757849080e-11
6.200649786076167e-11
9.760081492635249e-11
1.261625510483526e-11
1.204046660160891e-10
9.660409128656093e-11
1.431440663614414e-10
6.758675995193860e-11
1.498502544633323e-10
1.681589918297531e-10
1.926641542743845e-10
2.681281308310275e-10
2.619498115347473e-10
2.659649131409192e-10
3.498505646461793e-10
4.301100042283547e-10
5.599296658834077e-10
7.468493340546515e-10
9.553674234179387e-10
1.223923543051849e-09
1.620906119009026e-09
2.142527792400994e-09
2.840422358598932e-09
3.791392618726740e-09
5.093506567944867e-09
6.867251947285447e-09
9.264424243415263e-09
1.260107650749881e-08
1.717113839454038e-08
2.349428642368058e-08
3.226984226977905e-08
4.454949151413305e-08
6.166964155157129e-08
8.613324441196464e-08
1.201406242849899e-07
1.684070436034312e-07
2.380245537345849e-07
3.365394171025358e-07
4.762897746820327e-07
6.781422827813865e-07
9.702534497431821e-07
1.388911183840022e-06
1.987576951225207e-06
2.850083521278935e-06
4.088708937442451e-06
5.858479398783227e-06
8.451914240378414e-06
1.217162116269832e-05
1.747251311302109e-05
2.511666417796402e-05
3.596631246228823e-05
5.151088134710075e-05
7.365435153658792e-05
1.052920080671358e-04
1.501843179181924e-04
2.135040774490710e-04
3.035395741210490e-04
4.299239063914118e-04
6.080567041579244e-04
8.586952563977870e-04
1.205372268431890e-03
1.690637791382047e-03
2.360686986585636e-03
3.287732015443958e-03
4.560389590011381e-03
6.324427137957862e-03
8.726221430112240e-03
1.199208372100130e-02
1.640416733849611e-02
2.235552667503981e-02
3.032430232017764e-02
4.091293717311052e-02
5.490974121290319e-02
7.335697789595888e-02
9.738408427944027e-02
1.283970386402072e-01
1.681358358253078e-01
2.181840436171360e-01
2.802532994207513e-01
3.557874860110786e-01
4.445727010032096e-01
5.446123594793298e-01
6.503248195030070e-01
7.534560659761655e-01
8.542896860616692e-01
9.999999768851815e-01
1.000000000000000e+00
1.000000000000000e+00
1.000000000000000e+00
1.000000000000000e+00
1.000000000000000e+00
1.000000000000000e+00
1.000000000000000e+00
1.000000000000000e+00
1.000000000000000e+00
1.000000000000000e+00
###8.400000000000002e+00
-9.716227446847612e-11
3.366838512744634e-11
7.167048052982941e-12
6.313008087631387e-11
7.459334173010378e-11
5.535868010700922e-11
9.795421928623180e-11
1.566971089443872e-11
1.220730478621438e-10
7.994549324993692e-11
1.449435843571614e-10
7.007550479721347e-11
1.564617364714074e-10
1.689086544016444e-10
2.049792178155867e-10
2.821666141471986e-10
2.806253324960226e-10
2.952257979745895e-10
3.849718629342501e-10
4.751163692753936e-10
6.186716975309213e-10
8.221367961398395e-10
1.057477870202183e-09
1.360752097622098e-09
1.803225142835614e-09
2.385997792313314e-09
3.171357794159542e-09
4.247187236002493e-09
5.723548508849226e-09
7.741935737161547e-09
1.048161363813588e-08
1.430755353808045e-08
1.957385125327710e-08
2.688514148212021e-08
3.709932729563144e-08
5.138579462695903e-08
7.150517887049679e-08
1.000996030479334e-07
1.402757195543050e-07
1.971713469898230e-07
2.794312207408107e-07
3.959733197904792e-07
5.615003680728932e-07
8.008335721909024e-07
1.146564174513403e-06
1.642730981420844e-06
2.350840862418100e-06
3.369939200501941e-06
4.831092284514692e-06
6.925938890734988e-06
9.965720178046471e-06
1.432949275269727e-05
2.053186858925232e-05
2.945600241426292e-05
4.208517744156692e-05
6.013250654528307e-05
8.573592839643666e-05
1.222652803381287e-04
1.739041108391856e-04
2.465227122095905e-04
3.494304172274898e-04
4.934320709142533e-04
6.956375159455193e-04
9.792510693344720e-04
1.370026768697399e-03
1.914882522397996e-03
2.664714420298533e-03
3.697700229536263e-03
5.110205280349186e-03
7.060130096523401e-03
9.703475564437005e-03
1.328073539442078e-02
1.809075179547194e-02
2.454743764996475e-02
3.314591118571283e-02
4.450488196844370e-02
5.943800705176117e-02
7.898221335218074e-02
1.042613787873032e-01
1.366338780010088e-01
1.777717699128867e-01
2.291015060849136e-01
2.921144702424183e-01
3.679755561844207e-01
4.561724998149553e-01
5.545777003368918e-01
6.578182521700074e-01
7.583770220735077e-01
8.571226026103606e-01
9.999999768851815e-01
1.000000000000000e+00
1.000000000000000e+00
1.000000000000000e+00
1.000000000000000e+00
1.000000000000000e+00
1.000000000000000e+00
1.000000000000000e+00
1.000000000000000e+00
1.000000000000000e+00
1.000000000000000e+00
###8.800000000000002e+00
-2.233097585125700e-11
3.410392697047437e-11
3.910738279324459e-11
6.769053350373583e-11
7.656178616651371e-11
5.652798283974763e-11
9.987397748897157e-11
1.323942065767332e-11
1.240812708593400e-10
8.913490125770557e-11
1.464459632258817e-10
8.390072445321117e-11
1.682958381429854e-10
1.754309889170762e-10
2.205228024381267e-10
2.941081099230431e-10
3.040315678286291e-10
3.274199848319411e-10
4.238309945372612e-10
5.257144867070986e-10
6.851484868367280e-10
9.058651667278009e-10
1.166482820528229e-09
1.512435268403441e-09
2.003915152856176e-09
2.657319456915638e-09
3.559147776339200e-09
4.764610168152352e-09
6.441862198696242e-09
8.739635667797886e-09
1.187890777744338e-08
1.626944682967871e-08
2.234950191243030e-08
3.081372735688807e-08
4.271052089497260e-08
5.938285254489586e-08
8.295048345587601e-08
1.164360641398088e-07
1.637408222997531e-07
2.307281107670333e-07
3.277451697025714e-07
4.652425473159266e-07
6.607644877188514e-07
9.432684543574727e-07
1.351263703244835e-06
1.936935776862195e-06
2.770952751299517e-06
3.970365624592326e-06
5.685894681304018e-06
8.148766887263532e-06
1.170026372826074e-05
1.679311694534088e-05
2.401487130076426e-05
3.437955338198023e-05
4.901189068411757e-05
6.985560849959410e-05
9.933082135062181e-05
1.413254256344311e-04
2.004504822160146e-04
2.833631436368636e-04
4.004518763384239e-04
5.638164940712107e-04
7.924027912402339e-04
1.111991582155590e-03
1.550607040288464e-03
2.159975536861351e-03
2.995628967969316e-03
4.142438388794354e-03
5.704337547900842e-03
7.851762708238572e-03
1.075075431857155e-02
1.465607801803113e-02
1.988290498312935e-02
2.686518056251580e-02
3.611593401154634e-02
4.826543717787904e-02
6.415454150089719e-02
8.480684648440405e-02
1.113401965630378e-01
1.450604484915105e-01
1.875560297061322e-01
2.401397299037860e-01
3.040491709060716e-01
3.802099775422985e-01
4.678309829495547e-01
5.646863569501546e-01
6.656096473383759e-01
7.636814360477662e-01
8.602759937447659e-01
9.999999768851815e-01
1.000000000000000e+00
1.000000000000000e+00
1.000000000000000e+00
1.000000000000000e+00
1.000000000000000e+00
1.000000000000000e+00
1.000000000000000e+00
1.000000000000000e+00
1.000000000000000e+00
1.000000000000000e+00
###9.200000000000003e+00
-4.912567645888642e-12
3.555680599246469e-11
8.371068006106117e-11
6.952858157951160e-11
-1.938192934604846e-10
5.707124304460649e-11
1.020857263480291e-10
1.767393136256561e-11
1.385325263741476e-10
9.306379290968618e-11
1.489846216607019e-10
9.246558044328786e-11
1.764856888284179e-10
1.878424934105652e-10
2.334952985017033e-10
3.048731813257486e-10
3.282563164224257e-10
3.630826225806490e-10
4.637818548869263e-10
5.791252102573823e-10
7.557133345450160e-10
9.976260580235479e-10
1.289788965034743e-09
1.678326042061319e-09
2.229211565275129e-09
2.966325799906004e-09
3.982615585462352e-09
5.352527363860900e-09
7.259238758780419e-09
9.888175317857093e-09
1.348396598116354e-08
1.853460566756907e-08
2.556344096299634e-08
3.536817370070607e-08
4.921242099833252e-08
6.866163576628192e-08
9.623089173764389e-08
1.354398778431397e-07
1.910198193466937e-07
2.698004140909580e-07
3.838010814602486e-07
5.456967655372255e-07
7.763025483129088e-07
1.108467509417062e-06
1.588221581772468e-06
2.275897453078365e-06
3.254318090708054e-06
4.660406128303967e-06
6.666128446279338e-06
9.547376548876566e-06
1.367838502902990e-05
1.959594865600740e-05
2.796921710181275e-05
3.995344600755238e-05
5.682954292931152e-05
8.080139979194002e-05
1.145905316493313e-04
1.626413596866123e-04
2.300573763561877e-04
3.243667724903409e-04
4.570069074352950e-04
6.416046422847186e-04
8.989963273833672e-04
1.257732761609120e-03
1.748161743969640e-03
2.427310269286896e-03
3.355181214732931e-03
4.623635138681278e-03
6.344888794554215e-03
8.702498373528361e-03
1.187083145481832e-02
1.612073076941990e-02
2.178340429996299e-02
2.931161998887722e-02
3.923554652747905e-02
5.219883119846534e-02
6.906059114932482e-02
9.082986761600639e-02
1.186163551439249e-01
1.536814117873856e-01
1.975086758816485e-01
2.513023578348058e-01
3.160676748868382e-01
3.924921912132305e-01
4.795712150075236e-01
5.749359110907177e-01
6.736384495565814e-01
7.693034268648825e-01
8.636710346931444e-01
9.999999768851815e-01
1.000000000000000e+00
1.000000000000000e+00
1.000000000000000e+00
1.000000000000000e+00
1.000000000000000e+00
1.000000000000000e+00
1.000000000000000e+00
1.000000000000000e+00
1.000000000000000e+00
1.000000000000000e+00
###9.600000000000003e+00
-2.850378876130146e-11
3.628024403810611e-11
6.850464938400152e-11
5.960529620844961e-11
-1.895447008415914e-10
7.613570633350463e-11
1.145507623935056e-10
2.554123279547786e-11
1.445836768986914e-10
1.028547891393250e-10
1.587186123988553e-10
1.041370235071143e-10
1.898966558746719e-10
2.020531284250958e-10
2.505777528116051e-10
3.259634887489668e-10
3.572533845212411e-10
4.046795382062032e-10
5.103647723966171e-10
6.403104313084413e-10
8.367350437457485e-10
1.100270304572012e-09
1.428452039661988e-09
1.866615617650818e-09
2.483301670159235e-09
3.312982214842013e-09
4.463975730059129e-09
6.022416400979227e-09
8.195027355864488e-09
1.119992234511184e-08
1.532726517696847e-08
2.114718865441984e-08
2.927122475338548e-08
4.064908040086823e-08
5.675151648641986e-08
7.943226428638200e-08
1.116254767311551e-07
1.574944986519045e-07
2.226889094721176e-07
3.150732786874851e-07
4.488960689795837e-07
6.388786123588487e-07
9.094703919260753e-07
1.298716440921008e-06
1.861050060787982e-06
2.666075683021552e-06
3.809246731859288e-06
5.450393835026849e-06
7.786333020674804e-06
1.112165544365677e-05
1.592818849051877e-05
2.277744322169769e-05
3.244283970272958e-05
4.624232028651491e-05
6.563008491888589e-05
9.308930853505973e-05
1.316823787306120e-04
1.864299114948478e-04
2.629909248570418e-04
3.698740344945972e-04
5.195596487213326e-04
7.273220331947597e-04
1.016117177166354e-03
1.417307988569267e-03
1.963739179419004e-03
2.718034688468244e-03
3.745084454085657e-03
5.143596514603249e-03
7.034410114395014e-03
9.614307998829412e-03
1.306753628520499e-02
1.767904044826526e-02
2.379710768060575e-02
3.189287816520610e-02
4.250991967289119e-02
5.630607346482211e-02
7.415883840680706e-02
9.706045350252954e-02
1.261011981067862e-01
1.624976219316432e-01
2.076308930488958e-01
2.625973460087449e-01
3.281777054151600e-01
4.048411023947091e-01
4.913710301848130e-01
5.853078607330806e-01
6.819089862285858e-01
7.751889868492828e-01
8.672223478518905e-01
9.999999768851815e-01
1.000000000000000e+00
1.000000000000000e+00
1.000000000000000e+00
1.000000000000000e+00
1.000000000000000e+00
1.000000000000000e+00
1.000000000000000e+00
1.000000000000000e+00
1.000000000000000e+00
1.000000000000000e+00
###1.000000000000000e+01
-2.864485627860443e-11
3.561563544777262e-11
7.360407383924998e-11
5.958882478464424e-11
-1.689587867186509e-10
5.928532152432715e-11
1.926335092746518e-10
3.103621469864427e-11
1.515009158871683e-10
1.112113508204946e-10
1.678669987428114e-10
1.256307746156794e-10
1.929440570947380e-10
2.301873814078241e-10
2.707147149992136e-10
3.466494618888973e-10
3.892934245973535e-10
4.459204862401321e-10
5.617507193951715e-10
7.060623245024120e-10
9.250179673539965e-10
1.213981506682437e-09
1.582746881368736e-09
2.076069310802814e-09
2.772394606264468e-09
3.707241703049648e-09
5.011785388742149e-09
6.784085956104460e-09
9.266305925126006e-09
1.270626851412556e-08
1.745246859177974e-08
2.416589688172192e-08
3.356064133998436e-08
4.676234570972698e-08
6.549230895763725e-08
9.192345443305454e-08
1.295137525919884e-07
1.830934384649771e-07
2.593910551380369e-07
3.674421541707268e-07
5.240260411529808e-07
7.464153261939815e-07
1.063481186973930e-06
1.518137177364291e-06
2.174541244099456e-06
3.112269832621890e-06
4.444424144382147e-06
6.351974156980316e-06
9.061782582257716e-06
1.293070835983638e-05
1.847617446735832e-05
2.637337133079295e-05
3.748715420488321e-05
5.331873493247064e-05
7.550168867548865e-05
1.068393972219043e-04
1.508160628023959e-04
2.128792579064094e-04
2.995492158066871e-04
4.201937894588749e-04
5.885846091935349e-04
8.216053399081692e-04
1.144523689495985e-03
1.591737607033227e-03
2.198664189175378e-03
3.033656373242049e-03
4.166874058234307e-03
5.704349775266382e-03
7.775015070435601e-03
1.059000284164934e-02
1.434296817505282e-02
1.933418777653947e-02
2.592682447439445e-02
3.461014719616917e-02
4.594354338333948e-02
6.059417096725386e-02
7.945404257865143e-02
1.034972296857444e-01
1.337992865846764e-01
1.715132299148288e-01
2.179340821575562e-01
2.740300472986236e-01
3.403828856005731e-01
4.172562161691665e-01
5.032308539952819e-01
5.957954563070992e-01
6.903533043054129e-01
7.813040985431561e-01
8.710139565927874e-01
9.999999768851815e-01
1.000000000000000e+00
1.000000000000000e+00
1.000000000000000e+00
1.000000000000000e+00
1.000000000000000e+00
1.000000000000000e+00
1.000000000000000e+00
1.000000000000000e+00
1.000000000000000e+00
1.000000000000000e+00
###1.040000000000000e+01
-1.834634047229230e-11
3.702626216153961e-11
9.670932928048634e-11
6.573962750990911e-11
-1.639283887626734e-10
7.552392698287241e-11
1.584976900393529e-10
2.323654453408341e-11
1.753366312164295e-10
1.473800453531018e-10
2.076970421297803e-10
1.539976157392783e-10
2.280735236159956e-10
2.627898535727678e-10
3.125387947818997e-10
3.873940964667244e-10
4.362134621633890e-10
5.054290950577522e-10
6.335354905886429e-10
7.969502224247651e-10
1.037530534062254e-09
1.357628545021878e-09
1.763673676492993e-09
2.318819002424972e-09
3.105919424823995e-09
4.164482868802904e-09
5.642556909373740e-09
7.668815917379083e-09
1.050590354731788e-08
1.444228524692135e-08
1.991050534285043e-08
2.765260276069469e-08
3.852252035392362e-08
5.384528561395722e-08
7.560447244219940e-08
1.063764140498618e-07
1.501941573022337e-07
2.127189176272547e-07
3.018053614678453e-07
4.279577039281118e-07
6.107838939395408e-07
8.701960517252155e-07
1.240488314357095e-06
1.770789204401766e-06
2.533981219398749e-06
3.622571711500149e-06
5.169073517632176e-06
7.378145179729855e-06
1.051138725743446e-05
1.498133550218089e-05
2.135817649054924e-05
3.042828854121790e-05
4.315996152846019e-05
6.125578761958058e-05
8.654440385687361e-05
1.221795124666668e-04
1.721014027634039e-04
2.422530938365483e-04
3.399873355843730e-04
4.756843860965173e-04
6.644833871103950e-04
9.250259955207797e-04
1.284987095492028e-03
1.781892480161683e-03
2.453950340870166e-03
3.375724601701111e-03
4.622339266298872e-03
6.308278498105439e-03
8.569181738830969e-03
1.163293344480590e-02
1.570081419972133e-02
2.108933122942338e-02
2.817528541219325e-02
3.746812482794359e-02
4.953908823213652e-02
6.506410007677875e-02
8.494702580164813e-02
1.101432205523483e-01
1.417082168255407e-01
1.807278306596641e-01
2.284126710656188e-01
2.856014766427011e-01
3.526870924816410e-01
4.297463554065274e-01
5.151554070780727e-01
6.063882059742670e-01
6.989526459678803e-01
7.876265944436489e-01
8.749680171552597e-01
9.999999768851815e-01
1.000000000000000e+00
1.000000000000000e+00
1.000000000000000e+00
1.000000000000000e+00
1.000000000000000e+00
1.000000000000000e+00
1.000000000000000e+00
1.000000000000000e+00
1.000000000000000e+00
1.000000000000000e+00
###1.080000000000000e+01
1.488238394029377e-10
4.672995729809761e-11
9.664011729424986e-11
6.730381891763044e-11
-1.597096059082507e-10
8.476839498628913e-11
1.654597562943685e-10
3.429001883045577e-11
1.750771894601424e-10
1.535762161323097e-10
2.171860844234187e-10
1.732052302137359e-10
2.446727114455691e-10
2.834365835125809e-10
3.327237650375904e-10
4.219637535220059e-10
4.754672882173677e-10
5.567139319672017e-10
6.966479471959482e-10
8.815425584505521e-10
1.146277499507972e-09
1.502036536734965e-09
1.960175356018583e-09
2.586650768699376e-09
3.475180023037340e-09
4.676702488139880e-09
6.352948260786902e-09
8.671723165571293e-09
1.191285627683056e-08
1.643895380137832e-08
2.273990223725034e-08
3.168479311953946e-08
4.424814855277722e-08
6.201436421919893e-08
8.728779084890328e-08
1.230795887420723e-07
1.741313063422587e-07
2.468914249700345e-07
3.507519681189943e-07
4.976526679661084e-07
7.105104311332373e-07
1.012557350900367e-06
1.443443666318126e-06
2.059686722083350e-06
2.944401154887743e-06
4.204230247553950e-06
5.993144437214508e-06
8.542708528111220e-06
1.215275453686191e-05
1.729768394306765e-05
2.460681038163510e-05
3.498591099049608e-05
4.952334231226684e-05
7.013115931197192e-05
9.886721031856669e-05
1.392494880339927e-04
1.957009691943335e-04
2.747539881986202e-04
3.846426242599256e-04
5.368071245058499e-04
7.478037730367129e-04
1.038237267557776e-03
1.438252137932843e-03
1.988782355217705e-03
2.730887942924715e-03
3.745630589582651e-03
5.113418074036497e-03
6.956921189898529e-03
9.419793486488947e-03
1.274582835660502e-02
1.714437268787610e-02
2.294858633324195e-02
3.054828467371181e-02
4.047181719286540e-02
5.330136109866044e-02
6.972189784920166e-02
9.063410986956312e-02
1.170024638642660e-01
1.498301008118839e-01
1.901441780950140e-01
2.390731342735360e-01
2.973172930159064e-01
3.650888041163400e-01
4.422985878743493e-01
5.271454618558489e-01
6.170637247379437e-01
7.076915247235999e-01
7.941066407486207e-01
8.790265911298742e-01
9.999999768851815e-01
1.000000000000000e+00
1.000000000000000e+00
1.000000000000000e+00
1.000000000000000e+00
1.000000000000000e+00
1.000000000000000e+00
1.000000000000000e+00
1.000000000000000e+00
1.000000000000000e+00
1.000000000000000e+00
###1.120000000000000e+01
1.650026352281155e-10
8.617842924223305e-11
9.439458579579894e-11
7.222777872873132e-11
-1.820580779931345e-10
9.429898536870935e-11
1.731608671457051e-10
4.710906952025216e-11
1.743894125436641e-10
1.691309299611855e-10
2.284479084189162e-10
1.783353620835636e-10
2.623719538426745e-10
3.093994705753697e-10
3.597205281593631e-10
4.534916877507483e-10
5.192818903924131e-10
6.135964904599030e-10
7.659617357325077e-10
9.755081824104593e-10
1.267953834191225e-09
1.663614696972370e-09
2.181322872837956e-09
2.887225000611352e-09
3.893005827045031e-09
5.258616544407713e-09
7.170132348931219e-09
9.820348050065730e-09
1.353280423624499e-08
1.873492879266975e-08
2.600433431487813e-08
3.632045959690550e-08
5.086221097381369e-08
7.143980682029827e-08
1.007495057385239e-07
1.423497637930499e-07
2.016805149226077e-07
2.862672204191692e-07
4.070188406084273e-07
5.778243632554033e-07
8.248673947886027e-07
1.175471029069630e-06
1.675415971401879e-06
2.389374146485277e-06
3.411544559602334e-06
4.865178510422949e-06
6.927154137780071e-06
9.860254391746121e-06
1.400514634633579e-05
1.990598437867350e-05
2.825916630767788e-05
4.009704563815536e-05
5.664335005517570e-05
8.004239744124620e-05
1.125861264703690e-04
1.582160183721914e-04
2.218354319437548e-04
3.106776904253142e-04
4.338094425571674e-04
6.039467396817071e-04
8.391515810601029e-04
1.161948386801372e-03
1.605166939014725e-03
2.213567051257875e-03
3.030836000195603e-03
4.145001369929596e-03
5.641891731666546e-03
7.653024275565421e-03
1.032954434721070e-02
1.393107467809680e-02
1.867728593696009e-02
2.491580400648161e-02
3.304903501560735e-02
4.362470496446874e-02
5.723427182140223e-02
7.456799179252048e-02
9.652609716355838e-02
1.240789218272881e-01
1.581701188383815e-01
1.997682360646663e-01
2.499130351683804e-01
3.091763059812389e-01
3.776033295977790e-01
4.549230592567045e-01
5.391895952311712e-01
6.278106560489273e-01
7.165390327612307e-01
8.007187885523129e-01
8.831785083932291e-01
9.999999768851815e-01
1.000000000000000e+00
1.000000000000000e+00
1.000000000000000e+00
1.000000000000000e+00
1.000000000000000e+00
1.000000000000000e+00
1.000000000000000e+00
1.000000000000000e+00
1.000000000000000e+00
1.000000000000000e+00
###1.160000000000000e+01
1.648161935487413e-10
5.582523780522615e-11
7.009850474520231e-11
5.154197261670377e-11
-1.767168430576397e-10
1.007443467829440e-10
1.768130327186548e-10
6.126661688151103e-11
1.808063163859535e-10
1.783341835988848e-10
2.399603321938155e-10
1.987986846227086e-10
2.822559121594311e-10
3.320061120607551e-10
3.885604344501173e-10
4.686044631325092e-10
5.647624939934542e-10
6.738912970138828e-10
8.444104686466862e-10
1.076635920440850e-09
1.403161343051035e-09
1.844108662018432e-09
2.431564722221377e-09
3.230125487490519e-09
4.367365665659179e-09
5.923467380220313e-09
8.105404623221185e-09
1.113539771687364e-08
1.539268913114685e-08
2.137448747105827e-08
2.975921900558927e-08
4.165746087070245e-08
5.847377759624696e-08
8.228645847421720e-08
1.162751246582850e-07
1.645234076884960e-07
2.333773342628647e-07
3.314983813671557e-07
4.715480055013153e-07
6.696254238126813e-07
9.557048586858592e-07
1.361605256657652e-06
1.939898857074792e-06
2.764559416401679e-06
3.942286514153262e-06
5.614835468742282e-06
7.984554417799795e-06
1.134827288352315e-05
1.609453766561078e-05
2.283731582601300e-05
3.235433987630120e-05
4.581710679531363e-05
6.458521922052700e-05
9.108153799125672e-05
1.278221971382087e-04
1.792220530337074e-04
2.506984764350310e-04
3.502579852265586e-04
4.878707642001023e-04
6.775699213098819e-04
9.390337535348318e-04
1.296845717166127e-03
1.786757477044715e-03
2.457266445380088e-03
3.355297070270350e-03
4.575476405870770e-03
6.209928712650642e-03
8.398246287367401e-03
1.130072378498379e-02
1.519301443440647e-02
2.030318165677397e-02
2.699329499246242e-02
3.568172891472948e-02
4.693073267809176e-02
6.134267086248674e-02
7.961260181609088e-02
1.026297385732305e-01
1.313737190960669e-01
1.667196651224427e-01
2.095973508137176e-01
2.609335823895343e-01
3.211805210094439e-01
3.902215904449082e-01
4.676207314373385e-01
5.513002055560186e-01
6.386264300782748e-01
7.254703621034596e-01
8.074193989422279e-01
8.874074337861725e-01
9.999999768851815e-01
1.000000000000000e+00
1.000000000000000e+00
1.000000000000000e+00
1.000000000000000e+00
1.000000000000000e+00
1.000000000000000e+00
1.000000000000000e+00
1.000000000000000e+00
1.000000000000000e+00
1.000000000000000e+00
###1.200000000000001e+01
1.424263544970676e-10
6.505313147186311e-11
7.332957348492986e-11
6.611454682631908e-11
-1.729838685271861e-10
1.160741740903492e-10
1.774330529892940e-10
5.918295087521401e-11
1.807756537649595e-10
1.927312169777595e-10
2.433065247077325e-10
2.188392576384727e-10
3.032588920755990e-10
3.613096113933853e-10
4.256040530043145e-10
5.066561338440027e-10
6.151904744127900e-10
7.400698519677805e-10
9.292519275361780e-10
1.187972049193140e-09
1.549586613027481e-09
2.048557444510576e-09
2.712425291231254e-09
3.619428456270242e-09
4.908159117639749e-09
6.680854655968080e-09
9.171015447740610e-09
1.264043554125086e-08
1.752519302985351e-08
2.440222017729327e-08
3.406442616544940e-08
4.781313924871420e-08
6.724188869765541e-08
9.477910690595663e-08
1.341262874873434e-07
1.900321909850770e-07
2.697668266923472e-07
3.833166097715114e-07
5.453695832029514e-07
7.747982332945293e-07
1.105097821777494e-06
1.573943841706554e-06
2.240933205036304e-06
3.190570512923183e-06
4.543653925687442e-06
6.462387683296858e-06
9.178438335219148e-06
1.302359671149787e-05
1.844251379335323e-05
2.612373171699004e-05
3.693487702388268e-05
5.219857179408143e-05
7.343099258509655e-05
1.033330993948942e-04
1.447006630589743e-04
2.024407538861169e-04
2.825307359586096e-04
3.937935526729017e-04
5.471854239911620e-04
7.581341624736857e-04
1.047982258784359e-03
1.443704531399622e-03
1.983802516847512e-03
2.721082441703620e-03
3.705403985145463e-03
5.038832691513305e-03
6.819398561280617e-03
9.195323717364555e-03
1.233654443823078e-02
1.653434849084217e-02
2.202460936686282e-02
2.918599018051875e-02
3.845023315522118e-02
5.039557579393614e-02
6.562977688086558e-02
8.485162967243955e-02
1.089497620239353e-01
1.388903766931535e-01
1.754937626291800e-01
2.196350818619639e-01
2.721332263087140e-01
3.333301458718463e-01
4.029399120589956e-01
4.803728679914530e-01
5.634470415183296e-01
6.494868801593301e-01
7.344625005242091e-01
8.142133400140239e-01
8.916889656858484e-01
9.999999768851815e-01
1.000000000000000e+00
1.000000000000000e+00
1.000000000000000e+00
1.000000000000000e+00
1.000000000000000e+00
1.000000000000000e+00
1.000000000000000e+00
1.000000000000000e+00
1.000000000000000e+00
1.000000000000000e+00
###1.240000000000001e+01
1.710734500308829e-10
6.856255241473248e-11
8.234429010482482e-11
6.790666891933009e-11
-1.686558431081587e-10
1.218540869898971e-10
1.859074321925122e-10
7.209561311503419e-11
1.873468142696137e-10
2.047318693708711e-10
2.551755316507149e-10
2.400574592951938e-10
3.262336935649365e-10
3.898854627830265e-10
4.570326278053866e-10
5.451543848022149e-10
6.579551564123432e-10
8.076484681506597e-10
1.025370742788730e-09
1.315400797904662e-09
1.719606670220352e-09
2.280658300193278e-09
3.030948604006703e-09
4.063685330943490e-09
5.523322283013195e-09
7.549366528228964e-09
1.039338052758648e-08
1.436973312677264e-08
1.997394272310654e-08
2.788421324729059e-08
3.902127385558038e-08
5.487241457951174e-08
7.731351606278751e-08
1.091198328442245e-07
1.546073435061633e-07
2.192294509576233e-07
3.113951937581455e-07
4.425209643120629e-07
6.298063581126502e-07
8.944022535081317e-07
1.275113254846565e-06
1.814970849400790e-06
2.582452267490633e-06
3.672845001458807e-06
5.223238961858961e-06
7.418393752871770e-06
1.052117198863731e-05
1.490527561930523e-05
2.107268991197101e-05
2.980031866552690e-05
4.204729772797438e-05
5.929978776039057e-05
8.325888988073438e-05
1.169141399002896e-04
1.633780042787063e-04
2.280648396777001e-04
3.175604813695775e-04
4.415989073112264e-04
6.121627430856790e-04
8.460857441474127e-04
1.166743236700678e-03
1.603203027713294e-03
2.197381622810256e-03
3.006207393942981e-03
4.082739172502959e-03
5.536912348622731e-03
7.472206409361981e-03
1.004704165505403e-02
1.343916449416321e-02
1.795739107994114e-02
2.384662286606066e-02
3.149909660258032e-02
4.135853877591845e-02
5.402206896104509e-02
7.010060902209715e-02
9.029550451549516e-02
1.154865805596705e-01
1.466300621339097e-01
1.844878052912797e-01
2.298800059908534e-01
2.835210314036425e-01
3.456234616756241e-01
4.157688652992233e-01
4.931882868383711e-01
5.756126795695585e-01
6.603844680227114e-01
7.434983550852992e-01
8.210383344673879e-01
8.959974612251239e-01
9.999999768851815e-01
1.000000000000000e+00
1.000000000000000e+00
1.000000000000000e+00
1.000000000000000e+00
1.000000000000000e+00
1.000000000000000e+00
1.000000000000000e+00
1.000000000000000e+00
1.000000000000000e+00
1.000000000000000e+00
###1.280000000000001e+01
1.733629581883471e-10
7.010876854695800e-11
8.257415774019948e-11
6.905781174703426e-11
-1.671107301274406e-10
1.297394611079436e-10
1.941835874071043e-10
8.325268947205151e-11
2.007534839308076e-10
2.166092723065133e-10
2.704439282477906e-10
2.617489202940153e-10
3.491041351480073e-10
4.206563895622989e-10
4.946664821585368e-10
5.927452017631475e-10
7.197095694666202e-10
8.864571423625554e-10
1.130560916131328e-09
1.455037592961547e-09
1.911704727728450e-09
2.534423149254500e-09
3.391112041430204e-09
4.566237034808020e-09
6.228077354990868e-09
8.539793374039179e-09
1.179281538636553e-08
1.635061231504531e-08
2.278355546410934e-08
3.188054403219206e-08
4.470374663292691e-08
6.297719599930736e-08
8.885728388670782e-08
1.255643783698613e-07
1.780837792518550e-07
2.526405194947778e-07
3.589460696201637e-07
5.101875762637293e-07
7.260719379226761e-07
1.030510354760579e-06
1.468269883458946e-06
2.088272992444892e-06
2.968782013206649e-06
4.217956965535136e-06
5.988530145480329e-06
8.494307112670751e-06
1.202876580234793e-05
1.701465338112982e-05
2.401357945349562e-05
3.390009661483095e-05
4.773760223353989e-05
6.718973418239094e-05
9.415378485967877e-05
1.319380799034194e-04
1.840177928979710e-04
2.562724317637736e-04
3.560426967529109e-04
4.939501438196704e-04
6.831897100880046e-04
9.420082768822043e-04
1.295857952992601e-03
1.776256263343942e-03
2.428408283944158e-03
3.313905259135343e-03
4.488773383531413e-03
6.071256421812881e-03
8.171029088475865e-03
1.095591571962388e-02
1.461239704838163e-02
1.946675450513218e-02
2.577232695855149e-02
3.393456651177553e-02
4.441132177682271e-02
5.781425790087712e-02
7.475769727437914e-02
9.594222343599010e-02
1.222432747043589e-01
1.545987670636534e-01
1.937098907032634e-01
2.403396820737180e-01
2.950923208532057e-01
3.580647017016645e-01
4.286920828322383e-01
5.060700935231264e-01
5.878203221574394e-01
6.712901648451239e-01
7.525552034114552e-01
8.279000572696253e-01
9.003285445348898e-01
9.999999768851815e-01
1.000000000000000e+00
1.000000000000000e+00
1.000000000000000e+00
1.000000000000000e+00
1.000000000000000e+00
1.000000000000000e+00
1.000000000000000e+00
1.000000000000000e+00
1.000000000000000e+00
1.000000000000000e+00
###1.320000000000001e+01
1.815520598011949e-10
6.871512651869732e-11
8.919588829058033e-11
7.675787888311534e-12
-1.613665906301035e-10
1.443912627121615e-10
2.011979294721440e-10
9.194138383488682e-11
2.151098348585311e-10
2.191113605243473e-10
2.872874501054536e-10
2.784309218583474e-10
3.747394895675904e-10
4.500579773929856e-10
5.335416853283215e-10
6.438143915933376e-10
7.876160492138109e-10
9.738318744700061e-10
1.245231964326094e-09
1.614179954250119e-09
2.127101132515310e-09
2.828918666399513e-09
3.800701030626205e-09
5.140078076496862e-09
7.030938021686416e-09
9.671588818775053e-09
1.339176837384571e-08
1.861753261778163e-08
2.600245281399809e-08
3.645553119833430e-08
5.121625134316031e-08
7.225838574132763e-08
1.020814532330934e-07
1.444056395748858e-07
2.049116820384642e-07
2.907913456751018e-07
4.132318786438225e-07
5.872668198040547e-07
8.354247627372875e-07
1.184981569684346e-06
1.687253025539506e-06
2.397672853180737e-06
3.404876855091827e-06
4.832142927471397e-06
6.851214677579172e-06
9.702825759495341e-06
1.371878580707178e-05
1.937275906901507e-05
2.729583896719393e-05
3.846665358809279e-05
5.406337869464095e-05
7.593790706842244e-05
1.062075031008612e-04
1.485236425304845e-04
2.067265743959940e-04
2.872664081979150e-04
3.982358639025248e-04
5.512290815152601e-04
7.606966430106720e-04
1.046414982689928e-03
1.436134558884712e-03
1.963593586544799e-03
2.677925722615258e-03
3.645474219289569e-03
4.925276614901048e-03
6.643802598145254e-03
8.917721760234943e-03
1.192429838233116e-02
1.585873208387907e-02
2.106591228193435e-02
2.780506425043710e-02
3.649806672762575e-02
4.761417082085131e-02
6.177834700355293e-02
7.960839990912755e-02
1.017978206742198e-01
1.292231828966506e-01
1.627949719621197e-01
2.031563607411926e-01
2.510003045167883e-01
3.068461503446753e-01
3.706424724066328e-01
4.417108532541019e-01
5.189970795836113e-01
6.000399106738447e-01
6.822009281912791e-01
7.616185003125803e-01
8.347695615297179e-01
9.046561441064623e-01
9.999999768851815e-01
1.000000000000000e+00
1.000000000000000e+00
1.000000000000000e+00
1.000000000000000e+00
1.000000000000000e+00
1.000000000000000e+00
1.000000000000000e+00
1.000000000000000e+00
1.000000000000000e+00
1.000000000000000e+00
###1.360000000000001e+01
1.845357971772137e-10
6.846825112124390e-11
8.590102804795574e-11
-1.396192263132106e-11
-1.529636025538483e-10
1.526127589965557e-10
2.069895555769809e-10
1.034509937761823e-10
2.193781896946488e-10
2.385340024870591e-10
3.043898894650130e-10
2.972974467035047e-10
4.020718503153243e-10
4.825862359795563e-10
5.756003678479559e-10
6.995117011229586e-10
8.605385239236075e-10
1.071634000647557e-09
1.374771916971699e-09
1.790089467092432e-09
2.369870722531019e-09
3.161994887223156e-09
4.265695221190934e-09
5.790373876840556e-09
7.947247937917504e-09
1.096154847329997e-08
1.521828135900294e-08
2.121173997372135e-08
2.968633908826373e-08
4.170092306597656e-08
5.866883051951548e-08
8.287345177333467e-08
1.171819602200656e-07
1.659086715468388e-07
2.355128461229447e-07
3.342865495165215e-07
4.750052094478168e-07
6.747979170030972e-07
9.595120252951573e-07
1.359878184518750e-06
1.934940707215451e-06
2.746743948018646e-06
3.896488457536096e-06
5.522454292900180e-06
7.819341197896641e-06
1.105738637215696e-05
1.560836750888422e-05
2.200406792174668e-05
3.095235925764301e-05
4.354088045939382e-05
6.108033744611237e-05
8.561993161899866e-05
1.195124888482947e-04
1.668088457837943e-04
2.316916189510855e-04
3.212879871261728e-04
4.444139080049441e-04
6.137748886922411e-04
8.451083672927332e-04
1.159931046683727e-03
1.588234171209298e-03
2.166355476941230e-03
2.947311028790341e-03
4.002255217887878e-03
5.393662096757553e-03
7.256509996489162e-03
9.714994423031047e-03
1.295538691416951e-02
1.718178947266431e-02
2.275766642444631e-02
2.994895976842787e-02
3.919341198874289e-02
5.097136019484647e-02
6.591488955674102e-02
8.465429347115379e-02
1.078685432711191e-01
1.364286646633963e-01
1.712242950690988e-01
2.128298075780066e-01
2.618775700036316e-01
3.187751090893146e-01
3.833653852603496e-01
4.548204306416768e-01
5.319706344112096e-01
6.122797263026206e-01
6.931073825569677e-01
7.706747295306543e-01
8.416360354542399e-01
9.089579428957851e-01
9.999999768851815e-01
1.000000000000000e+00
1.000000000000000e+00
1.000000000000000e+00
1.000000000000000e+00
1.000000000000000e+00
1.000000000000000e+00
1.000000000000000e+00
1.000000000000000e+00
1.000000000000000e+00
1.000000000000000e+00
###1.400000000000001e+01
1.839838935398994e-10
6.942966851151063e-11
8.015399465310995e-11
-7.042964464025202e-12
-1.467400486563271e-10
1.571478383463327e-10
2.083055439796869e-10
1.108992505763996e-10
2.313143675471575e-10
2.518813201587381e-10
3.234788637542208e-10
3.180669730195562e-10
4.265544454759353e-10
5.158293022355217e-10
6.185967988570992e-10
7.558625982115879e-10
9.376990843556432e-10
1.178075576910365e-09
1.516185956323639e-09
1.987627525313947e-09
2.640586198341293e-09
3.539834142272860e-09
4.793883114090504e-09
6.529613002470659e-09
8.991437760536237e-09
1.243623549197040e-08
1.730414412224162e-08
2.418046163233900e-08
3.389779189148234e-08
4.769647361659232e-08
6.719787411191194e-08
9.499090356071200e-08
1.344485191812509e-07
1.904161044863309e-07
2.703642003459132e-07
3.837423539708723e-07
5.451290432875179e-07
7.741202180942530e-07
1.100048549359158e-06
1.557598763064453e-06
2.214408414672964e-06
3.140029688506623e-06
4.449191352016409e-06
6.297720277326870e-06
8.903782446412676e-06
1.257148303361458e-05
1.771727395705154e-05
2.493513417761725e-05
3.501556898752388e-05
4.916961484340740e-05
6.884722484984050e-05
9.631598703828019e-05
1.341916311114113e-04
1.869215350194478e-04
2.591001774600535e-04
3.585111640686088e-04
4.948809134320561e-04
6.820072875383128e-04
9.369905621073242e-04
1.283160295983932e-03
1.752901566790435e-03
2.385406011775798e-03
3.237584776405428e-03
4.385681711924826e-03
5.895907054009230e-03
7.911761324749187e-03
1.056508978242861e-02
1.405138663181842e-02
1.858430088100186e-02
2.454588904496914e-02
3.220821248515338e-02
4.202560779503580e-02
5.448485786174553e-02
7.023214686923576e-02
8.989855434832462e-02
1.141589970878722e-01
1.438627467287579e-01
1.798852485809278e-01
2.227294551747656e-01
2.729604961764120e-01
3.308812787744743e-01
3.962140942198493e-01
4.680114152992828e-01
5.449817677622779e-01
6.245138671312686e-01
7.039831962128155e-01
7.796967706662480e-01
8.484669516137749e-01
9.132382411869614e-01
9.999999768851815e-01
1.000000000000000e+00
1.000000000000000e+00
1.000000000000000e+00
1.000000000000000e+00
1.000000000000000e+00
1.000000000000000e+00
1.000000000000000e+00
1.000000000000000e+00
1.000000000000000e+00
1.000000000000000e+00
###1.440000000000001e+01
1.914277369850825e-10
6.509200684000364e-11
7.826246560685823e-11
8.318383524893429e-12
-1.547251202396308e-10
1.590859517807915e-10
2.143737343575820e-10
1.207395851889534e-10
2.442089403870668e-10
2.673686837071655e-10
3.393173673190167e-10
3.436747566382130e-10
4.558124543308015e-10
5.486808009033613e-10
6.677366766133608e-10
8.200787164445968e-10
1.024551741565112e-09
1.297583928222142e-09
1.677815979226131e-09
2.210489321857110e-09
2.949003410587574e-09
3.967888440261649e-09
5.394022824474107e-09
7.373614183466358e-09
1.018290403059816e-08
1.411811861072458e-08
1.968933489935059e-08
2.756965671447939e-08
3.871143082675919e-08
5.454088462654025e-08
7.692222976284496e-08
1.088121331333624e-07
1.541035218499077e-07
2.183180382621061e-07
3.099375663700343e-07
4.398452266073686e-07
6.245535873659088e-07
8.864432072805547e-07
1.258849925861595e-06
1.780635932532386e-06
2.529186396981868e-06
3.582029457535190e-06
5.069684421751194e-06
7.166090839995690e-06
1.011610462746776e-05
1.426132416419294e-05
2.006644984023292e-05
2.819560743375942e-05
3.952600901089452e-05
5.540363921538402e-05
7.742630590229847e-05
1.081141332583981e-04
1.503394855125506e-04
2.090040554188850e-04
2.891390985277988e-04
3.992321143894880e-04
5.499479030720826e-04
7.562791108607695e-04
1.036770821377506e-03
1.416647344666417e-03
1.930934446866678e-03
2.621631399783282e-03
3.549949064052780e-03
4.797347214356017e-03
6.433513882030960e-03
8.611278758737078e-03
1.147031131540438e-02
1.521593912612121e-02
2.006926017465017e-02
2.643413569390768e-02
3.458684984259197e-02
4.499567395927283e-02
5.815954689451977e-02
7.473193004413989e-02
9.534759020772521e-02
1.206705524732001e-01
1.515322986964650e-01
1.887795207911833e-01
2.328552798113210e-01
2.842504056720589e-01
3.431622641546498e-01
4.091959976027740e-01
4.812794462663434e-01
5.580196302425499e-01
6.367347161986090e-01
7.148113406259194e-01
7.886555305447721e-01
8.552329559396793e-01
9.174973730632752e-01
9.999999768851815e-01
1.000000000000000e+00
1.000000000000000e+00
1.000000000000000e+00
1.000000000000000e+00
1.000000000000000e+00
1.000000000000000e+00
1.000000000000000e+00
1.000000000000000e+00
1.000000000000000e+00
1.000000000000000e+00
###1.480000000000001e+01
1.964541756669035e-10
6.006520356140378e-11
8.416936441351932e-11
1.167924223682190e-11
-1.498827616485496e-10
1.561713939197437e-10
2.230458513252902e-10
1.343578203157825e-10
2.591115639761098e-10
2.798473829508927e-10
3.600404806697530e-10
3.714282844742978e-10
4.884279957016468e-10
5.911990982957369e-10
7.225418055380046e-10
8.946018804041504e-10
1.119875440045854e-09
1.432720365448619e-09
1.861639499424041e-09
2.463578652206363e-09
3.299407785845691e-09
4.454657509809975e-09
6.076478614014925e-09
8.333838918756307e-09
1.153751485489409e-08
1.603772181306343e-08
2.240799566396215e-08
3.143687514714397e-08
4.420517570850088e-08
6.234956951423958e-08
8.800585412215034e-08
1.245549284509182e-07
1.764473947619522e-07
2.500167349600644e-07
3.548352618097393e-07
5.034042928600177e-07
7.144562101905851e-07
1.013315297421299e-06
1.437789603168453e-06
2.031905086619665e-06
2.882708489390637e-06
4.077916382206484e-06
5.764534134314236e-06
8.136036709541429e-06
1.146831201244794e-05
1.614269179694301e-05
2.267776145080968e-05
3.181151428270135e-05
4.451687080672152e-05
6.229250095944051e-05
8.689335690522432e-05
1.211005110123149e-04
1.680782040548782e-04
2.332213019299924e-04
3.220082571628938e-04
4.436950608782316e-04
6.099606246932513e-04
8.370098794512416e-04
1.145007877909584e-03
1.561154801861169e-03
2.123185968462781e-03
2.876281734266627e-03
3.885716045877908e-03
5.238635958415353e-03
7.008565164170924e-03
9.357642665581875e-03
1.243357598348993e-02
1.645056957513143e-02
2.164113206108297e-02
2.842653935660035e-02
3.708974770164854e-02
4.811281254148018e-02
6.200223389121992e-02
7.942100927189795e-02
1.010038790882141e-01
1.274041203883976e-01
1.594376454404077e-01
1.979137455851755e-01
2.432060218560275e-01
2.957408700449698e-01
3.556078371485243e-01
4.223018583471599e-01
4.946220817897872e-01
5.710771816784249e-01
6.489290407989071e-01
7.255994538105244e-01
7.975594784759048e-01
8.619355846077755e-01
9.216705908062378e-01
9.999999768851815e-01
1.000000000000000e+00
1.000000000000000e+00
1.000000000000000e+00
1.000000000000000e+00
1.000000000000000e+00
1.000000000000000e+00
1.000000000000000e+00
1.000000000000000e+00
1.000000000000000e+00
1.000000000000000e+00
###1.520000000000001e+01
2.026063764456430e-10
6.355700873885945e-11
8.535999733827163e-11
1.801684440520667e-11
-1.432047047028738e-10
1.681351586847614e-10
2.370775543091692e-10
1.491232555654201e-10
2.776559238506510e-10
3.005011549095282e-10
3.826222908214619e-10
4.021756245471293e-10
5.251117242297557e-10
6.385511482403561e-10
7.847078490662617e-10
9.775631789235477e-10
1.232280935726857e-09
1.583771417314496e-09
2.067207595053408e-09
2.748721478999940e-09
3.698401972904944e-09
5.007830321050822e-09
6.851894220617936e-09
9.427299170414856e-09
1.308338988607524e-08
1.822633622351764e-08
2.550961538841976e-08
3.583410443507637e-08
5.045174410592816e-08
7.122465932685032e-08
1.005960564736471e-07
1.424405236113473e-07
2.017779448078761e-07
2.859215485957828e-07
4.056627128912200e-07
5.752147195093589e-07
8.158974959564384e-07
1.156319057191442e-06
1.639275829229581e-06
2.314376260920284e-06
3.279429067295300e-06
4.633589455405330e-06
6.540958925132910e-06
9.218937773933718e-06
1.297494387273822e-05
1.823482848712869e-05
2.557586940183540e-05
3.581950181711188e-05
5.004021768628805e-05
6.989211959460701e-05
9.731654977316127e-05
1.353541588931744e-04
1.875559257542463e-04
2.597471235570364e-04
3.579217295153718e-04
4.921903027658265e-04
6.752542203001052e-04
9.247161861351717e-04
1.262318723305087e-03
1.717348295285569e-03
2.330472870866492e-03
3.150148066672626e-03
4.246148568737492e-03
5.711352048577683e-03
7.622985360399648e-03
1.015316661578710e-02
1.345731261108935e-02
1.776029732851627e-02
2.330344703987728e-02
3.052670227236970e-02
3.972080858067754e-02
5.137859764181391e-02
6.601463276191361e-02
8.430205476397076e-02
1.068740447769616e-01
1.343666339690852e-01
1.675768413479444e-01
2.072797865412411e-01
2.537951189276234e-01
3.074347298527683e-01
3.682173505100246e-01
4.355162713928438e-01
5.080181823044643e-01
5.841417012508106e-01
6.610826870777836e-01
7.363106362137117e-01
8.063726325298286e-01
8.685636615480855e-01
9.257931668331472e-01
9.999999768851815e-01
1.000000000000000e+00
1.000000000000000e+00
1.000000000000000e+00
1.000000000000000e+00
1.000000000000000e+00
1.000000000000000e+00
1.000000000000000e+00
1.000000000000000e+00
1.000000000000000e+00
1.000000000000000e+00
###1.560000000000001e+01
2.077942170862045e-10
8.043630367992969e-11
8.532510351442568e-11
2.593385407852296e-11
-1.327795770750385e-10
1.795907858264822e-10
2.433672544808115e-10
1.693739549862531e-10
2.965135200598115e-10
3.224198619663106e-10
4.063045445438400e-10
4.338716105404377e-10
5.657745244930805e-10
6.927095826024795e-10
8.543991084063098e-10
1.070765406321616e-09
1.357013017718195e-09
1.753180326032520e-09
2.300421372205313e-09
3.071007818680162e-09
4.146461088460158e-09
5.637005617580352e-09
7.736484477114794e-09
1.067182875770284e-08
1.484061110076187e-08
2.071716612713657e-08
2.904203245182400e-08
4.084570146524885e-08
5.755186294856361e-08
8.131109535627908e-08
1.148908471112936e-07
1.627124017437329e-07
2.304845659263640e-07
3.265705382542548e-07
4.631109576491212e-07
6.562956410667498e-07
9.302237299378285e-07
1.317255791859675e-06
1.865622988384895e-06
2.631309599557588e-06
3.723642801944144e-06
5.254445887508110e-06
7.407350751940133e-06
1.042479153695080e-05
1.465081184674571e-05
2.055810900688430e-05
2.878760050596753e-05
4.025135709728312e-05
5.614401334207331e-05
7.826719697758567e-05
1.087746996334102e-04
1.509975174306373e-04
2.088755184381351e-04
2.887306907077637e-04
3.970857919316315e-04
5.449787555784007e-04
7.461678090377510e-04
1.019745574458284e-03
1.389217825810702e-03
1.886068340230738e-03
2.553810788091393e-03
3.444570328579748e-03
4.632584171341203e-03
6.217084727837357e-03
8.278649441091418e-03
1.099972675035999e-02
1.454404017397340e-02
1.914731506851929e-02
2.505888258425684e-02
3.273932272234409e-02
4.248509071960762e-02
5.479735667162067e-02
7.020069242149367e-02
8.938027932392636e-02
1.129595967712123e-01
1.415572848574085e-01
1.759553656071210e-01
2.168871600167268e-01
2.645954691325018e-01
3.193240955590578e-01
3.809864123958043e-01
4.488429212253683e-01
5.214624458158711e-01
5.972031584701397e-01
6.731917047639094e-01
7.469316838807678e-01
8.150888464970639e-01
8.750968917446649e-01
9.298357024158018e-01
9.999999768851815e-01
1.000000000000000e+00
1.000000000000000e+00
1.000000000000000e+00
1.000000000000000e+00
1.000000000000000e+00
1.000000000000000e+00
1.000000000000000e+00
1.000000000000000e+00
1.000000000000000e+00
1.000000000000000e+00
