# NLO BK equation solver 0.0-dev build  (build Oct 13 2025 12:18:44)
# Initial condition: MV model, Q_s0^2 = 0.103479 GeV^2, \gamma = 2.93926, coefficient of E inside Log is 1, x0=0.01, \Lambda_QCD = 0.241 GeV
# # LO Kernel RC:  Parent dipole. NLO Kernel RC:  Parent dipole
# Nc=3, Nf=4
# Using RungeKutta method in K1
# Resumming double log
# Resumming single log, K_sub=0.65 resum rc: parent
# BK K1 integration relative accuracy: 0.02# NLO BK as^2 terms: MC integration method: Vegas, points=1000000
# Kinematical constraint: none
# Target kinematical constraint: disabled

###1.000000000000000e-05
###1.160836920850890e+00
###100
###1.000000000000000e+00
###0.000000000000000e+00
1.665642231362594e-32
3.956433265504458e-32
9.396516613573153e-32
2.231358982540529e-31
5.297977032732929e-31
1.257729531731128e-30
2.985378814588845e-30
7.085084229235824e-30
1.681211268505515e-29
3.988683046248751e-29
9.461607150718639e-29
2.244019184264634e-28
5.321236136961017e-28
1.261597376225464e-27
2.990537034918251e-27
7.087540481695912e-27
1.679413284874682e-26
3.978623918968958e-26
9.423646223905623e-26
2.231583989274973e-25
5.283393574992169e-25
1.250591058815729e-24
2.959493166904405e-24
7.001900481364994e-24
1.656181224956927e-23
3.916424163930147e-23
9.258869813112543e-23
2.188310311409086e-22
5.170572246138713e-22
1.221358054962990e-21
2.884149625661855e-21
6.808610106263972e-21
1.606794376368586e-20
3.790690515755644e-20
8.939789932339221e-20
2.107568794115226e-19
4.966790930334035e-19
1.170047741844365e-18
2.755233795370850e-18
6.485354914164626e-18
1.525886895417977e-17
3.588531393312205e-17
8.435465945053536e-17
1.981942326918673e-16
4.654293969426579e-16
1.092416533652215e-15
2.562622870469457e-15
6.008041786113495e-15
1.407739643573150e-14
3.296413761247464e-14
7.713995897015722e-14
1.803944726988592e-13
4.215611119324686e-13
9.844150808723114e-13
2.297010053330584e-12
5.355507780254649e-12
1.247606180093488e-11
2.903884819690405e-11
6.752930181203093e-11
1.568925992830617e-10
3.641639191412517e-10
8.444297560351691e-10
1.956102504285087e-09
4.526602955309255e-09
1.046404812471874e-08
2.416410536168221e-08
5.574253121832727e-08
1.284559030272996e-07
2.957232733618118e-07
6.801441588171902e-07
1.562891866695628e-06
3.588454574329212e-06
8.233513952419486e-06
1.888070607358738e-05
4.327940493698001e-05
9.918646854845115e-05
2.273095495796129e-04
5.210284394978615e-04
1.194674234442750e-03
2.740261980812897e-03
6.285810464807029e-03
1.440471993188763e-02
3.288687321059502e-02
7.430328351468674e-02
1.635811161577557e-01
3.391046835605336e-01
6.180529072646843e-01
8.937553861681058e-01
9.946739020803225e-01
9.999952307724974e-01
9.999999999996725e-01
1.000000000000000e+00
1.000000000000000e+00
1.000000000000000e+00
1.000000000000000e+00
1.000000000000000e+00
1.000000000000000e+00
1.000000000000000e+00
1.000000000000000e+00
1.000000000000000e+00
###4.000000000000000e-01
6.108435808981245e-12
5.099769360115123e-12
7.173751041839900e-12
1.950688185160744e-11
9.616539362497562e-13
4.864033530246364e-12
2.494249463699309e-12
2.689502825640605e-12
-1.354279269847492e-13
4.410983828383943e-12
1.615619756101175e-11
-1.912504845958120e-12
-5.767822283134885e-13
4.758228104062511e-13
-6.409953468700707e-13
2.069339202751903e-11
7.280328706586464e-13
4.787494649581283e-12
2.726286965644533e-12
6.982372462785049e-12
1.230038656777602e-11
9.874690102616759e-12
1.136397598872908e-11
1.993217553085769e-11
2.605350484710105e-11
4.027206795891900e-11
5.872581735531118e-11
7.003098688263493e-11
1.001151773808081e-10
1.359798270181938e-10
1.755319756875558e-10
2.341216471200077e-10
3.130044263153664e-10
4.190773633083999e-10
5.585911630155514e-10
7.425422812933370e-10
9.836584004522641e-10
1.295046437991673e-09
1.707426177744073e-09
2.245737570464394e-09
2.960345400552692e-09
3.861776707073829e-09
5.048420981460983e-09
6.626493119093439e-09
8.575734365140427e-09
1.117822605971649e-08
1.446361505218382e-08
1.882745711591692e-08
2.444854377872569e-08
3.210817791501430e-08
4.190219072022410e-08
5.526146902340766e-08
7.355117126407718e-08
9.874813166186850e-08
1.340218436136644e-07
1.868672914183404e-07
2.614726245180694e-07
3.719888707119861e-07
5.412932648692221e-07
7.971015895095847e-07
1.188323205771913e-06
1.787446610718163e-06
2.728966480426499e-06
4.188731743225577e-06
6.447546766921759e-06
9.925315367760166e-06
1.537629477343466e-05
2.380385068345021e-05
3.690358370197779e-05
5.729404662244105e-05
8.888594436519630e-05
1.380417443269483e-04
2.153099333044782e-04
3.382281063049223e-04
5.350211378155575e-04
8.561310257809077e-04
1.394340074426733e-03
2.318303306466928e-03
3.957856021690636e-03
6.988958734075663e-03
1.276164040620040e-02
2.410039784300827e-02
4.689647050025636e-02
9.299525261387116e-02
1.843990567769285e-01
3.525871944307796e-01
6.073442581328850e-01
8.576077652716958e-01
9.660019309061865e-01
9.999952307724974e-01
9.999999999996725e-01
1.000000000000000e+00
1.000000000000000e+00
1.000000000000000e+00
1.000000000000000e+00
1.000000000000000e+00
1.000000000000000e+00
1.000000000000000e+00
1.000000000000000e+00
1.000000000000000e+00
###8.000000000000000e-01
-3.800131658676892e-13
4.629181263382498e-11
2.502646299532092e-11
3.676584779928752e-12
8.620702506286492e-12
-1.211043662829562e-11
1.475266177216220e-11
1.244356575595868e-11
1.100204695330550e-13
1.617463350175533e-11
1.869873696796737e-11
1.368801918291547e-12
2.283714947060620e-12
4.780934233625612e-12
5.474717849460141e-12
2.661913088286550e-11
1.327141178906635e-11
9.806001180636140e-12
1.157165825698121e-11
1.841466816655251e-11
1.696771538035271e-11
3.164103816980087e-11
3.541218199120361e-11
4.259909995388026e-11
5.849012514012326e-11
8.940725766161009e-11
1.198576297452644e-10
1.537387351882996e-10
2.079613492495440e-10
2.790798908359837e-10
3.670977907698570e-10
4.865192478973545e-10
6.515476781381404e-10
8.705813523419908e-10
1.152003032628588e-09
1.532955644112915e-09
2.027396722958187e-09
2.663166485049714e-09
3.516692773808569e-09
4.613572878149014e-09
6.066285932137333e-09
7.922000080582863e-09
1.037163167260454e-08
1.362563110928055e-08
1.764579480277709e-08
2.320219740359704e-08
3.011567799264767e-08
3.962595330796768e-08
5.184215820989065e-08
6.862009535661897e-08
9.080717101596415e-08
1.212872565733821e-07
1.639420698912919e-07
2.248453801095202e-07
3.106548173982683e-07
4.375949290813743e-07
6.227823392693385e-07
8.986674746000292e-07
1.315103089722682e-06
1.949173151761940e-06
2.912321835151954e-06
4.375092637193484e-06
6.664795754900842e-06
1.015664544809911e-05
1.553513731676130e-05
2.369337737249335e-05
3.642130359611236e-05
5.574857396326391e-05
8.544270122113487e-05
1.311856276471399e-04
2.008824728909658e-04
3.075309014353057e-04
4.712451268411727e-04
7.249906741172089e-04
1.119591647941215e-03
1.736034956618122e-03
2.721835296842885e-03
4.318126338764575e-03
6.959922036233216e-03
1.149263307186897e-02
1.944247740005439e-02
3.382344725902330e-02
6.052539390106675e-02
1.106167496312309e-01
2.034337763929761e-01
3.646845362070739e-01
5.987180557501384e-01
8.277521657098366e-01
9.414668913055088e-01
9.999952307724974e-01
9.999999999996725e-01
1.000000000000000e+00
1.000000000000000e+00
1.000000000000000e+00
1.000000000000000e+00
1.000000000000000e+00
1.000000000000000e+00
1.000000000000000e+00
1.000000000000000e+00
1.000000000000000e+00
###1.200000000000000e+00
-1.174707431065571e-12
-2.198697889491938e-12
2.379219248889870e-11
6.965137673794929e-12
-5.128337347370958e-12
4.384688327847525e-12
1.596234111493334e-11
1.159489498703136e-11
1.561296736843783e-12
1.684880463168294e-11
2.209440170623322e-11
1.813394771285908e-12
5.808656191447362e-12
3.504101789319340e-12
9.633968697631394e-12
3.162808066704584e-11
2.322255561237111e-11
2.043416531001533e-11
1.402477787692735e-11
2.927056248841102e-11
3.122467771573507e-11
5.232397838008713e-11
5.940823223266369e-11
7.303747882181085e-11
9.518911726687657e-11
1.375710608938227e-10
1.872239244135181e-10
2.525084309079816e-10
3.215200965332263e-10
4.322995416781583e-10
5.775069175620036e-10
7.585220155607196e-10
1.014589966357039e-09
1.346182410945955e-09
1.783113703150171e-09
2.373872801871358e-09
3.130206000734969e-09
4.115952177623975e-09
5.428408983309992e-09
7.111127916359123e-09
9.382735877211860e-09
1.230465423339563e-08
1.608353923733597e-08
2.110818861862222e-08
2.758165860286406e-08
3.632988447791582e-08
4.749197033123230e-08
6.316099006863457e-08
8.338149314151219e-08
1.113873071947978e-07
1.494284318088063e-07
2.022268185803863e-07
2.775555413766991e-07
3.859469267055689e-07
5.405551147621223e-07
7.703846733107587e-07
1.108944878352404e-06
1.614840558301938e-06
2.375866658951489e-06
3.528015920752867e-06
5.276950913635267e-06
7.925815566551742e-06
1.201585441462636e-05
1.819683620808971e-05
2.760988789859601e-05
4.186241864202972e-05
6.379905271611465e-05
9.675205807325027e-05
1.469858619639393e-04
2.233971128550312e-04
3.389597662415209e-04
5.137220049580586e-04
7.779185764462510e-04
1.180875475538035e-03
1.797363772528759e-03
2.739790604523968e-03
4.210405220898110e-03
6.513459855270159e-03
1.019658446430150e-02
1.623161754895158e-02
2.630736232423239e-02
4.355827483023354e-02
7.376882801910233e-02
1.273008965842824e-01
2.210045287354440e-01
3.757380444794121e-01
5.919599280755254e-01
8.031907226738507e-01
9.206322996057086e-01
9.999952307724974e-01
9.999999999996725e-01
1.000000000000000e+00
1.000000000000000e+00
1.000000000000000e+00
1.000000000000000e+00
1.000000000000000e+00
1.000000000000000e+00
1.000000000000000e+00
1.000000000000000e+00
1.000000000000000e+00
###1.600000000000000e+00
8.756984751920421e-12
1.115306705518499e-12
2.515493606726009e-11
4.643254571726787e-12
-9.003693938571216e-12
5.586109471865586e-11
2.137677960095263e-11
1.596406642410521e-11
3.290831578850799e-12
2.317742986043284e-11
2.629343461840727e-11
4.700986191884247e-12
-1.569963043449034e-12
9.348704458861992e-12
1.360803107252179e-11
3.499525097003942e-11
2.844995282892367e-11
2.734436753586459e-11
2.094661830149423e-11
3.554436378431827e-11
4.406150136045714e-11
6.855701774166138e-11
8.438964988155510e-11
1.042566540235437e-10
1.348622983883830e-10
1.887984442353384e-10
2.576338678162969e-10
3.446584404304616e-10
4.479259564865888e-10
5.974260780959069e-10
7.950717212583715e-10
1.047709109814754e-09
1.402829782936832e-09
1.849348245977932e-09
2.449323177701902e-09
3.272253616971407e-09
4.300929495697223e-09
5.654151739346830e-09
7.445715422626437e-09
9.782125417832194e-09
1.291188131593484e-08
1.696028036943045e-08
2.225318646558713e-08
2.931373124502638e-08
3.852373674695424e-08
5.103731004337458e-08
6.704134234412228e-08
9.032504790110415e-08
1.201326815735138e-07
1.624134309747975e-07
2.206225883754003e-07
3.024242197578572e-07
4.213548571586330e-07
5.913978993583918e-07
8.383603816672139e-07
1.206011197649398e-06
1.749686968211661e-06
2.564874669543686e-06
3.778873407569537e-06
5.613332986313079e-06
8.395634547512764e-06
1.258359488643941e-05
1.893710540022664e-05
2.858633762856047e-05
4.304302458646890e-05
6.498963941620748e-05
9.820430948750042e-05
1.478251118430822e-04
2.226615337668375e-04
3.355279658954278e-04
5.049779528332736e-04
7.586197600047861e-04
1.137225503419688e-03
1.707928791147551e-03
2.570186045833225e-03
3.867303055078603e-03
5.856641545920495e-03
8.903759769642455e-03
1.365191936623478e-02
2.119171379636114e-02
3.333863239204476e-02
5.329900999704430e-02
8.668914425099400e-02
1.431670719664411e-01
2.373396616462260e-01
3.860123806672954e-01
5.869238351550774e-01
7.831270937747468e-01
9.030357463499579e-01
9.999952307724974e-01
9.999999999996725e-01
1.000000000000000e+00
1.000000000000000e+00
1.000000000000000e+00
1.000000000000000e+00
1.000000000000000e+00
1.000000000000000e+00
1.000000000000000e+00
1.000000000000000e+00
1.000000000000000e+00
###2.000000000000000e+00
2.223955404775867e-11
-3.723331425055255e-12
2.901117982103681e-11
8.841294710949433e-12
-2.713909819851354e-12
5.331486581467357e-11
2.421068071555773e-11
1.896768361502297e-11
1.232072114585785e-11
3.389177230437457e-11
1.916881654305736e-11
8.553067649366406e-12
-6.144927533316805e-12
1.171025720401406e-11
1.920146312204170e-11
3.665617702720005e-11
2.711374478095037e-11
3.875066579234000e-11
3.316941243914189e-11
4.621505418640550e-11
6.172056682736152e-11
8.838613926824373e-11
1.127015413682711e-10
1.366993224777985e-10
1.809116395875856e-10
2.471565876823475e-10
3.343660731358978e-10
4.558985323071131e-10
5.815664101082438e-10
7.734449512367719e-10
1.028194416510228e-09
1.354307123158188e-09
1.810673101413533e-09
2.400172061518658e-09
3.162488753184572e-09
4.244086194786443e-09
5.553873299634897e-09
7.311585494913610e-09
9.649290700472081e-09
1.266362110749935e-08
1.675658712960233e-08
2.204715542245890e-08
2.910410765075723e-08
3.847539563596068e-08
5.094155325188246e-08
6.795393020189091e-08
9.016478486233886e-08
1.219271858722788e-07
1.640818350142651e-07
2.241534876043634e-07
3.081704830166403e-07
4.269493379469298e-07
6.013370079578869e-07
8.522397680867187e-07
1.220162201978603e-06
1.767386172443685e-06
2.578265777314648e-06
3.792371409206917e-06
5.583763825370536e-06
8.299344833715200e-06
1.238785913841960e-05
1.851039804824913e-05
2.768631512469739e-05
4.164280187996516e-05
6.239788189291147e-05
9.355840381758710e-05
1.403862939382065e-04
2.099987645205335e-04
3.136528482917107e-04
4.690190198776359e-04
6.970468589360728e-04
1.043598918469373e-03
1.551415002625814e-03
2.308360633212650e-03
3.439923386135861e-03
5.118860845977247e-03
7.660625892914994e-03
1.148238118543056e-02
1.731718365249111e-02
2.635734550531489e-02
4.051987592924916e-02
6.304097976604976e-02
9.932099336675154e-02
1.583181124257476e-01
2.526485822786917e-01
3.957093506655246e-01
5.834224860781700e-01
7.668635410952783e-01
8.883084955885219e-01
9.999952307724974e-01
9.999999999996725e-01
1.000000000000000e+00
1.000000000000000e+00
1.000000000000000e+00
1.000000000000000e+00
1.000000000000000e+00
1.000000000000000e+00
1.000000000000000e+00
1.000000000000000e+00
1.000000000000000e+00
###2.400000000000000e+00
2.193650440507329e-11
-4.458205609557028e-12
6.829762696502647e-11
2.660789243507937e-11
-5.398138447585641e-12
5.665993465915416e-11
3.131849445652256e-11
2.611564190768089e-11
1.887158310741212e-11
3.166664089656610e-11
2.661172391133308e-11
1.797790181788251e-11
-9.870707870500444e-13
2.700194045354421e-11
2.661034499587893e-11
4.500591594079486e-11
3.929866702325496e-11
4.852604614945946e-11
4.331086356060254e-11
6.475264267539046e-11
8.436093771953131e-11
1.075222673062101e-10
1.464258336928705e-10
1.694545238148011e-10
2.282492772164973e-10
3.096786989398868e-10
4.164093310995584e-10
5.643795620872272e-10
7.255795433293187e-10
9.660769167951712e-10
1.281506572164042e-09
1.693699677939942e-09
2.255349112168018e-09
2.984737099903394e-09
3.930705794210554e-09
5.271044661301008e-09
6.907239988808215e-09
9.090699182343314e-09
1.204230449241603e-08
1.579365383192052e-08
2.096615716684227e-08
2.771563024082953e-08
3.675990773181611e-08
4.882171256636554e-08
6.530591923344117e-08
8.759656044557651e-08
1.173679596732583e-07
1.598624884835661e-07
2.171102011308182e-07
2.995502170486309e-07
4.162226142179074e-07
5.828167307703076e-07
8.278713841222920e-07
1.184096357596715e-06
1.705358527675965e-06
2.478923056885473e-06
3.629607615580297e-06
5.348940847825325e-06
7.864770938037628e-06
1.168095382500860e-05
1.739593933135238e-05
2.588428069280319e-05
3.857380324435731e-05
5.770164732534322e-05
8.603959634391906e-05
1.281940706168660e-04
1.910576385826803e-04
2.840974687252339e-04
4.211351453795681e-04
6.254146559032265e-04
9.244880551504094e-04
1.371303716301131e-03
2.022455215290613e-03
2.984059964424097e-03
4.408289636308709e-03
6.495880040622176e-03
9.619685549689082e-03
1.424418822476029e-02
2.118707072596876e-02
3.171629222403212e-02
4.784847178654749e-02
7.278363071253324e-02
1.117008128688763e-01
1.728631474085180e-01
2.671112657024949e-01
4.050437241982223e-01
5.813158463242513e-01
7.538633447296549e-01
8.761126346825042e-01
9.999952307724974e-01
9.999999999996725e-01
1.000000000000000e+00
1.000000000000000e+00
1.000000000000000e+00
1.000000000000000e+00
1.000000000000000e+00
1.000000000000000e+00
1.000000000000000e+00
1.000000000000000e+00
1.000000000000000e+00
###2.800000000000000e+00
2.080355741189572e-11
4.941850326956991e-13
8.146420446095355e-11
4.848983063809092e-11
-3.922692081759085e-11
6.250544247016741e-11
6.674846221874139e-11
3.688035999278556e-11
3.444495381953964e-11
3.817027559507744e-11
6.218548572625996e-11
-3.994020499598997e-12
9.082303133510818e-12
2.998391408114071e-11
4.161046844650531e-11
4.963122473007583e-11
4.167862696145417e-11
6.059568925690265e-11
6.320291410921728e-11
8.626189579854431e-11
1.101962142921846e-10
1.341887789852236e-10
1.827409627000179e-10
2.135253634154813e-10
2.841134902233697e-10
4.038293279881588e-10
5.117612657780485e-10
6.805051097938497e-10
8.843343115736136e-10
1.177113355665581e-09
1.555252221241600e-09
2.053297385917941e-09
2.734882212928942e-09
3.623495224686984e-09
4.762906306431496e-09
6.367098858767373e-09
8.371136730182070e-09
1.103621060156719e-08
1.467385756670242e-08
1.929531477372668e-08
2.567866768402219e-08
3.411370851426768e-08
4.547681200435201e-08
6.073860185179022e-08
8.180375100122343e-08
1.106473081508410e-07
1.496531346197481e-07
2.054480510297403e-07
2.814954798554789e-07
3.920363461545833e-07
5.497817727046291e-07
7.769271042125587e-07
1.110609089243366e-06
1.598627839417571e-06
2.312281256237545e-06
3.370547144018656e-06
4.944352764989982e-06
7.289698701704730e-06
1.070865302275645e-05
1.586133506258266e-05
2.355342411157327e-05
3.490152273061737e-05
5.182603673665915e-05
7.711939295538291e-05
1.151492991444466e-04
1.694923875301889e-04
2.509411576125342e-04
3.709187110482811e-04
5.464483745034121e-04
8.062229923961811e-04
1.185157750237417e-03
1.743546222504240e-03
2.552769083032709e-03
3.737766160294836e-03
5.476579779642331e-03
7.998778974166473e-03
1.173400442584071e-02
1.718719382842542e-02
2.525301053264123e-02
3.726567748736804e-02
5.533682340566051e-02
8.253154000650205e-02
1.238819916515320e-01
1.868909355069497e-01
2.808670591689997e-01
4.141224157435508e-01
5.804676799829603e-01
7.436497312504672e-01
8.661253199738127e-01
9.999952307724974e-01
9.999999999996725e-01
1.000000000000000e+00
1.000000000000000e+00
1.000000000000000e+00
1.000000000000000e+00
1.000000000000000e+00
1.000000000000000e+00
1.000000000000000e+00
1.000000000000000e+00
1.000000000000000e+00
###3.200000000000000e+00
1.609524963595378e-11
-2.562919799915788e-11
7.500066974742746e-11
4.947876756232570e-11
-3.843496029361571e-11
6.852478070636948e-11
7.227305468127488e-11
4.494445720058712e-11
3.016755061007181e-11
4.527295773997679e-11
7.037741960063997e-11
1.212007423288976e-11
2.027822886084712e-11
4.168045869153617e-11
5.479009454813791e-11
6.097388684960335e-11
5.516914091824927e-11
8.670649499788112e-11
8.224661206282875e-11
1.085139466921907e-10
1.348859258369204e-10
1.684760159566119e-10
2.195909966647704e-10
2.606274501448158e-10
3.433066026781522e-10
4.469196523114534e-10
6.111565054036833e-10
8.101448499756063e-10
1.054095599353599e-09
1.400587565498964e-09
1.849756555389928e-09
2.443308440441664e-09
3.246787496638596e-09
4.303605154117324e-09
5.670523739306346e-09
7.581079973769445e-09
9.982986720071480e-09
1.317447591163974e-08
1.758490580281067e-08
2.320659956354346e-08
3.098271052194216e-08
4.136221511082849e-08
5.551526730361185e-08
7.462074322784547e-08
1.012850882858584e-07
1.378287392653930e-07
1.883573311833073e-07
2.605854065587848e-07
3.606958884534382e-07
5.050966453127381e-07
7.144879057347733e-07
1.016434887668855e-06
1.459947255971690e-06
2.112089328123047e-06
3.064873408242303e-06
4.474713976920817e-06
6.565078259861284e-06
9.676645385523705e-06
1.419169232408889e-05
2.095837300683869e-05
3.103111379700627e-05
4.579155447655554e-05
6.773203693222524e-05
1.002995647515954e-04
1.486023581584639e-04
2.181517729255379e-04
3.209842397684008e-04
4.717318612228395e-04
6.908743735494583e-04
1.012995652635018e-03
1.480883399919522e-03
2.162418960050577e-03
3.145289062783715e-03
4.571218086595853e-03
6.647292924598979e-03
9.634520477432745e-03
1.400297922394747e-02
2.030924686171084e-02
2.951256869933174e-02
4.300637012341499e-02
6.294942191343740e-02
9.229463563178825e-02
1.358718955831290e-01
2.004815053451624e-01
2.940634734293300e-01
4.230418650501384e-01
5.807429726655253e-01
7.358334880695089e-01
8.580534452851527e-01
9.999952307724974e-01
9.999999999996725e-01
1.000000000000000e+00
1.000000000000000e+00
1.000000000000000e+00
1.000000000000000e+00
1.000000000000000e+00
1.000000000000000e+00
1.000000000000000e+00
1.000000000000000e+00
1.000000000000000e+00
###3.600000000000000e+00
2.429092935818472e-11
-7.891934001438756e-12
1.487735437409015e-10
3.014290759837246e-11
-2.969858194031111e-11
9.133128390184285e-11
8.610976321111247e-11
5.671654433138214e-11
4.224715800844512e-11
5.784519922898998e-11
7.700251844656079e-11
2.125963162082647e-11
3.391224970923194e-11
5.602649636080915e-11
6.885077660795342e-11
6.206819231962932e-11
7.475956769191559e-11
1.054900759703409e-10
1.088173713125084e-10
1.340734608429243e-10
1.647991863011396e-10
2.041735381835427e-10
2.636312322281280e-10
3.188497884672250e-10
4.104078143791018e-10
5.311309723577287e-10
7.201219619445893e-10
9.496641905125363e-10
1.237163471459758e-09
1.643307176635598e-09
2.166646367153102e-09
2.864775848590946e-09
3.807275031806058e-09
5.044107025164661e-09
6.659115592168016e-09
8.890878156476910e-09
1.175511301417319e-08
1.554745840043639e-08
2.083256102331011e-08
2.760626942439184e-08
3.703176313911582e-08
4.972164372245510e-08
6.714174913992738e-08
9.086677851545346e-08
1.242238178908132e-07
1.702039431812427e-07
2.348418057384162e-07
3.271322679510081e-07
4.569960480326531e-07
6.431368440871517e-07
9.157339919293713e-07
1.309658241405164e-06
1.889142984219376e-06
2.741183914889476e-06
3.985201114106281e-06
5.821682608402630e-06
8.539381002516975e-06
1.256691518684385e-05
1.840047418084654e-05
2.709695253090991e-05
3.998693239954876e-05
5.876060519319902e-05
8.658363490714375e-05
1.276016543363906e-04
1.878173521964853e-04
2.747386770221101e-04
4.017675517083764e-04
5.875387140615415e-04
8.557606808985696e-04
1.247521335206498e-03
1.813367497384319e-03
2.629991956735716e-03
3.801774678830274e-03
5.487680010995549e-03
7.923179219096181e-03
1.140080107200453e-02
1.642683854524872e-02
2.360910577180510e-02
3.396110555361275e-02
4.892744721961212e-02
7.069120156262670e-02
1.020764094147251e-01
1.477001014750131e-01
2.137030779650315e-01
3.068146262578300e-01
4.318948614929027e-01
5.820361805180022e-01
7.300776452439549e-01
8.517006841125274e-01
9.999952307724974e-01
9.999999999996725e-01
1.000000000000000e+00
1.000000000000000e+00
1.000000000000000e+00
1.000000000000000e+00
1.000000000000000e+00
1.000000000000000e+00
1.000000000000000e+00
1.000000000000000e+00
1.000000000000000e+00
###4.000000000000000e+00
5.612004506047341e-12
-4.855001451437819e-13
1.541993846470007e-10
3.676534289886558e-11
-2.308060153570728e-11
1.010576064126691e-10
1.001105952374121e-10
4.463890606892543e-11
5.880087201516091e-11
7.475678594667804e-11
9.320544120496359e-11
3.451228623951560e-11
4.799135489111157e-11
7.308833174088166e-11
8.600481189382276e-11
7.932691101509556e-11
9.614989121475101e-11
1.062992125814816e-10
1.395919706164985e-10
1.637055750927759e-10
1.996514834070610e-10
2.507047708410722e-10
3.147120368286985e-10
3.823917747370492e-10
4.829575586043948e-10
6.235344473849397e-10
8.387835024886432e-10
1.101390105357394e-09
1.436356446871236e-09
1.906525091338582e-09
2.513558275135807e-09
3.321486095989079e-09
4.416465314853302e-09
5.853209733906759e-09
7.753428893590438e-09
1.034098139981323e-08
1.373554755920972e-08
1.821276740183390e-08
2.451062542703368e-08
3.267124754016759e-08
4.401416687067716e-08
5.945521968975999e-08
8.076506485943083e-08
1.100779315851743e-07
1.515597829991753e-07
2.091113883191388e-07
2.907496963028479e-07
4.074586627941894e-07
5.734513826034375e-07
8.108360068630367e-07
1.160856158114839e-06
1.667860611338732e-06
2.411585864905076e-06
3.505639108121519e-06
5.098088341118979e-06
7.450174982484344e-06
1.092293007988316e-05
1.601635201840151e-05
2.343678693791041e-05
3.440898649651480e-05
5.060462387332508e-05
7.405969380905362e-05
1.087054898529129e-04
1.594328005007909e-04
2.333388511005283e-04
3.399842882550504e-04
4.944774118500877e-04
7.195801079792503e-04
1.042400398514290e-03
1.511513943999904e-03
2.185046265861907e-03
3.148915784591031e-03
4.525103677594656e-03
6.491650472448552e-03
9.305611420491350e-03
1.329726213894706e-02
1.899984436544077e-02
2.708358685316807e-02
3.859609799527849e-02
5.502347153057909e-02
7.856121377798177e-02
1.118848113215233e-01
1.593987094733135e-01
2.266176486966456e-01
3.192013088521112e-01
4.407321238261578e-01
5.842482451370863e-01
7.260974433844314e-01
8.468501773051524e-01
9.999952307724974e-01
9.999999999996725e-01
1.000000000000000e+00
1.000000000000000e+00
1.000000000000000e+00
1.000000000000000e+00
1.000000000000000e+00
1.000000000000000e+00
1.000000000000000e+00
1.000000000000000e+00
1.000000000000000e+00
###4.399999999999999e+00
2.361528705631457e-12
6.168229486121933e-11
1.556362614575700e-10
4.276823099725755e-11
-1.647473962989576e-11
1.218692268190265e-10
1.116735134608248e-10
5.845349464001706e-11
6.755659422141734e-11
8.384402395868140e-11
1.093080045239815e-10
4.711227555067531e-11
6.074645352187685e-11
8.578395062358991e-11
9.499741631521948e-11
9.591531574610741e-11
1.156519667248907e-10
1.307614639488845e-10
1.619445416224274e-10
1.942666015777368e-10
2.358460193194016e-10
2.926570708033917e-10
3.627379961550188e-10
4.411761475159602e-10
5.622763501077060e-10
7.179643256605616e-10
9.645776273426312e-10
1.267117087526968e-09
1.653877260352519e-09
2.191698318628349e-09
2.891957294686168e-09
3.827996795536221e-09
5.085544644205274e-09
6.748442696813067e-09
8.962051027425144e-09
1.195839797909531e-08
1.595519050567330e-08
2.124437592014969e-08
2.869818583520266e-08
3.848492231776397e-08
5.210712684811407e-08
7.086860360781615e-08
9.679446939193195e-08
1.328102490645006e-07
1.839841752844304e-07
2.557846396024515e-07
3.585441640697774e-07
5.047250058617927e-07
7.140139001643189e-07
1.013973700396112e-06
1.457408736833728e-06
2.102424989582989e-06
3.042946707711231e-06
4.428358165892996e-06
6.436836420510688e-06
9.401841709994301e-06
1.376532175325879e-05
2.011729970874429e-05
2.939872068574402e-05
4.302003234474725e-05
6.306262959223169e-05
9.192250948344101e-05
1.344213691985448e-04
1.962747145071620e-04
2.857132367354079e-04
4.146638430701936e-04
5.999630442023669e-04
8.689553026942844e-04
1.252329120621872e-03
1.806392816526488e-03
2.597872012605536e-03
3.721698174148825e-03
5.317565877003531e-03
7.583481994104939e-03
1.079775597715682e-02
1.532651534092569e-02
2.172762954881808e-02
3.073416597398669e-02
4.341494275522199e-02
6.129132084027882e-02
8.655443715397039e-02
1.217293045193706e-01
1.709955640455663e-01
2.392880050802335e-01
3.313188588183005e-01
4.496073237704749e-01
5.872883475634246e-01
7.236426219356247e-01
8.433079046280006e-01
9.999952307724974e-01
9.999999999996725e-01
1.000000000000000e+00
1.000000000000000e+00
1.000000000000000e+00
1.000000000000000e+00
1.000000000000000e+00
1.000000000000000e+00
1.000000000000000e+00
1.000000000000000e+00
1.000000000000000e+00
###4.800000000000000e+00
-8.257895248040340e-12
5.527560247062429e-12
1.541491206207488e-10
4.307788371741761e-11
6.107218777254275e-12
1.324707312159357e-10
1.198816096586822e-10
6.532274600310571e-11
7.297766952039443e-11
8.910379168548435e-11
1.201967693690522e-10
5.860020397763386e-11
7.215613737749030e-11
1.005218913973993e-10
1.026657202775841e-10
1.111933910263385e-10
1.328916506330031e-10
1.500753351239221e-10
1.945335983675141e-10
2.245905036578233e-10
2.695723840592594e-10
3.318881036889709e-10
4.133424850265078e-10
5.053096592812227e-10
6.457076214629979e-10
8.255307174181741e-10
1.100484272459760e-09
1.442202738093084e-09
1.887181961362284e-09
2.500240118177234e-09
3.303477475661554e-09
4.384307509531903e-09
5.817234242902882e-09
7.856056136220236e-09
1.031740768284078e-08
1.378875578553338e-08
1.847040340585776e-08
2.474258192157002e-08
3.349324014442919e-08
4.521735163053965e-08
6.156534835685674e-08
8.426490715524003e-08
1.157036108757242e-07
1.598516691633527e-07
2.228082728326963e-07
3.118436126919682e-07
4.396414750157371e-07
6.213263318821943e-07
8.831293428315710e-07
1.258375436843635e-06
1.814413216295861e-06
2.623977111272219e-06
3.799696491723050e-06
5.530906432913219e-06
8.033694648534047e-06
1.172062751551703e-05
1.713297198070937e-05
2.497096318349083e-05
3.640527291996021e-05
5.309795574523194e-05
7.757174843376316e-05
1.126418614454893e-04
1.641031170607739e-04
2.385877067953565e-04
3.455587596125703e-04
4.995488207925570e-04
7.195583812441831e-04
1.036848287134717e-03
1.487002999889325e-03
2.134130096493166e-03
3.052602522239824e-03
4.350518097570337e-03
6.181512108065943e-03
8.765053727310216e-03
1.240175152494979e-02
1.749020635558683e-02
2.461390200483725e-02
3.456058044806504e-02
4.841706464702854e-02
6.773017415600842e-02
9.464134879786096e-02
1.316168877088179e-01
1.825146345297016e-01
2.517459195243216e-01
3.432223376633293e-01
4.585583248842885e-01
5.910727733654436e-01
7.225342360222010e-01
8.409029306078550e-01
9.999952307724974e-01
9.999999999996725e-01
1.000000000000000e+00
1.000000000000000e+00
1.000000000000000e+00
1.000000000000000e+00
1.000000000000000e+00
1.000000000000000e+00
1.000000000000000e+00
1.000000000000000e+00
1.000000000000000e+00
###5.200000000000000e+00
-1.036070129500402e-11
6.300976877399226e-13
1.501183318626402e-10
4.401515887965080e-11
1.640056544190473e-11
1.263857829354176e-10
1.163412866467257e-10
5.833564308709623e-11
7.156947620779489e-11
1.260210976649135e-10
1.277815865306111e-10
6.501571542415020e-11
7.998822839137916e-11
1.092982411923167e-10
1.075570372087062e-10
1.255326940891722e-10
1.471006250255072e-10
1.695312413549544e-10
2.162940513952622e-10
2.534581194242429e-10
3.016734951117519e-10
3.715989919873686e-10
4.741897239607885e-10
5.732494731055048e-10
7.316723359192812e-10
9.380136336269270e-10
1.246801101812444e-09
1.634453243807254e-09
2.140065312597261e-09
2.837521952435952e-09
3.753950235118973e-09
4.989784982951363e-09
6.637272282648345e-09
8.957795517475526e-09
1.183393652062839e-08
1.586000777560569e-08
2.134507530080465e-08
2.877816987272583e-08
3.906655210445660e-08
5.306549590109427e-08
7.265192531829128e-08
9.999506218104711e-08
1.381094581054748e-07
1.919579496254599e-07
2.690822270472246e-07
3.787937100013576e-07
5.362116823365480e-07
7.609117748506347e-07
1.085538714662820e-06
1.550970793092571e-06
2.242552179353582e-06
3.246462806232799e-06
4.701755688460860e-06
6.839985003422307e-06
9.925620222999345e-06
1.445509140408395e-05
2.106592745407682e-05
3.065516122061026e-05
4.458349733794815e-05
6.479848771041574e-05
9.431631293606001e-05
1.365481926845116e-04
1.980735801812583e-04
2.868449073213767e-04
4.135597751499717e-04
5.953558124460206e-04
8.539848703484623e-04
1.224441338356106e-03
1.748000963804519e-03
2.496424981571298e-03
3.552557288739070e-03
5.037293452370703e-03
7.119739330596976e-03
1.003891636334997e-02
1.411974933772243e-02
1.979020944360093e-02
2.765848481771648e-02
3.856358891819363e-02
5.360183914789208e-02
7.433670915824844e-02
1.028535812510623e-01
1.415578215901184e-01
1.939769993516705e-01
2.640482400076978e-01
3.549676676063079e-01
4.676224113575726e-01
5.955093405351827e-01
7.225848001637660e-01
8.394734484207539e-01
9.999952307724974e-01
9.999999999996725e-01
1.000000000000000e+00
1.000000000000000e+00
1.000000000000000e+00
1.000000000000000e+00
1.000000000000000e+00
1.000000000000000e+00
1.000000000000000e+00
1.000000000000000e+00
1.000000000000000e+00
###5.600000000000001e+00
-9.911688606392814e-12
2.888261827291039e-12
1.535202147103049e-10
4.291798737681210e-11
2.768775384030212e-11
1.072517175533624e-10
1.165709992879690e-10
6.692123002812384e-11
7.890782350191714e-11
1.229831162040926e-10
1.303162008223771e-10
7.125154409362949e-11
8.828655934636758e-11
1.189995860431172e-10
1.223275356466479e-10
1.347727409208328e-10
1.580911473710927e-10
1.866268598960207e-10
2.372183893487229e-10
2.792109368036981e-10
3.358028730212580e-10
4.142880035114103e-10
5.283445430861694e-10
6.471226822099489e-10
8.251271860322152e-10
1.060559500728855e-09
1.407092448367143e-09
1.844932998699777e-09
2.419267104326612e-09
3.209591098292652e-09
4.251176448677492e-09
5.665346152368734e-09
7.556056733381980e-09
1.019501778494294e-08
1.355454675546606e-08
1.822660335266297e-08
2.464322713696894e-08
3.339198294229358e-08
4.556539620779507e-08
6.221262095058991e-08
8.569094166510325e-08
1.186370401532856e-07
1.646854333880774e-07
2.301248119813779e-07
3.241890099761000e-07
4.586574557156788e-07
6.513825220757245e-07
9.277514381638789e-07
1.327195463028084e-06
1.901563156196837e-06
2.750091242546850e-06
3.985295023317897e-06
5.768965903395489e-06
8.384499059762796e-06
1.214897047807046e-05
1.766019110023067e-05
2.567894538071665e-05
3.726476892192907e-05
5.405101711760465e-05
7.830471450580705e-05
1.135594267813179e-04
1.638998356859414e-04
2.368201743795305e-04
3.415730852332491e-04
4.903005781890848e-04
7.030766340781395e-04
1.004353335792990e-03
1.433140590370806e-03
2.036753503183364e-03
2.895451912043042e-03
4.099784441454476e-03
5.784629543539184e-03
8.134639764151415e-03
1.140916941071066e-02
1.595375838149848e-02
2.223147489157782e-02
3.086359666117511e-02
4.274034385805595e-02
5.896924396657484e-02
8.111094736449467e-02
1.112043098100168e-01
1.515604570064919e-01
2.053968381482378e-01
2.762333061037061e-01
3.666020522301428e-01
4.767992045909676e-01
6.005629431436593e-01
7.236426296817435e-01
8.389405199043874e-01
9.999952307724974e-01
9.999999999996725e-01
1.000000000000000e+00
1.000000000000000e+00
1.000000000000000e+00
1.000000000000000e+00
1.000000000000000e+00
1.000000000000000e+00
1.000000000000000e+00
1.000000000000000e+00
1.000000000000000e+00
###6.000000000000001e+00
-8.549833310784241e-12
3.178486781907995e-12
1.575463356683381e-10
4.485016405179978e-11
3.036563859720475e-11
1.141174879916213e-10
1.239879537686220e-10
6.965447611252727e-11
7.946690755310396e-11
1.244543390762240e-10
1.354474797528987e-10
7.466559841948682e-11
9.316812312262492e-11
1.265738269332021e-10
1.318158107163512e-10
1.553745555070425e-10
1.722624998247709e-10
2.044733640186379e-10
2.595608317669156e-10
3.083280201482386e-10
3.718981943770325e-10
4.606086706715423e-10
5.874879072203201e-10
7.266331730413465e-10
9.267575825881116e-10
1.192536580405501e-09
1.579431414744705e-09
2.074728220138699e-09
2.727430906087784e-09
3.621296369637062e-09
4.805588432043935e-09
6.418492547817839e-09
8.573409385203807e-09
1.160233787441749e-08
1.551433801695582e-08
2.093838422639024e-08
2.845014992466635e-08
3.878873531838152e-08
5.311421269904326e-08
7.293443071987194e-08
1.010620971374282e-07
1.405709221667392e-07
1.961164346252234e-07
2.753755039971305e-07
3.896842179290296e-07
5.535062952037883e-07
7.881659738107571e-07
1.125675734663408e-06
1.613466395422734e-06
2.313942851439082e-06
3.352546595183610e-06
4.854769733892696e-06
7.023506814748967e-06
1.019203194550624e-05
1.474250005732696e-05
2.139226553886419e-05
3.104690338876320e-05
4.490552876177622e-05
6.495442284184876e-05
9.379768314741042e-05
1.355820561408125e-04
1.950118604364335e-04
2.807121462255882e-04
4.033041921293887e-04
5.765618779272635e-04
8.233104252594552e-04
1.171599081351012e-03
1.664294275926919e-03
2.355049871023057e-03
3.332993593273764e-03
4.697031979858242e-03
6.595914754974794e-03
9.229394765123690e-03
1.287822318459320e-02
1.790904705736035e-02
2.481162431406513e-02
3.423086051850251e-02
4.709688424576119e-02
6.452070391967113e-02
8.805897200776715e-02
1.196934321692928e-01
1.616320688513090e-01
2.168085110778114e-01
2.883338864788343e-01
3.781676027234134e-01
4.861093103622018e-01
6.061472440799576e-01
7.255684429805632e-01
8.391606016308973e-01
9.999952307724974e-01
9.999999999996725e-01
1.000000000000000e+00
1.000000000000000e+00
1.000000000000000e+00
1.000000000000000e+00
1.000000000000000e+00
1.000000000000000e+00
1.000000000000000e+00
1.000000000000000e+00
1.000000000000000e+00
###6.400000000000001e+00
9.533191259335839e-12
2.124460829922002e-12
1.449000393688676e-10
4.691840336488156e-11
5.097810971526840e-11
1.118057447955831e-10
1.279948144113779e-10
7.488771493736497e-11
1.033456524247243e-10
1.259876044632619e-10
1.402400526168419e-10
8.311666780896915e-11
1.017844644337616e-10
1.373013289208146e-10
1.164506520618368e-10
1.622103927477719e-10
1.858634360941788e-10
2.233460697861925e-10
2.834936011630253e-10
3.388350685041343e-10
4.247889855111036e-10
5.157588832460705e-10
6.499776896392676e-10
8.122853262479193e-10
1.035086470202461e-09
1.335943652845909e-09
1.769289617984324e-09
2.328141864755501e-09
3.067708926783827e-09
4.074476013828616e-09
5.428478091023771e-09
7.269198721682637e-09
9.744012223717204e-09
1.320034340516437e-08
1.776172248084546e-08
2.406982795551775e-08
3.286583155684103e-08
4.508044373811542e-08
6.194829426040338e-08
8.555212641310108e-08
1.191472777619995e-07
1.664948911195006e-07
2.333211687870744e-07
3.290616673851093e-07
4.671652875721887e-07
6.657984729339489e-07
9.501671407512345e-07
1.359694319902980e-06
1.951542568575669e-06
2.799785240689199e-06
4.060653073419592e-06
5.873791716447852e-06
8.488640774801460e-06
1.229875865887448e-05
1.776168125036637e-05
2.571032859344485e-05
3.723475612395104e-05
5.369796561108970e-05
7.743804228816708e-05
1.114730557301345e-04
1.606037125938839e-04
2.302489496945453e-04
3.302312915504709e-04
4.726548592173396e-04
6.730241410407306e-04
9.573493923352383e-04
1.356946369026811e-03
1.919392660126565e-03
2.704482745516834e-03
3.810879224285909e-03
5.345976750176502e-03
7.473324543861560e-03
1.040651771268174e-02
1.444835065241669e-02
1.998647708389364e-02
2.753525209440960e-02
3.776271181633038e-02
5.163158474245720e-02
7.026053066364887e-02
9.517736338776846e-02
1.283244119525117e-01
1.717845203210210e-01
2.282218892982495e-01
3.003757550301469e-01
3.896836064565000e-01
4.955620176523445e-01
6.122131273806114e-01
7.282770373914430e-01
8.400550266540013e-01
9.999952307724974e-01
9.999999999996725e-01
1.000000000000000e+00
1.000000000000000e+00
1.000000000000000e+00
1.000000000000000e+00
1.000000000000000e+00
1.000000000000000e+00
1.000000000000000e+00
1.000000000000000e+00
1.000000000000000e+00
###6.800000000000002e+00
-1.157386037022657e-12
-1.060988837105647e-11
1.451691124756569e-10
4.657332303362205e-11
5.254437749318265e-11
1.247227777585035e-10
1.324655320131425e-10
7.976055258806840e-11
1.003913332254036e-10
1.288615283044577e-10
1.436699017916781e-10
9.455615103390142e-11
1.128676482033981e-10
1.471826824507196e-10
1.272012580487708e-10
1.676853681667609e-10
2.049623767120336e-10
2.434482297483666e-10
3.083633369082845e-10
3.737169047980852e-10
4.658860058483931e-10
5.727626609593471e-10
7.210569737494329e-10
8.989093862019657e-10
1.154272967439606e-09
1.495142945463475e-09
1.979062206451843e-09
2.608814436903387e-09
3.442951691737706e-09
4.588478787517814e-09
6.129175055986349e-09
8.231830525866079e-09
1.107540878108356e-08
1.504109819482661e-08
2.034948077435382e-08
2.769229923742092e-08
3.799694838565190e-08
5.241290968191041e-08
7.233061166113469e-08
1.003763592731666e-07
1.404349979512651e-07
1.970647724854342e-07
2.772056266880688e-07
3.923128672085074e-07
5.588084807846144e-07
7.983257668514519e-07
1.140886510883831e-06
1.635468951797726e-06
2.347919603282451e-06
3.375006428762736e-06
4.884452938697679e-06
7.062516305658432e-06
1.019481255404008e-05
1.474181907906961e-05
2.125193027467289e-05
3.068764318055677e-05
4.431149526107675e-05
6.374811046017193e-05
9.167337245268533e-05
1.315455888898257e-04
1.888647616022339e-04
2.699473380560198e-04
3.857334323792252e-04
5.501735452908711e-04
7.804253140408999e-04
1.106014361301125e-03
1.561595127432198e-03
2.199784242323149e-03
3.086799758810127e-03
4.331464609068767e-03
6.049542353876389e-03
8.419343661229225e-03
1.166941483355036e-02
1.612262367816971e-02
2.218932130702196e-02
3.040333468838594e-02
4.146141705469217e-02
5.634843201040170e-02
7.618579526015649e-02
1.024724092817180e-01
1.370945243200414e-01
1.820270729291661e-01
2.396613911404543e-01
3.123810351343544e-01
4.011837508274514e-01
5.051604844107298e-01
6.187177951590119e-01
7.316561897750128e-01
8.415109773104472e-01
9.999952307724974e-01
9.999999999996725e-01
1.000000000000000e+00
1.000000000000000e+00
1.000000000000000e+00
1.000000000000000e+00
1.000000000000000e+00
1.000000000000000e+00
1.000000000000000e+00
1.000000000000000e+00
1.000000000000000e+00
###7.200000000000002e+00
3.625903982458491e-12
-8.908604689539688e-12
1.448088041393639e-10
4.888857800660217e-11
7.139627372302350e-11
1.246053165949233e-10
1.373277346312163e-10
7.435574572253454e-11
1.066746833923346e-10
1.340636651594735e-10
1.430060218140356e-10
1.053399595561287e-10
1.211530502149400e-10
1.445966149061194e-10
1.414888270446439e-10
1.851464055433375e-10
2.239343256932748e-10
2.666938200873510e-10
3.366133530070209e-10
4.103550679565184e-10
5.103246576880197e-10
6.328092406584104e-10
8.025191132349867e-10
9.998595380007377e-10
1.283475395507521e-09
1.669101976915273e-09
2.211102709711038e-09
2.919577942663460e-09
3.867336911122606e-09
5.165045995898839e-09
6.917417967458687e-09
9.324554823011143e-09
1.259678493199630e-08
1.715646607722784e-08
2.334059581685951e-08
3.189736861233604e-08
4.396634449847294e-08
6.093023341182098e-08
8.449074063612764e-08
1.177804835587431e-07
1.654721047270373e-07
2.329735943355401e-07
3.288247477620745e-07
4.667587846978121e-07
6.665946118209976e-07
9.540016795304495e-07
1.365015016802720e-06
1.958391558271558e-06
2.812258800478227e-06
4.043772170168124e-06
5.844025683349826e-06
8.441356392981049e-06
1.216784208246739e-05
1.756210461239447e-05
2.526529827324620e-05
3.638801660805325e-05
5.237375164267948e-05
7.519041880355126e-05
1.078248031403819e-04
1.542505183500556e-04
2.207147920144307e-04
3.145279640880468e-04
4.478074678198563e-04
6.365114009155841e-04
8.995850177528337e-04
1.270303048814257e-03
1.786795333338911e-03
2.507008098673340e-03
3.503979475460146e-03
4.896733171457168e-03
6.810429952717658e-03
9.436712089522976e-03
1.302066666889007e-02
1.790479489597496e-02
2.452068662183395e-02
3.342045770519225e-02
4.533382983084710e-02
6.124852122976378e-02
8.230247898137492e-02
1.099446009955185e-01
1.460230000643442e-01
1.923664698132714e-01
2.511407359237571e-01
3.243705254641960e-01
4.126868769900142e-01
5.149098981037762e-01
6.256109010623140e-01
7.356153184298106e-01
8.434714617184877e-01
9.999952307724974e-01
9.999999999996725e-01
1.000000000000000e+00
1.000000000000000e+00
1.000000000000000e+00
1.000000000000000e+00
1.000000000000000e+00
1.000000000000000e+00
1.000000000000000e+00
1.000000000000000e+00
1.000000000000000e+00
###7.600000000000002e+00
7.442017928019350e-12
-1.925947698046396e-10
1.470174886341440e-10
8.484755661091232e-11
8.124142392046551e-11
1.169473818696270e-10
1.386768281492203e-10
8.344535118380409e-11
1.139911125118151e-10
1.397565150755593e-10
1.535305983548067e-10
1.209319481877418e-10
1.311829477367096e-10
1.639058600791841e-10
1.589059065484668e-10
2.022118904327876e-10
2.472156572685363e-10
2.940918012545857e-10
3.694619649960771e-10
4.495529097977156e-10
5.608444020870150e-10
6.986090123217046e-10
8.864703456201559e-10
1.109351037965608e-09
1.430268524798140e-09
1.863161132375763e-09
2.470218564568985e-09
3.269986080298480e-09
4.343333471278953e-09
5.817984040651930e-09
7.823491652504880e-09
1.057060440925471e-08
1.434314965700127e-08
1.959695562547888e-08
2.680418784014818e-08
3.679577665038483e-08
5.095123070930413e-08
7.086549748517606e-08
9.875867197114440e-08
1.381932182002602e-07
1.948418365694305e-07
2.752079243439822e-07
3.894183180476792e-07
5.541760419379445e-07
7.928814874223113e-07
1.136256310163605e-06
1.626529250960005e-06
2.335068453131522e-06
3.351952062233332e-06
4.822347950914206e-06
6.955209104378253e-06
1.003402963126103e-05
1.443512951284484e-05
2.079932388287426e-05
2.986150476937745e-05
4.289246345058881e-05
6.153689492427625e-05
8.816362849338245e-05
1.260555645218623e-04
1.798110071068374e-04
2.564456776760666e-04
3.643408244260066e-04
5.169620040216495e-04
7.323649902876337e-04
1.031423050440597e-03
1.451216323218004e-03
2.033768282919464e-03
2.842702297710423e-03
3.957668001034865e-03
5.508978858605306e-03
7.630308104879887e-03
1.052851238489285e-02
1.446303559932363e-02
1.979771357756386e-02
2.698480458842611e-02
3.659097299911714e-02
4.937960816008398e-02
6.633608713763417e-02
8.860549170589736e-02
1.175988873564534e-01
1.551055492501006e-01
2.028146501861033e-01
2.626624082506278e-01
3.363737487783686e-01
4.242373555521840e-01
5.247964065594409e-01
6.328689849147475e-01
7.400816540702790e-01
8.458737037514023e-01
9.999952307724974e-01
9.999999999996725e-01
1.000000000000000e+00
1.000000000000000e+00
1.000000000000000e+00
1.000000000000000e+00
1.000000000000000e+00
1.000000000000000e+00
1.000000000000000e+00
1.000000000000000e+00
1.000000000000000e+00
###8.000000000000002e+00
6.555978734121830e-12
-1.905194273163073e-10
1.470953611321703e-10
8.832842498968529e-11
1.345212571425445e-10
1.170951294775354e-10
1.212271916091243e-10
9.355201688835051e-11
1.252035010201757e-10
1.541328351422879e-10
1.636404535526757e-10
1.367280329360613e-10
1.449620601915812e-10
1.731192691032601e-10
1.750345450875678e-10
2.223473256082489e-10
2.726752997341650e-10
3.259982993486786e-10
4.068878038235549e-10
4.952755564435474e-10
6.183098592850760e-10
7.730986198058221e-10
9.793389769229314e-10
1.230991957874214e-09
1.592964749363442e-09
2.081010007669819e-09
2.761911448938720e-09
3.662455791953766e-09
4.882307958346446e-09
6.556981791000103e-09
8.851090088787254e-09
1.200274285751049e-08
1.635017646588272e-08
2.243157972479060e-08
3.081628628317403e-08
4.248414692433895e-08
5.909162115565564e-08
8.244785152553167e-08
1.154588313572143e-07
1.620529219193662e-07
2.291977535155019e-07
3.246312781934970e-07
4.603273936617121e-07
6.562941540579343e-07
9.402774900357597e-07
1.348597727801909e-06
1.930880697871025e-06
2.772396254245086e-06
3.978006556228258e-06
5.722356526089739e-06
8.237345299058162e-06
1.186618970056431e-05
1.703704802002736e-05
2.450206261368213e-05
3.509760932248548e-05
5.028680854506769e-05
7.192477609728221e-05
1.028176802440474e-04
1.466006733629371e-04
2.084906527271397e-04
2.964322168735679e-04
4.198504330480781e-04
5.937577829870649e-04
8.384522449337627e-04
1.176755014836138e-03
1.649947300296605e-03
2.303897631613231e-03
3.208462183568819e-03
4.450139813796344e-03
6.170631578317604e-03
8.512653056906591e-03
1.169762207102879e-02
1.600083376933466e-02
2.180559152127447e-02
2.958350417803276e-02
3.991833892643123e-02
5.360149355061949e-02
7.161106600735873e-02
9.509773436794346e-02
1.254335862009491e-01
1.643361496406099e-01
2.133690268897782e-01
2.742421800841322e-01
3.484022318219979e-01
4.358071333703734e-01
5.348249810384055e-01
6.404341864482799e-01
7.449980413622350e-01
8.486411963442624e-01
9.999952307724974e-01
9.999999999996725e-01
1.000000000000000e+00
1.000000000000000e+00
1.000000000000000e+00
1.000000000000000e+00
1.000000000000000e+00
1.000000000000000e+00
1.000000000000000e+00
1.000000000000000e+00
1.000000000000000e+00
###8.400000000000002e+00
1.362959188307453e-11
-1.922639477299861e-10
1.448929027022193e-10
9.116624980734681e-11
1.385276464933321e-10
1.209171013735441e-10
1.291551976914803e-10
9.802992156060619e-11
1.303489902799569e-10
1.574350758270670e-10
1.730494146594117e-10
1.559716305535996e-10
1.553335005661840e-10
1.865567350547492e-10
1.952463020359320e-10
2.464064884958401e-10
2.925285880798010e-10
3.559155994992449e-10
4.446142756368131e-10
5.411903060824189e-10
6.773626884403651e-10
8.490055938995123e-10
1.080127952911172e-09
1.365560935445696e-09
1.770712089379380e-09
2.316070307666893e-09
3.087273458677720e-09
4.103952146343084e-09
5.491874295368652e-09
7.402787515286458e-09
1.002525010447353e-08
1.364925413953143e-08
1.866764162997351e-08
2.570507824722910e-08
3.547626228464928e-08
4.910562666795616e-08
6.856118034738737e-08
9.602020281833726e-08
1.349646077321349e-07
1.899598749094365e-07
2.693682148240418e-07
3.823818327709913e-07
5.432886220100584e-07
7.753486411929696e-07
1.111720729086072e-06
1.595390238928095e-06
2.284341165327619e-06
3.278269351246850e-06
4.700347335965879e-06
6.757893058943825e-06
9.710555605417240e-06
1.396452213552422e-05
2.001063311340903e-05
2.871884011117656e-05
4.104188772820291e-05
5.865832183651320e-05
8.365467175935251e-05
1.193103825652288e-04
1.696469843775652e-04
2.405612070822884e-04
3.409763177886892e-04
4.814967279986236e-04
6.787833344058795e-04
9.554216091921171e-04
1.336403790565203e-03
1.867453534252594e-03
2.598638975053419e-03
3.605937556013031e-03
4.983009744050438e-03
6.883590778838902e-03
9.459692784657242e-03
1.294716391741402e-02
1.763697895038254e-02
2.393186407778331e-02
3.232155922198682e-02
4.340499076380395e-02
5.799907787755214e-02
7.707814218445898e-02
1.017871238231236e-01
1.334572880108658e-01
1.737380890070038e-01
2.240447108453072e-01
2.858978489649458e-01
3.604673142091395e-01
4.474255295065406e-01
5.449872261857589e-01
6.482663401146584e-01
7.503006761536993e-01
8.517513487626424e-01
9.999952307724974e-01
9.999999999996725e-01
1.000000000000000e+00
1.000000000000000e+00
1.000000000000000e+00
1.000000000000000e+00
1.000000000000000e+00
1.000000000000000e+00
1.000000000000000e+00
1.000000000000000e+00
1.000000000000000e+00
###8.800000000000002e+00
-7.314863601540947e-11
-1.904491702573576e-10
1.373818121172902e-10
1.040796553882666e-10
1.368353620768398e-10
1.118031677412198e-10
1.292004480195049e-10
8.988083830241091e-11
1.360245646087711e-10
1.647619312155422e-10
1.813768030567564e-10
1.626351908932219e-10
1.717657579112850e-10
2.024751117608599e-10
2.139481189806407e-10
2.629209398513192e-10
3.191567811644037e-10
3.877846583676673e-10
4.820689740064858e-10
5.978949047042225e-10
7.450801381099400e-10
9.331891088643076e-10
1.191424672644664e-09
1.512512348369804e-09
1.965760087407065e-09
2.585493410267596e-09
3.452499445671581e-09
4.604319083358463e-09
6.184488257328558e-09
8.366727444816332e-09
1.137106542489063e-08
1.553917809580735e-08
2.135396918960176e-08
2.950687307852433e-08
4.089066250950336e-08
5.682216114125062e-08
7.960788379525331e-08
1.118440543396024e-07
1.576912563669919e-07
2.224852701152809e-07
3.162814282538427e-07
4.496600295827603e-07
6.398529574332080e-07
9.136333592264195e-07
1.310518057276221e-06
1.880615090098048e-06
2.692412003117254e-06
3.861137853250305e-06
5.531849826529176e-06
7.945572872165437e-06
1.139639101654644e-05
1.635753540077993e-05
2.339484332920847e-05
3.350456223910793e-05
4.776867175994526e-05
6.810455072085748e-05
9.685481834927369e-05
1.377966051107961e-04
1.954040664317784e-04
2.763069013816031e-04
3.904888048465294e-04
5.497868200322857e-04
7.726103986322432e-04
1.084113636779950e-03
1.511420642791342e-03
2.105096910008991e-03
2.919485650723989e-03
4.036884193743832e-03
5.558771220766560e-03
7.650756952541019e-03
1.047446068145825e-02
1.428020198158879e-02
1.937389982342204e-02
2.617890658301534e-02
3.520141668006373e-02
4.705494109889458e-02
6.257729681818719e-02
8.273731181281742e-02
1.086729121929939e-01
1.416692132877766e-01
1.833030034678912e-01
2.348519674988389e-01
2.976338751847416e-01
3.725809546996495e-01
4.590984013182290e-01
5.552685008061869e-01
6.563663541454082e-01
7.559393924267329e-01
8.551147080206026e-01
9.999952307724974e-01
9.999999999996725e-01
1.000000000000000e+00
1.000000000000000e+00
1.000000000000000e+00
1.000000000000000e+00
1.000000000000000e+00
1.000000000000000e+00
1.000000000000000e+00
1.000000000000000e+00
1.000000000000000e+00
###9.200000000000003e+00
-6.967423031631541e-11
-1.898739656895696e-10
1.310992308705383e-10
1.062071913790573e-10
1.363359536592246e-10
1.139587816154288e-10
1.359566494196817e-10
1.037844782516608e-10
1.454906056551698e-10
1.724584378218329e-10
1.896594318491213e-10
1.702992717766190e-10
1.871049775672844e-10
2.194598739661486e-10
2.347598897791353e-10
2.855671350723327e-10
3.485301114130099e-10
4.221685927737055e-10
5.250486742442065e-10
6.516957179894129e-10
8.155878757626510e-10
1.025780306988049e-09
1.314793093053903e-09
1.676402694964860e-09
2.186435784473076e-09
2.886660020931054e-09
3.863226898705497e-09
5.173261387516472e-09
6.972468375477817e-09
9.475411796142954e-09
1.291750072877457e-08
1.772872033412516e-08
2.445521844808884e-08
3.390580334466021e-08
4.716659673927842e-08
6.581406864131480e-08
9.243965384272967e-08
1.302493076433427e-07
1.841455487205987e-07
2.603465883088602e-07
3.706463039312472e-07
5.276776929838835e-07
7.520933493527005e-07
1.073794400958828e-06
1.540497320154867e-06
2.209178859916353e-06
3.161770694924992e-06
4.531344662891812e-06
6.483967583238854e-06
9.301607353020398e-06
1.331818260226798e-05
1.908033890916009e-05
2.723350320866114e-05
3.891649338492184e-05
5.535884329731260e-05
7.872837058801093e-05
1.116607560461159e-04
1.584688980288837e-04
2.241134250336050e-04
3.160868179217276e-04
4.453326763821682e-04
6.251582188314012e-04
8.759165836094588e-04
1.225378432240374e-03
1.702814378939539e-03
2.364009009547414e-03
3.267972792515715e-03
4.503210639589753e-03
6.179356938409661e-03
8.474650443755992e-03
1.155956418962345e-02
1.569950033129561e-02
2.121610589359644e-02
2.855154943616918e-02
3.822754875245905e-02
5.087158627742462e-02
6.734026305016200e-02
8.859442859334954e-02
1.157624074402592e-01
1.500736803493730e-01
1.930210529179248e-01
2.457872346647244e-01
3.094604540446836e-01
3.847463939528660e-01
4.708303406269771e-01
5.656585035923541e-01
6.646773142818621e-01
7.618420696829319e-01
8.587182029454393e-01
9.999952307724974e-01
9.999999999996725e-01
1.000000000000000e+00
1.000000000000000e+00
1.000000000000000e+00
1.000000000000000e+00
1.000000000000000e+00
1.000000000000000e+00
1.000000000000000e+00
1.000000000000000e+00
1.000000000000000e+00
###9.600000000000003e+00
-7.448243258038043e-11
-1.838665976908077e-10
1.359162085740835e-10
1.092454058577505e-10
1.402347982827634e-10
1.180559624824830e-10
1.391690628592563e-10
1.118102631760212e-10
1.505140725731927e-10
1.714964524163928e-10
1.989366858841269e-10
1.829006677553367e-10
2.041091307728288e-10
2.356668689411103e-10
2.572222091899201e-10
3.093984319723051e-10
3.781166667048453e-10
4.591571732669539e-10
5.714914899334190e-10
7.099606961198691e-10
8.935200307628984e-10
1.128000632297247e-09
1.454000473884586e-09
1.860152903967160e-09
2.434933570738652e-09
3.227173928330188e-09
4.328927560118802e-09
5.821893636324812e-09
7.878868893229945e-09
1.074471349701455e-08
1.470084382163125e-08
2.025204873472222e-08
2.804344444889600e-08
3.900241498892904e-08
5.447740026525428e-08
7.622130437345845e-08
1.073705085398349e-07
1.516715156538998e-07
2.148650196512067e-07
3.042355547931445e-07
4.336837769536041e-07
6.180689893401207e-07
8.813776652128358e-07
1.258746525351101e-06
1.805303781663854e-06
2.587961025108384e-06
3.700522675506889e-06
5.297581849520130e-06
7.571387735118369e-06
1.082891523973253e-05
1.550073702816725e-05
2.216617193676713e-05
3.157250886442634e-05
4.501890615442663e-05
6.389208075684851e-05
9.064189823110480e-05
1.282322349827737e-04
1.815300615138256e-04
2.560494902869184e-04
3.601431309802499e-04
5.059542058305032e-04
7.081774885693720e-04
9.893300960115083e-04
1.379889527500173e-03
1.911673682308179e-03
2.645563923440934e-03
3.645391061325928e-03
5.006540057102353e-03
6.846764367939451e-03
9.357302387921897e-03
1.271781218620713e-02
1.720892900333681e-02
2.316677457709828e-02
3.105224202026802e-02
4.140328235435389e-02
5.485794401768052e-02
7.229120443848625e-02
9.465124625306481e-02
1.230472852291816e-01
1.586702307082548e-01
2.029170380575627e-01
2.568693056603112e-01
3.213850185339105e-01
3.969798870556540e-01
4.826228022219709e-01
5.761598567009749e-01
6.731837283886400e-01
7.679990598005567e-01
8.625284272338077e-01
9.999952307724974e-01
9.999999999996725e-01
1.000000000000000e+00
1.000000000000000e+00
1.000000000000000e+00
1.000000000000000e+00
1.000000000000000e+00
1.000000000000000e+00
1.000000000000000e+00
1.000000000000000e+00
1.000000000000000e+00
###1.000000000000000e+01
-7.236733557138772e-11
-1.460024770566833e-10
1.227750592362267e-10
1.038678333738321e-10
1.359246972145317e-10
1.213025331870720e-10
1.440619263813349e-10
1.196136054107772e-10
1.606496823968515e-10
1.813757058852290e-10
2.069207603914438e-10
1.956127864239692e-10
2.178493357630212e-10
2.514034531055656e-10
2.789183713848902e-10
3.353155139459880e-10
4.089609498047408e-10
4.983972442049894e-10
6.235516725325399e-10
7.783820933615211e-10
9.767283048583840e-10
1.242701238079857e-09
1.603432113845721e-09
2.063862092252651e-09
2.713673068411316e-09
3.611077922670013e-09
4.860050555707997e-09
6.559374302296098e-09
8.915994458186612e-09
1.220209081606570e-08
1.673611993119342e-08
2.317305276606480e-08
3.219564902733098e-08
4.490664833967207e-08
6.291734391870691e-08
8.831627160457814e-08
1.246812034549976e-07
1.764472041663604e-07
2.504328920193294e-07
3.550570754417489e-07
5.064875554316116e-07
7.224625849681902e-07
1.030650022162290e-06
1.471305928123801e-06
2.109400591691840e-06
3.020914855691619e-06
4.315863719007396e-06
6.171192297600260e-06
8.808858018313557e-06
1.256568264985784e-05
1.797240170991346e-05
2.565441754727529e-05
3.646464898923855e-05
5.187927503154146e-05
7.346115153057501e-05
1.039608660067050e-04
1.467712137514120e-04
2.071609200414499e-04
2.914599675128114e-04
4.088682470443215e-04
5.727630367986988e-04
7.994526810493460e-04
1.113607249342021e-03
1.548635316584817e-03
2.139024808354773e-03
2.951089840622933e-03
4.053465244137392e-03
5.549080144925348e-03
7.563623841246037e-03
1.030208643320956e-02
1.395286612131679e-02
1.881124682360537e-02
2.522955982279437e-02
3.368596409513464e-02
4.473220838077285e-02
5.901974283482832e-02
7.742976645499185e-02
1.009119393461390e-01
1.305411859614272e-01
1.674609537888512e-01
2.129898762918798e-01
2.680758898350115e-01
3.334085636776873e-01
4.092759313275064e-01
4.944751925600629e-01
5.867634184389281e-01
6.818383458025724e-01
7.743623718857190e-01
8.664899034864665e-01
9.999952307724974e-01
9.999999999996725e-01
1.000000000000000e+00
1.000000000000000e+00
1.000000000000000e+00
1.000000000000000e+00
1.000000000000000e+00
1.000000000000000e+00
1.000000000000000e+00
1.000000000000000e+00
1.000000000000000e+00
###1.040000000000000e+01
-6.808386288679144e-11
-1.442065513023576e-10
1.216638913760649e-10
1.005096416970636e-10
1.379838301530740e-10
1.278560772665957e-10
1.470579906306183e-10
1.258916405363900e-10
1.749604943880531e-10
1.888416359115827e-10
2.155703469625452e-10
2.067181915821894e-10
2.331056591973663e-10
2.721092356171925e-10
3.006731373533425e-10
3.631598415608605e-10
4.459314900054378e-10
5.426537105060671e-10
6.790321504033110e-10
8.498545633624562e-10
1.071321851936044e-09
1.368480248364091e-09
1.772079598837035e-09
2.294446030079873e-09
3.029088766140697e-09
4.045775040630452e-09
5.464957551633074e-09
7.403874393419428e-09
1.010536365802045e-08
1.387062674093485e-08
1.910806320785367e-08
2.654023982654244e-08
3.698571012436006e-08
5.174350540477303e-08
7.269467601040479e-08
1.023185005935665e-07
1.447244371466593e-07
2.051082458093232e-07
2.915368620329865e-07
4.136585191745209e-07
5.904514935144673e-07
8.425328195783113e-07
1.202165496591847e-06
1.716153219855965e-06
2.457578090908460e-06
3.515516709019614e-06
5.017939752584132e-06
7.165732865514046e-06
1.021356255642193e-05
1.455554499336416e-05
2.076668257785435e-05
2.958447161740786e-05
4.196190735834157e-05
5.956907153930713e-05
8.415719442951304e-05
1.188271038886203e-04
1.673734408300553e-04
2.355919733342954e-04
3.306072676717398e-04
4.625966986165403e-04
6.462132565979115e-04
8.995237293430602e-04
1.249471512481712e-03
1.732590651246872e-03
2.385981984028746e-03
3.282046104197410e-03
4.494151159575643e-03
6.133142328031409e-03
8.332139341179875e-03
1.131115725546048e-02
1.526729651973673e-02
2.051064141597016e-02
2.740819361310272e-02
3.645492834996086e-02
4.821880064163058e-02
6.335817840407307e-02
8.276412068710884e-02
1.073754299647744e-01
1.382444803326137e-01
1.764535257315335e-01
2.232372825853176e-01
2.794324483106157e-01
3.455303557979546e-01
4.216538113270871e-01
5.063956604284232e-01
5.974500883871079e-01
6.906338419317625e-01
7.808968693868232e-01
8.706077083815494e-01
9.999952307724974e-01
9.999999999996725e-01
1.000000000000000e+00
1.000000000000000e+00
1.000000000000000e+00
1.000000000000000e+00
1.000000000000000e+00
1.000000000000000e+00
1.000000000000000e+00
1.000000000000000e+00
1.000000000000000e+00
###1.080000000000000e+01
-5.803969756669057e-11
-1.439131823769756e-10
1.033632237151717e-10
1.033268213503021e-10
1.403279169771981e-10
1.220791772406590e-10
1.472159308796638e-10
1.313375291623809e-10
1.756962852828613e-10
1.926239325469111e-10
2.260365807995043e-10
2.191402150311462e-10
2.501103246758465e-10
2.906627735306112e-10
3.257693049866784e-10
3.913023113428450e-10
4.824493451236796e-10
5.897798590159335e-10
7.417623587562699e-10
9.290835197549783e-10
1.175824195136506e-09
1.508790690258024e-09
1.961918469021884e-09
2.554042500460295e-09
3.386509912475047e-09
4.540166206831303e-09
6.153175425029995e-09
8.369589808545892e-09
1.146724704489499e-08
1.579317201832758e-08
2.183440762664786e-08
3.042478954765791e-08
4.252057975049740e-08
5.963126410623707e-08
8.398914158427054e-08
1.184917808063471e-07
1.678397732709692e-07
2.381482476620781e-07
3.388711481248510e-07
4.811427156827350e-07
6.870595352720184e-07
9.803963207513487e-07
1.398738698852061e-06
1.996162566998109e-06
2.855095306531549e-06
4.079082639235317e-06
5.816280134432464e-06
8.293809556752720e-06
1.180314933649156e-05
1.680005209505551e-05
2.391106603272888e-05
3.399951182920352e-05
4.812511270567543e-05
6.816791575731315e-05
9.608133214600188e-05
1.353557678141569e-04
1.902134942773833e-04
2.670417007794057e-04
3.738011072079646e-04
5.217435870345150e-04
7.268437307359715e-04
1.009003241569114e-03
1.397619680079492e-03
1.932589426049172e-03
2.653816415881756e-03
3.639750764337690e-03
4.968804982874200e-03
6.760657815867210e-03
9.154752401881992e-03
1.238790535328177e-02
1.666407118015097e-02
2.230962624412118e-02
2.970647125771716e-02
3.936601931141936e-02
5.186789998355697e-02
6.787930968783615e-02
8.828608679174306e-02
1.140480153816647e-01
1.461564528074135e-01
1.856470589685837e-01
2.336709586107170e-01
2.909342015654002e-01
3.577573326612595e-01
4.340896991029708e-01
5.183720146066064e-01
6.082046488728697e-01
6.995449957514323e-01
7.875747613377752e-01
8.748308895061937e-01
9.999952307724974e-01
9.999999999996725e-01
1.000000000000000e+00
1.000000000000000e+00
1.000000000000000e+00
1.000000000000000e+00
1.000000000000000e+00
1.000000000000000e+00
1.000000000000000e+00
1.000000000000000e+00
1.000000000000000e+00
###1.120000000000000e+01
-5.354188223459186e-11
-1.470664990197506e-10
1.181336074330513e-10
1.079604377318677e-10
1.430527679426190e-10
1.344814828999888e-10
1.517294971861894e-10
1.376479215894215e-10
1.767392472336093e-10
1.955330206939791e-10
2.365245557483816e-10
2.344071866826384e-10
2.665691883223550e-10
3.117216684974106e-10
3.527676662090263e-10
4.243520506218748e-10
5.273248009650441e-10
6.411740163539484e-10
8.089330852310302e-10
1.016324316715319e-09
1.292725306210518e-09
1.665017586215567e-09
2.175407355660264e-09
2.846817332743963e-09
3.784222619783463e-09
5.102670615819944e-09
6.939331153810794e-09
9.476034417258454e-09
1.302772282883167e-08
1.800540904606386e-08
2.497558095329976e-08
3.489885544522179e-08
4.890625138288249e-08
6.874076521774414e-08
9.702030587177707e-08
1.371226443954605e-07
1.944732364805438e-07
2.762123775081532e-07
3.933058134804904e-07
5.585767728742940e-07
7.978057613130702e-07
1.138096427759042e-06
1.623514345079249e-06
2.315496920971468e-06
3.307000754334936e-06
4.719182721653709e-06
6.721036015480156e-06
9.570260697727301e-06
1.359945286978026e-05
1.932499965398350e-05
2.744587445733463e-05
3.894925220277863e-05
5.501308701847229e-05
7.775381680773962e-05
1.093558841808259e-04
1.536917026667849e-04
2.154734814118025e-04
3.017594800360471e-04
4.213635377215648e-04
5.866677439925468e-04
8.150990994884948e-04
1.128581023095947e-03
1.558975994982045e-03
2.149735168006513e-03
2.943751379989866e-03
4.025816855059964e-03
5.479742141668248e-03
7.433566822010583e-03
1.003417517242178e-02
1.353435402724800e-02
1.814738323501351e-02
2.421273105192230e-02
3.212793747274445e-02
4.242137477237194e-02
5.568212029849235e-02
7.258421411287029e-02
9.401296779680755e-02
1.209312852151302e-01
1.542743815639860e-01
1.950422950099328e-01
2.442836419107471e-01
3.025800263135707e-01
3.700910566417990e-01
4.466083238564181e-01
5.303988206851317e-01
6.190391658656417e-01
7.085344097061641e-01
7.943589053822993e-01
8.791247441907648e-01
9.999952307724974e-01
9.999999999996725e-01
1.000000000000000e+00
1.000000000000000e+00
1.000000000000000e+00
1.000000000000000e+00
1.000000000000000e+00
1.000000000000000e+00
1.000000000000000e+00
1.000000000000000e+00
1.000000000000000e+00
###1.160000000000000e+01
-5.010176595726517e-11
-1.488655027941748e-10
1.219532118332577e-10
1.163130299295528e-10
1.450861509887005e-10
1.335977715693943e-10
1.562450212670359e-10
1.451058645816031e-10
1.836725219270039e-10
2.034342726812979e-10
2.445115781125846e-10
2.481981837496921e-10
2.841711234807139e-10
3.359978959295563e-10
3.794233824837671e-10
4.607559953465151e-10
5.704789886369914e-10
6.979480063864372e-10
8.854375611712388e-10
1.115809890913453e-09
1.425035861098870e-09
1.841208886259731e-09
2.413320316049545e-09
3.178873488542966e-09
4.242829190084284e-09
5.745057514749217e-09
7.842037600956380e-09
1.074184623233134e-08
1.482783776250911e-08
2.055167226417585e-08
2.859502088509130e-08
4.005525490986566e-08
5.627541539482469e-08
7.923884831974681e-08
1.120289799857076e-07
1.585786259868664e-07
2.250985926245897e-07
3.199850636608320e-07
4.557487767807987e-07
6.473766154354313e-07
9.244755101344258e-07
1.318328951564741e-06
1.879465990522935e-06
2.678851507965264e-06
3.820848659089821e-06
5.444591973911289e-06
7.744073013155023e-06
1.100948571901322e-05
1.562092326130799e-05
2.216150018978823e-05
3.140711034462304e-05
4.448014817489420e-05
6.269411159748285e-05
8.842059332696891e-05
1.240827553314088e-04
1.739996262117731e-04
2.433825774700107e-04
3.400012948421618e-04
4.736112312015623e-04
6.577858760178153e-04
9.116220926639846e-04
1.258894808466069e-03
1.734322887776046e-03
2.385171933305064e-03
3.257087342581290e-03
4.441708894676394e-03
6.028502879351304e-03
8.154117732565290e-03
1.097312852650305e-02
1.475470521317274e-02
1.972016634717415e-02
2.622400744640480e-02
3.467727494901962e-02
4.562425496304674e-02
5.966578298464902e-02
7.747779689149827e-02
9.994351993592980e-02
1.280290049225147e-01
1.626107332344111e-01
2.046463860346876e-01
2.550804103125459e-01
3.143762406544577e-01
3.825355753766171e-01
4.591892165804532e-01
5.424681571321524e-01
6.299200166694722e-01
7.175945438953296e-01
8.012334780737641e-01
8.834996973319761e-01
9.999952307724974e-01
9.999999999996725e-01
1.000000000000000e+00
1.000000000000000e+00
1.000000000000000e+00
1.000000000000000e+00
1.000000000000000e+00
1.000000000000000e+00
1.000000000000000e+00
1.000000000000000e+00
1.000000000000000e+00
###1.200000000000001e+01
-4.898987662197008e-11
-1.464071530614699e-10
1.234402150445262e-10
1.190447672725722e-10
1.492155274357105e-10
1.426780687697641e-10
1.595858205480769e-10
1.478785663532934e-10
1.916793477926119e-10
2.083670183473080e-10
2.560150030545807e-10
2.637258487975367e-10
3.029552087423708e-10
3.599227340820422e-10
4.086798251371436e-10
4.978043228433862e-10
6.159704239634482e-10
7.607912947289035e-10
9.672991283332654e-10
1.223083570380894e-09
1.570856041109028e-09
2.040402613626430e-09
2.683891411476491e-09
3.554686990387948e-09
4.767141166503862e-09
6.476456077113939e-09
8.872308695497116e-09
1.219805440868985e-08
1.688652877104480e-08
2.348035031336615e-08
3.276206615442428e-08
4.598370813771656e-08
6.474153303136632e-08
9.131123297747669e-08
1.292571075524881e-07
1.832152644035286e-07
2.602838003423451e-07
3.701003742863536e-07
5.271011464119602e-07
7.491654661610870e-07
1.068995815905359e-06
1.523541638992947e-06
2.170507088545769e-06
3.090925839426539e-06
4.402402632049809e-06
6.264066785830598e-06
8.898251419758278e-06
1.262963540018252e-05
1.789122724470228e-05
2.533951214229344e-05
3.583619431253043e-05
5.064809071685735e-05
7.123825526087389e-05
1.002663944612103e-04
1.403956017605514e-04
1.964329241424921e-04
2.741469076348273e-04
3.820466244076012e-04
5.309112956525459e-04
7.355581553422560e-04
1.016862868409111e-03
1.400628970792325e-03
1.924591400120966e-03
2.639900170620845e-03
3.595139362597658e-03
4.889206441311944e-03
6.617083499987216e-03
8.924412861364719e-03
1.197387147211683e-02
1.605129657594231e-02
2.138504089792300e-02
2.834690183736727e-02
3.735822265037543e-02
4.897989636089609e-02
6.382146799744756e-02
8.256436384473770e-02
1.060840070846696e-01
1.353418811055628e-01
1.711639084980669e-01
2.144557432893303e-01
2.660681657288176e-01
3.263215375701513e-01
3.950916850554572e-01
4.718359116247669e-01
5.545770018776947e-01
6.408347910307841e-01
7.267143858126095e-01
8.081712533933355e-01
8.878953150471802e-01
9.999952307724974e-01
9.999999999996725e-01
1.000000000000000e+00
1.000000000000000e+00
1.000000000000000e+00
1.000000000000000e+00
1.000000000000000e+00
1.000000000000000e+00
1.000000000000000e+00
1.000000000000000e+00
1.000000000000000e+00
###1.240000000000001e+01
-4.533639850592317e-11
-1.450562946822141e-10
1.239176177243495e-10
1.251576818204850e-10
1.525654985262894e-10
1.448795199362341e-10
1.652445198125132e-10
1.522416343424324e-10
1.994377746754477e-10
2.176243017292941e-10
2.689008432961878e-10
2.800185421960983e-10
3.253560275167002e-10
3.845336820683688e-10
4.416689430401542e-10
5.363208653869516e-10
6.676289199452928e-10
8.316658068009602e-10
1.056986507780312e-09
1.343039069060843e-09
1.734851568868409e-09
2.263222174993027e-09
2.990472076233717e-09
3.979218265886386e-09
5.362828813562127e-09
7.313248605183059e-09
1.005305840287251e-08
1.386615390199314e-08
1.925033538508042e-08
2.684408342666198e-08
3.754472569389820e-08
5.279842535302107e-08
7.447422378814530e-08
1.051641303494351e-07
1.490515056839167e-07
2.114160514201298e-07
3.005049640963139e-07
4.273486141918197e-07
6.086915004173635e-07
8.651878663628637e-07
1.233503882485124e-06
1.756845593258841e-06
2.500432430658087e-06
3.557270698457910e-06
5.059470835189001e-06
7.188838399971482e-06
1.019595811878302e-05
1.444787748082227e-05
2.043289541912029e-05
2.889081181667766e-05
4.077505303627906e-05
5.750973662816017e-05
8.072796877075910e-05
1.133879301189458e-04
1.584166506210801e-04
2.211602457401235e-04
3.079567819019849e-04
4.281817840442320e-04
5.936333596144567e-04
8.204738169233782e-04
1.131466999829896e-03
1.554561725971083e-03
2.130731932468129e-03
2.915130522092727e-03
3.959271126567386e-03
5.370004963093522e-03
7.247426876709830e-03
9.747166347339574e-03
1.303939863841106e-02
1.742726600533281e-02
2.314694668597193e-02
3.058467580207757e-02
4.017330269681613e-02
5.249320704327051e-02
6.815648914042506e-02
8.784687766588543e-02
1.124356371650490e-01
1.428765763483419e-01
1.799357720178741e-01
2.244670060674137e-01
2.772372310141405e-01
3.384061620471681e-01
4.077441320127197e-01
4.845575121282288e-01
5.667203600377273e-01
6.517817647737350e-01
7.358733818410862e-01
8.151477837226889e-01
8.923255207289991e-01
9.999952307724974e-01
9.999999999996725e-01
1.000000000000000e+00
1.000000000000000e+00
1.000000000000000e+00
1.000000000000000e+00
1.000000000000000e+00
1.000000000000000e+00
1.000000000000000e+00
1.000000000000000e+00
1.000000000000000e+00
###1.280000000000001e+01
-4.143767010491010e-11
-1.341479930696472e-10
1.284293430342623e-10
1.291272500165121e-10
1.591002285855786e-10
1.476509977336631e-10
1.706016663014403e-10
1.659032598437392e-10
2.098760645903749e-10
2.278497810438708e-10
2.808446268176019e-10
2.989505142161066e-10
3.466283915411988e-10
4.120154055738245e-10
4.766973754096247e-10
5.834024833576476e-10
7.304534448259581e-10
9.077361840218540e-10
1.156725764849207e-09
1.477969898110066e-09
1.917975940492132e-09
2.514614240395762e-09
3.337747875542855e-09
4.464822269023382e-09
6.043030350594250e-09
8.268921850126438e-09
1.139967761011444e-08
1.577473686523631e-08
2.195757142721611e-08
3.069726348918507e-08
4.302585241724087e-08
6.062080354813155e-08
8.561916872040297e-08
1.210583219962798e-07
1.716963591992041e-07
2.436941514753736e-07
3.464632012979055e-07
4.927083070895733e-07
7.016526383688258e-07
9.968356779205102e-07
1.420291705939660e-06
2.020725701567598e-06
2.873346950191314e-06
4.083813511681840e-06
5.799341384715661e-06
8.228115411380685e-06
1.165314850175481e-05
1.648433676669340e-05
2.327203175911674e-05
3.285266637442519e-05
4.627118720097320e-05
6.512216281180254e-05
9.124467107003837e-05
1.278919092498417e-04
1.783258475467034e-04
2.483767788796507e-04
3.450662098253123e-04
4.787163070576178e-04
6.621338185831752e-04
9.130092608001967e-04
1.256051347537240e-03
1.721501729486263e-03
2.353670631372692e-03
3.212041254938108e-03
4.351104857907252e-03
5.885757384445532e-03
7.921848490364496e-03
1.062481886524772e-02
1.417285102687736e-02
1.888594680624142e-02
2.500780814554018e-02
3.294189822474818e-02
4.312828399299590e-02
5.616622810538776e-02
7.267341477807759e-02
9.332861473592635e-02
1.190042911944177e-01
1.506368882908511e-01
1.889326391572068e-01
2.346863744335940e-01
2.885686309236859e-01
3.506424963599306e-01
4.205027341644400e-01
4.973323925682883e-01
5.789022382945709e-01
6.627452382075955e-01
7.450494526141371e-01
8.221400847426087e-01
8.967695354163555e-01
9.999952307724974e-01
9.999999999996725e-01
1.000000000000000e+00
1.000000000000000e+00
1.000000000000000e+00
1.000000000000000e+00
1.000000000000000e+00
1.000000000000000e+00
1.000000000000000e+00
1.000000000000000e+00
1.000000000000000e+00
###1.320000000000001e+01
-4.107223340398108e-11
-1.307076630441414e-10
1.297870770793010e-10
1.289195174304244e-10
1.626250094841326e-10
1.536578560649869e-10
1.776836693017908e-10
1.746237977904022e-10
2.185290165111879e-10
2.369049226617010e-10
2.974039154599374e-10
3.189516849868019e-10
3.695724442408805e-10
4.410885364606840e-10
5.144654287396268e-10
6.322814594288606e-10
7.914408592883882e-10
9.911721058618124e-10
1.268565563576936e-09
1.629811205460364e-09
2.124856906557785e-09
2.799897996785241e-09
3.731669725800536e-09
5.018441802594856e-09
6.817050726879397e-09
9.361899565984337e-09
1.294244066345254e-08
1.796005690630174e-08
2.506528457677249e-08
3.512341387279681e-08
4.931739872463821e-08
6.958314007758635e-08
9.837384412031494e-08
1.392419961724073e-07
1.975917330096957e-07
2.805487546497087e-07
3.988626575218345e-07
5.671111355889552e-07
8.073117603427709e-07
1.146107282783040e-06
1.631913363005156e-06
2.319583231071400e-06
3.294898173811259e-06
4.677183716361709e-06
6.632751738982406e-06
9.394713926050046e-06
1.328511086268423e-05
1.876272376720005e-05
2.644204599250672e-05
3.726127054408915e-05
5.237780588302438e-05
7.355874652061741e-05
1.028744914978707e-04
1.438995489872205e-04
2.002380113403520e-04
2.782827075421033e-04
3.857628296650913e-04
5.339625247385865e-04
7.368946322964440e-04
1.013685840871463e-03
1.391303729171379e-03
1.902285088326651e-03
2.594432951669023e-03
3.531852049901940e-03
4.772111608304591e-03
6.438318897286469e-03
8.642382064695338e-03
1.155970463253255e-02
1.537641154204812e-02
2.043032816191825e-02
2.697304494312897e-02
3.542103434059091e-02
4.622805040240559e-02
6.000532378591756e-02
7.737571431416307e-02
9.901647897476219e-02
1.257932533212501e-01
1.586201792340083e-01
1.981491156609989e-01
2.451214470878789e-01
3.000870450642589e-01
3.630158926699744e-01
4.333636980794857e-01
5.101687104123263e-01
5.911110946667570e-01
6.737108194095430e-01
7.542190820737132e-01
8.291335865500721e-01
9.012017204969763e-01
9.999952307724974e-01
9.999999999996725e-01
1.000000000000000e+00
1.000000000000000e+00
1.000000000000000e+00
1.000000000000000e+00
1.000000000000000e+00
1.000000000000000e+00
1.000000000000000e+00
1.000000000000000e+00
1.000000000000000e+00
###1.360000000000001e+01
-3.936485267398183e-11
-7.789202994434780e-11
1.327767809328758e-10
1.357240911463552e-10
1.655902709732099e-10
1.602986000785448e-10
1.845937499810146e-10
1.823682074305675e-10
2.248319222013760e-10
2.497022828942333e-10
3.152724279532394e-10
3.412776885683406e-10
3.947176092442279e-10
4.728183270745119e-10
5.547238937135259e-10
6.855771770155919e-10
8.617433317632486e-10
1.084513367105356e-09
1.393384274755866e-09
1.800034391729349e-09
2.359465646696065e-09
3.121042404484548e-09
4.180737577138064e-09
5.646468916532161e-09
7.702021517847454e-09
1.061012426906796e-08
1.470856080835266e-08
2.046141453403658e-08
2.862045337918273e-08
4.018481592661250e-08
5.651190434263345e-08
7.984498184595777e-08
1.129572063242726e-07
1.600107843983032e-07
2.271164264997943e-07
3.225288932765191e-07
4.585056481768987e-07
6.516145708857332e-07
9.271024797067391e-07
1.314944788273265e-06
1.871193823028308e-06
2.656755555794560e-06
3.769509589207438e-06
5.343531990310366e-06
7.566870863470762e-06
1.070143763216892e-05
1.510904875968969e-05
2.130255995483742e-05
2.997098481556208e-05
4.215654055921103e-05
5.914283579980476e-05
8.289681832293380e-05
1.157138298610741e-04
1.615267167527927e-04
2.243204315013488e-04
3.110670437697020e-04
4.302867491114923e-04
5.942712070158044e-04
8.183054867095966e-04
1.123157017411469e-03
1.537881888615772e-03
2.097739596273845e-03
2.854084627688368e-03
3.875921329485989e-03
5.223828365054382e-03
7.029524944778146e-03
9.411497408698103e-03
1.255443904653975e-02
1.665351831860087e-02
2.206418620701926e-02
2.904522920243470e-02
3.802734101057660e-02
4.947617471002019e-02
6.401331257502629e-02
8.226872806795159e-02
1.049116859897386e-01
1.328005503102654e-01
1.668256260029546e-01
2.075915533106321e-01
2.557595317569223e-01
3.117840934017592e-01
3.755329945334763e-01
4.463167623942261e-01
5.230576331542623e-01
6.033274125998499e-01
6.846658512926336e-01
7.633672538028365e-01
8.361053365521747e-01
9.056172865612381e-01
9.999952307724974e-01
9.999999999996725e-01
1.000000000000000e+00
1.000000000000000e+00
1.000000000000000e+00
1.000000000000000e+00
1.000000000000000e+00
1.000000000000000e+00
1.000000000000000e+00
1.000000000000000e+00
1.000000000000000e+00
###1.400000000000001e+01
-3.368094372303065e-11
-7.566228350999184e-11
1.326457848067853e-10
1.386422536433539e-10
1.666315166781683e-10
1.646246540459675e-10
1.969654218978105e-10
1.880909873636894e-10
2.300637567778298e-10
2.653434401923021e-10
3.313579115640664e-10
3.627708175926834e-10
4.227496993940828e-10
5.058018019890918e-10
6.018526130446429e-10
7.424332500574106e-10
9.395586659056358e-10
1.188476579455757e-09
1.533131299002806e-09
1.991693090198794e-09
2.622883016045563e-09
3.487096399569313e-09
4.691732066763251e-09
6.363527443194090e-09
8.710736277664818e-09
1.203183563644230e-08
1.672467630530779e-08
2.331602859081871e-08
3.268645143922326e-08
4.596633412488552e-08
6.474158626768317e-08
9.155152660236221e-08
1.295908169623130e-07
1.836661910726903e-07
2.607026200491055e-07
3.702555380422487e-07
5.262015613207388e-07
7.473786124603292e-07
1.062698072061189e-06
1.505765487103749e-06
2.140974657161617e-06
3.036203359719625e-06
4.302697158547567e-06
6.091552089550327e-06
8.612501843781393e-06
1.216181761691165e-05
1.714309456702341e-05
2.413047118018667e-05
3.389066265789120e-05
4.758305790547700e-05
6.662759690935121e-05
9.320741134877755e-05
1.298560747116391e-04
1.809093963165117e-04
2.507343643954311e-04
3.469578141219681e-04
4.789290029218652e-04
6.600058148677572e-04
9.068015391538990e-04
1.241824859885350e-03
1.696521607741080e-03
2.308760837819450e-03
3.133886400728057e-03
4.245634203924589e-03
5.707915335072308e-03
7.661046213739820e-03
1.023146046875785e-02
1.361162207871940e-02
1.800780218856647e-02
2.379105452039028e-02
3.122904020038339e-02
4.076499585390425e-02
5.287505743352985e-02
6.819727276149740e-02
8.735624555142621e-02
1.110197546595608e-01
1.400332632504832e-01
1.752606061016881e-01
2.172555355349454e-01
2.666041738772857e-01
3.236593803999593e-01
3.881830833792807e-01
4.593560153862989e-01
5.359855901827382e-01
6.155497697643594e-01
6.956019253843784e-01
7.724896406826657e-01
8.430458023202353e-01
9.099836150231138e-01
9.999952307724974e-01
9.999999999996725e-01
1.000000000000000e+00
1.000000000000000e+00
1.000000000000000e+00
1.000000000000000e+00
1.000000000000000e+00
1.000000000000000e+00
1.000000000000000e+00
1.000000000000000e+00
1.000000000000000e+00
###1.440000000000001e+01
-2.947162412653994e-11
-7.500750049165563e-11
1.343264829252727e-10
1.406393129143234e-10
1.698862725027050e-10
1.737529796158321e-10
2.042583622857137e-10
2.020276874151188e-10
2.429524163887337e-10
2.822038102104621e-10
3.473363881440742e-10
3.858396659823554e-10
4.510107245735966e-10
5.442911318247876e-10
6.518688743271786e-10
8.076392502417831e-10
1.025133596623953e-09
1.304467274642587e-09
1.690114682982881e-09
2.206879256913207e-09
2.922118955128234e-09
3.902477673912757e-09
5.270201928917249e-09
7.176741720368089e-09
9.859763911406850e-09
1.365809456046282e-08
1.902340614838262e-08
2.658443871500718e-08
3.732992960102103e-08
5.257036327453701e-08
7.411741988338401e-08
1.048889470136570e-07
1.485359119461269e-07
2.105735110279958e-07
2.988810803739691e-07
4.243867721373118e-07
6.028100326742474e-07
8.557500410489645e-07
1.215852804725849e-06
1.720816847143238e-06
2.444454941674865e-06
3.462744205155129e-06
4.900424834239162e-06
6.928648575639706e-06
9.781486690641771e-06
1.379054348111362e-05
1.940792795262724e-05
2.727388547129509e-05
3.824187576169704e-05
5.358848757246283e-05
7.489877975782248e-05
1.045717748757772e-04
1.454183986882178e-04
2.021832319348233e-04
2.796747082424776e-04
3.861845524961176e-04
5.319746424916626e-04
7.315391691136942e-04
1.002913751759508e-03
1.370403843886813e-03
1.868034959522075e-03
2.536371743114039e-03
3.434795160305386e-03
4.642204861842271e-03
6.225886550224224e-03
8.335262511893822e-03
1.110406587453903e-02
1.473443257683706e-02
1.944109170151233e-02
2.561393085411804e-02
3.352791061892162e-02
4.363797142191574e-02
5.643222451246575e-02
7.255706054690211e-02
9.263985052583727e-02
1.173408378171229e-01
1.474901686070191e-01
1.839322355244600e-01
2.271415801820763e-01
2.776536437469481e-01
3.357114841859136e-01
4.009664721184912e-01
4.724762624325605e-01
5.489354414916122e-01
6.277552737772055e-01
7.064859398236051e-01
7.815523522137793e-01
8.499281940764950e-01
9.143121048077749e-01
9.999952307724974e-01
9.999999999996725e-01
1.000000000000000e+00
1.000000000000000e+00
1.000000000000000e+00
1.000000000000000e+00
1.000000000000000e+00
1.000000000000000e+00
1.000000000000000e+00
1.000000000000000e+00
1.000000000000000e+00
###1.480000000000001e+01
-2.502308349022639e-11
-7.146661915875142e-11
1.359147412272014e-10
1.416252734961718e-10
1.735059964520417e-10
1.769667663490507e-10
2.115945155460638e-10
2.168495522577558e-10
2.590149957675849e-10
2.965296419994379e-10
3.656456654787288e-10
4.078536148112874e-10
4.830231815163421e-10
5.850522556888858e-10
7.065863526071579e-10
8.793883110300102e-10
1.119588434124470e-09
1.434636289935112e-09
1.866285783918102e-09
2.450512889060675e-09
3.258533426257012e-09
4.372452787294108e-09
5.928596447618154e-09
8.105154039252726e-09
1.117153169515767e-08
1.550792743340933e-08
2.165084295465008e-08
3.031520359377567e-08
4.262000678119919e-08
6.009511380726382e-08
8.479845372445388e-08
1.200479077927453e-07
1.700091608268606e-07
2.411284236834492e-07
3.421996265318395e-07
4.856501492615739e-07
6.894759205557492e-07
9.781206468360619e-07
1.388536624819455e-06
1.963002690540246e-06
2.785579923036540e-06
3.941097569597513e-06
5.570054354908534e-06
7.864022310309453e-06
1.108498152713229e-05
1.560359065486213e-05
2.192420819988495e-05
3.075782969397660e-05
4.305986898230570e-05
6.022323620709621e-05
8.401262927850743e-05
1.170798754978835e-04
1.625015733317278e-04
2.255023703293569e-04
3.113236509558123e-04
4.289961563369078e-04
5.897119156993603e-04
8.092801947006866e-04
1.107117201320164e-03
1.509534712945341e-03
2.053117676087312e-03
2.781430442666756e-03
3.758061470480003e-03
5.067282548137235e-03
6.779980585710953e-03
9.054711653290238e-03
1.203245282968760e-02
1.592607857085479e-02
2.095796423788296e-02
2.753696754946912e-02
3.594528691105647e-02
4.665091046105137e-02
6.015066162303369e-02
7.709945301154354e-02
9.812773255439303e-02
1.238824903685556e-01
1.551772580144597e-01
1.928349760975538e-01
2.372566097062871e-01
2.889101858012683e-01
3.479258963789684e-01
4.138731464029762e-01
4.856682058831923e-01
5.618992233418647e-01
6.399431876949161e-01
7.173199031115535e-01
7.905390001691448e-01
8.567425655761717e-01
9.185791335760441e-01
9.999952307724974e-01
9.999999999996725e-01
1.000000000000000e+00
1.000000000000000e+00
1.000000000000000e+00
1.000000000000000e+00
1.000000000000000e+00
1.000000000000000e+00
1.000000000000000e+00
1.000000000000000e+00
1.000000000000000e+00
###1.520000000000001e+01
-2.014535620516859e-11
-6.613268762931702e-11
1.361179546106402e-10
1.482010114296245e-10
1.703899344097980e-10
1.794105846998895e-10
2.216632583091891e-10
2.238331058610132e-10
2.731874292187817e-10
3.123428122485895e-10
3.858511766425923e-10
4.495908699095608e-10
5.166378474076424e-10
6.353121771206636e-10
7.785312877683429e-10
9.580230958325199e-10
1.226635508401902e-09
1.579268853299220e-09
2.064870330656019e-09
2.725447927517096e-09
3.640651760003920e-09
4.908990992078214e-09
6.676756941656370e-09
9.160179005543227e-09
1.266308598025544e-08
1.761528042347166e-08
2.464203266241792e-08
3.455716922446478e-08
4.864123995325654e-08
6.865133218583712e-08
9.695032083739954e-08
1.372719548954105e-07
1.944374961029523e-07
2.757118634023882e-07
3.912240406802747e-07
5.549368480951851e-07
7.872065131049201e-07
1.115977552521874e-06
1.582674082793385e-06
2.234825191415612e-06
3.167733671230225e-06
4.476332179454175e-06
6.318173789680525e-06
8.907472118387975e-06
1.253680962668731e-05
1.761957049317203e-05
2.471395004548040e-05
3.461562189867692e-05
4.838205614666136e-05
6.754287165044045e-05
9.404796998507120e-05
1.308236857962966e-04
1.812323631461031e-04
2.510343734507111e-04
3.458820543529016e-04
4.756472333682149e-04
6.525369602047162e-04
8.936486680072311e-04
1.219989770799671e-03
1.659846857024859e-03
2.252657585496433e-03
3.045159988249650e-03
4.105067614068605e-03
5.522538203012962e-03
7.371839477636204e-03
9.821123241849739e-03
1.301943052674988e-02
1.718871950626051e-02
2.256157521872894e-02
2.956532185573417e-02
3.848628620347485e-02
4.980781683566989e-02
6.403442822766119e-02
8.182872878055081e-02
1.038207915254534e-01
1.306456788065806e-01
1.630951000716680e-01
2.019677041435080e-01
2.476028100966675e-01
3.003611656808607e-01
3.603168473619580e-01
4.269022204647876e-01
4.989270801735631e-01
5.748862795593802e-01
6.520935870925021e-01
7.280837201646676e-01
7.994402768691237e-01
8.634765179828688e-01
9.227820828310747e-01
9.999952307724974e-01
9.999999999996725e-01
1.000000000000000e+00
1.000000000000000e+00
1.000000000000000e+00
1.000000000000000e+00
1.000000000000000e+00
1.000000000000000e+00
1.000000000000000e+00
1.000000000000000e+00
1.000000000000000e+00
###1.560000000000001e+01
-1.742625330270233e-11
-6.399358572373943e-11
1.342548368780513e-10
1.518675645646464e-10
1.707073068667726e-10
1.864163325405731e-10
2.279752028409876e-10
2.382553102211970e-10
2.885558319518415e-10
3.301174814025039e-10
4.076667732328338e-10
4.775269282056113e-10
5.553539991426297e-10
6.854971245161416e-10
8.443494794609372e-10
1.048569187230945e-09
1.345706167878561e-09
1.741002267363291e-09
2.287831605504502e-09
3.034833714169969e-09
4.073864358779086e-09
5.515386684472297e-09
7.526072563929703e-09
1.035961385787126e-08
1.436147095376082e-08
2.001634437658181e-08
2.804795561590244e-08
3.939015768684505e-08
5.549002686089410e-08
7.836084789167306e-08
1.107255667918050e-07
1.568112499114633e-07
2.220960035570873e-07
3.148435793996276e-07
4.465284186879673e-07
6.330484823354255e-07
8.973593707625163e-07
1.270815208674693e-06
1.800628176209959e-06
2.539618298671035e-06
3.595504072575171e-06
5.074257904634373e-06
7.152456836766678e-06
1.006933486899517e-05
1.415046846064759e-05
1.985460630440316e-05
2.780560282827644e-05
3.887909932039045e-05
5.425317702769458e-05
7.560353623550277e-05
1.050832208999038e-04
1.458981580771258e-04
2.017455035815666e-04
2.789231140165027e-04
3.835696010006372e-04
5.264255365494589e-04
7.207473956267329e-04
9.850855004430465e-04
1.342060787446126e-03
1.822092677835088e-03
2.467569489269432e-03
3.328432973845479e-03
4.477126967625877e-03
6.009376661420517e-03
8.003251841871020e-03
1.063664700589896e-02
1.406713741533924e-02
1.852568687241220e-02
2.425444923284592e-02
3.170154965926890e-02
4.115517742969619e-02
5.311230572992230e-02
6.808690262179609e-02
8.675010410677247e-02
1.097236863611492e-01
1.376359154209775e-01
1.712503957212698e-01
2.113355020220419e-01
2.581637801225329e-01
3.120075802166368e-01
3.728632481088446e-01
4.400409291439772e-01
5.122371311074728e-01
5.878753567015567e-01
6.641962357679789e-01
7.387647723880304e-01
8.082461099571610e-01
8.701083911173405e-01
9.269083683204775e-01
9.999952307724974e-01
9.999999999996725e-01
1.000000000000000e+00
1.000000000000000e+00
1.000000000000000e+00
1.000000000000000e+00
1.000000000000000e+00
1.000000000000000e+00
1.000000000000000e+00
1.000000000000000e+00
1.000000000000000e+00
