# NLO BK equation solver 0.0-dev build  (build Oct 13 2025 12:18:44)
# Initial condition: MV model, Q_s0^2 = 0.0915211 GeV^2, \gamma = 2.33655, coefficient of E inside Log is 1, x0=0.01, \Lambda_QCD = 0.241 GeV
# # LO Kernel RC:  Parent dipole. NLO Kernel RC:  Parent dipole
# Nc=3, Nf=4
# Using RungeKutta method in K1
# Resumming double log
# Resumming single log, K_sub=0.65 resum rc: parent
# BK K1 integration relative accuracy: 0.02# NLO BK as^2 terms: MC integration method: Vegas, points=1000000
# Kinematical constraint: none
# Target kinematical constraint: disabled

###1.000000000000000e-05
###1.160836920850890e+00
###100
###1.000000000000000e+00
###0.000000000000000e+00
5.221151311656723e-26
1.036126151411010e-25
2.055890175235780e-25
4.078746417115136e-25
8.090801861257218e-25
1.604696803210201e-24
3.182214206827929e-24
6.309562054251808e-24
1.250837017209290e-23
2.479317779906323e-23
4.913509661009706e-23
9.735935819967318e-23
1.928803135229430e-22
3.820501577178388e-22
7.566116531980196e-22
1.498109741123555e-21
2.965718282402921e-21
5.869882852828372e-21
1.161554931924855e-20
2.298043529822903e-20
4.545505759551503e-20
8.988946645401510e-20
1.777194905095362e-19
3.512836093562622e-19
6.941831123909410e-19
1.371450519458611e-18
2.708773138583272e-18
5.348694559086113e-18
1.055848814152853e-17
2.083676824634677e-17
4.110828722373921e-17
8.107636978286246e-17
1.598528440153791e-16
3.150667895624048e-16
6.207773282841682e-16
1.222684840956642e-15
2.407314780255487e-15
4.737888329224427e-15
9.321030498277174e-15
1.833004177984952e-14
3.603099743179535e-14
7.079375132502205e-14
1.390309490018045e-13
2.729088742989745e-13
5.354324525839052e-13
1.049937334981275e-12
2.057709426104931e-12
4.030477754275390e-12
7.889875670029690e-12
1.543525368468464e-11
3.017697418668055e-11
5.895813661180065e-11
1.151079444344940e-10
2.245676788271401e-10
4.377802071008163e-10
8.527429068329688e-10
1.659660328730987e-09
3.227344429249146e-09
6.270214882443722e-09
1.217073643861494e-08
2.360127952373329e-08
4.572212403299260e-08
8.848684540506212e-08
1.710738939332995e-07
3.303963958266701e-07
6.374271069086452e-07
1.228487460311356e-06
2.365169899121584e-06
4.549021779297038e-06
8.740931535981742e-06
1.678055296250314e-05
3.218886610634186e-05
6.170228918378484e-05
1.182089462284930e-04
2.263702955719316e-04
4.333931008128067e-04
8.296849418807373e-04
1.588473798156964e-03
3.041743297219845e-03
5.825307667853608e-03
1.115372189599106e-02
2.133169854630790e-02
4.066784859817119e-02
7.696392448006628e-02
1.434114876957032e-01
2.590749523305731e-01
4.413209496647792e-01
6.779350891883424e-01
8.903288981212214e-01
9.867280992714588e-01
9.997906481234563e-01
9.999999407758605e-01
9.999999999999941e-01
1.000000000000000e+00
1.000000000000000e+00
1.000000000000000e+00
1.000000000000000e+00
1.000000000000000e+00
1.000000000000000e+00
1.000000000000000e+00
###4.000000000000000e-01
-6.058009226876879e-12
-3.428188359563617e-10
-4.959097937549399e-11
2.652814029410258e-13
-6.078818107544526e-12
2.137251079391349e-13
1.758890179815753e-12
-8.626650596114681e-13
1.387725529762547e-11
-2.894439165441446e-12
-3.731230413402319e-12
3.965688894559423e-12
3.870966751775845e-13
-7.894226713804717e-12
1.751404587189929e-12
8.825896536434980e-13
2.026233448070814e-12
2.227784703687345e-12
3.794656321968632e-12
8.042238861707270e-12
7.376612471171663e-12
7.462222059221903e-12
1.559890423978253e-11
1.921001073645802e-11
2.547207122291425e-11
2.193019413141934e-11
4.636205453903151e-11
6.851501042656084e-11
8.371976283139493e-11
1.111514492202619e-10
1.536690907938813e-10
1.965713829783998e-10
2.642622472803246e-10
3.579834599131705e-10
4.689589848951199e-10
6.128159766885212e-10
8.093872442132067e-10
1.059467796650386e-09
1.387107530360841e-09
1.829483805170471e-09
2.380569749128933e-09
3.114540147306187e-09
4.067886831760779e-09
5.286407363674003e-09
6.846110876275661e-09
8.890745359046336e-09
1.155071325436300e-08
1.502200812219550e-08
1.958873706802870e-08
2.591440632723943e-08
3.418255876858343e-08
4.550044474196967e-08
6.205142795686773e-08
8.523430549060575e-08
1.191544835755045e-07
1.687541865369542e-07
2.436995116895995e-07
3.598019873205718e-07
5.362325671884550e-07
8.084412924939855e-07
1.237081249172342e-06
1.893916791710758e-06
2.934585754051899e-06
4.562142828892498e-06
7.119081938779909e-06
1.111525664818120e-05
1.744194424231062e-05
2.736081568370312e-05
4.306284349811124e-05
6.811091827316903e-05
1.077544800283376e-04
1.712124119284728e-04
2.739406710429521e-04
4.418900874455682e-04
7.185250563097683e-04
1.177699471449822e-03
1.953337381252003e-03
3.276137957062684e-03
5.560122307247235e-03
9.563267562117237e-03
1.661866830928524e-02
2.914921724842148e-02
5.149072724355091e-02
9.104639976440997e-02
1.597764160756598e-01
2.741738816580211e-01
4.473688448068100e-01
6.663764327986712e-01
8.637813670395168e-01
9.639771348350292e-01
9.901569560610222e-01
9.999999407758605e-01
9.999999999999941e-01
1.000000000000000e+00
1.000000000000000e+00
1.000000000000000e+00
1.000000000000000e+00
1.000000000000000e+00
1.000000000000000e+00
1.000000000000000e+00
###8.000000000000000e-01
-2.173607617896194e-11
-3.535232670190659e-10
-5.332696203441819e-11
4.539544551236743e-12
-1.397141495143663e-12
1.218688499934311e-12
-7.552267424981665e-13
6.370015632567333e-13
1.607173975966755e-11
2.265664082295883e-12
3.016968462350601e-12
2.725197804658762e-12
-8.354821486780426e-13
-7.989107762523571e-12
-1.104326382344111e-13
5.752580952076928e-12
2.978335807358418e-12
8.838120157832971e-12
6.263255047423697e-12
1.349682075043764e-11
2.183780250818723e-11
2.146596704670183e-11
3.009640688162316e-11
4.140248911638601e-11
6.054754298711043e-11
5.195501342969148e-11
9.987086252473578e-11
1.478775180592633e-10
1.729558571455718e-10
2.268921827439095e-10
3.082394571372696e-10
4.169683401485864e-10
5.481437714620402e-10
7.278537838230821e-10
9.538947922674410e-10
1.251352674293047e-09
1.654649765099990e-09
2.175732597877975e-09
2.832066579995605e-09
3.735689153890780e-09
4.897606666077406e-09
6.333483777367500e-09
8.346498158280606e-09
1.089816911753232e-08
1.414016779358852e-08
1.851124264618793e-08
2.409969177793081e-08
3.176211714638569e-08
4.190506260492727e-08
5.601122327915194e-08
7.498861427453997e-08
1.015123155416052e-07
1.407759000929395e-07
1.958741687883120e-07
2.783892668626643e-07
4.001637049739594e-07
5.833494107912633e-07
8.639511096479834e-07
1.291951569920133e-06
1.948486332906374e-06
2.964556159614795e-06
4.495060987403867e-06
6.920945555271672e-06
1.062977925903271e-05
1.636499446883529e-05
2.515340618384272e-05
3.883123368622695e-05
5.983373077806217e-05
9.236790189329336e-05
1.428444677695126e-04
2.204455977326522e-04
3.409176622510965e-04
5.281077960215882e-04
8.227796844229033e-04
1.288303416253554e-03
2.023841332356815e-03
3.209518839006721e-03
5.126965502749983e-03
8.275093338338882e-03
1.350769641097475e-02
2.226828459157639e-02
3.706494940834625e-02
6.219194407454814e-02
1.046663748319488e-01
1.752578810852918e-01
2.881931553519447e-01
4.531673753205930e-01
6.568779885526375e-01
8.414169956542481e-01
9.440099857712958e-01
9.806801683213213e-01
9.999999407758605e-01
9.999999999999941e-01
1.000000000000000e+00
1.000000000000000e+00
1.000000000000000e+00
1.000000000000000e+00
1.000000000000000e+00
1.000000000000000e+00
1.000000000000000e+00
###1.200000000000000e+00
-1.482656709232416e-11
-3.483566757223575e-10
-4.323817025442260e-11
4.947391122292179e-12
6.420681594965472e-12
-1.940208168849440e-12
3.725653348613122e-12
8.227609894067025e-13
1.624778113732396e-11
3.360016177794050e-12
9.938327223603990e-12
3.371702795932248e-12
-1.200887520272653e-12
-4.262936574156973e-12
-1.980495408445863e-11
8.559321302787957e-12
8.825317214554236e-12
1.288986766261615e-11
1.214524239101121e-11
2.380745131285157e-11
3.413794855081445e-11
3.031066765401151e-11
6.030613458033025e-11
6.705951885215571e-11
9.932370293361112e-11
9.684772598511940e-11
1.537860596363796e-10
2.180188046604952e-10
2.726378743390419e-10
3.530680720246112e-10
4.772940866905342e-10
6.375909174717234e-10
8.530866698879767e-10
1.114675204738195e-09
1.465904032768463e-09
1.935445301063046e-09
2.542154425742462e-09
3.348608707541025e-09
4.366051448000426e-09
5.739538164729802e-09
7.521922453632134e-09
9.812968324818695e-09
1.291006234011905e-08
1.694846289780924e-08
2.207661165186865e-08
2.916307273136161e-08
3.821363337995975e-08
5.108153963804821e-08
6.802481068862282e-08
9.214730462708561e-08
1.250016384930764e-07
1.720730649686403e-07
2.417467441139774e-07
3.412369274487911e-07
4.894918223092525e-07
7.104312388326874e-07
1.043348372847868e-06
1.552611421742723e-06
2.318785917810340e-06
3.491622636400826e-06
5.285407475150089e-06
7.998504053323223e-06
1.222106365170398e-05
1.861918674169805e-05
2.838649695546734e-05
4.321393835514692e-05
6.606089926826699e-05
1.005751422912753e-04
1.533956243658357e-04
2.339225838364427e-04
3.562978140727430e-04
5.426352955606977e-04
8.262124998851141e-04
1.263078756215941e-03
1.936868444250154e-03
2.972907252868261e-03
4.597702784081825e-03
7.142674390375262e-03
1.117867763055871e-02
1.764970623511668e-02
2.808966471273974e-02
4.506156334083162e-02
7.276475684337332e-02
1.178724393448108e-01
1.899958441064049e-01
3.013403931280515e-01
4.588418669508372e-01
6.492353337565387e-01
8.226301346890361e-01
9.265200502338139e-01
9.716179180335578e-01
9.999999407758605e-01
9.999999999999941e-01
1.000000000000000e+00
1.000000000000000e+00
1.000000000000000e+00
1.000000000000000e+00
1.000000000000000e+00
1.000000000000000e+00
1.000000000000000e+00
###1.600000000000000e+00
-1.569821251771013e-11
-3.683329748787108e-10
-4.157428843568122e-11
-4.993895959796688e-12
1.513530463701707e-11
5.062905080653110e-12
3.561065817810371e-12
4.803987262888661e-12
1.213795110001160e-11
-2.030829938761085e-12
6.593217642398960e-12
-5.719916104790883e-12
-4.521028139561891e-12
-1.978249574469068e-12
-9.245601916314745e-12
7.475151101255691e-12
1.464176351665678e-11
1.663970922092053e-11
1.831837536183401e-11
3.280641779319764e-11
4.946261012072493e-11
3.816394550857557e-11
7.726456036006471e-11
9.191010174196039e-11
1.260042952146445e-10
1.447407313476571e-10
2.141593209914272e-10
2.932271704295190e-10
3.740071095973161e-10
4.820598928770935e-10
6.571824341470198e-10
8.742912791407307e-10
1.169003384313820e-09
1.529864003269783e-09
2.015558980805789e-09
2.655300865939117e-09
3.485924290125972e-09
4.576385049963401e-09
6.015357548362719e-09
7.868308434495616e-09
1.035789135515272e-08
1.356430103540361e-08
1.788077019554819e-08
2.357928522029587e-08
3.096849023967400e-08
4.121257232741302e-08
5.447712505666318e-08
7.373369830757117e-08
9.925071519438324e-08
1.359680938659780e-07
1.871268306323976e-07
2.606347856359999e-07
3.705983476980160e-07
5.288934645024678e-07
7.643723460784559e-07
1.118508478870616e-06
1.650908401209819e-06
2.457419910079121e-06
3.669470771006937e-06
5.513050249360062e-06
8.314459692897502e-06
1.253829332331869e-05
1.898953354889339e-05
2.878017637974693e-05
4.356566709391536e-05
6.582638855294076e-05
9.968575416742486e-05
1.504915422585821e-04
2.271043710462869e-04
3.426903923806770e-04
5.167869969188692e-04
7.781778083266556e-04
1.170150134117034e-03
1.764466994894046e-03
2.666069056488796e-03
4.026328643026724e-03
6.117572450353758e-03
9.316804119128151e-03
1.426331794509540e-02
2.197943167361908e-02
3.407344506861187e-02
5.313621621134467e-02
8.324255971359242e-02
1.307120990765967e-01
2.040839428934711e-01
3.137734682095868e-01
4.644975938719416e-01
6.432575759540001e-01
8.069341959862415e-01
9.112962654146055e-01
9.631379198260862e-01
9.999999407758605e-01
9.999999999999941e-01
1.000000000000000e+00
1.000000000000000e+00
1.000000000000000e+00
1.000000000000000e+00
1.000000000000000e+00
1.000000000000000e+00
1.000000000000000e+00
###2.000000000000000e+00
-8.757470173138711e-12
-3.671106163233563e-10
-4.294013614614055e-11
-1.967404823476606e-11
1.291296818144604e-11
6.107420265480225e-12
-9.131852523952183e-11
6.470839094058082e-12
1.057419007686537e-11
-1.585137892311621e-12
4.202455874282223e-12
-4.098059746469082e-12
-2.204271535136573e-12
4.388070177554677e-12
-5.939357122479559e-12
1.003328992156715e-11
2.810727680983723e-11
2.307673537545145e-11
2.694919915495319e-11
4.281695218998488e-11
6.334651584899067e-11
5.415200257070636e-11
9.731018609845984e-11
1.177262911737058e-10
1.594677677853570e-10
1.928474253232074e-10
2.755775161182754e-10
3.744007927878022e-10
4.840666067024538e-10
6.304214022131968e-10
8.437670731721609e-10
1.128643011675462e-09
1.501655537781741e-09
1.971152743326909e-09
2.588827271937693e-09
3.424871640149076e-09
4.494412609331472e-09
5.899391139561401e-09
7.778196113642327e-09
1.019873895940435e-08
1.344989935019766e-08
1.768813468985147e-08
2.342302575884087e-08
3.108788891985330e-08
4.118204087505369e-08
5.523777611704698e-08
7.395171039000295e-08
1.007371765913509e-07
1.371503519961289e-07
1.899416693446574e-07
2.645851699364035e-07
3.729235015511445e-07
5.346956418448584e-07
7.700688453743680e-07
1.119233953873565e-06
1.645591877766554e-06
2.434136301683545e-06
3.627325952342649e-06
5.397569770414833e-06
8.095228212587453e-06
1.216521037485629e-05
1.825820759497669e-05
2.747838040755035e-05
4.140131448920290e-05
6.227333156433421e-05
9.343386868159647e-05
1.403410740268092e-04
2.103702007624294e-04
3.145232527550087e-04
4.706648159847623e-04
7.035179477923973e-04
1.049307574667084e-03
1.562068915789813e-03
2.329488631472127e-03
3.478502038647433e-03
5.185656614591671e-03
7.770848752273736e-03
1.164802806687360e-02
1.752672639595010e-02
2.649251294615587e-02
4.022998614311948e-02
6.128772170441170e-02
9.363982102861801e-02
1.432247867729940e-01
2.176097402898870e-01
3.256260956556667e-01
4.702135658894509e-01
6.387658741972443e-01
7.939018675530988e-01
8.981178211313964e-01
9.553352400280322e-01
9.999999407758605e-01
9.999999999999941e-01
1.000000000000000e+00
1.000000000000000e+00
1.000000000000000e+00
1.000000000000000e+00
1.000000000000000e+00
1.000000000000000e+00
1.000000000000000e+00
###2.400000000000000e+00
-7.726205739759054e-12
-3.660669042590331e-10
-4.072917726025309e-11
-1.850832076376969e-11
1.252406487861019e-11
6.238418727884240e-12
-9.377810148167488e-11
8.309464706796416e-12
5.442620930991404e-12
4.123450169660595e-13
-1.328139259368018e-13
-4.257984953250558e-12
5.620806243030735e-13
2.901711573485091e-12
-3.509917946481785e-12
1.280043246829194e-11
2.758016207577291e-11
2.639431432089306e-11
3.438898037949210e-11
5.074045965317302e-11
7.342314477324841e-11
7.289555486904835e-11
1.225849334647751e-10
1.461218040398170e-10
1.965413128545522e-10
2.453418583563136e-10
3.421693724680218e-10
4.612237932367413e-10
6.032463224170884e-10
7.826771761161749e-10
1.048614688913986e-09
1.400642551288972e-09
1.860526534494227e-09
2.442008654223006e-09
3.205770359028174e-09
4.246912293011065e-09
5.577363128261386e-09
7.335605512533667e-09
9.701173311530341e-09
1.274623357887687e-08
1.685863929315062e-08
2.230902998661740e-08
2.966861332218653e-08
3.963811056080965e-08
5.304924331622547e-08
7.176185691115204e-08
9.711558043714051e-08
1.334283559660954e-07
1.834499827803278e-07
2.567045977029241e-07
3.615577185227667e-07
5.139787534105031e-07
7.419286685135052e-07
1.076438702526375e-06
1.571749621293299e-06
2.314358267040362e-06
3.420237673486568e-06
5.102228444267410e-06
7.571515189528599e-06
1.131913979325300e-05
1.695150474695621e-05
2.531854631002482e-05
3.790527017687172e-05
5.677967564547553e-05
8.488667594574474e-05
1.265448179400367e-04
1.887404887962229e-04
2.808123409449072e-04
4.167717926259746e-04
6.190676822491135e-04
9.181886192632996e-04
1.357987160709426e-03
2.003893279854508e-03
2.959761342988414e-03
4.375617069625044e-03
6.452202370526010e-03
9.556907987462084e-03
1.413637925874340e-02
2.096324465279652e-02
3.117897399251705e-02
4.653988902347170e-02
6.950880400517422e-02
1.039680577624494e-01
1.554655153379222e-01
2.306621021712033e-01
3.370339986022317e-01
4.760384582122471e-01
6.356085518585565e-01
7.832391726821402e-01
8.867955145618289e-01
9.482724654266690e-01
9.999999407758605e-01
9.999999999999941e-01
1.000000000000000e+00
1.000000000000000e+00
1.000000000000000e+00
1.000000000000000e+00
1.000000000000000e+00
1.000000000000000e+00
1.000000000000000e+00
###2.800000000000000e+00
-7.812767889109340e-12
-3.634137644203266e-10
-1.822947207837029e-11
-1.594577887758966e-11
6.389301468255690e-11
-3.741006220163633e-12
-9.943924283039207e-11
1.122048236592507e-11
8.695393337004107e-12
3.273087091716481e-12
3.941603177762010e-12
-1.776322760698602e-12
4.599019150627348e-12
6.087236356549979e-12
2.270237662979160e-12
1.698059428596045e-11
3.171140919787604e-11
3.558466535454666e-11
4.535437865817508e-11
6.332482842806959e-11
8.694825781619579e-11
1.064623585014286e-10
1.473152556678624e-10
1.771058862603192e-10
2.362492153614503e-10
3.011957356054306e-10
4.119307096396469e-10
5.565719293772102e-10
7.283958947056093e-10
9.492515789600146e-10
1.266657690021957e-09
1.688824807468696e-09
2.240116820237189e-09
2.943804117914284e-09
3.868707987023333e-09
5.135397144369334e-09
6.739271875525422e-09
8.895158576856724e-09
1.181494199891741e-08
1.557275559690275e-08
2.068104460381203e-08
2.754730211954556e-08
3.687590796856784e-08
4.957818499990439e-08
6.702167078976734e-08
9.143739132707006e-08
1.250432660368464e-07
1.733410164644139e-07
2.401886001879372e-07
3.394668220360526e-07
4.826135727783370e-07
6.906465526406332e-07
1.002433486340347e-06
1.461028448491836e-06
2.139940485425431e-06
3.151220892077444e-06
4.659725461289698e-06
6.935903562535403e-06
1.026748851676028e-05
1.528506639646790e-05
2.280528351469841e-05
3.389866732844113e-05
5.049566201015545e-05
7.524029860227654e-05
1.117777977433926e-04
1.657186847414521e-04
2.454882737261620e-04
3.628994253358885e-04
5.349178121985678e-04
7.892278900099723e-04
1.162251558295163e-03
1.705974463363822e-03
2.497823718776361e-03
3.657857168093551e-03
5.360141207709535e-03
7.828464834458579e-03
1.147489840077016e-02
1.678059354695313e-02
2.457332042256234e-02
3.603856763007501e-02
5.299562588265302e-02
7.780340360205533e-02
1.142593783478447e-01
1.674739461669416e-01
2.433271496186529e-01
3.480752065644609e-01
4.820182865241049e-01
6.336636059564452e-01
7.746037299051907e-01
8.771790092568880e-01
9.419992617224138e-01
9.999999407758605e-01
9.999999999999941e-01
1.000000000000000e+00
1.000000000000000e+00
1.000000000000000e+00
1.000000000000000e+00
1.000000000000000e+00
1.000000000000000e+00
1.000000000000000e+00
###3.200000000000000e+00
-7.363673307317925e-12
-3.434012051885335e-10
-1.705869217654536e-11
-9.960951373402198e-12
6.648561387257052e-11
-3.688507821053440e-12
-9.624864853302376e-11
1.490919951940424e-11
8.606806285036692e-12
4.471164342778736e-12
2.333368395172719e-12
-3.403272666037171e-12
6.314250924816457e-12
1.021272943923290e-11
-6.982148061751293e-13
2.284130869922041e-11
3.774405219052645e-11
4.631039380926587e-11
4.495700101523958e-11
7.428389456140435e-11
1.037776275782890e-10
1.247539276639797e-10
1.713787022102403e-10
2.107657973930010e-10
2.840700550120803e-10
3.553406006310199e-10
4.880486007349341e-10
6.572666373418525e-10
8.613580318752712e-10
1.126682935710806e-09
1.500549663150887e-09
1.998745605301271e-09
2.649387815522319e-09
3.484991755502175e-09
4.587026591655620e-09
6.100063053082009e-09
8.031428672730403e-09
1.061766866882317e-08
1.417453356992242e-08
1.875717245828991e-08
2.504374186015502e-08
3.359953691654411e-08
4.525585772382363e-08
6.131813277596788e-08
8.361938850990275e-08
1.151178423580283e-07
1.588289147643867e-07
2.221041874587433e-07
3.105228351994501e-07
4.414877555177384e-07
6.321196500331757e-07
9.105068993771881e-07
1.325123989511467e-06
1.936946649923355e-06
2.842296668838164e-06
4.185605524516103e-06
6.185425596132807e-06
9.181514431952791e-06
1.355224934657426e-05
2.003467522088511e-05
2.985984824373311e-05
4.418914492339302e-05
6.550496800107864e-05
9.709727314491175e-05
1.434094024449221e-04
2.114790843949312e-04
3.112425142218194e-04
4.575348691141868e-04
6.701943914644089e-04
9.825183116538830e-04
1.437452904569706e-03
2.094999943714404e-03
3.046427092103485e-03
4.425936895465022e-03
6.433708269911281e-03
9.320342820376627e-03
1.352734389632472e-02
1.958114804070459e-02
2.835395852417029e-02
4.107603853717502e-02
5.959416651592361e-02
8.617921534498967e-02
1.245045574225174e-01
1.792846184662986e-01
2.556670969047957e-01
3.588418355888768e-01
4.881951119178254e-01
6.328046539944201e-01
7.677698879177766e-01
8.690843321431190e-01
9.364782967373659e-01
9.999999407758605e-01
9.999999999999941e-01
1.000000000000000e+00
1.000000000000000e+00
1.000000000000000e+00
1.000000000000000e+00
1.000000000000000e+00
1.000000000000000e+00
1.000000000000000e+00
###3.600000000000000e+00
-2.244511949736426e-12
-3.363740389088836e-10
-2.196472667719315e-11
-2.056278328108869e-11
6.918631774650738e-11
-4.469948944000531e-12
-8.574908342017819e-11
7.872154031412981e-12
7.567459669223408e-12
5.876388701602773e-12
4.457894403804999e-12
2.401603171133191e-12
1.080489384154207e-11
1.053513405708184e-11
-4.597977608451774e-13
2.813917400252268e-11
4.412004334038040e-11
5.040634694180134e-11
5.966091522726594e-11
8.358803635683519e-11
1.199705711382352e-10
1.402893158639778e-10
1.972499220709938e-10
2.482133352164468e-10
3.294510681699900e-10
4.187506506641101e-10
5.698968745883667e-10
7.643725564534166e-10
1.004855423100844e-09
1.317738298838530e-09
1.750992758981963e-09
2.321468440060332e-09
3.095789159792020e-09
4.072894363905360e-09
5.373251004849045e-09
7.227946172539874e-09
9.472520048876636e-09
1.255584763379023e-08
1.684925650518630e-08
2.239936086114104e-08
3.007225674442017e-08
4.062833633726854e-08
5.508127615783476e-08
7.521894152346892e-08
1.034424396467472e-07
1.436658267076914e-07
1.999912030348684e-07
2.816263879065572e-07
3.964393985305307e-07
5.669746345420481e-07
8.161293703058601e-07
1.180909337457546e-06
1.722211209374141e-06
2.521960296355956e-06
3.700906260337263e-06
5.444453534737150e-06
8.036424465737729e-06
1.189217723891619e-05
1.750258486376213e-05
2.580489489687689e-05
3.827475614419585e-05
5.637340556024209e-05
8.321560868779674e-05
1.227236531550729e-04
1.802335326547468e-04
2.644581039565588e-04
3.868324398272937e-04
5.656894680435956e-04
8.237055715456347e-04
1.200427419119362e-03
1.745452597136918e-03
2.527357809875693e-03
3.651038680966265e-03
5.266481498046886e-03
7.598659694977139e-03
1.092480982040476e-02
1.571519328835523e-02
2.253694657308898e-02
3.230278131661166e-02
4.628202645867660e-02
6.633224081100494e-02
9.463108823955475e-02
1.347239943349635e-01
1.909305080777202e-01
2.677592259383967e-01
3.694064538993715e-01
4.945872236675600e-01
6.329275169536920e-01
7.625258183626747e-01
8.623962416695735e-01
9.316999894761108e-01
9.999999407758605e-01
9.999999999999941e-01
1.000000000000000e+00
1.000000000000000e+00
1.000000000000000e+00
1.000000000000000e+00
1.000000000000000e+00
1.000000000000000e+00
1.000000000000000e+00
###4.000000000000000e+00
-2.415948464545006e-11
-3.105766656582419e-10
-2.004053207522551e-11
-2.113368391205758e-11
6.973484354401213e-11
-1.420316788805854e-11
-8.909578274693560e-11
9.157970133461277e-12
7.297028718784359e-12
5.863558552128726e-12
-2.911528763272692e-12
-2.342055377538928e-12
1.242144030720527e-11
1.339482750416401e-11
3.680323198630646e-12
4.052240897818607e-11
4.616436269907960e-11
5.832257144676406e-11
7.159311170599781e-11
9.505400634703858e-11
1.372979116947984e-10
1.621165632453780e-10
2.255134437921570e-10
2.890609661120679e-10
3.801141826034172e-10
4.864913962721148e-10
6.563778052332772e-10
8.803412909397707e-10
1.159730341564121e-09
1.522605231453106e-09
2.022104204771159e-09
2.685089811189420e-09
3.580663266185674e-09
4.728746403903613e-09
6.250597531799243e-09
8.422551635705266e-09
1.108167986543911e-08
1.473812946196439e-08
1.989678508926533e-08
2.659009295092945e-08
3.591896516762094e-08
4.887191460908514e-08
6.674085937707967e-08
9.185525436569460e-08
1.272902466162781e-07
1.780093412036757e-07
2.498614463095951e-07
3.538996116017427e-07
5.021263570636978e-07
7.199162432138417e-07
1.040829942339777e-06
1.510504762338129e-06
2.204213359988121e-06
3.231751756422106e-06
4.737453718324869e-06
6.961940389335928e-06
1.025933274661418e-05
1.513081164029264e-05
2.221274265917939e-05
3.265321413944316e-05
4.820141483036581e-05
7.067817536962773e-05
1.038900068582824e-04
1.524547079728590e-04
2.227686296111229e-04
3.252564237489147e-04
4.731230598470164e-04
6.883083165032643e-04
9.967412412983131e-04
1.444466970535209e-03
2.088210096265288e-03
3.005050608295310e-03
4.314552358721868e-03
6.184656828841431e-03
8.857859341899216e-03
1.264364930052322e-02
1.803383999664339e-02
2.564817286801140e-02
3.642256416788058e-02
5.165780909430386e-02
7.321373335944827e-02
1.031711761767358e-01
1.449348512617165e-01
2.024541954517257e-01
2.796293866557180e-01
3.798363304872769e-01
5.012109187776309e-01
6.339661542928879e-01
7.586982319055623e-01
8.569669246199307e-01
9.276612258700387e-01
9.999999407758605e-01
9.999999999999941e-01
1.000000000000000e+00
1.000000000000000e+00
1.000000000000000e+00
1.000000000000000e+00
1.000000000000000e+00
1.000000000000000e+00
1.000000000000000e+00
###4.399999999999999e+00
-5.432406000823468e-11
-3.121724954801287e-10
-1.836060518050122e-11
-2.239286063561438e-11
7.755108259119561e-11
-1.315450359785679e-11
-9.199072025196083e-11
3.884184412653379e-12
7.078097115023694e-12
1.656042306703261e-11
-1.971681895297717e-11
4.309561504578976e-12
1.562963062398341e-11
8.156529950415848e-12
7.052870101348779e-12
4.562683111402304e-11
5.538629220950401e-11
6.808138340976155e-11
7.881753747529548e-11
1.127505980523452e-10
1.550919720951294e-10
1.883569535277492e-10
2.563862160007981e-10
3.308423797850736e-10
4.337601671851577e-10
5.592399429032762e-10
7.510763374323610e-10
1.006354514780137e-09
1.319052979702623e-09
1.744958806665173e-09
2.317239462099565e-09
3.091849258304993e-09
4.115335986994539e-09
5.452143681547635e-09
7.218099276875225e-09
9.760047592696829e-09
1.290529185533170e-08
1.724242599143607e-08
2.340085134320485e-08
3.146437055672780e-08
4.279577031277923e-08
5.859882579041162e-08
8.059514766928264e-08
1.116775215809074e-07
1.559243956697193e-07
2.194178299871155e-07
3.100305776477939e-07
4.416657128167937e-07
6.298650236287129e-07
9.058107217862815e-07
1.312872692246243e-06
1.911173014650327e-06
2.787374056491897e-06
4.085556199506322e-06
5.979383223277473e-06
8.777140575175775e-06
1.290748265534513e-05
1.895397838007561e-05
2.777172035471833e-05
4.068782299327864e-05
5.981568505549442e-05
8.731966313499237e-05
1.278402285179844e-04
1.867027683133225e-04
2.714962529567792e-04
3.945116683073829e-04
5.710725379596194e-04
8.264531754261741e-04
1.190550557050474e-03
1.716291400636149e-03
2.466585668859126e-03
3.530487456060375e-03
5.039210376694703e-03
7.180326034126274e-03
1.021365998702259e-02
1.447903531368024e-02
2.049012204129531e-02
2.891632160448539e-02
4.070999742001217e-02
5.719857966971948e-02
8.024116472646466e-02
1.117960172941558e-01
1.551440782216352e-01
2.138767857874284e-01
2.913379696774720e-01
3.901747313895206e-01
5.080720327304455e-01
6.358020766607593e-01
7.561200346762220e-01
8.526806067815486e-01
9.243103785514355e-01
9.999999407758605e-01
9.999999999999941e-01
1.000000000000000e+00
1.000000000000000e+00
1.000000000000000e+00
1.000000000000000e+00
1.000000000000000e+00
1.000000000000000e+00
1.000000000000000e+00
###4.800000000000000e+00
-5.960503774629788e-11
-3.050617716333605e-10
-1.737759926159463e-11
-2.895038289646363e-11
7.407154158698030e-11
-1.447348002712223e-11
-9.857775058353149e-11
6.674875664074930e-12
7.397664318209627e-12
1.731334520813213e-11
-1.751595895815840e-11
6.434340989070190e-12
1.128024746234060e-11
1.173635222844813e-11
1.270144758026679e-11
5.324972362745768e-11
6.504722269228043e-11
7.440094878055392e-11
9.284188462447862e-11
1.225662053906626e-10
1.722551417507270e-10
2.110297980610966e-10
2.918909683470876e-10
3.746026112671846e-10
4.918424211941833e-10
6.365365719735689e-10
8.535563895953591e-10
1.141057298613625e-09
1.493357257703190e-09
1.983104842320941e-09
2.648481926566357e-09
3.549837845421828e-09
4.753402252621782e-09
6.259605388964832e-09
8.295539362821544e-09
1.127162312700241e-08
1.498634437463579e-08
2.013210328460228e-08
2.745275514856515e-08
3.717674004368437e-08
5.091442987495105e-08
7.014293016381656e-08
9.711786359596835e-08
1.354600689406997e-07
1.900798700273969e-07
2.691960172924340e-07
3.826181617216716e-07
5.473859648974543e-07
7.839243121732493e-07
1.129625144400195e-06
1.640707328689047e-06
2.391340016262569e-06
3.487837244422967e-06
5.106305900899155e-06
7.459082200808561e-06
1.092876629012037e-05
1.603246432050118e-05
2.345872765876342e-05
3.428252110503221e-05
5.005472674446909e-05
7.326460274398898e-05
1.065748328251025e-04
1.553452297354667e-04
2.258697727820090e-04
3.269666587066533e-04
4.729310773780883e-04
6.815320691574560e-04
9.811121445127899e-04
1.406544179219562e-03
2.017291366452503e-03
2.883360096881089e-03
4.105172810729755e-03
5.826969545685949e-03
8.255245869833908e-03
1.166779541871880e-02
1.643325808734609e-02
2.308680589065941e-02
3.234162973251358e-02
4.516784600620333e-02
6.290784042845343e-02
8.737782461085654e-02
1.205163055107931e-01
1.653737451771122e-01
2.252222047733807e-01
3.029151711225462e-01
4.004595583161139e-01
5.151787118223426e-01
6.383822186917102e-01
7.546495142109984e-01
8.494329526536094e-01
9.215982117413967e-01
9.999999407758605e-01
9.999999999999941e-01
1.000000000000000e+00
1.000000000000000e+00
1.000000000000000e+00
1.000000000000000e+00
1.000000000000000e+00
1.000000000000000e+00
1.000000000000000e+00
###5.200000000000000e+00
-3.860702839509514e-11
-3.035798574872854e-10
-1.888879082019419e-11
-2.125704292398516e-11
7.866484359380671e-11
-1.631748804580493e-11
-9.626771331728333e-11
8.203368279014724e-12
5.503703780731989e-12
2.765630339648537e-11
-6.316908115055081e-12
-1.147166119326019e-10
1.337869786887215e-11
1.464715896478237e-11
1.862117946973209e-11
5.549900809296517e-11
7.229047289839645e-11
8.314077175332925e-11
1.051100850192089e-10
1.399058625146213e-10
1.959728857637440e-10
2.414857588855707e-10
3.275895249051545e-10
4.227041675749136e-10
5.441730238447600e-10
7.184901288895767e-10
9.644023751339142e-10
1.287968399872111e-09
1.692572617066148e-09
2.250943451211004e-09
3.007524647807075e-09
4.036234924178555e-09
5.407895709112916e-09
7.158224982802112e-09
9.544221114962819e-09
1.299358448734833e-08
1.739534471688312e-08
2.351873744389239e-08
3.217813751487046e-08
4.389142224858873e-08
6.051220845616734e-08
8.393039358145872e-08
1.167601671970232e-07
1.639541922690407e-07
2.314148995122915e-07
3.293305338117407e-07
4.697605359259815e-07
6.741754821957797e-07
9.687993115404872e-07
1.397276955785241e-06
2.033402240269932e-06
2.964575413292550e-06
4.319775825823277e-06
6.315466622333042e-06
9.210082254283837e-06
1.346019999815183e-05
1.967653602750701e-05
2.872090421915285e-05
4.185046093286362e-05
6.090872991287516e-05
8.875507557274073e-05
1.286904334309464e-04
1.867380496987643e-04
2.704207889667897e-04
3.897270158217526e-04
5.612135432875511e-04
8.052392611883013e-04
1.153521404468493e-03
1.645959618100097e-03
2.349276637743369e-03
3.340413220663670e-03
4.731910059165684e-03
6.680898155614575e-03
9.412301816393581e-03
1.322328621633902e-02
1.850924220599846e-02
2.582564099635565e-02
3.592778816000545e-02
4.979660004381512e-02
6.878439666269652e-02
9.465576979376697e-02
1.293393734448517e-01
1.756346760642918e-01
2.365235868127641e-01
3.143981588702331e-01
4.107221371799892e-01
5.225322958191224e-01
6.416298733105491e-01
7.541781317516252e-01
8.471219089098924e-01
9.195044824449257e-01
9.999999407758605e-01
9.999999999999941e-01
1.000000000000000e+00
1.000000000000000e+00
1.000000000000000e+00
1.000000000000000e+00
1.000000000000000e+00
1.000000000000000e+00
1.000000000000000e+00
###5.600000000000001e+00
-3.870830993809897e-11
-3.029197702646160e-10
-2.129898638733412e-11
-9.015589777449979e-12
7.885020618876068e-11
-1.743595008169687e-11
-9.674247558751331e-11
9.243757738822035e-12
3.209634724530367e-12
2.841771610999518e-11
-5.832554164511477e-12
-1.023164279891032e-10
1.680881376369105e-11
2.251283525352385e-11
2.695005044912296e-11
6.564880332356469e-11
8.126180258312917e-11
9.185365866438366e-11
1.167804008461318e-10
1.588557046925758e-10
2.201228291375293e-10
2.713797284120471e-10
3.673471915993179e-10
4.724789946264608e-10
6.140135630628955e-10
8.110482595149601e-10
1.086106415603482e-09
1.444450540727867e-09
1.911584923706938e-09
2.545338484989819e-09
3.406685500041375e-09
4.578888454089225e-09
6.139682170596243e-09
8.186264625317682e-09
1.096198582796503e-08
1.496383388371660e-08
2.016779073711734e-08
2.745639897126268e-08
3.772840153162595e-08
5.181269283474689e-08
7.184050272913793e-08
1.002324030415419e-07
1.402351555265098e-07
1.979328531900649e-07
2.808795009108341e-07
4.012289546334535e-07
5.740386288605937e-07
8.258387860975577e-07
1.189511376817635e-06
1.718465769018308e-06
2.500281070898918e-06
3.643532591979188e-06
5.302505531252106e-06
7.739751943076935e-06
1.126438164419682e-05
1.641870177852390e-05
2.391969609338584e-05
3.482680536003496e-05
5.059559154463649e-05
7.338099175146126e-05
1.065045578586124e-04
1.539017941278396e-04
2.224068295116328e-04
3.208198791147210e-04
4.603210846465248e-04
6.601301209840377e-04
9.431402404826995e-04
1.344889680493664e-03
1.910181659479650e-03
2.713866799044546e-03
3.839707585745750e-03
5.412815401113442e-03
7.603270525503937e-03
1.065432432102266e-02
1.488303985187071e-02
2.070647906744418e-02
2.870841975685840e-02
3.967540381548419e-02
5.459388174062090e-02
7.482565839761943e-02
1.020898211481741e-01
1.382696236372919e-01
1.859356024779249e-01
2.478003908327470e-01
3.258287798313403e-01
4.209967363343806e-01
5.301401800532091e-01
6.454995358112005e-01
7.545943902852840e-01
8.456644762418574e-01
9.179546759437344e-01
9.999999407758605e-01
9.999999999999941e-01
1.000000000000000e+00
1.000000000000000e+00
1.000000000000000e+00
1.000000000000000e+00
1.000000000000000e+00
1.000000000000000e+00
1.000000000000000e+00
###6.000000000000001e+00
-3.085149850229344e-12
-3.041933555571373e-10
-1.953987474385098e-11
-1.057389577830851e-11
9.200248191678456e-11
-1.967269138536697e-11
-9.256471167255256e-11
9.438196027798321e-12
5.356810823248792e-13
2.869407507374112e-11
-1.144353628304750e-12
-9.549179144490042e-11
1.646097324991848e-11
2.750416022292368e-11
3.230662857748697e-11
7.003971951306355e-11
9.098061645686696e-11
1.001981434774541e-10
1.305602929078995e-10
1.769978223465638e-10
2.431598787740598e-10
3.030108296430334e-10
4.112133695084001e-10
5.268209828814691e-10
6.909834865238759e-10
9.044322041746449e-10
1.219494813111924e-09
1.622892957543370e-09
2.153571538322197e-09
2.873272802167186e-09
3.853877317062807e-09
5.189657102544991e-09
6.980344820825354e-09
9.354566171431766e-09
1.259930958187042e-08
1.723947212825403e-08
2.341269045565782e-08
3.207634976784882e-08
4.425643743622129e-08
6.111595663286563e-08
8.531434195949196e-08
1.196154553459699e-07
1.681882020437886e-07
2.383362974915085e-07
3.398222855309218e-07
4.867907068596777e-07
6.982154583830905e-07
1.006066404598828e-06
1.450758135004672e-06
2.095850156494112e-06
3.051396695642610e-06
4.443126487781146e-06
6.455517478667850e-06
9.404893486445522e-06
1.365900873510701e-05
1.985341292621659e-05
2.883431151641918e-05
4.186220878712707e-05
6.063840619002332e-05
8.764184509486553e-05
1.267336167591572e-04
1.825077173842470e-04
2.626960628361226e-04
3.775375762266750e-04
5.394947025965095e-04
7.705015485237019e-04
1.096270089878354e-03
1.556233132159092e-03
2.200875219651610e-03
3.112734183063225e-03
4.383654269176108e-03
6.150377953980004e-03
8.596812554214208e-03
1.198435727910930e-02
1.664954534906621e-02
2.303303905238802e-02
3.174147877015706e-02
4.358645645440293e-02
5.957109921981947e-02
8.103772030564835e-02
1.096838629961120e-01
1.473107815424062e-01
1.962897294483074e-01
2.590703588306783e-01
3.372206020264663e-01
4.313060481211503e-01
5.379975897065902e-01
6.499276341714710e-01
7.557972662286364e-01
8.449712617347094e-01
9.169363168583656e-01
9.999999407758605e-01
9.999999999999941e-01
1.000000000000000e+00
1.000000000000000e+00
1.000000000000000e+00
1.000000000000000e+00
1.000000000000000e+00
1.000000000000000e+00
1.000000000000000e+00
###6.400000000000001e+00
3.830985108983297e-12
-3.081392989794123e-10
-2.382877196793246e-11
-7.981766368687968e-12
9.572270503339131e-11
-2.286249743024699e-11
-9.637539039552388e-11
7.122058870960954e-12
1.048828098910087e-13
2.733002733275873e-11
-3.420813443879278e-13
-9.157674529821262e-11
2.176963469399688e-11
3.345006125005856e-11
3.698723460240104e-11
6.397085405755756e-11
1.007152727850796e-10
1.100740227739714e-10
1.478556419159892e-10
1.961863832290036e-10
2.685247423064530e-10
3.371829431764630e-10
4.555764716849338e-10
5.884856110402093e-10
7.701710973959323e-10
1.013966702857000e-09
1.364496491575839e-09
1.818854102771493e-09
2.424620248798306e-09
3.240468667451236e-09
4.355417794782642e-09
5.882565102411847e-09
7.943055578837457e-09
1.069573763841589e-08
1.450950222917191e-08
1.991677416914598e-08
2.718436882781552e-08
3.749043688326525e-08
5.193708265607508e-08
7.215966822970425e-08
1.012510560936425e-07
1.426233579351604e-07
2.013682798823175e-07
2.864767741045968e-07
4.097544788413206e-07
5.883708986021805e-07
8.453316523935131e-07
1.219095214527193e-06
1.759586075458578e-06
2.539602647397412e-06
3.697334340362127e-06
5.378123057255370e-06
7.801220315240686e-06
1.134098640372643e-05
1.643617203706090e-05
2.382364083177025e-05
3.449291223313621e-05
4.993757508304593e-05
7.212038412847654e-05
1.038805165615936e-04
1.496830644659095e-04
2.148363582683410e-04
3.080328218525756e-04
4.410482589511264e-04
6.277938400414697e-04
8.930848125459376e-04
1.265557756892284e-03
1.788991237530749e-03
2.519333445162323e-03
3.547671918667560e-03
4.973690822988461e-03
6.946534761135011e-03
9.664057507142059e-03
1.340505279041697e-02
1.852625702493759e-02
2.549068383475439e-02
3.492542542851271e-02
4.766352190835545e-02
6.472361883112485e-02
8.742267954873024e-02
1.174314681941710e-01
1.564692790520885e-01
2.067144594791653e-01
2.703510281822908e-01
3.486058599914033e-01
4.416743480836712e-01
5.460801889368133e-01
6.548585321951930e-01
7.577032883975265e-01
8.449735430536078e-01
9.163966073518860e-01
9.999999407758605e-01
9.999999999999941e-01
1.000000000000000e+00
1.000000000000000e+00
1.000000000000000e+00
1.000000000000000e+00
1.000000000000000e+00
1.000000000000000e+00
1.000000000000000e+00
###6.800000000000002e+00
1.140689124526634e-11
-3.070735670819562e-10
-2.363042216445715e-11
-7.115444935615434e-12
9.112351403980422e-11
-2.186065618514927e-11
-9.872743850548223e-11
7.873933879661637e-12
-1.581134061463677e-11
2.948769269005759e-11
-7.854724469200464e-13
-9.539417533169505e-11
1.979598819164109e-11
3.727596296614192e-11
4.449976798253056e-11
7.234010092667309e-11
1.082535879887435e-10
1.233725886257856e-10
1.664000965845634e-10
2.185296138722564e-10
2.959300135639783e-10
3.749273707988081e-10
5.034075121303762e-10
6.537356511920404e-10
8.591863162837097e-10
1.134973544558926e-09
1.526296610211376e-09
2.040006112630269e-09
2.725482940288103e-09
3.653800473304069e-09
4.924714720110898e-09
6.674550447702135e-09
9.046100745834868e-09
1.224403004207506e-08
1.670050276573730e-08
2.304329053865959e-08
3.159837815448858e-08
4.385508051301500e-08
6.098442012048424e-08
8.521624425123511e-08
1.200779387207639e-07
1.698153930464495e-07
2.404473993667955e-07
3.434028987797792e-07
4.923876962271363e-07
7.082643082678239e-07
1.018658962683569e-06
1.469722803175856e-06
2.121849456197317e-06
3.059295938722177e-06
4.452955132822020e-06
6.466568798257058e-06
9.363396305903042e-06
1.358240881713327e-05
1.963742720426087e-05
2.838788376619669e-05
4.100643201884426e-05
5.915506173026876e-05
8.517205871201496e-05
1.222831634341496e-04
1.755930807306426e-04
2.511725971547731e-04
3.588306791829662e-04
5.119100276387469e-04
7.259163373446914e-04
1.028746695541883e-03
1.452123997805913e-03
2.044399024996831e-03
2.867378234439914e-03
4.020782485481559e-03
5.612226359529515e-03
7.804364870772171e-03
1.080770990732291e-02
1.491993188577420e-02
2.051594489509677e-02
2.808053667162307e-02
3.826068704287058e-02
5.190939569993436e-02
7.005252413383498e-02
9.398321092809554e-02
1.253378984230431e-01
1.657555300044478e-01
2.172198291037908e-01
2.816660045658707e-01
3.599984857110625e-01
4.520994208474575e-01
5.543816042742086e-01
6.602517439213218e-01
7.602643430865841e-01
8.455983471001649e-01
9.162930886580155e-01
9.999999407758605e-01
9.999999999999941e-01
1.000000000000000e+00
1.000000000000000e+00
1.000000000000000e+00
1.000000000000000e+00
1.000000000000000e+00
1.000000000000000e+00
1.000000000000000e+00
###7.200000000000002e+00
-2.325117362248921e-11
-3.365492446322722e-10
-2.311091074203651e-11
-1.530109041798678e-11
9.328315035000679e-11
-2.204067150561514e-11
-8.855153358147334e-11
1.140766088567706e-11
-1.679696672423711e-11
3.130059283586762e-11
1.539460173057183e-14
-9.125482545384810e-11
2.080028713158810e-11
4.925114481916318e-11
5.391633132772634e-11
8.017521984027306e-11
1.167360874417969e-10
1.357403226522417e-10
1.834422213585269e-10
2.409067913000013e-10
3.275338269741290e-10
4.157015218138013e-10
5.573314359613508e-10
7.240087484499063e-10
9.563538338371165e-10
1.267494687275391e-09
1.705781858078349e-09
2.285790771464414e-09
3.063134720078244e-09
4.122295681534198e-09
5.572579459673106e-09
7.584792670731872e-09
1.031575753882596e-08
1.403835560243864e-08
1.925707359239136e-08
2.669740762949976e-08
3.678705566593209e-08
5.133526892196367e-08
7.166654010285037e-08
1.005856888589468e-07
1.423453622319669e-07
2.019728945033107e-07
2.868033112404459e-07
4.104533225082918e-07
5.897684907792103e-07
8.492461615129894e-07
1.221990982523073e-06
1.762939055853718e-06
2.545021090126123e-06
3.665067075990499e-06
5.328959884324959e-06
7.728360373107211e-06
1.116937539419103e-05
1.616314498979144e-05
2.331019089532085e-05
3.360901178324164e-05
4.839610938583821e-05
6.963047592058310e-05
9.994726392214825e-05
1.430443939536914e-04
2.047164008841469e-04
2.918951772293590e-04
4.155329389260892e-04
5.907272988119020e-04
8.346264576820442e-04
1.178308703042167e-03
1.656931442599647e-03
2.323846738372371e-03
3.246340190262424e-03
4.533827946704358e-03
6.301775481805930e-03
8.726151632591750e-03
1.203085501273929e-02
1.653138455359461e-02
2.262193810757326e-02
3.080764803415287e-02
4.174791622752783e-02
5.632468751639460e-02
7.556018455832113e-02
1.007223275791937e-01
1.334088605102408e-01
1.751740529206050e-01
2.278007281923598e-01
2.930218016656873e-01
3.714099656184597e-01
4.626038896759277e-01
5.629216808059336e-01
6.660671882781912e-01
7.633908766169810e-01
8.467997553096920e-01
9.165881846942143e-01
9.999999407758605e-01
9.999999999999941e-01
1.000000000000000e+00
1.000000000000000e+00
1.000000000000000e+00
1.000000000000000e+00
1.000000000000000e+00
1.000000000000000e+00
1.000000000000000e+00
###7.600000000000002e+00
-2.212990924099644e-11
-3.486546793230063e-10
-3.365697388150840e-11
-1.520036963253877e-11
1.281625155407806e-10
-2.190923730001007e-11
-8.113875218335658e-11
1.134829051421173e-11
-1.222181373253640e-11
2.813340863528916e-11
-9.102665396206608e-15
-8.380728941691366e-11
3.027566055748610e-11
5.096285005590368e-11
6.074167621406950e-11
9.526539248745614e-11
1.269001265152506e-10
1.490011141809685e-10
2.027577459075995e-10
2.671530703992011e-10
3.681060006674228e-10
4.610311595810106e-10
6.172368067684674e-10
7.934446541645234e-10
1.066440316760759e-09
1.414673021685490e-09
1.908945162036650e-09
2.562341890450264e-09
3.448204409954243e-09
4.659793220875630e-09
6.318104225465136e-09
8.633756757805854e-09
1.178573565449547e-08
1.612066724475494e-08
2.223446896571044e-08
3.096488160231061e-08
4.285913141967988e-08
6.012564161412391e-08
8.421045988526945e-08
1.186758362577908e-07
1.685447694964257e-07
2.397763733015770e-07
3.414058247422895e-07
4.891976258272742e-07
7.040311580140989e-07
1.014392365021619e-06
1.459792416180284e-06
2.105139260342605e-06
3.036448408497552e-06
4.369365028834638e-06
6.343690912442943e-06
9.183117820450712e-06
1.324358424355110e-05
1.912274657374535e-05
2.750933810195036e-05
3.955714212966712e-05
5.678306505367458e-05
8.148913582557921e-05
1.166185214912983e-04
1.663792226656068e-04
2.373484333956550e-04
3.373150105664919e-04
4.785909025992627e-04
6.780214741444291e-04
9.546173820685884e-04
1.342848525304552e-03
1.881482078420353e-03
2.628774424843864e-03
3.657968082329462e-03
5.089074827783414e-03
7.044787001140358e-03
9.714391886699900e-03
1.333609978724994e-02
1.824237837723455e-02
2.484784358848654e-02
3.367382507386980e-02
4.539249477173674e-02
6.091409694933858e-02
8.124815298324020e-02
1.076469130889716e-01
1.416553590531773e-01
1.847280060129137e-01
2.384834002482563e-01
3.044332643351993e-01
3.828705935303111e-01
4.732009524797367e-01
5.716636636534925e-01
6.722750978116863e-01
7.670310830923336e-01
8.484961894036274e-01
9.172298935990755e-01
9.999999407758605e-01
9.999999999999941e-01
1.000000000000000e+00
1.000000000000000e+00
1.000000000000000e+00
1.000000000000000e+00
1.000000000000000e+00
1.000000000000000e+00
1.000000000000000e+00
###8.000000000000002e+00
-5.495992417049069e-11
-2.770151072414338e-10
-3.958433704601713e-11
-1.499190204354194e-11
1.104060398539921e-10
-2.819109717206449e-11
-7.866786248261464e-11
9.808123719942785e-12
-5.298950368159603e-12
3.028359634574722e-11
9.586474687607623e-12
-7.709620380094354e-11
3.605848381128001e-11
6.102217816344704e-11
6.725001000190633e-11
1.028330900499868e-10
1.415389622605727e-10
1.656695801520300e-10
2.241977198906309e-10
2.956579850108884e-10
4.030651896519698e-10
5.119962664093490e-10
6.792936618514365e-10
8.836135090569569e-10
1.191515879809820e-09
1.581664469521636e-09
2.136306943409122e-09
2.875451497826622e-09
3.885953040099837e-09
5.286407109360995e-09
7.175270665416979e-09
9.837388644035056e-09
1.348630602464537e-08
1.854419222747399e-08
2.570977468258637e-08
3.595849227823268e-08
4.997074883064258e-08
7.040646687982121e-08
9.893335081952014e-08
1.398975463529791e-07
1.992609072615163e-07
2.842020860126381e-07
4.052339536043900e-07
5.813924005478845e-07
8.373777772464381e-07
1.206921678549579e-06
1.736612590762716e-06
2.502413570309603e-06
3.605778495012939e-06
5.182835760876333e-06
7.511745770019101e-06
1.085344322743445e-05
1.562008457789729e-05
2.250306539536839e-05
3.228997762496234e-05
4.630566752965269e-05
6.627002013188456e-05
9.485452660945085e-05
1.353530222331515e-04
1.925247731232790e-04
2.737820573770195e-04
3.878690552379249e-04
5.484843139994129e-04
7.744976867908031e-04
1.086669725102669e-03
1.523340381528980e-03
2.126742597841116e-03
2.960565797924117e-03
4.104353906758187e-03
5.688313195044504e-03
7.843557076080462e-03
1.077217322700214e-02
1.472670527417013e-02
2.005791986677622e-02
2.719652521595617e-02
3.668152728978568e-02
4.919756759250010e-02
6.567806327908175e-02
8.712328707799047e-02
1.147545396026472e-01
1.500680749252838e-01
1.944276665438502e-01
2.492732317878431e-01
3.159175250819081e-01
3.943779905574020e-01
4.838851387364208e-01
5.806082641553606e-01
6.788243663264749e-01
7.711155365221547e-01
8.506575952072343e-01
9.181867649715526e-01
9.999999407758605e-01
9.999999999999941e-01
1.000000000000000e+00
1.000000000000000e+00
1.000000000000000e+00
1.000000000000000e+00
1.000000000000000e+00
1.000000000000000e+00
1.000000000000000e+00
###8.400000000000002e+00
-5.654077421317308e-11
-2.759450111331246e-10
-4.539942845617091e-11
1.694121254649750e-12
1.077278351915998e-10
-2.903488893834026e-11
-7.590222627993261e-11
1.221272137492862e-11
-5.499630061126731e-14
3.852975850467910e-11
2.032337847049870e-11
-6.178955139383339e-11
4.130782334322585e-11
7.613098827328706e-11
7.907724399672859e-11
1.156843722835283e-10
1.571107330974896e-10
1.860341533425414e-10
2.501253833530790e-10
3.284556970874467e-10
4.439399930245505e-10
5.688383091055599e-10
7.500687540622651e-10
9.859793806726873e-10
1.330082969475362e-09
1.776961305322793e-09
2.403637308989658e-09
3.235288141424872e-09
4.387840208194042e-09
5.985886352277355e-09
8.161138314510084e-09
1.122958659174517e-08
1.546341697801946e-08
2.136864199520393e-08
2.975526467223080e-08
4.171356112444111e-08
5.831446183383566e-08
8.246430975983633e-08
1.162002182773959e-07
1.647521179435574e-07
2.352211099105565e-07
3.360399848167027e-07
4.798321308643589e-07
6.888981791127872e-07
9.926402334992338e-07
1.430298114335693e-06
2.057220309886578e-06
2.962056179761921e-06
4.263209441737429e-06
6.123802958344803e-06
8.851809514546866e-06
1.276445560554279e-05
1.833051401802847e-05
2.634573146651431e-05
3.770828871499291e-05
5.393586333807258e-05
7.696171935428100e-05
1.098763751435479e-04
1.563237742756805e-04
2.217134712770357e-04
3.143193570459629e-04
4.439423861754251e-04
6.257700423788961e-04
8.807474306750085e-04
1.231620052241247e-03
1.720675707493881e-03
2.394018693236114e-03
3.320733052079468e-03
4.587092969933835e-03
6.333826370210802e-03
8.700335211378760e-03
1.190223820143930e-02
1.620589512134722e-02
2.197891382079508e-02
2.967082716396737e-02
3.983490145255399e-02
5.316969673537084e-02
7.062531325908940e-02
9.318607744091599e-02
1.220512127665464e-01
1.586588245002889e-01
2.042726588314575e-01
2.601764604324719e-01
3.274776235652936e-01
4.059567843742709e-01
4.946678151538492e-01
5.897373976118722e-01
6.856923204874864e-01
7.756081839127246e-01
8.532090210194582e-01
9.194307855005314e-01
9.999999407758605e-01
9.999999999999941e-01
1.000000000000000e+00
1.000000000000000e+00
1.000000000000000e+00
1.000000000000000e+00
1.000000000000000e+00
1.000000000000000e+00
1.000000000000000e+00
###8.800000000000002e+00
-4.837545620799529e-11
-2.739543205589465e-10
-5.177939317928576e-11
1.649533507137419e-12
1.168819535280066e-10
-2.514099829096142e-11
-6.881900652914237e-11
1.485216517603472e-11
4.097734050762144e-12
3.874775558635515e-11
2.995812250267977e-11
-5.088775382908342e-11
5.122700700303340e-11
8.601598201188084e-11
9.073264547370245e-11
1.281763264781270e-10
1.726431382916999e-10
2.074612613668578e-10
2.768708383102228e-10
3.642817357728088e-10
4.815400490883634e-10
6.307472946679638e-10
8.330313801228084e-10
1.098661441112098e-09
1.484582540593940e-09
1.989847136302588e-09
2.706296853635949e-09
3.643813350175883e-09
4.960768942903737e-09
6.786267003311088e-09
9.299445402733144e-09
1.284525689823098e-08
1.776350042250085e-08
2.465912002263882e-08
3.448432750673722e-08
4.845574569264619e-08
6.805040774959168e-08
9.652567836604019e-08
1.363476871775872e-07
1.938031814694333e-07
2.771909643115641e-07
3.964987024675028e-07
5.663617008541936e-07
8.136026079478910e-07
1.172474846602980e-06
1.689022669125729e-06
2.427203429062520e-06
3.491278110482702e-06
5.017765056541501e-06
7.193748603681027e-06
1.038238483292534e-05
1.494330885574332e-05
2.141105034561836e-05
3.070083660412236e-05
4.383258391862943e-05
6.253444834028212e-05
8.896763989761975e-05
1.266881373256725e-04
1.797604060144299e-04
2.542008406736273e-04
3.592728409918272e-04
5.059288944732988e-04
7.109432074080121e-04
9.974948135350510e-04
1.390323442366568e-03
1.936062735414980e-03
2.684589338862674e-03
3.710882572116350e-03
5.108024941723128e-03
7.027975027716201e-03
9.617907179837609e-03
1.310745445584227e-02
1.777643252617851e-02
2.401074869457821e-02
3.227490108028889e-02
4.313953106175237e-02
5.730903050471840e-02
7.575313866528435e-02
9.944081485928881e-02
1.295357633350509e-01
1.674282747233369e-01
2.142716394991077e-01
2.712022180200853e-01
3.391247972610523e-01
4.176073663549840e-01
5.055529713702717e-01
5.990333747993931e-01
6.928196746513227e-01
7.804642444173713e-01
8.561115742157736e-01
9.209191088333795e-01
9.999999407758605e-01
9.999999999999941e-01
1.000000000000000e+00
1.000000000000000e+00
1.000000000000000e+00
1.000000000000000e+00
1.000000000000000e+00
1.000000000000000e+00
1.000000000000000e+00
###9.200000000000003e+00
-4.581670914668317e-11
-2.750468431488771e-10
-5.089764129809432e-11
1.357887519828966e-11
1.204445485061513e-10
-2.298903096538919e-11
-6.077126840319625e-11
9.059042164834092e-12
1.250471093988940e-11
6.054108454130244e-11
4.270570378967343e-11
-3.167374729198946e-11
6.388865049591376e-11
9.703212001382081e-11
1.095915841471213e-10
1.471996343865500e-10
1.946913708514442e-10
2.397490033801378e-10
3.071755315382472e-10
4.064613919021535e-10
5.359098627009621e-10
7.028601409945940e-10
9.278913481160087e-10
1.229433669085072e-09
1.658517965678230e-09
2.233017763169966e-09
3.041445758381806e-09
4.112808471019723e-09
5.622099541001102e-09
7.716831121756454e-09
1.061820657463700e-08
1.472022078582550e-08
2.044163867293585e-08
2.849961189112933e-08
3.998325398744154e-08
5.632569606615626e-08
7.940699387171032e-08
1.128714692223037e-07
1.599207215067103e-07
2.276415464097640e-07
3.260190687611209e-07
4.666348854688175e-07
6.670702803140537e-07
9.583928267668808e-07
1.380352930463845e-06
1.986810261634368e-06
2.852611302206465e-06
4.098641053285303e-06
5.881424816649742e-06
8.426440756244912e-06
1.212682536671498e-05
1.741739012717814e-05
2.490065860539605e-05
3.562062890380154e-05
5.072819995071519e-05
7.218920556468436e-05
1.024276502543238e-04
1.454544651551789e-04
2.058264418475016e-04
2.902449930280234e-04
4.090402754054458e-04
5.742985054062811e-04
8.045779587385666e-04
1.125405462805188e-03
1.563762559617076e-03
2.170432218082950e-03
2.999762219706876e-03
4.132624266466454e-03
5.669269186745912e-03
7.772974371192304e-03
1.059883729370885e-02
1.439063456553042e-02
1.944195947346234e-02
2.615600330054062e-02
3.501270176872403e-02
4.659575739495766e-02
6.162146022497263e-02
8.106949744661328e-02
1.058895693758299e-01
1.372126461967910e-01
1.763775801897995e-01
2.244262301998615e-01
2.823487560394752e-01
3.508621617873203e-01
4.293449184113144e-01
5.165407952205191e-01
6.084985769220499e-01
7.002051720122943e-01
7.856324979320014e-01
8.593306171406323e-01
9.226532046015904e-01
9.999999407758605e-01
9.999999999999941e-01
1.000000000000000e+00
1.000000000000000e+00
1.000000000000000e+00
1.000000000000000e+00
1.000000000000000e+00
1.000000000000000e+00
1.000000000000000e+00
###9.600000000000003e+00
-5.267762620928398e-11
-2.781479462236431e-10
-4.880269135133465e-11
2.534156567754817e-11
1.263209298175202e-10
-2.017878641026293e-11
-6.627008819714885e-11
1.558076831986802e-11
2.180838500058516e-11
6.476478410285360e-11
5.267765331415111e-11
-1.378487758392242e-11
8.065843453664561e-11
1.205847728546080e-10
1.275685085638015e-10
1.693486180256829e-10
2.170428884816553e-10
2.674608160300360e-10
3.453278276413497e-10
4.517264896469800e-10
5.916099070581724e-10
7.827129308332927e-10
1.033656995248069e-09
1.376356761350801e-09
1.855664137119247e-09
2.508032207917129e-09
3.423437327080001e-09
4.648317602115932e-09
6.378761106323552e-09
8.791050600001693e-09
1.213948087087021e-08
1.689870033821452e-08
2.355592521989642e-08
3.295791215716626e-08
4.638464988840712e-08
6.551582264175261e-08
9.264846159639556e-08
1.318654843826511e-07
1.873661180105644e-07
2.669223419498450e-07
3.825637783313855e-07
5.479099271706575e-07
7.840890123988086e-07
1.125218849155197e-06
1.619794565577825e-06
2.329237656961687e-06
3.340357742274400e-06
4.793247429621045e-06
6.867155707522126e-06
9.827688472733055e-06
1.410689702976770e-05
2.021775804536224e-05
2.884043484659247e-05
4.115870837807140e-05
5.847414712360353e-05
8.299754333234554e-05
1.174452708679729e-04
1.663613700596426e-04
2.347785873891518e-04
3.301361925272027e-04
4.639571294457631e-04
6.494912894799437e-04
9.072933429530099e-04
1.265312765276297e-03
1.752756303836272e-03
2.425153384910500e-03
3.341057873285303e-03
4.587780683446103e-03
6.272817409265234e-03
8.570670911196258e-03
1.164616619231361e-02
1.575507105173475e-02
2.120515904388903e-02
2.841877899109542e-02
3.788798879871594e-02
5.020911540197859e-02
6.610833821464489e-02
8.657397731390151e-02
1.125327924200592e-01
1.450901964203014e-01
1.855142012508471e-01
2.347380162639927e-01
2.936187182931753e-01
3.627018808217914e-01
4.411529173092780e-01
5.276134927874186e-01
6.181130677914519e-01
7.078154162403101e-01
7.910843820165758e-01
8.628244397437995e-01
9.245738090387255e-01
9.999999407758605e-01
9.999999999999941e-01
1.000000000000000e+00
1.000000000000000e+00
1.000000000000000e+00
1.000000000000000e+00
1.000000000000000e+00
1.000000000000000e+00
1.000000000000000e+00
###1.000000000000000e+01
-6.363286209400975e-11
-2.750636803284040e-10
-4.680324547823086e-11
2.918421349821911e-11
1.266462458858211e-10
-7.825845292336418e-12
-5.848078837284743e-11
2.140921018645480e-11
3.101773403149357e-11
6.894374103358819e-11
6.752800204649263e-11
5.679464022511398e-12
9.413728213173755e-11
1.304118551529380e-10
1.476722913291652e-10
1.933089797227372e-10
2.404745381755450e-10
2.971049996251974e-10
3.834351000241335e-10
5.026872225553071e-10
6.582677860689899e-10
8.721571677760685e-10
1.152228050318207e-09
1.542865194254897e-09
2.080444093557115e-09
2.822356806101217e-09
3.862394674991708e-09
5.269127137471133e-09
7.257664325717301e-09
1.003080773758178e-08
1.390773445750863e-08
1.942427488541572e-08
2.716869628602491e-08
3.812846789426354e-08
5.382053185121115e-08
7.616190001815103e-08
1.080085820172110e-07
1.538812908347951e-07
2.191356055320451e-07
3.124491481448657e-07
4.480453555798945e-07
6.416459114802932e-07
9.182646556194968e-07
1.316896037220195e-06
1.894397536585976e-06
2.721477420473582e-06
3.897834649958343e-06
5.585340225651063e-06
7.987764719241041e-06
1.140027794372602e-05
1.634701368055191e-05
2.338011774766555e-05
3.327508966432005e-05
4.737916136953508e-05
6.714802635577354e-05
9.506658766094404e-05
1.341764194184160e-04
1.895706227192291e-04
2.668368356009941e-04
3.741845953725621e-04
5.244048747324735e-04
7.320524026087508e-04
1.019634844935014e-03
1.417919853876387e-03
1.958338208175816e-03
2.701328530051482e-03
3.710104786604491e-03
5.078186030966966e-03
6.920504290072193e-03
9.424281294524602e-03
1.276213645594797e-02
1.720364827468582e-02
2.307127742888841e-02
3.080192381343516e-02
4.090386382561039e-02
5.398480185476272e-02
7.077553866382030e-02
9.227377650149024e-02
1.193772590488579e-01
1.531659620158791e-01
1.948427942354079e-01
2.452108571831840e-01
3.050243452764392e-01
3.746405347242233e-01
4.530505967320241e-01
5.387818898280228e-01
6.278547390863651e-01
7.156132699316361e-01
7.967674327929085e-01
8.665603795864311e-01
9.266590975721970e-01
9.999999407758605e-01
9.999999999999941e-01
1.000000000000000e+00
1.000000000000000e+00
1.000000000000000e+00
1.000000000000000e+00
1.000000000000000e+00
1.000000000000000e+00
1.000000000000000e+00
###1.040000000000000e+01
-6.400190656349710e-11
-2.363345637176852e-10
-4.524699908058386e-11
3.589987297417627e-11
1.291242802963775e-10
-5.667074992327383e-12
-6.177545191162145e-11
3.053613545072472e-11
3.894281196696017e-11
7.391501698330691e-11
7.792584674593735e-11
1.973488488889951e-11
1.040074089426368e-10
1.423861982010216e-10
1.634215962035611e-10
2.167211026994283e-10
2.643510837028841e-10
3.267762307370978e-10
4.231469571061935e-10
5.557755787978728e-10
7.300741015508069e-10
9.691392913215984e-10
1.284803221581897e-09
1.729105565256444e-09
2.334722172161687e-09
3.180702953794085e-09
4.364673589373599e-09
5.980088899717883e-09
8.265419533298815e-09
1.146453770710941e-08
1.594622177158221e-08
2.235096719812453e-08
3.135558186218391e-08
4.413701895591762e-08
6.242993020422046e-08
8.854598506846958e-08
1.258167886682176e-07
1.794690474936804e-07
2.558842798441353e-07
3.650201834508886e-07
5.233684652957088e-07
7.495949347444602e-07
1.073043980589660e-06
1.537288243260995e-06
2.208665179639628e-06
3.168240862296981e-06
4.532412415406086e-06
6.484977206677112e-06
9.258311175915520e-06
1.320025421175034e-05
1.887414033402063e-05
2.693737901342454e-05
3.825373151202342e-05
5.434153228016032e-05
7.683268074695625e-05
1.085077360408698e-04
1.527596737917350e-04
2.152935078525739e-04
3.022492300810784e-04
4.227948428690808e-04
5.908146102989463e-04
8.225313949486878e-04
1.142426536766534e-03
1.584080648910564e-03
2.181363781810413e-03
3.000218732452188e-03
4.107964061575737e-03
5.605303638319967e-03
7.614767547215124e-03
1.033606779116392e-02
1.395015071861561e-02
1.874022030835491e-02
2.504196202426568e-02
3.331001883898807e-02
4.406579413439635e-02
5.792639998049144e-02
7.562530278341391e-02
9.817172952554225e-02
1.264353329533867e-01
1.614430074570821e-01
2.043543080817659e-01
2.558540321093970e-01
3.165676272512479e-01
3.866800631718226e-01
4.650363722854310e-01
5.500398562249998e-01
6.377230388877484e-01
7.235862907879139e-01
8.026595237686984e-01
8.704920041019563e-01
9.288952288330898e-01
9.999999407758605e-01
9.999999999999941e-01
1.000000000000000e+00
1.000000000000000e+00
1.000000000000000e+00
1.000000000000000e+00
1.000000000000000e+00
1.000000000000000e+00
1.000000000000000e+00
###1.080000000000000e+01
-6.097911232083226e-11
-2.323224678526876e-10
-3.963781103164699e-11
3.780986353755349e-11
1.276150024371862e-10
-1.762165658016618e-12
-5.124527447350816e-11
3.930438415434023e-11
4.471106263449284e-11
8.036763317671261e-11
8.449828209013294e-11
3.415447316892171e-11
1.156060352730662e-10
1.534526856274659e-10
1.806973281362974e-10
2.356972376125496e-10
2.923086042588583e-10
3.630666545071090e-10
4.669426576344087e-10
6.147291712729043e-10
8.108551843089238e-10
1.078825748723326e-09
1.434162163679491e-09
1.940489013869501e-09
2.623802360642527e-09
3.590022402566666e-09
4.937802351801163e-09
6.797534268934054e-09
9.428094558047302e-09
1.312251708502608e-08
1.831782504766113e-08
2.573960684318437e-08
3.620349308260056e-08
5.109035710311728e-08
7.241981074445483e-08
1.028781995132345e-07
1.464008529525518e-07
2.089908524805673e-07
2.982334641741310e-07
4.254868128937933e-07
6.100725914454419e-07
8.736602207072692e-07
1.250005500913699e-06
1.789615730155491e-06
2.567339724604057e-06
3.676552100572509e-06
5.252964620280106e-06
7.503787434403171e-06
1.069503036240159e-05
1.523406155380360e-05
2.172026147710804e-05
3.092869624560474e-05
4.382611925416735e-05
6.211850420409104e-05
8.761941858805550e-05
1.234411345978171e-04
1.733670261371403e-04
2.437191427707709e-04
3.412785523258535e-04
4.762456122573200e-04
6.636047507836976e-04
9.214136381877715e-04
1.276208879713677e-03
1.764704381903280e-03
2.423201948844523e-03
3.323091781996248e-03
4.536615096045405e-03
6.171261144954938e-03
8.357650399723929e-03
1.130857887076949e-02
1.521266604464346e-02
2.036693375217259e-02
2.712178071598435e-02
3.594707388295990e-02
4.737595192616779e-02
6.203592111490247e-02
8.066173253613484e-02
1.042686072379124e-01
1.336988011677685e-01
1.699290115521383e-01
2.140608657270041e-01
2.666724976191365e-01
3.282447430941038e-01
3.988306938129779e-01
4.771025488665807e-01
5.613739143644048e-01
6.476838702826377e-01
7.317007793067468e-01
8.087228103594222e-01
8.746010719069930e-01
9.312340276484470e-01
9.999999407758605e-01
9.999999999999941e-01
1.000000000000000e+00
1.000000000000000e+00
1.000000000000000e+00
1.000000000000000e+00
1.000000000000000e+00
1.000000000000000e+00
1.000000000000000e+00
###1.120000000000000e+01
-6.549940983113631e-11
-2.099837067798660e-10
-4.080611916300569e-11
4.524069079662663e-11
1.283814499193348e-10
-2.276067928589998e-12
-5.238290467368601e-11
4.522446148712049e-11
5.505920734993870e-11
8.558164175055761e-11
8.975267132594695e-11
4.734018413962613e-11
1.263606053774021e-10
1.633144538034958e-10
1.972678942766310e-10
2.563026438372212e-10
3.193604763717796e-10
3.987980618584385e-10
5.171478895492784e-10
6.783693145957031e-10
9.015779583140900e-10
1.203044039857997e-09
1.602971798444324e-09
2.179787466129152e-09
2.956562760638205e-09
4.059977220415056e-09
5.618587599442917e-09
7.737909378946815e-09
1.076865577212645e-08
1.503677260752950e-08
2.105233982923227e-08
2.965352970173073e-08
4.182196152085931e-08
5.912593556028197e-08
8.396093736140360e-08
1.194318840130739e-07
1.701627711907248e-07
2.429605530138328e-07
3.469601484006515e-07
4.950286343565188e-07
7.096301204026329e-07
1.015510600911049e-06
1.452257290687496e-06
2.076965649471918e-06
2.975086827301984e-06
4.254098214449102e-06
6.069825251136791e-06
8.655348596071501e-06
1.231877699131790e-05
1.751719913619709e-05
2.491406972405450e-05
3.540030308681084e-05
5.004968392952666e-05
7.077917546170661e-05
9.960756704375231e-05
1.400006771392367e-04
1.962397469798952e-04
2.750741804710903e-04
3.842022415818890e-04
5.348362978599071e-04
7.432819473843330e-04
1.029281844325603e-03
1.421845272487537e-03
1.960642369130657e-03
2.684749869742248e-03
3.671251491759391e-03
4.997511820821172e-03
6.777871709549060e-03
9.151401674245035e-03
1.234399388931358e-02
1.655245507843217e-02
2.208820078371849e-02
2.931421995436591e-02
3.871605101983400e-02
5.083893490777412e-02
6.631880630892935e-02
8.588980912568002e-02
1.105712203083364e-01
1.411714539817413e-01
1.786211067140798e-01
2.239596367447847e-01
2.776601153238378e-01
3.400591903083603e-01
4.110849517167479e-01
4.892535939700327e-01
5.727912494436794e-01
6.577412489477793e-01
7.399372150452519e-01
8.149340209437430e-01
8.788420240939568e-01
9.336839521505093e-01
9.999999407758605e-01
9.999999999999941e-01
1.000000000000000e+00
1.000000000000000e+00
1.000000000000000e+00
1.000000000000000e+00
1.000000000000000e+00
1.000000000000000e+00
1.000000000000000e+00
###1.160000000000000e+01
-5.942782650975816e-11
-2.040177009887418e-10
-4.058580228527843e-11
5.008915169710804e-11
1.308123612736729e-10
1.226572711230357e-12
-4.818911480386230e-11
5.230129118238506e-11
5.990423895885584e-11
9.245711083671636e-11
9.534924129539522e-11
6.280243892465670e-11
1.229084526811951e-10
1.772895183010004e-10
2.162124648277020e-10
2.807024676226731e-10
3.493091543404851e-10
4.395906624731349e-10
5.703255323858720e-10
7.473615146230782e-10
1.001360798817255e-09
1.342550367310341e-09
1.796186298736661e-09
2.452263229612729e-09
3.338120098864147e-09
4.597614430084056e-09
6.398045523948635e-09
8.822396227988356e-09
1.231209823109214e-08
1.724954458904187e-08
2.420571012658803e-08
3.417690228068407e-08
4.830606261667210e-08
6.840212519456117e-08
9.728423550291164e-08
1.385242107066585e-07
1.975389373347866e-07
2.820421587856807e-07
4.028891028892585e-07
5.746550544194822e-07
8.234003971881336e-07
1.177458838104331e-06
1.682606770096239e-06
2.403356242878974e-06
3.437855685263065e-06
4.908519649850475e-06
6.992685178579908e-06
9.953735082178827e-06
1.414244167404440e-05
2.007728245762200e-05
2.848904130793099e-05
4.039181999657644e-05
5.698257810265549e-05
8.040720696928187e-05
1.129000045963602e-04
1.583223417736047e-04
2.214568635136675e-04
3.095763037961904e-04
4.313226453178516e-04
5.989640396720894e-04
8.302781408227887e-04
1.146775615415744e-03
1.580001821902626e-03
2.172927285449482e-03
2.967294924030511e-03
4.046513245763893e-03
5.492337725442812e-03
7.427400698610257e-03
9.998653130763384e-03
1.344566018408429e-02
1.797353128872782e-02
2.390692653291561e-02
3.162349133889886e-02
4.162200109821031e-02
5.445863051833221e-02
7.077853464832466e-02
9.131152558112003e-02
1.170795994554332e-01
1.488552396600513e-01
1.875242392354134e-01
2.340485617466539e-01
2.888195833505302e-01
3.520252865614067e-01
4.234497059056390e-01
5.014779673283063e-01
5.842669438330826e-01
6.678905887998884e-01
7.482689289808798e-01
8.212486889324216e-01
8.832080060145997e-01
9.362271620469458e-01
9.999999407758605e-01
9.999999999999941e-01
1.000000000000000e+00
1.000000000000000e+00
1.000000000000000e+00
1.000000000000000e+00
1.000000000000000e+00
1.000000000000000e+00
1.000000000000000e+00
###1.200000000000001e+01
-5.506765322598587e-11
-1.951122606729237e-10
-3.810785461907074e-11
5.580819393393580e-11
1.307490685060750e-10
5.230728407986212e-12
-4.206600466301051e-11
5.777717185586246e-11
6.684338493108139e-11
1.010819258427912e-10
1.090325748985554e-10
7.731043915060178e-11
1.382514648098826e-10
1.942410816207430e-10
2.384919934621213e-10
3.073047015569968e-10
3.821708955467181e-10
4.857634139079168e-10
6.354513592274312e-10
8.330227064504053e-10
1.117607282220678e-09
1.502796583192492e-09
2.016636997155392e-09
2.765497843153634e-09
3.775181511072972e-09
5.217839403248638e-09
7.284340978516097e-09
1.007196942541897e-08
1.409194822618691e-08
1.979829840657964e-08
2.784453042759490e-08
3.939096325943117e-08
5.578361522084948e-08
7.909517033364353e-08
1.126092847081884e-07
1.604604110564903e-07
2.289008627889090e-07
3.268746980222679e-07
4.670084274804251e-07
6.656653434914377e-07
9.530945644280668e-07
1.361890467457530e-06
1.944353542387263e-06
2.773853612746924e-06
3.961733977248807e-06
5.647292532994924e-06
8.032725396529318e-06
1.141446135133507e-05
1.618585548921180e-05
2.294257817438059e-05
3.248078755814529e-05
4.595290790147112e-05
6.469073330008507e-05
9.108949507228496e-05
1.276049869569699e-04
1.785465472326617e-04
2.491958343113727e-04
3.474630276790164e-04
4.829478344533627e-04
6.690737419106132e-04
9.251308347351325e-04
1.274532353837312e-03
1.751507197939910e-03
2.402445565913128e-03
3.271974292882393e-03
4.449970003019997e-03
6.022999551590333e-03
8.121817103507293e-03
1.090194926882435e-02
1.461651784332079e-02
1.947837587101334e-02
2.582716077304483e-02
3.405287499414004e-02
4.466883879295227e-02
5.823885012284703e-02
7.541827453115267e-02
9.693080909717663e-02
1.237984988399485e-01
1.567564802557496e-01
1.966415733218096e-01
2.443421200676813e-01
3.001467686718276e-01
3.641156812392579e-01
4.359064273012875e-01
5.137761962982715e-01
5.958066890877002e-01
6.780957058419087e-01
7.566789473870226e-01
8.276583247051088e-01
8.876487565938534e-01
9.388212002494871e-01
9.999999407758605e-01
9.999999999999941e-01
1.000000000000000e+00
1.000000000000000e+00
1.000000000000000e+00
1.000000000000000e+00
1.000000000000000e+00
1.000000000000000e+00
1.000000000000000e+00
###1.240000000000001e+01
-5.338828104248951e-11
-1.939417028902083e-10
-3.805306090997743e-11
6.452440167429110e-11
1.385893297436174e-10
1.188580378971534e-11
-3.558320587208051e-11
5.767640239831357e-11
7.471413589834244e-11
1.086684118777419e-10
1.220168396056320e-10
9.087423325961897e-11
1.538491048615010e-10
2.157458897348985e-10
2.594933806921321e-10
3.348119729026252e-10
4.212147485526529e-10
5.360806071639983e-10
7.038923981295109e-10
9.285842532648126e-10
1.246411721861148e-09
1.682686859203572e-09
2.267909070346634e-09
3.118960243342023e-09
4.275627048302071e-09
5.929223378992128e-09
8.303749362792110e-09
1.151078916663305e-08
1.614435227122426e-08
2.273635427418391e-08
3.204110019629788e-08
4.538389065208566e-08
6.438156024274819e-08
9.138614930811391e-08
1.302092710994655e-07
1.856020125757581e-07
2.648455461337557e-07
3.781314055112476e-07
5.400999671544335e-07
7.692959072912637e-07
1.100685030076065e-06
1.571309299028558e-06
2.241076010525717e-06
3.193058502217989e-06
4.552751109382627e-06
6.478698481740131e-06
9.201789530751601e-06
1.305330543201740e-05
1.847356027844585e-05
2.614144051094981e-05
3.693074119151002e-05
5.213980358556871e-05
7.324063532444557e-05
1.029056509823067e-04
1.438385463665335e-04
2.008284473803030e-04
2.796833392011128e-04
3.890129599825145e-04
5.394132761430040e-04
7.455495250872159e-04
1.028291411261327e-03
1.413139276031031e-03
1.937189100904342e-03
2.650370525514480e-03
3.600077650275985e-03
4.883113105603908e-03
6.591208734134841e-03
8.864139606567777e-03
1.186359984699528e-02
1.585904907122162e-02
2.107113419998660e-02
2.785345025077888e-02
3.660640574937315e-02
4.785937963040018e-02
6.218479766051450e-02
8.024335730905456e-02
1.027528297515208e-01
1.307314692890323e-01
1.648757448445679e-01
2.059666613040493e-01
2.548327151043734e-01
3.116465818489798e-01
3.763467914177898e-01
4.484655858913509e-01
5.261413099529029e-01
6.073946065156171e-01
6.883330385089989e-01
7.651343723627965e-01
8.341278660780327e-01
8.921557358595599e-01
9.414439474429591e-01
9.999999407758605e-01
9.999999999999941e-01
1.000000000000000e+00
1.000000000000000e+00
1.000000000000000e+00
1.000000000000000e+00
1.000000000000000e+00
1.000000000000000e+00
1.000000000000000e+00
###1.280000000000001e+01
-5.030321776028007e-11
-2.024293106819533e-10
-4.192268115718995e-11
6.775480675768151e-11
1.391754395300791e-10
1.206972883150952e-11
-2.971701348274550e-11
6.132504312930165e-11
8.382186495487416e-11
1.160671203313290e-10
1.313767988351830e-10
1.058789198167435e-10
1.694832003233693e-10
2.329305846596958e-10
2.821412402658534e-10
3.663416248270041e-10
4.619870812902021e-10
5.934177080245595e-10
7.873499606739142e-10
1.034926557390841e-09
1.393661987668854e-09
1.886645739219679e-09
2.555592530140949e-09
3.524041278073092e-09
4.849764165218153e-09
6.743290364450920e-09
9.458693503786067e-09
1.316258721856035e-08
1.850627180996104e-08
2.611228264570063e-08
3.686522932990306e-08
5.228007821265603e-08
7.424827321875901e-08
1.054790662396194e-07
1.503507100785191e-07
2.143618328455834e-07
3.059136356605471e-07
4.365827062894640e-07
6.233727880305920e-07
8.871955619588243e-07
1.268257867490553e-06
1.808663594422729e-06
2.576271705084527e-06
3.665549904163309e-06
5.218660378034575e-06
7.413730216152709e-06
1.051196148392575e-05
1.488648754444121e-05
2.102819002252334e-05
2.970586120678920e-05
4.187920284394806e-05
5.900086234206882e-05
8.270796874784820e-05
1.159610296467769e-04
1.617286844822689e-04
2.253234672653969e-04
3.130849036275534e-04
4.344867962218936e-04
6.010885174238960e-04
8.288432096984623e-04
1.140389920475728e-03
1.563409097562613e-03
2.137855155641584e-03
2.917633580769578e-03
3.952925696758171e-03
5.347678814001100e-03
7.199208802802537e-03
9.655975192395904e-03
1.288625631211934e-02
1.717673741028217e-02
2.275481332191399e-02
2.998782828869565e-02
3.928697083668270e-02
5.119916018051038e-02
6.629939429226415e-02
8.525681305685877e-02
1.087822432835957e-01
1.378801379921422e-01
1.732164287550947e-01
2.155109614364197e-01
2.655243476301081e-01
3.233130861908252e-01
3.887071930709320e-01
4.611131851784885e-01
5.385680040033124e-01
6.190156198968862e-01
6.985940366996081e-01
7.736323454434776e-01
8.406502176974123e-01
8.967078409517822e-01
9.440923310031456e-01
9.999999407758605e-01
9.999999999999941e-01
1.000000000000000e+00
1.000000000000000e+00
1.000000000000000e+00
1.000000000000000e+00
1.000000000000000e+00
1.000000000000000e+00
1.000000000000000e+00
###1.320000000000001e+01
-4.325382329907036e-11
-2.041190670212088e-10
-4.383166069550534e-11
6.598034231968545e-11
1.399892941661403e-10
1.568767176072197e-11
-2.341845111652392e-11
6.421741348257516e-11
9.113164815192875e-11
1.239618874951309e-10
1.453204926097937e-10
1.162298988315226e-10
1.861253470900961e-10
2.527858238547658e-10
3.106259561914292e-10
4.009878847651300e-10
5.092416219597127e-10
6.575910551440533e-10
8.751804693496995e-10
1.155854268730601e-09
1.560987088486186e-09
2.123235355560700e-09
2.884337540065932e-09
3.988945959295342e-09
5.506016743748479e-09
7.680385993824154e-09
1.078519822156586e-08
1.506275900972562e-08
2.121536272284914e-08
2.999932394454058e-08
4.240254390942706e-08
6.020012488176165e-08
8.556097828678972e-08
1.216203092058593e-07
1.733909324924238e-07
2.472245691088430e-07
3.526941791658855e-07
5.031107983987694e-07
7.179443519011867e-07
1.020869623234835e-06
1.457809449190587e-06
2.076886214592612e-06
2.954618833245585e-06
4.197431963079829e-06
5.966671317942278e-06
8.463064162223047e-06
1.197920675821810e-05
1.693485157572295e-05
2.387776500189757e-05
3.367076457391787e-05
4.736842633672394e-05
6.658898590445782e-05
9.316774322828881e-05
1.303501840012767e-04
1.814315273665333e-04
2.522187110188917e-04
3.496900444918724e-04
4.841607100960030e-04
6.683077234253763e-04
9.194298314393113e-04
1.262061193522390e-03
1.726067394692273e-03
2.354476217010998e-03
3.205405914637300e-03
4.331901928879374e-03
5.845212733860814e-03
7.848668879752033e-03
1.049919854020494e-02
1.397265288687757e-02
1.857247801608885e-02
2.453277604858210e-02
3.223422384654451e-02
4.209992880338431e-02
5.469103478329184e-02
7.058805603973879e-02
9.046458417859432e-02
1.150205176450012e-01
1.452476382431593e-01
1.817755630125009e-01
2.252683953149957e-01
2.764065476813112e-01
3.351486125728527e-01
4.012009448471351e-01
4.738518138454150e-01
5.510238729855267e-01
6.306591681668545e-01
7.088681036910032e-01
7.821416010800617e-01
8.471896097281428e-01
9.012713941594439e-01
9.467629263017342e-01
9.999999407758605e-01
9.999999999999941e-01
1.000000000000000e+00
1.000000000000000e+00
1.000000000000000e+00
1.000000000000000e+00
1.000000000000000e+00
1.000000000000000e+00
1.000000000000000e+00
###1.360000000000001e+01
-3.946498588437851e-11
-2.133520863357350e-10
-2.967588721983253e-11
6.430724327181894e-11
1.400176204486367e-10
1.638499603249998e-11
-1.740609834683466e-11
6.978864372862376e-11
9.890548761257462e-11
1.322413631195492e-10
1.560605491370998e-10
1.317291387746473e-10
2.017866408576239e-10
2.737931680499539e-10
3.401363774943055e-10
4.402269419235011e-10
5.592770605816145e-10
7.291849271301985e-10
9.730378387009338e-10
1.294091041677098e-09
1.750664156735914e-09
2.388858629163363e-09
3.260093222539531e-09
4.519706494770321e-09
6.259677489982124e-09
8.750920795816937e-09
1.230931333418222e-08
1.724484416665129e-08
2.432504059434068e-08
3.443900402647423e-08
4.873848099105612e-08
6.926431001901879e-08
9.849658553351858e-08
1.400878053308781e-07
1.996774469171598e-07
2.846350220656005e-07
4.059227787065856e-07
5.787326589009108e-07
8.252557035018733e-07
1.172252417532816e-06
1.672122681224105e-06
2.379111357885926e-06
3.380113823225446e-06
4.796070710677520e-06
6.805647892462210e-06
9.636434548942174e-06
1.361739419388944e-05
1.921735721465361e-05
2.704882383857029e-05
3.807198358133190e-05
5.345013783625787e-05
7.497944767169724e-05
1.047007788996000e-04
1.461877773218083e-04
2.030702112478692e-04
2.816799452041331e-04
3.897030104928673e-04
5.383464044671747e-04
7.414621950736728e-04
1.017784202391297e-03
1.393837728825893e-03
1.901691410924260e-03
2.588024509380454e-03
3.514916962481181e-03
4.738522697284096e-03
6.377512717722485e-03
8.541722820666451e-03
1.139686605225720e-02
1.512546168191239e-02
2.004908166369030e-02
2.640787773739909e-02
3.459759941038155e-02
4.504949371121903e-02
5.834006628967400e-02
7.505668753201632e-02
9.586720349790374e-02
1.214676175049792e-01
1.528377490559577e-01
1.905600929853483e-01
2.352453697077904e-01
2.874896081563473e-01
3.471477966636001e-01
4.138173596104146e-01
4.866755162162705e-01
5.635219517804577e-01
6.423031025041156e-01
7.191339799307929e-01
7.906357050212679e-01
8.537320553055027e-01
9.058497915819218e-01
9.494322741945584e-01
9.999999407758605e-01
9.999999999999941e-01
1.000000000000000e+00
1.000000000000000e+00
1.000000000000000e+00
1.000000000000000e+00
1.000000000000000e+00
1.000000000000000e+00
1.000000000000000e+00
###1.400000000000001e+01
-3.139519525478289e-11
-2.136301106479980e-10
-2.846468848516137e-11
6.205045505478184e-11
1.392507859386399e-10
2.516443079361587e-11
-1.851401081268430e-11
7.211763865058299e-11
1.026343003972174e-10
1.456682529891524e-10
1.639191461980409e-10
1.501860594647218e-10
2.199293553027650e-10
2.978419259553740e-10
3.754879964068324e-10
4.856184971610542e-10
6.184849975531507e-10
8.108753850091040e-10
1.084364127078053e-09
1.449093944454161e-09
1.967833051651796e-09
2.691669436289774e-09
3.689983096452307e-09
5.126045571404037e-09
7.124069800579390e-09
9.978440272122202e-09
1.405705780711345e-08
1.973926787176703e-08
2.788947294213338e-08
3.953300298185982e-08
5.599894607708543e-08
7.963216088704451e-08
1.132702582025777e-07
1.611419884655759e-07
2.296021914429552e-07
3.271749781271995e-07
4.663627197229341e-07
6.643480578745950e-07
9.466085597185406e-07
1.343218016334154e-06
1.913648216054622e-06
2.719135276057349e-06
3.858188101180523e-06
5.467005201352499e-06
7.744197274111364e-06
1.094698712234213e-05
1.544368067480585e-05
2.175508241164309e-05
3.056766708010433e-05
4.294590774326151e-05
6.017350907847720e-05
8.423830046034759e-05
1.174045237652205e-04
1.635917523824593e-04
2.267917120852175e-04
3.139147615965648e-04
4.333701641714515e-04
5.973748627169841e-04
8.209790419216048e-04
1.124407128737452e-03
1.536383407940645e-03
2.091429882631757e-03
2.839487790071362e-03
3.847409968906519e-03
5.174132652994373e-03
6.946596046690448e-03
9.280606282702766e-03
1.235080221013817e-02
1.634734094005228e-02
2.161056279420864e-02
2.838494653898703e-02
3.708008184056989e-02
4.813966951015158e-02
6.215088271462207e-02
7.970527224645797e-02
1.014702133970306e-01
1.281294532495443e-01
1.606512247437243e-01
1.995715076174710e-01
2.454354121960122e-01
2.987650972023969e-01
3.593108523373008e-01
4.265561711146119e-01
4.995709691937044e-01
5.760610960687044e-01
6.539347900454441e-01
7.293781880893377e-01
7.991123435264180e-01
8.602441678426115e-01
9.104022209457926e-01
9.520759408041072e-01
9.999999407758605e-01
9.999999999999941e-01
1.000000000000000e+00
1.000000000000000e+00
1.000000000000000e+00
1.000000000000000e+00
1.000000000000000e+00
1.000000000000000e+00
1.000000000000000e+00
###1.440000000000001e+01
-2.374957784172047e-11
-2.098080402560021e-10
-2.699770604390022e-11
6.191783159764656e-11
1.412154877814710e-10
2.724752065743422e-11
-1.311568227381816e-11
7.989277186089618e-11
1.138642311097570e-10
1.580134155333848e-10
1.694868959719890e-10
1.693521008619877e-10
2.459108145555615e-10
3.237121403071463e-10
4.133476187903637e-10
5.325955434891091e-10
6.853965174919189e-10
9.023040939626749e-10
1.210589740679049e-09
1.624156406611002e-09
2.215207269409056e-09
3.038824332617829e-09
4.179024888383364e-09
5.818740188871452e-09
8.113099855858218e-09
1.138304571421808e-08
1.605465378243359e-08
2.259944669792191e-08
3.196420525532537e-08
4.534258760449056e-08
6.428126744601765e-08
9.143557414995296e-08
1.300907442236257e-07
1.850795650526130e-07
2.636128009674877e-07
3.754266930641568e-07
5.348101080610616e-07
7.611953872407496e-07
1.083605724464378e-06
1.535879063291645e-06
2.185537929238172e-06
3.101064759906400e-06
4.394045189599926e-06
6.217620432154646e-06
8.792492138979154e-06
1.240771578210534e-05
1.747421900402284e-05
2.457315059200934e-05
3.446616798054249e-05
4.833628830109469e-05
6.759362400975554e-05
9.443710325506641e-05
1.313687377784906e-04
1.826829749060093e-04
2.527527035697610e-04
3.491269360281960e-04
4.809759267730688e-04
6.615864618859043e-04
9.072559420166136e-04
1.239917095168140e-03
1.690403834519615e-03
2.295871806534028e-03
3.109892630926796e-03
4.204056682784611e-03
5.640343829350859e-03
7.554140510752491e-03
1.006763325312716e-02
1.336352555708158e-02
1.764227936467073e-02
2.325936825485161e-02
3.046671122450105e-02
3.968760814992436e-02
5.137360137779432e-02
6.612732373903031e-02
8.454189508081433e-02
1.072807435451810e-01
1.350116351652104e-01
1.686933280172285e-01
2.088079023422788e-01
2.558399713187114e-01
3.102354255766229e-01
3.716249712296433e-01
4.394073205463641e-01
5.125298297015588e-01
5.886100682928113e-01
6.655452673927241e-01
7.395820063112800e-01
8.075369561719887e-01
8.667152601109427e-01
9.149238030525134e-01
9.546989021735466e-01
9.999999407758605e-01
9.999999999999941e-01
1.000000000000000e+00
1.000000000000000e+00
1.000000000000000e+00
1.000000000000000e+00
1.000000000000000e+00
1.000000000000000e+00
1.000000000000000e+00
###1.480000000000001e+01
-2.176596954292759e-11
-2.132860054498460e-10
-2.828304900784652e-11
6.303701552250291e-11
1.414496821393671e-10
3.747681012009780e-11
-5.081480225863736e-12
8.821492323844412e-11
1.135061501964210e-10
1.691695471570000e-10
1.577180428239358e-10
1.895838957967071e-10
2.696971940146819e-10
3.543237198412084e-10
4.532037183251360e-10
5.868767319026986e-10
7.600122313552262e-10
1.005856705172698e-09
1.353569489767073e-09
1.823567620006673e-09
2.495435581131734e-09
3.435705393103058e-09
4.739091664088106e-09
6.611359302483615e-09
9.243067698828843e-09
1.298965828844975e-08
1.834229007801738e-08
2.587097424951530e-08
3.661720493365062e-08
5.197487139017135e-08
7.372664508011803e-08
1.048830031282306e-07
1.492087975688038e-07
2.122648126330683e-07
3.021576174833720e-07
4.300919892711373e-07
6.121818878265625e-07
8.705169455296984e-07
1.237899877326917e-06
1.752643490716478e-06
2.490816052194252e-06
3.529201009215945e-06
4.993493461659293e-06
7.055957940638792e-06
9.960712161600170e-06
1.403308963518229e-05
1.972918382362439e-05
2.769704646724692e-05
3.877870707124303e-05
5.428528695001610e-05
7.576713274153736e-05
1.056494524281613e-04
1.466916814078496e-04
2.035939604555434e-04
2.811431892652016e-04
3.875364672645305e-04
5.328009248579511e-04
7.313295848157487e-04
1.000770764562279e-03
1.364865755141740e-03
1.856605998293591e-03
2.515975096558868e-03
3.400378848705181e-03
4.586244554221267e-03
6.138578958982422e-03
8.201620547874449e-03
1.090445208232398e-02
1.443817684051994e-02
1.901188097281897e-02
2.499897807288871e-02
3.265765519363868e-02
4.242297607691488e-02
5.475803967779694e-02
7.027606527189673e-02
8.956751605511530e-02
1.132974639514592e-01
1.421168458986242e-01
1.769630260199690e-01
2.182713028849995e-01
2.664532933355301e-01
3.218887886673312e-01
3.840948319796251e-01
4.523663094354504e-01
5.255439582915743e-01
6.011747752469755e-01
6.771359055497687e-01
7.497437045470021e-01
8.159012850909739e-01
8.731158571151065e-01
9.193870224627793e-01
9.572831095715768e-01
9.999999407758605e-01
9.999999999999941e-01
1.000000000000000e+00
1.000000000000000e+00
1.000000000000000e+00
1.000000000000000e+00
1.000000000000000e+00
1.000000000000000e+00
1.000000000000000e+00
###1.520000000000001e+01
-1.519313516965797e-11
-2.127573674717031e-10
-2.449138716644427e-11
6.484737064066284e-11
1.415522211525717e-10
4.544797197019999e-11
3.314740933575081e-12
9.116137265020762e-11
1.165795646976689e-10
1.802588751858831e-10
1.755281923048290e-10
2.129227956096904e-10
3.067244400882057e-10
3.878108437357992e-10
4.983657757676929e-10
6.487667669838170e-10
8.456867985614127e-10
1.122673674396531e-09
1.516032535910901e-09
2.051007166587970e-09
2.814650484684754e-09
3.886334511417150e-09
5.380292384249362e-09
7.517160569371873e-09
1.052999897121722e-08
1.482727660587711e-08
2.095217690148612e-08
2.959251765888866e-08
4.191916655014087e-08
5.952718202208931e-08
8.446995450937378e-08
1.201635213269267e-07
1.708993775832948e-07
2.430473382461421e-07
3.458141355152882e-07
4.918530841464907e-07
6.994669165708921e-07
9.936591532510674e-07
1.411454290800207e-06
1.995994193019719e-06
2.833095926845766e-06
4.008227903342725e-06
5.663336573718545e-06
7.990273054118614e-06
1.126083938921160e-05
1.583788714340346e-05
2.223030422274481e-05
3.115352074708450e-05
4.354440308584038e-05
6.084443500815142e-05
8.475970911377263e-05
1.179593559919951e-04
1.634789186371585e-04
2.264643295051588e-04
3.121115697791886e-04
4.293827625919208e-04
5.891136135877339e-04
8.069749269682884e-04
1.101962827199348e-03
1.499725856782932e-03
2.035743988921310e-03
2.752660968035964e-03
3.712102001148538e-03
4.995357945653454e-03
6.670941912226223e-03
8.891353846858475e-03
1.179323863395556e-02
1.557732511048209e-02
2.046039014069613e-02
2.683360980190678e-02
3.496182633717789e-02
4.529178620997797e-02
5.829525128237216e-02
7.459631855312707e-02
9.478819233413240e-02
1.195255836032224e-01
1.494453614186410e-01
1.854620484068709e-01
2.279587025871985e-01
2.772777264788835e-01
3.337248894167109e-01
3.967059001799451e-01
4.654221667559368e-01
5.385983188773248e-01
6.137229454304418e-01
6.886736447422140e-01
7.598170284730730e-01
8.241808895322613e-01
8.794384278978680e-01
9.237847797291832e-01
9.598204566794533e-01
9.999999407758605e-01
9.999999999999941e-01
1.000000000000000e+00
1.000000000000000e+00
1.000000000000000e+00
1.000000000000000e+00
1.000000000000000e+00
1.000000000000000e+00
1.000000000000000e+00
###1.560000000000001e+01
-1.159438862760102e-11
-2.124802228482488e-10
-4.053839924247721e-11
6.754243885980916e-11
1.454668151276372e-10
4.973049187235285e-11
8.827716672343982e-12
8.516468864128458e-11
1.251438235757112e-10
1.919766554457779e-10
1.901771722442690e-10
2.331975378124541e-10
3.313573261937538e-10
4.221135340251136e-10
5.460186695447788e-10
7.151660810407915e-10
9.377921121463358e-10
1.251516087104477e-09
1.696752633838325e-09
2.307051156571327e-09
3.174039161606637e-09
4.398199160574524e-09
6.106450412220651e-09
8.548144954524070e-09
1.200242353499744e-08
1.691940413846214e-08
2.392645035658866e-08
3.382784680312612e-08
4.795419337084671e-08
6.811307370940350e-08
9.666763542929554e-08
1.374455062658917e-07
1.954741373003815e-07
2.778656358920056e-07
3.950696945941541e-07
5.615731284329614e-07
7.977771378776818e-07
1.132078160225256e-06
1.606084029731995e-06
2.268493671891515e-06
3.215888555802394e-06
4.543091125368504e-06
6.409701781728793e-06
9.029872847837940e-06
1.270453110116958e-05
1.783844705093663e-05
2.499680741016684e-05
3.497212348515529e-05
4.880505991057071e-05
6.806364009719660e-05
9.463656531770608e-05
1.314543039188056e-04
1.818495834596545e-04
2.514345472376080e-04
3.458751391982619e-04
4.748835290410146e-04
6.502509803014738e-04
8.889261593871987e-04
1.211378372535466e-03
1.645235068647000e-03
2.228508229887220e-03
3.007008950630570e-03
4.046179142139283e-03
5.432773587770678e-03
7.238842779429612e-03
9.625782836729086e-03
1.273723503049401e-02
1.678365531860012e-02
2.198998506436830e-02
2.876686358229721e-02
3.738180969873196e-02
4.829627334297915e-02
6.199055585122579e-02
7.909574568975798e-02
1.002082662178893e-01
1.259711624037017e-01
1.570009266688304e-01
1.941941809475791e-01
2.378722466805649e-01
2.883087311825791e-01
3.457405236748747e-01
4.094609939030601e-01
4.785670784011710e-01
5.516936595080024e-01
6.262654663066146e-01
7.001598132247162e-01
7.698037634864756e-01
8.323530312384454e-01
8.856625726487732e-01
9.281080019348668e-01
9.623050536187383e-01
9.999999407758605e-01
9.999999999999941e-01
1.000000000000000e+00
1.000000000000000e+00
1.000000000000000e+00
1.000000000000000e+00
1.000000000000000e+00
1.000000000000000e+00
1.000000000000000e+00
