# NLO BK equation solver 0.0-dev build  (build Oct 13 2025 12:18:44)
# Initial condition: MV model, Q_s0^2 = 0.101637 GeV^2, \gamma = 2.55736, coefficient of E inside Log is 1, x0=0.01, \Lambda_QCD = 0.241 GeV
# # LO Kernel RC:  Parent dipole. NLO Kernel RC:  Parent dipole
# Nc=3, Nf=4
# Using RungeKutta method in K1
# Resumming double log
# Resumming single log, K_sub=0.65 resum rc: parent
# BK K1 integration relative accuracy: 0.02# NLO BK as^2 terms: MC integration method: Vegas, points=1000000
# Kinematical constraint: none
# Target kinematical constraint: disabled

###1.000000000000000e-05
###1.160836920850890e+00
###100
###1.000000000000000e+00
###0.000000000000000e+00
2.493569800871705e-28
5.285326517557873e-28
1.120116088523833e-27
2.373524758643918e-27
5.028779156698908e-27
1.065290176651880e-26
2.256359428399289e-26
4.778394751211102e-26
1.011783216180592e-25
2.142016823363571e-25
4.534051344169919e-25
9.595691097055547e-25
2.030441104238361e-24
4.295629474452288e-24
9.086223038581381e-24
1.921577620533454e-23
4.063012285811876e-23
8.589178177821354e-23
1.815372984288875e-22
3.836085716462175e-22
8.104312916244145e-22
1.711775193557235e-21
3.614738812389240e-21
7.631390657933286e-21
1.610733832399799e-20
3.398864230945243e-20
7.170183075381054e-20
1.512200388563727e-19
3.188359037089975e-19
6.720472102995469e-19
1.416128752101850e-18
2.983125949491490e-18
6.282053048900665e-18
1.322475991941791e-17
2.783075277329694e-17
5.854739422733771e-17
1.231203558663303e-16
2.588127915344534e-16
5.438370389981842e-16
1.142279138884346e-15
2.398219954585641e-15
5.032822230075481e-15
1.055679501074879e-14
2.213309746108053e-14
4.638025857462401e-14
9.713948382337976e-14
2.033388655204196e-13
4.253993427286833e-13
8.894353426509548e-13
1.858497287799570e-12
3.880858321753466e-12
8.098410424932345e-12
1.688749639191767e-11
3.518934294474629e-11
7.326962469898611e-11
1.524368259108817e-10
3.168800745502816e-10
6.581501311413165e-10
1.365733671557734e-09
2.831420597325407e-09
5.864446312183396e-09
1.213449761441543e-08
2.508291767186324e-08
5.179490225412696e-08
1.068421244842889e-07
2.201616538770188e-07
4.531957366361512e-07
9.319258704282602e-07
1.914436552981265e-06
3.929023417323618e-06
8.056394926859282e-06
1.650607660863557e-05
3.379450166096643e-05
6.915182492428507e-05
1.414439791527222e-04
2.892436443600044e-04
5.914518949357017e-04
1.209541655863844e-03
2.474049860313188e-03
5.061180433181045e-03
1.035061101703905e-02
2.113696500071094e-02
4.298412455011169e-02
8.654379833804304e-02
1.704522337552795e-01
3.206617115968909e-01
5.514668006598895e-01
8.111097222492248e-01
9.689618193429473e-01
9.992917565589761e-01
9.999997453610950e-01
9.999999999999855e-01
1.000000000000000e+00
1.000000000000000e+00
1.000000000000000e+00
1.000000000000000e+00
1.000000000000000e+00
1.000000000000000e+00
1.000000000000000e+00
1.000000000000000e+00
###4.000000000000000e-01
1.413920255573139e-13
1.659318170280137e-11
-6.161683904099211e-12
-1.651789263924217e-12
-2.159428639175525e-12
1.113348030575834e-14
3.697624110994737e-11
-3.069105248897085e-13
-2.187189142872391e-12
2.609102215049334e-13
-3.945522900268494e-13
3.539184885017088e-12
8.622018543576697e-13
1.857836259096094e-12
1.093283488514689e-12
4.696088243258698e-12
1.448279918731993e-11
3.666223913601666e-13
3.891596941417567e-12
5.546220316763830e-12
8.590701803495878e-12
1.886147422309163e-11
1.543843982931230e-11
2.273617117378492e-11
2.834270533289587e-11
4.177587905373057e-11
9.273728066770526e-11
6.911383678269975e-11
9.565245366533466e-11
1.248889718048359e-10
1.695208799068390e-10
2.260923040046222e-10
3.059215661430330e-10
3.997304491655549e-10
5.460726656908624e-10
7.061247236962841e-10
9.350155519874813e-10
1.238195853060995e-09
1.616730124923304e-09
2.120957860043898e-09
2.800873985728521e-09
3.630790618526182e-09
4.756096241579638e-09
6.209653962093944e-09
8.037074501620017e-09
1.043825693106839e-08
1.355604652996764e-08
1.765667280258161e-08
2.300437250204362e-08
3.006908512734324e-08
3.965585910250175e-08
5.278169618487740e-08
7.100989697587957e-08
9.660640462426375e-08
1.334790029597176e-07
1.876019375724160e-07
2.673848985770698e-07
3.884110937786731e-07
5.734777271005136e-07
8.571950575547931e-07
1.291849388204169e-06
1.962082504959405e-06
3.023047098241393e-06
4.667524461785401e-06
7.217846220311836e-06
1.120243908651706e-05
1.744226674068588e-05
2.718844045426096e-05
4.246157360659203e-05
6.653617132041439e-05
1.043562394111730e-04
1.641340695236323e-04
2.603359023922425e-04
4.166365284268401e-04
6.731341507920357e-04
1.100430500527319e-03
1.827493975560327e-03
3.087165539382845e-03
5.308099774385784e-03
9.326277709924223e-03
1.667468799342153e-02
3.030170781212935e-02
5.575925942107056e-02
1.030190392609053e-01
1.886156938286671e-01
3.341500457938932e-01
5.487583690840585e-01
7.860388693133332e-01
9.387728890920827e-01
9.837160864881457e-01
9.999997453610950e-01
9.999999999999855e-01
1.000000000000000e+00
1.000000000000000e+00
1.000000000000000e+00
1.000000000000000e+00
1.000000000000000e+00
1.000000000000000e+00
1.000000000000000e+00
1.000000000000000e+00
###8.000000000000000e-01
3.209568894041681e-12
4.832209282056829e-11
-2.252748053183459e-12
-5.804077637147505e-11
-5.361314362782480e-12
1.232774321848517e-12
3.364283184250334e-11
7.550763679815800e-12
-1.664095348495633e-12
1.463500423469356e-12
-1.263658962095231e-12
2.191413856056295e-11
-1.332153128383306e-11
-4.612840534720721e-12
4.465502545653582e-12
1.115693101183853e-11
1.170805943295036e-11
5.948447831205025e-12
1.960886082585736e-11
1.810066905134558e-11
2.043743407551941e-11
3.369271012955468e-11
2.403448810687937e-11
4.606359134173018e-11
5.909554884633891e-11
8.857363691996049e-11
1.490569219325989e-10
1.466238071546713e-10
2.016647799195248e-10
2.598615628635494e-10
3.438655645553191e-10
4.664857198615075e-10
6.276255610451809e-10
8.319414141212333e-10
1.107283500924039e-09
1.448388272469370e-09
1.913872113238571e-09
2.539790992908281e-09
3.295968739761602e-09
4.344807939745820e-09
5.711411650965476e-09
7.421273779942321e-09
9.739934489641942e-09
1.278085836933272e-08
1.655355965808071e-08
2.167990388127790e-08
2.821251842646217e-08
3.719808399803018e-08
4.891729310013897e-08
6.476606760559393e-08
8.658010711671034e-08
1.169948128840076e-07
1.598496419614411e-07
2.211412165309540e-07
3.112866113399318e-07
4.436103942409567e-07
6.398690150393181e-07
9.372910872805821e-07
1.389972613751101e-06
2.084644862016486e-06
3.140115295137501e-06
4.743317950056528e-06
7.269403453718873e-06
1.113235249878294e-05
1.706413930205581e-05
2.614735590753074e-05
4.024110926093148e-05
6.178500563851810e-05
9.505532620689468e-05
1.463788377744800e-04
2.251159676212604e-04
3.465496191905107e-04
5.346599991175598e-04
8.296440866458026e-04
1.293644158811369e-03
2.028049863208135e-03
3.214731676175469e-03
5.150282111405119e-03
8.360650819768743e-03
1.381594083013173e-02
2.317937892234092e-02
3.950086661067528e-02
6.822178917903433e-02
1.187052104772128e-01
2.054889463334848e-01
3.464824463464612e-01
5.468755048402009e-01
7.651933582463092e-01
9.130044068518027e-01
9.693406219265166e-01
9.999997453610950e-01
9.999999999999855e-01
1.000000000000000e+00
1.000000000000000e+00
1.000000000000000e+00
1.000000000000000e+00
1.000000000000000e+00
1.000000000000000e+00
1.000000000000000e+00
1.000000000000000e+00
###1.200000000000000e+00
-5.146888184124988e-13
5.346805303333105e-11
2.139483948385064e-11
-5.888662147025131e-11
-1.835453122150135e-11
-7.093678965702811e-12
3.462496747364614e-11
8.009186823992941e-12
5.896765131953005e-13
2.385588022799355e-12
1.901293466717975e-12
2.756343095955856e-11
-8.720941851280900e-12
-5.867662286924322e-12
1.286602457755587e-11
2.964624718926547e-11
1.580732116609210e-11
9.624935505065729e-12
2.425783994821472e-11
2.882591048935816e-11
3.348651054974849e-11
4.780790698984736e-11
4.736926821624358e-11
7.051116497102374e-11
9.528279013599445e-11
1.333319466351652e-10
2.068357998248684e-10
2.299873823670129e-10
3.153300627198571e-10
4.062897212066577e-10
5.406165648071737e-10
7.201228484664403e-10
9.766427585068140e-10
1.285366064530208e-09
1.691806587122879e-09
2.241774943218052e-09
2.947128851120328e-09
3.899907732035108e-09
5.097937560830528e-09
6.688387177450081e-09
8.786751028311252e-09
1.149290177617167e-08
1.505298533282414e-08
1.981743358024161e-08
2.582166475840230e-08
3.412795110298508e-08
4.457347251105094e-08
5.949905766581077e-08
7.900503092366288e-08
1.059743484101001e-07
1.435041705007233e-07
1.966165386107220e-07
2.725985612931760e-07
3.835376126382739e-07
5.456118527011139e-07
7.851152276519724e-07
1.142936628436402e-06
1.685556426596748e-06
2.503303758540635e-06
3.752583532571248e-06
5.648666127315536e-06
8.505976509887102e-06
1.297695624913670e-05
1.971244213316986e-05
2.998985055482517e-05
4.553172305274532e-05
6.950055108809039e-05
1.056112996559002e-04
1.607426598844357e-04
2.446267174972588e-04
3.719213807659225e-04
5.652324842037465e-04
8.584715089687320e-04
1.309577823142054e-03
2.003817370009674e-03
3.073221545112574e-03
4.752324093622720e-03
7.398150602695103e-03
1.162703292727666e-02
1.851724915110480e-02
2.984674918826595e-02
4.872177433588996e-02
8.042016298047927e-02
1.337090294420983e-01
2.212896037638400e-01
3.579104785056887e-01
5.458010944108553e-01
7.479667326674136e-01
8.910726523787105e-01
9.562423582257981e-01
9.999997453610950e-01
9.999999999999855e-01
1.000000000000000e+00
1.000000000000000e+00
1.000000000000000e+00
1.000000000000000e+00
1.000000000000000e+00
1.000000000000000e+00
1.000000000000000e+00
1.000000000000000e+00
###1.600000000000000e+00
1.034694870038971e-12
6.234093935479901e-11
-5.590330071896337e-11
-3.708055636556098e-11
-1.785910838805699e-11
-4.295012761029529e-12
1.389977657528452e-11
9.178816418257821e-12
3.401421023605874e-12
3.362327468481536e-12
1.656385881131378e-12
2.895065226391814e-11
-7.593365838361124e-12
-2.338718403086652e-12
1.562512952552158e-11
3.316302544925658e-11
2.102459307799812e-11
1.746860824457787e-11
3.287232872830254e-11
3.847286116179543e-11
4.747161151166945e-11
4.756324429015875e-11
6.642566996406945e-11
9.950185305098034e-11
1.340878011634169e-10
1.852280375479194e-10
2.738848000488712e-10
3.204366125956342e-10
4.351728384757247e-10
5.661063708705345e-10
7.503346097723287e-10
9.961531474543795e-10
1.338214304083229e-09
1.768254843419700e-09
2.322504698323622e-09
3.071695492521643e-09
4.044764266868906e-09
5.342087830228259e-09
7.015229894338173e-09
9.186375227192751e-09
1.208500367617160e-08
1.587684536777035e-08
2.090882898102862e-08
2.753826149931679e-08
3.617880929643450e-08
4.805144315266010e-08
6.336671932865814e-08
8.548244627851584e-08
1.146011168943669e-07
1.558192245306139e-07
2.137234163287606e-07
2.961668542267983e-07
4.166163752367573e-07
5.916247427214286e-07
8.496920828847171e-07
1.233955717078684e-06
1.807773456904805e-06
2.675226461523806e-06
3.971943418016567e-06
5.944272792039402e-06
8.936128334447496e-06
1.342150238671063e-05
2.028508803091997e-05
3.070698437654179e-05
4.635215028735035e-05
6.998586258221944e-05
1.058835656843949e-04
1.595823948612026e-04
2.405911499884628e-04
3.627267400819074e-04
5.456162194494036e-04
8.219332072159530e-04
1.238409270012952e-03
1.858921866743620e-03
2.805724528738621e-03
4.236204377780017e-03
6.439548883278919e-03
9.851408064441217e-03
1.509411166895564e-02
2.341711312944494e-02
3.666473567318623e-02
5.795979533784871e-02
9.238702345318424e-02
1.481075225939604e-01
2.361844191485380e-01
3.686521982565446e-01
5.455298228470187e-01
7.338524769543402e-01
8.724861346720943e-01
9.444838977569752e-01
9.999997453610950e-01
9.999999999999855e-01
1.000000000000000e+00
1.000000000000000e+00
1.000000000000000e+00
1.000000000000000e+00
1.000000000000000e+00
1.000000000000000e+00
1.000000000000000e+00
1.000000000000000e+00
###2.000000000000000e+00
9.039565159380199e-12
5.489356126939339e-11
-4.896174001235049e-11
-2.413497880243022e-11
1.370875474851391e-10
-2.509805526132447e-12
1.532572212495461e-11
1.412650089083936e-11
4.539548381276115e-12
1.406900583943799e-11
8.071424705243922e-12
2.938577495399892e-11
1.570098174280693e-11
4.476391085382134e-12
1.664397365506106e-11
3.569943363674364e-11
2.749689236255472e-11
2.485549708372783e-11
4.165758981778018e-11
5.689521698221031e-11
6.303973083636786e-11
7.007830319093220e-11
9.303052525038990e-11
1.316003003824317e-10
1.784162085430881e-10
2.377473974129700e-10
3.430981272397148e-10
4.176401474474579e-10
5.619590929234355e-10
7.358487921896747e-10
9.719277271642009e-10
1.293481185194875e-09
1.727293295255313e-09
2.281169041980230e-09
2.995466149697615e-09
3.967151750432130e-09
5.220332291532334e-09
6.886682655093652e-09
9.080000509977773e-09
1.188053994088950e-08
1.566920195543468e-08
2.067015283830575e-08
2.732991102042596e-08
3.618971328478766e-08
4.793684318645014e-08
6.406990785699301e-08
8.510732395097766e-08
1.164548462018004e-07
1.576403974613235e-07
2.169015793307479e-07
3.008869517275143e-07
4.215334427999151e-07
5.988605896349023e-07
8.580482049392299e-07
1.241303836962230e-06
1.813693601337327e-06
2.666284939911708e-06
3.953022397379800e-06
5.855176508338923e-06
8.751917016801949e-06
1.311793739769799e-05
1.963821995306363e-05
2.949134338884524e-05
4.441017726651418e-05
6.669335312290663e-05
9.999352759789502e-05
1.501201107920818e-04
2.247273632786795e-04
3.358059594269297e-04
5.022923520884563e-04
7.496316038806196e-04
1.118492343828168e-03
1.667285700704479e-03
2.479953070752112e-03
3.701239627321328e-03
5.518508310173024e-03
8.276419637726113e-03
1.244856606414797e-02
1.875425920532763e-02
2.850368980787432e-02
4.363435752547794e-02
6.721429655345607e-02
1.041482482484640e-01
1.619836899933635e-01
2.503071893286965e-01
3.788726603296952e-01
5.460322293232314e-01
7.224709038853017e-01
8.568254647518051e-01
9.340629581383944e-01
9.999997453610950e-01
9.999999999999855e-01
1.000000000000000e+00
1.000000000000000e+00
1.000000000000000e+00
1.000000000000000e+00
1.000000000000000e+00
1.000000000000000e+00
1.000000000000000e+00
1.000000000000000e+00
###2.400000000000000e+00
9.707165959820314e-12
6.140305841091435e-11
-5.685053611888001e-11
-3.227843551060391e-11
1.356374286573805e-10
-1.827453942624336e-12
2.234113556975257e-11
1.129520404800248e-11
8.016887232668542e-12
1.866287000169004e-11
2.214250587952200e-11
3.397741079397962e-11
2.522865415577580e-11
8.230901135342730e-12
1.865909728572070e-11
3.248782016743754e-11
3.295668064198228e-11
3.479402073704881e-11
4.160432853384142e-11
6.681082602730143e-11
7.992993114119600e-11
9.274230295444294e-11
1.179113269760084e-10
1.708853337226402e-10
2.256573148930918e-10
3.087808898288528e-10
4.218232222775833e-10
5.177531445075761e-10
6.979810819429123e-10
9.143085529249844e-10
1.209952855339401e-09
1.607956238171573e-09
2.139386620939835e-09
2.830102762736605e-09
3.712259882253300e-09
4.926918842735450e-09
6.484484668325895e-09
8.542076893844156e-09
1.131855223372334e-08
1.482287007398684e-08
1.963805528616506e-08
2.603756958508673e-08
3.458430595835787e-08
4.610923392116204e-08
6.153539314016935e-08
8.296968625685305e-08
1.114932069116273e-07
1.535021054006592e-07
2.099039340033882e-07
2.918890123398503e-07
4.092696050365048e-07
5.787029748419166e-07
8.294480280236674e-07
1.196334714851577e-06
1.740133865507627e-06
2.548753194879146e-06
3.754583160403218e-06
5.567033256120695e-06
8.230231718369943e-06
1.227303297946007e-05
1.834324012208050e-05
2.733760103826224e-05
4.086495795589538e-05
6.116451903484081e-05
9.135925309000303e-05
1.361078578579708e-04
2.029338526672265e-04
3.018360827692887e-04
4.475546449662361e-04
6.646613648242256e-04
9.848160617252119e-04
1.457151181010424e-03
2.152034173388092e-03
3.173968405638884e-03
4.691022733635712e-03
6.920405976512571e-03
1.025981020225819e-02
1.521999375561162e-02
2.260421495590596e-02
3.377288248041267e-02
5.075199094512174e-02
7.648748632258053e-02
1.157450565543602e-01
1.754097242765923e-01
2.637898551405258e-01
3.887119720475973e-01
5.472710219832931e-01
7.134204952425923e-01
8.437202136550852e-01
9.249478747765250e-01
9.999997453610950e-01
9.999999999999855e-01
1.000000000000000e+00
1.000000000000000e+00
1.000000000000000e+00
1.000000000000000e+00
1.000000000000000e+00
1.000000000000000e+00
1.000000000000000e+00
1.000000000000000e+00
###2.800000000000000e+00
1.319613854775540e-11
6.314108210162773e-11
-6.946772354785820e-11
-3.782549389091857e-11
1.407106282858673e-10
-7.473554201335272e-12
2.526590140702657e-11
1.444286906816231e-11
9.123767041974060e-12
2.027596097322750e-11
2.156363833604632e-11
3.496144376103333e-11
2.722029758539959e-11
9.273128851596899e-12
2.335881505589360e-11
3.246470039049287e-11
3.908292008811965e-11
4.230225283010926e-11
5.349691586988233e-11
7.322288277713054e-11
9.429398246372536e-11
1.143610191758242e-10
1.484224761318316e-10
2.048076251740744e-10
2.724911030442618e-10
3.718125843376046e-10
5.036486267686915e-10
6.286276261210350e-10
8.445315900028496e-10
1.109002491360312e-09
1.462295287115416e-09
1.945133551285102e-09
2.583573591606020e-09
3.418413828402415e-09
4.483838029811279e-09
5.965642112657968e-09
7.859886524638646e-09
1.035349047911472e-08
1.377727504059585e-08
1.810094323909176e-08
2.406948763616322e-08
3.208854676378849e-08
4.287275253181018e-08
5.755044284913089e-08
7.750782092646282e-08
1.053954601485906e-07
1.432577338549213e-07
1.985263863560008e-07
2.741027905979876e-07
3.839561282382126e-07
5.441675967129751e-07
7.749660232664508e-07
1.117718705988932e-06
1.620715862939504e-06
2.363646147415222e-06
3.468846725290522e-06
5.113748006690677e-06
7.577629087770275e-06
1.118144744982813e-05
1.661483200521844e-05
2.474364862591090e-05
3.671660756151979e-05
5.462083861282815e-05
8.133361112695446e-05
1.208078697257716e-04
1.789393933506667e-04
2.649788322369494e-04
3.917136665462490e-04
5.770132734325592e-04
8.512184946619726e-04
1.252848831052233e-03
1.839700021459108e-03
2.695107263257496e-03
3.943444235999385e-03
5.778527998692504e-03
8.444221524345180e-03
1.239079356118912e-02
1.816171423056062e-02
2.663882118490653e-02
3.922458744186101e-02
5.799843936051666e-02
8.578964489856673e-02
1.271877279743149e-01
1.884518491419890e-01
2.767575042566440e-01
3.982565673433922e-01
5.492139755064605e-01
7.063945211187929e-01
8.328554598211759e-01
9.170805806694811e-01
9.999997453610950e-01
9.999999999999855e-01
1.000000000000000e+00
1.000000000000000e+00
1.000000000000000e+00
1.000000000000000e+00
1.000000000000000e+00
1.000000000000000e+00
1.000000000000000e+00
1.000000000000000e+00
###3.200000000000000e+00
-2.184854674551380e-12
8.609199040750007e-11
-6.894835740389654e-11
-4.112954413190303e-11
1.353762452501298e-10
-7.046777465969730e-12
2.190584901775765e-11
2.283035687208502e-11
1.178690979234911e-11
2.407128291706278e-11
2.382420998958638e-11
3.510180706049708e-11
3.159004848765977e-11
1.477543200203847e-11
2.942625812391733e-11
3.624908427436559e-11
4.726010654638599e-11
5.328594833716334e-11
6.815360312914861e-11
8.722638858295757e-11
1.135448360007860e-10
1.415170354547763e-10
1.840460010484479e-10
2.442482446217749e-10
3.239127325348911e-10
4.367957683313448e-10
5.895111194423260e-10
7.447532697094484e-10
9.985203225273058e-10
1.314617645535754e-09
1.735576084767026e-09
2.306800941262785e-09
3.063244932242597e-09
4.056865149212229e-09
5.324342495536430e-09
7.095805509664861e-09
9.360801549173803e-09
1.236400242168038e-08
1.652287322601121e-08
2.179526048755344e-08
2.911123478136935e-08
3.902286205731458e-08
5.248923852438581e-08
7.091749103341788e-08
9.640151355739666e-08
1.322115547395023e-07
1.814505187333153e-07
2.531956411775324e-07
3.524444854977681e-07
4.978823044145982e-07
7.105970202441233e-07
1.018724988923142e-06
1.474699398137969e-06
2.147272789545444e-06
3.136580815866154e-06
4.606112368117706e-06
6.787915863482289e-06
1.004312729082682e-05
1.478610533968330e-05
2.188857560922898e-05
3.248204272714661e-05
4.798103028957077e-05
7.106453547124858e-05
1.052826424816048e-04
1.554465263931244e-04
2.291050877400330e-04
3.370547164359457e-04
4.955571271248253e-04
7.255044140049124e-04
1.063597028112511e-03
1.555474693768351e-03
2.267909443643444e-03
3.298904382696402e-03
4.791253064562720e-03
6.965296837810910e-03
1.009574331767574e-02
1.466834080928742e-02
2.127326263933416e-02
3.085469926621112e-02
4.484958490793577e-02
6.537027444769974e-02
9.511989884535814e-02
1.384958746458849e-01
2.011723707972155e-01
2.892902355802152e-01
4.076397082299615e-01
5.518237080955235e-01
7.011517915036865e-01
8.239942402576296e-01
9.103799819165139e-01
9.999997453610950e-01
9.999999999999855e-01
1.000000000000000e+00
1.000000000000000e+00
1.000000000000000e+00
1.000000000000000e+00
1.000000000000000e+00
1.000000000000000e+00
1.000000000000000e+00
1.000000000000000e+00
###3.600000000000000e+00
1.069557665579119e-12
6.720470938682132e-11
-6.418761798574391e-11
-4.256191388351151e-11
1.328434889675002e-10
-3.475567793663833e-12
3.299511196581228e-11
2.493001589326813e-11
9.819886958956187e-12
2.509557813626335e-11
2.629929521309999e-11
3.294434233536627e-11
3.610571232151319e-11
3.180240655271036e-11
3.790242072669853e-11
4.133185705410756e-11
5.828661528618886e-11
6.470447479907077e-11
8.504088066763384e-11
1.032149577536647e-10
1.334744111052842e-10
1.652879474926987e-10
2.156154016506356e-10
2.869235372608700e-10
3.749307205864194e-10
5.055437956746757e-10
6.835493167964378e-10
8.706476169917148e-10
1.165689354804412e-09
1.536233821507210e-09
2.028389331987246e-09
2.698996383373495e-09
3.561085828455670e-09
4.748587310374186e-09
6.228222639355778e-09
8.334507826492148e-09
1.102001564304177e-08
1.452871268311227e-08
1.959710164854119e-08
2.599587700153556e-08
3.489953950302122e-08
4.706750112993027e-08
6.374175075650426e-08
8.675114529718347e-08
1.189059537157381e-07
1.643193419648490e-07
2.275764854329360e-07
3.196175928422183e-07
4.494634247100084e-07
6.372535341424430e-07
9.146787091679641e-07
1.317742994150660e-06
1.913104700986262e-06
2.791841292016996e-06
4.082258027189197e-06
5.991234983440811e-06
8.824360597021319e-06
1.302278073199910e-05
1.913049647372216e-05
2.822140500169985e-05
4.172623461324200e-05
6.136789876104093e-05
9.050154315431903e-05
1.333770576711180e-04
1.958684744890026e-04
2.872675080915017e-04
4.200735257695274e-04
6.143496333153024e-04
8.943195393705271e-04
1.303424041064635e-03
1.894683657831650e-03
2.744162129609500e-03
3.965810084024732e-03
5.719958300034799e-03
8.253637223007329e-03
1.187225039352124e-02
1.709555608462258e-02
2.455393657905334e-02
3.524879501729195e-02
5.064690124014614e-02
7.286848948455550e-02
1.044886175133458e-01
1.496971629012409e-01
2.136310429127636e-01
3.014774227561041e-01
4.169079956761839e-01
5.550818625348751e-01
6.974743005628878e-01
8.168951698526653e-01
9.047642494285194e-01
9.999997453610950e-01
9.999999999999855e-01
1.000000000000000e+00
1.000000000000000e+00
1.000000000000000e+00
1.000000000000000e+00
1.000000000000000e+00
1.000000000000000e+00
1.000000000000000e+00
1.000000000000000e+00
###4.000000000000000e+00
1.119884984996035e-12
5.193040316359660e-11
-7.115762566595038e-11
-3.030961952590025e-11
1.485629174085581e-10
-8.035035651673571e-12
3.521688666111404e-11
2.936510444698236e-11
1.737101227300229e-11
1.904893531277325e-11
3.037907027248743e-11
3.760719449719668e-11
4.669425726163389e-11
3.473964809704633e-11
4.437367000731345e-11
5.031824489637633e-11
6.896313212196204e-11
7.565960205179003e-11
9.275072533757175e-11
1.203458319957461e-10
1.527341680356479e-10
1.943394346697551e-10
2.516018900654002e-10
3.322457309825213e-10
4.358791624169816e-10
5.868286563133410e-10
7.862660291579734e-10
1.008900476991631e-09
1.348869715185043e-09
1.778335619058129e-09
2.343337572912942e-09
3.123376436951876e-09
4.130707265613179e-09
5.505878552927225e-09
7.240912994190174e-09
9.716365434590797e-09
1.287452466947841e-08
1.706980560228449e-08
2.309983724353360e-08
3.083675363885058e-08
4.163498923900745e-08
5.648662241352152e-08
7.700527789404703e-08
1.055788976130839e-07
1.458700306946227e-07
2.029012660027758e-07
2.833427001130756e-07
4.004875005867714e-07
5.672987597840422e-07
8.073486487072858e-07
1.163660912029103e-06
1.682436701383074e-06
2.446626244917531e-06
3.575497389883970e-06
5.224565581997282e-06
7.663508175096902e-06
1.127212710648086e-05
1.657109974071985e-05
2.431014283247915e-05
3.574377995301440e-05
5.264586661130755e-05
7.709775522496942e-05
1.132323832352815e-04
1.660773127201318e-04
2.426091790659882e-04
3.541434250034615e-04
5.150192295699221e-04
7.493104802640262e-04
1.084894488569173e-03
1.572328136651896e-03
2.272441285854462e-03
3.270959666272108e-03
4.697986082284542e-03
6.734074184011277e-03
9.645573449971580e-03
1.377458016500543e-02
1.966326302784558e-02
2.800242541799569e-02
3.981864189973059e-02
5.660916869944982e-02
8.049135569699509e-02
1.138966251748245e-01
1.608123513836848e-01
2.258650833480632e-01
3.134049105828267e-01
4.261286014780710e-01
5.589237915098860e-01
6.951978390959483e-01
8.113458187607103e-01
9.001548120027334e-01
9.999997453610950e-01
9.999999999999855e-01
1.000000000000000e+00
1.000000000000000e+00
1.000000000000000e+00
1.000000000000000e+00
1.000000000000000e+00
1.000000000000000e+00
1.000000000000000e+00
1.000000000000000e+00
###4.399999999999999e+00
8.724690783996315e-12
4.829668601891463e-11
-7.766632585031837e-11
-3.936271199208750e-11
1.493994022809583e-10
3.061044231777562e-11
4.199012454455955e-11
2.395193491942683e-11
2.219256309827692e-11
4.008458799168896e-11
3.333308402093440e-11
4.118077828920042e-11
5.402400532042681e-11
4.023180457929137e-11
4.949292029887981e-11
5.613634985957265e-11
8.072242146958850e-11
8.596552320898663e-11
1.099075463144444e-10
1.289194628691901e-10
1.777322190274198e-10
2.152548693979422e-10
2.900206187802517e-10
3.811851605353822e-10
5.006459199165659e-10
6.759487672756586e-10
8.969624967563537e-10
1.158200985381674e-09
1.544757333026207e-09
2.038542294922059e-09
2.689220951358962e-09
3.588312066818115e-09
4.750743318371321e-09
6.337557993454721e-09
8.382198834036003e-09
1.126880554933069e-08
1.497313382877221e-08
1.995768468449102e-08
2.708069472388727e-08
3.642042165008450e-08
4.948076123556999e-08
6.760416555661333e-08
9.273437105139462e-08
1.280310940748045e-07
1.781682959618675e-07
2.493917095298840e-07
3.508368906732512e-07
4.984164468738402e-07
7.095896531420671e-07
1.013680365495963e-06
1.465818960885441e-06
2.126071339532068e-06
3.092578654989528e-06
4.523749906237986e-06
6.595660841774950e-06
9.666455924638623e-06
1.419026784115622e-05
2.077780861018515e-05
3.042875215468128e-05
4.457887887673452e-05
6.543183874731041e-05
9.543093550228627e-05
1.395766453443208e-04
2.037949551474312e-04
2.962562803953730e-04
4.304467099142048e-04
6.228025695702188e-04
9.015507095936319e-04
1.298455598818327e-03
1.871977189487550e-03
2.690649805093881e-03
3.850624326660913e-03
5.497975745151084e-03
7.833520331435315e-03
1.114356632667567e-02
1.580511048993812e-02
2.238079134306466e-02
3.161961450114999e-02
4.456550613989420e-02
6.273588561941422e-02
8.823552026381713e-02
1.233603950713474e-01
1.718662142926335e-01
2.379133285280245e-01
3.251238339704510e-01
4.353366247120482e-01
5.633183104118850e-01
6.941366550175274e-01
8.072127791128144e-01
8.964885873077536e-01
9.999997453610950e-01
9.999999999999855e-01
1.000000000000000e+00
1.000000000000000e+00
1.000000000000000e+00
1.000000000000000e+00
1.000000000000000e+00
1.000000000000000e+00
1.000000000000000e+00
1.000000000000000e+00
###4.800000000000000e+00
-9.368962261074192e-12
5.059679616740312e-11
-7.699534919607740e-11
-4.780363262057620e-11
1.553267508119478e-10
3.245303717865052e-11
4.309278382424931e-11
2.594925520902457e-11
1.546544830995062e-11
4.418922948769929e-11
3.844100211499667e-11
4.529210039561851e-11
5.712704572570476e-11
5.140515868966857e-11
5.840051674534939e-11
6.644037169254561e-11
9.189026721433181e-11
1.011207478975257e-10
1.233856371533307e-10
1.503617971892768e-10
2.057787808520472e-10
2.482553212887793e-10
3.293382774454421e-10
4.341005457349048e-10
5.707872630087690e-10
7.669493078484117e-10
1.016250821358607e-09
1.319120704285576e-09
1.757875356903201e-09
2.317403100817950e-09
3.072585964886559e-09
4.100999705869301e-09
5.449671441898526e-09
7.264909877493149e-09
9.647481327166108e-09
1.300704357235135e-08
1.736915166427023e-08
2.326025344675619e-08
3.167624028359175e-08
4.294705254594981e-08
5.872347203408807e-08
8.074171187521538e-08
1.114105772044383e-07
1.548618098675797e-07
2.168465617879758e-07
3.053220927614582e-07
4.321607596210119e-07
6.164639206869215e-07
8.812546078519011e-07
1.262331807874317e-06
1.829208920516298e-06
2.658501518627143e-06
3.867311121455790e-06
5.651104450854514e-06
8.228660477338309e-06
1.204109035976023e-05
1.764122696055102e-05
2.574725096775877e-05
3.761048317428607e-05
5.490009143418928e-05
8.029750360432147e-05
1.166314040951943e-04
1.699248002752892e-04
2.469916185971618e-04
3.574036221791323e-04
5.169571825940075e-04
7.445720049473803e-04
1.072321232181147e-03
1.536728891964767e-03
2.204101201163326e-03
3.150422437838487e-03
4.485156671212051e-03
6.367913133112268e-03
9.020829695925879e-03
1.275066318319300e-02
1.796563951640529e-02
2.525039697259511e-02
3.540505368222874e-02
4.948807512134274e-02
6.902929764292243e-02
9.607217603378325e-02
1.328807176416142e-01
1.828755606808701e-01
2.498242194248487e-01
3.366751402287350e-01
4.445854381242955e-01
5.682325261169392e-01
6.941598181245462e-01
8.042905434749167e-01
8.936498008010104e-01
9.999997453610950e-01
9.999999999999855e-01
1.000000000000000e+00
1.000000000000000e+00
1.000000000000000e+00
1.000000000000000e+00
1.000000000000000e+00
1.000000000000000e+00
1.000000000000000e+00
1.000000000000000e+00
###5.200000000000000e+00
-8.942205546357409e-12
4.300597218549093e-11
-7.707911770537555e-11
-4.944096252005931e-11
1.512971763747761e-10
3.463661082243083e-11
4.486863055172531e-11
2.379958617882502e-11
1.849689294236575e-11
4.418642744753266e-11
4.771500662905527e-11
5.520076697521831e-11
6.822696795959117e-11
5.774241710208089e-11
6.487932928551120e-11
7.092417035143602e-11
1.016407620026870e-10
1.147981726082710e-10
1.404911211108363e-10
1.708842419039684e-10
2.318792641426713e-10
2.827039696602922e-10
3.739357756222109e-10
4.885644959884473e-10
6.478539803089259e-10
8.657904265730938e-10
1.147724235927108e-09
1.492798808743447e-09
1.986181868712059e-09
2.629068605660933e-09
3.492036559197271e-09
4.670494496456010e-09
6.217041974551858e-09
8.309516149632431e-09
1.109781407550734e-08
1.501187173902318e-08
2.012664371965790e-08
2.709529816219307e-08
3.706449875016017e-08
5.056377349866267e-08
6.959866781882303e-08
9.631207042895270e-08
1.336029794152904e-07
1.868461039736831e-07
2.632048462966684e-07
3.724859589018720e-07
5.296280459984697e-07
7.578198331429138e-07
1.086682751728171e-06
1.559878914959301e-06
2.263181111110788e-06
3.293393261406913e-06
4.788747261852790e-06
6.987295720589749e-06
1.015903938252380e-05
1.484025903465397e-05
2.168990841151835e-05
3.155763470102099e-05
4.596194574963232e-05
6.685706274188898e-05
9.742008873574500e-05
1.409947346487123e-04
2.046280004260628e-04
2.961475479652615e-04
4.266560198780154e-04
6.143090851949529e-04
8.810206233530653e-04
1.262481497688056e-03
1.800967684181294e-03
2.570332828311045e-03
3.654787166649078e-03
5.176990981739816e-03
7.310895118915212e-03
1.029903521261408e-02
1.446890888659266e-02
2.026000658082810e-02
2.827360672494895e-02
3.935815743035329e-02
5.458548008286772e-02
7.548383033707758e-02
1.040473133445530e-01
1.424657979730010e-01
1.938721033981327e-01
2.616333785027842e-01
3.481154688586016e-01
4.538949059153657e-01
5.736300455930604e-01
6.951475363306454e-01
8.024581749257264e-01
8.915902002565524e-01
9.999997453610950e-01
9.999999999999855e-01
1.000000000000000e+00
1.000000000000000e+00
1.000000000000000e+00
1.000000000000000e+00
1.000000000000000e+00
1.000000000000000e+00
1.000000000000000e+00
1.000000000000000e+00
###5.600000000000001e+00
-1.847101656607344e-11
-1.702023327541113e-12
-7.884153702844533e-11
-5.295353070521324e-11
1.501314415918904e-10
3.852964844348878e-11
5.098181205842160e-11
2.647039172010720e-11
2.146773626495257e-11
5.029929706594281e-11
5.038214775384162e-11
5.920155479343802e-11
7.601386284589851e-11
6.208473937276650e-11
6.933652445043044e-11
7.972259149915374e-11
1.085162662353811e-10
1.226727892004989e-10
1.580708608213713e-10
1.998647211941561e-10
2.616541027486930e-10
3.201439039734888e-10
4.228022688822616e-10
5.531288325042800e-10
7.300442221591824e-10
9.742502724690808e-10
1.289491631602461e-09
1.683478009435396e-09
2.242187319114858e-09
2.972991516284838e-09
3.955930160531989e-09
5.299967357396913e-09
7.077283643909522e-09
9.491692448694071e-09
1.273368058978992e-08
1.727703307855282e-08
2.330662923463885e-08
3.162188175287386e-08
4.339971805020205e-08
5.955687366526600e-08
8.244995591551224e-08
1.147186323153698e-07
1.599999116205510e-07
2.250137615727486e-07
3.184546867805675e-07
4.528955225811592e-07
6.458918487186072e-07
9.263982728167944e-07
1.331544819087724e-06
1.914154493963324e-06
2.782453031161693e-06
4.045720016204674e-06
5.877156674779964e-06
8.561143909927669e-06
1.242631704048404e-05
1.811081225560335e-05
2.639623261788650e-05
3.831013230661201e-05
5.562537211822433e-05
8.064089838666442e-05
1.170194649408779e-04
1.688471618772713e-04
2.439960051947308e-04
3.517618132159582e-04
5.046553006368749e-04
7.235280167335835e-04
1.033298904577039e-03
1.473806082865300e-03
2.092684511796400e-03
2.972814263767857e-03
4.206134226566269e-03
5.928603197757342e-03
8.328900885614285e-03
1.166998668463842e-02
1.630046479014906e-02
2.268757693359311e-02
3.145172632036154e-02
4.348412511730303e-02
5.986365173030934e-02
8.210473226162951e-02
1.121599541786346e-01
1.521268159092660e-01
2.048642784567406e-01
2.733658779137123e-01
3.594837007911686e-01
4.632882700706290e-01
5.794812176091567e-01
6.969890451810101e-01
8.016095494097404e-01
8.902436366179444e-01
9.999997453610950e-01
9.999999999999855e-01
1.000000000000000e+00
1.000000000000000e+00
1.000000000000000e+00
1.000000000000000e+00
1.000000000000000e+00
1.000000000000000e+00
1.000000000000000e+00
1.000000000000000e+00
###6.000000000000001e+00
-4.368043019441331e-11
6.763141037651307e-12
-7.732931375114237e-11
-5.395145742567057e-11
1.573684763817024e-10
5.968820564440830e-11
6.101150014261414e-11
2.948936954803291e-11
2.043045749232486e-11
5.435264305852375e-11
5.107330282523714e-11
6.029391702092928e-11
7.495700790281672e-11
6.787718243144206e-11
7.834349720922186e-11
8.755509264865744e-11
1.140019199097335e-10
1.402992080896758e-10
1.838314285686696e-10
2.230723146885407e-10
2.899010559165483e-10
3.614445153483997e-10
4.758020727537231e-10
6.209246209390200e-10
8.201143994750800e-10
1.090724681246389e-09
1.449612645744130e-09
1.896418482200991e-09
2.526313566931939e-09
3.355340682515047e-09
4.473655383235824e-09
6.008890051859575e-09
8.054735075760324e-09
1.084221490806592e-08
1.461667226008942e-08
1.988709078756390e-08
2.700262444296072e-08
3.689659170273756e-08
5.080090603029073e-08
7.016131993066829e-08
9.765625672958016e-08
1.364969726478268e-07
1.913855191705284e-07
2.704401227481763e-07
3.843072392759287e-07
5.485925452310380e-07
7.843992088412343e-07
1.126851839571620e-06
1.622410209123709e-06
2.334300394227014e-06
3.394226672733302e-06
4.931683631101554e-06
7.154407578642707e-06
1.040251330777578e-05
1.507755945493952e-05
2.191312408682436e-05
3.183572496093752e-05
4.609606462443854e-05
6.673258273809577e-05
9.643200019710144e-05
1.393824276503616e-04
2.004716745193890e-04
2.884811701865168e-04
4.142492331278057e-04
5.920874001587423e-04
8.454274830052922e-04
1.202448744090080e-03
1.707374871852495e-03
2.413673798725172e-03
3.413204511782988e-03
4.806405048662790e-03
6.742025417162346e-03
9.425033928163155e-03
1.313751555848074e-02
1.824918129061802e-02
2.524873850348578e-02
3.478696375953882e-02
4.778310467379311e-02
6.531680926288774e-02
8.889681152177467e-02
1.204145349872806e-01
1.618758720127866e-01
2.158692224898182e-01
2.850539993540987e-01
3.708028977809976e-01
4.727883059025841e-01
5.857565894084019e-01
6.995884068017986e-01
8.016243230577172e-01
8.895039542456291e-01
9.999997453610950e-01
9.999999999999855e-01
1.000000000000000e+00
1.000000000000000e+00
1.000000000000000e+00
1.000000000000000e+00
1.000000000000000e+00
1.000000000000000e+00
1.000000000000000e+00
1.000000000000000e+00
###6.400000000000001e+00
-3.354821632037075e-11
-1.525242196766708e-11
-9.026876284549498e-11
-4.409374888140562e-11
1.660384064136458e-10
5.937973028949502e-11
7.827670012316092e-11
4.011891066611914e-11
3.587247590843170e-11
3.538313932880020e-11
5.348843598312997e-11
6.460952865466461e-11
8.917047267874746e-11
7.706675319997203e-11
8.718921978080268e-11
1.020958250549837e-10
1.287095485447940e-10
1.567640897289609e-10
2.049792265808572e-10
2.502663987680284e-10
3.233998170560780e-10
4.059326139531315e-10
5.343716652270045e-10
6.948364862820637e-10
9.176328968186350e-10
1.221176540297197e-09
1.621740810585942e-09
2.131083777907499e-09
2.841874783912805e-09
3.783162913672505e-09
5.058897020157371e-09
6.813079571100786e-09
9.163867469058122e-09
1.238910759927045e-08
1.677952398835381e-08
2.292706556532103e-08
3.131087136147695e-08
4.302349595100816e-08
5.955633812070655e-08
8.262348526698367e-08
1.155985030926733e-07
1.623247289148294e-07
2.287442992077540e-07
3.241551318712090e-07
4.624886632140672e-07
6.615938483802118e-07
9.481312351250211e-07
1.363942667942306e-06
1.965233515597588e-06
2.831971106086520e-06
4.111958369506354e-06
5.969399485728706e-06
8.645691392693619e-06
1.254855714395622e-05
1.815553596528458e-05
2.630971623835507e-05
3.809451879699154e-05
5.503951754446824e-05
7.942957717368447e-05
1.144151966120743e-04
1.647568306196855e-04
2.362035065996420e-04
3.385985463821033e-04
4.844748906857986e-04
6.896557712261479e-04
9.808854158243460e-04
1.389558617448114e-03
1.964505088451074e-03
2.765531764766071e-03
3.893576242574851e-03
5.458122080182167e-03
7.620998588224611e-03
1.060209202512584e-02
1.470411930424429e-02
2.031699948863731e-02
2.794981268854799e-02
3.828299919457412e-02
5.225494487082713e-02
7.095565756744171e-02
9.586058298686677e-02
1.288124669350398e-01
1.717166298327104e-01
2.269056895246042e-01
2.967221119632888e-01
3.821122546421957e-01
4.824194443755392e-01
5.924137197993838e-01
7.028773206774813e-01
8.024140394640004e-01
8.893207382760332e-01
9.999997453610950e-01
9.999999999999855e-01
1.000000000000000e+00
1.000000000000000e+00
1.000000000000000e+00
1.000000000000000e+00
1.000000000000000e+00
1.000000000000000e+00
1.000000000000000e+00
1.000000000000000e+00
###6.800000000000002e+00
-5.057439554214396e-11
-1.676623274231345e-11
-7.579482360513065e-11
-3.592398826384437e-11
1.619211249374169e-10
6.896715714628901e-11
8.655114376551738e-11
4.382268277604915e-11
3.681074537601464e-11
4.119335172137470e-11
6.402095430193648e-11
7.058723339343087e-11
1.080474795209842e-10
8.589915326347021e-11
9.805144125902536e-11
1.172721492579872e-10
1.430795893815944e-10
1.747813954535426e-10
2.250565270800086e-10
2.788978734423652e-10
3.596406439144569e-10
4.542284326467727e-10
5.937233691439496e-10
7.748103403690968e-10
1.025434051322423e-09
1.362053528867104e-09
1.811971449502559e-09
2.391766184139719e-09
3.192259280380752e-09
4.263119511761846e-09
5.719942271602106e-09
7.724067631642526e-09
1.043653883169248e-08
1.416546471070532e-08
1.928463754276116e-08
2.645640606312928e-08
3.633618055842019e-08
5.020417404425477e-08
6.981775022084722e-08
9.734775300877903e-08
1.368498021503416e-07
1.928604744067886e-07
2.729108220849293e-07
3.879461012946325e-07
5.547881286872277e-07
7.950712380359384e-07
1.141020356265356e-06
1.643098533176203e-06
2.367952902362782e-06
3.414693368919762e-06
4.949985798872163e-06
7.177595382087645e-06
1.037629460107586e-05
1.503324745026398e-05
2.170370559971075e-05
3.136363603654403e-05
4.526563152945001e-05
6.524681210798677e-05
9.387825708923107e-05
1.347778729385851e-04
1.934123493282698e-04
2.764187048712230e-04
3.948193398436624e-04
5.628966265461714e-04
7.981574373561947e-04
1.130920604077302e-03
1.595784113941630e-03
2.246694274838862e-03
3.149864564264759e-03
4.416152563183898e-03
6.163256815058007e-03
8.567691935006753e-03
1.186306173058585e-02
1.637316939380386e-02
2.250618098230588e-02
3.079815205716758e-02
4.194686586045653e-02
5.690433324191112e-02
7.677611620032046e-02
1.029967629538786e-01
1.373614290431002e-01
1.816592762103818e-01
2.379892797669391e-01
3.083857941880095e-01
3.934298636649249e-01
4.921774626933313e-01
5.994394519753149e-01
7.067755472891277e-01
8.038843769380696e-01
8.896492836602292e-01
9.999997453610950e-01
9.999999999999855e-01
1.000000000000000e+00
1.000000000000000e+00
1.000000000000000e+00
1.000000000000000e+00
1.000000000000000e+00
1.000000000000000e+00
1.000000000000000e+00
1.000000000000000e+00
###7.200000000000002e+00
-4.674759479399776e-11
-9.946035956063148e-12
-8.514009241022017e-11
-3.256726953384984e-11
1.562511613456288e-10
7.202869101488048e-11
6.091730604977639e-11
5.068209248729740e-11
4.131995273720886e-11
4.443248944826231e-11
1.047039044097810e-10
7.674880440418715e-11
1.182350373090275e-10
9.612059082016494e-11
9.185884841069591e-11
1.211247096950764e-10
1.566057963765613e-10
1.944312180535986e-10
2.453804741619506e-10
3.099795155598959e-10
3.995668286589959e-10
5.061747389994547e-10
6.628345264378463e-10
8.644805807631260e-10
1.145101757840051e-09
1.520490450725774e-09
2.026191873711692e-09
2.682130695962694e-09
3.586096930284229e-09
4.807972271936933e-09
6.469091952667277e-09
8.771325623289575e-09
1.189857114212855e-08
1.621460686216225e-08
2.219379430720205e-08
3.056617695929754e-08
4.220786124032692e-08
5.861952076204093e-08
8.191866855136485e-08
1.146421577648878e-07
1.618962405676040e-07
2.289220971699469e-07
3.248139979190101e-07
4.629177244979040e-07
6.633410852252169e-07
9.525019055453470e-07
1.367373884337982e-06
1.969507945743288e-06
2.838245373293507e-06
4.093543476716757e-06
5.923937198456365e-06
8.577188143576022e-06
1.237757621376805e-05
1.789634522048505e-05
2.577849606455812e-05
3.715123558890952e-05
5.344335682188883e-05
7.685657088693824e-05
1.102425669045064e-04
1.577635141403158e-04
2.256575807763557e-04
3.214925899141551e-04
4.575648622858997e-04
6.501161652785944e-04
9.184169788565422e-04
1.296504071177581e-03
1.822463103899294e-03
2.555463839795020e-03
3.568633749502765e-03
4.983070314387136e-03
6.924763375924846e-03
9.584838587752815e-03
1.321109149958029e-02
1.814741317818142e-02
2.482226746426854e-02
3.379054020651942e-02
4.577463195732331e-02
6.173358043514617e-02
8.278125120478343e-02
1.103125244282336e-01
1.460720511682505e-01
1.917122142629436e-01
2.491349540325659e-01
3.200736491706527e-01
4.047805100713747e-01
5.020552084758720e-01
6.067844695225798e-01
7.112223912555321e-01
8.059517122216621e-01
8.904386032024719e-01
9.999997453610950e-01
9.999999999999855e-01
1.000000000000000e+00
1.000000000000000e+00
1.000000000000000e+00
1.000000000000000e+00
1.000000000000000e+00
1.000000000000000e+00
1.000000000000000e+00
1.000000000000000e+00
###7.600000000000002e+00
-9.745171953271605e-11
-1.569902271637050e-11
-1.260831023923496e-10
-5.213408957778772e-11
1.565181465003856e-10
7.826630289130597e-11
6.336217303902029e-11
5.241887991297308e-11
4.773369004940046e-11
5.266653211171751e-11
1.050296295270961e-10
8.466389098423271e-11
1.269087468186431e-10
1.108627310128733e-10
1.052587916647043e-10
1.364613490892205e-10
1.736339362953815e-10
2.156228242683013e-10
2.699348890163795e-10
3.417138909348135e-10
4.437121765852138e-10
5.642546337035751e-10
7.379841705338828e-10
9.630997785138709e-10
1.275540171709219e-09
1.696099014435996e-09
2.261949355776437e-09
3.007319051833553e-09
4.035977528880626e-09
5.427333152132213e-09
7.327933434147230e-09
9.978785460363519e-09
1.358618593755802e-08
1.859946831324010e-08
2.558094826172362e-08
3.536372754519164e-08
4.909847123267373e-08
6.855101641500089e-08
9.604544605656550e-08
1.349863861563486e-07
1.913133613760715e-07
2.712498470766667e-07
3.857464331107583e-07
5.509436044693731e-07
7.907688266946238e-07
1.136730082439384e-06
1.632263794982425e-06
2.350875486510159e-06
3.385439684199099e-06
4.876165069714473e-06
7.050934036623909e-06
1.019229351584158e-05
1.467980605173783e-05
2.117758075472355e-05
3.043504284509591e-05
4.374261741273918e-05
6.273852904135908e-05
8.999691270501027e-05
1.287207896406535e-04
1.836129330570752e-04
2.617840377625797e-04
3.717960993564057e-04
5.273935982314476e-04
7.467858478064232e-04
1.051182491796228e-03
1.478498606005522e-03
2.070679474762019e-03
2.892293458192667e-03
4.023547291248674e-03
5.596187117956201e-03
7.744658007563368e-03
1.067482102810770e-02
1.464876597734394e-02
2.003043030871638e-02
2.726775521003271e-02
3.693459767607198e-02
4.976944391092775e-02
6.674440892183342e-02
8.897076816799965e-02
1.178087271952328e-01
1.549345215236445e-01
2.018802209771133e-01
2.603492736453791e-01
3.317851154564332e-01
4.161646262315659e-01
5.120540354302482e-01
6.144470643887631e-01
7.161508115554408e-01
8.085752170082804e-01
8.916375249609328e-01
9.999997453610950e-01
9.999999999999855e-01
1.000000000000000e+00
1.000000000000000e+00
1.000000000000000e+00
1.000000000000000e+00
1.000000000000000e+00
1.000000000000000e+00
1.000000000000000e+00
1.000000000000000e+00
###8.000000000000002e+00
-9.606842276239335e-11
-1.413066724174229e-12
-1.239620529211625e-10
-4.615598003901523e-11
1.552201488883154e-10
7.436939865435771e-11
6.262515022331231e-11
7.832300720107885e-11
5.209062740281400e-11
6.731190849675506e-11
1.106487854345542e-10
9.050850160230409e-11
1.336367581979930e-10
1.049340179861049e-10
1.228450628017435e-10
1.572711376745232e-10
1.821439377101803e-10
2.397120593700880e-10
2.959724723344201e-10
3.874521853597579e-10
4.891190766896290e-10
6.269714266430899e-10
8.246103571563802e-10
1.073949926684371e-09
1.421269386802194e-09
1.892456055967838e-09
2.528827612335683e-09
3.375982904829772e-09
4.546637690091554e-09
6.133451810598728e-09
8.311089919692834e-09
1.136202346865314e-08
1.553657772497465e-08
2.135970328674279e-08
2.952748209803704e-08
4.097048593683377e-08
5.714913951821371e-08
8.020935284487432e-08
1.126361160796177e-07
1.588557080530224e-07
2.258162487028412e-07
3.209355611018045e-07
4.570824328318979e-07
6.539376275561856e-07
9.394919339973785e-07
1.351387131712845e-06
1.940687890231965e-06
2.793439715992952e-06
4.019002946228834e-06
5.786256228943223e-06
8.350433341131202e-06
1.204744359750681e-05
1.731743631026767e-05
2.493166652472385e-05
3.573932538875617e-05
5.123053678026559e-05
7.325906487374209e-05
1.048171570788468e-04
1.495014196654519e-04
2.125911727835967e-04
3.021389193370016e-04
4.277825372244799e-04
6.048007017519388e-04
8.535919854698087e-04
1.197392328652851e-03
1.678115694164363e-03
2.341804645418264e-03
3.258975701922304e-03
4.516677038386559e-03
6.258107463630379e-03
8.625717835478837e-03
1.184058835403979e-02
1.618004146123668e-02
2.202614437872344e-02
2.984624141589740e-02
4.023148443613637e-02
5.393485018043979e-02
7.193935891115266e-02
9.534954837266464e-02
1.254849356706951e-01
1.639534385348398e-01
2.121793096173583e-01
2.716430625253187e-01
3.435453113984066e-01
4.276047503085049e-01
5.221997074886611e-01
6.223851486631006e-01
7.215093231384914e-01
8.116642449068214e-01
8.931796260215972e-01
9.999997453610950e-01
9.999999999999855e-01
1.000000000000000e+00
1.000000000000000e+00
1.000000000000000e+00
1.000000000000000e+00
1.000000000000000e+00
1.000000000000000e+00
1.000000000000000e+00
1.000000000000000e+00
###8.400000000000002e+00
-8.836502008660226e-11
-2.100092562197938e-12
-1.214672314194215e-10
-4.381544133427708e-11
1.571881526976607e-10
8.009754825202387e-11
6.231373745607523e-11
7.876427875194328e-11
6.810460468869544e-11
7.558597541871531e-11
1.598259510740105e-10
9.494408103934630e-11
1.399500024012521e-10
1.191099081837774e-10
1.334472811094786e-10
1.737773844122799e-10
2.003896120235444e-10
2.632714397161881e-10
3.277039498315396e-10
4.239929721050724e-10
5.415160085165163e-10
6.970332281229936e-10
9.141479844733258e-10
1.194835732556301e-09
1.582256327624046e-09
2.112768825152248e-09
2.830278655727234e-09
3.792224904761846e-09
5.125873137374189e-09
6.939936377009123e-09
9.442686617161963e-09
1.295818878696892e-08
1.779917655458428e-08
2.457085725956934e-08
3.412681716072340e-08
4.750792279783273e-08
6.654221042101828e-08
9.377626846328342e-08
1.320504902692663e-07
1.867959075251658e-07
2.661324234092080e-07
3.789887686009571e-07
5.404228080781020e-07
7.740285108869297e-07
1.112660946348589e-06
1.600226356752924e-06
2.297638802983391e-06
3.305241842149632e-06
4.750247183945832e-06
6.824928833556883e-06
9.841240446552210e-06
1.416994904074779e-05
2.032915196175993e-05
2.919593602523405e-05
4.175556113708465e-05
5.969383550119470e-05
8.512325232125650e-05
1.214805992225646e-04
1.727715412496838e-04
2.449497942779284e-04
3.470964397477250e-04
4.898943652353145e-04
6.903700072485959e-04
9.712459940810583e-04
1.357774771308022e-03
1.896403148850383e-03
2.637149642394110e-03
3.656882514880041e-03
5.049796695484359e-03
6.970596075787231e-03
9.570360500375824e-03
1.308549555998634e-02
1.780690450067276e-02
2.413748296288347e-02
3.255955649936044e-02
4.368406107054412e-02
5.827594143602330e-02
7.732252170748725e-02
1.019244198748532e-01
1.333498126802420e-01
1.731467345443245e-01
2.226042426430789e-01
2.830326668503167e-01
3.553769767792848e-01
4.391123923213320e-01
5.324692280748902e-01
6.305774703735192e-01
7.272532279350626e-01
8.151700846120239e-01
8.950432107453472e-01
9.999997453610950e-01
9.999999999999855e-01
1.000000000000000e+00
1.000000000000000e+00
1.000000000000000e+00
1.000000000000000e+00
1.000000000000000e+00
1.000000000000000e+00
1.000000000000000e+00
1.000000000000000e+00
###8.800000000000002e+00
-1.162803067276206e-10
2.908451179091021e-12
-1.167152490404974e-10
-6.456778581185642e-11
1.628577269990538e-10
7.952093521270548e-11
6.786937878778073e-11
7.458050528100963e-11
7.472305405918567e-11
8.805489164073538e-11
1.656296871786805e-10
9.979300911159822e-11
1.472025811134325e-10
1.194029978040173e-10
1.520856871640459e-10
1.937106272081659e-10
2.225014892486427e-10
2.893897433229852e-10
3.623752677600053e-10
4.670742103975338e-10
5.977212417263675e-10
7.722229648564385e-10
1.013515994764865e-09
1.330169269721452e-09
1.763642273106450e-09
2.360481374733333e-09
3.171499213717205e-09
4.268149263414864e-09
5.788598011756969e-09
7.864301269064246e-09
1.074236712279916e-08
1.480023073910931e-08
2.042283669571264e-08
2.829947704980162e-08
3.945990691914780e-08
5.513744388419073e-08
7.752459379344596e-08
1.095235192158192e-07
1.548030773013222e-07
2.193958960403828e-07
3.131218879830042e-07
4.465769975301970e-07
6.372367959549415e-07
9.135092708542370e-07
1.313474274923681e-06
1.888868927466781e-06
2.710253980296948e-06
3.894998496160673e-06
5.590339547154523e-06
8.027679954593704e-06
1.154412817794974e-05
1.659135640453565e-05
2.375289472692688e-05
3.403452986250555e-05
4.855993943588761e-05
6.923284027771745e-05
9.845757847102135e-05
1.401282499455037e-04
1.987522728030024e-04
2.809657068105064e-04
3.969258777905962e-04
5.585773799920241e-04
7.847032253525399e-04
1.100506727944260e-03
1.533534407619661e-03
2.134609027962357e-03
2.958535765979316e-03
4.088113580315587e-03
5.625156899348154e-03
7.736195591391768e-03
1.058161667520066e-02
1.441196011983948e-02
1.953354354531750e-02
2.636786512336806e-02
3.541342213144958e-02
4.729730323790239e-02
6.278791873056637e-02
8.289601971875783e-02
1.086940645554299e-01
1.414051211507399e-01
1.825025417293445e-01
2.331696283295092e-01
2.945218081958922e-01
3.672865065346971e-01
4.506958678622609e-01
5.428644477598242e-01
6.390079069348200e-01
7.333385988758107e-01
8.190473876844659e-01
8.971933982453050e-01
9.999997453610950e-01
9.999999999999855e-01
1.000000000000000e+00
1.000000000000000e+00
1.000000000000000e+00
1.000000000000000e+00
1.000000000000000e+00
1.000000000000000e+00
1.000000000000000e+00
1.000000000000000e+00
###9.200000000000003e+00
-1.260299888456983e-10
-6.874676645133149e-14
-1.181078183265196e-10
-4.469460242024042e-11
1.804394369737932e-10
1.021216026980722e-10
7.079662966537890e-11
7.733299364402655e-11
8.020382431230017e-11
9.254485435177062e-11
1.705408366837006e-10
1.071030273667892e-10
1.553716186584344e-10
1.330147124654012e-10
1.704077646059064e-10
2.112670244043358e-10
2.454596181961421e-10
3.164613394022198e-10
3.985893273110884e-10
5.146883552924449e-10
6.593638714152771e-10
8.542789028064115e-10
1.124054897599624e-09
1.481780420893221e-09
1.967770692864197e-09
2.640520541639744e-09
3.558484014210503e-09
4.809605744133875e-09
6.543252681127929e-09
8.931048701798170e-09
1.224457649353449e-08
1.693358954313484e-08
2.346706423473444e-08
3.263579114788502e-08
4.567255025677170e-08
6.403411316242063e-08
9.031499943493934e-08
1.279055876780364e-07
1.812917284433213e-07
2.572999315924229e-07
3.678293002731805e-07
5.250441974463194e-07
7.499573861425720e-07
1.074875165992462e-06
1.545457575390532e-06
2.220894257989281e-06
3.184055353664584e-06
4.571367303439153e-06
6.552315169192588e-06
9.400822639840011e-06
1.348649259732363e-05
1.934351559453482e-05
2.763100417398476e-05
3.950580730676889e-05
5.622096047273401e-05
7.995218296879441e-05
1.133946074037719e-04
1.609726916870798e-04
2.276761325842972e-04
3.209394283071243e-04
4.520987416654227e-04
6.343778815610763e-04
8.884452446261818e-04
1.242222658119649e-03
1.725463598936375e-03
2.394123334748341e-03
3.307065755924935e-03
4.554147180258143e-03
6.245083754708688e-03
8.557736956357630e-03
1.166292292302418e-02
1.582434072695065e-02
2.136395070979728e-02
2.872130076777031e-02
3.841047101128707e-02
5.107348189833127e-02
6.748026369622949e-02
8.866260939008910e-02
1.156601987970908e-01
1.496513834948212e-01
1.920421193950250e-01
2.438807879059111e-01
3.061101450084995e-01
3.792627844283609e-01
4.623586692919229e-01
5.533811026558705e-01
6.476445173961457e-01
7.397054843829989e-01
8.232485161115327e-01
8.995899566899612e-01
9.999997453610950e-01
9.999999999999855e-01
1.000000000000000e+00
1.000000000000000e+00
1.000000000000000e+00
1.000000000000000e+00
1.000000000000000e+00
1.000000000000000e+00
1.000000000000000e+00
1.000000000000000e+00
###9.600000000000003e+00
-1.220719293746486e-10
-3.829002685645593e-12
-1.148031343470680e-10
-4.903642330660735e-11
2.007144437472279e-10
1.054353425560949e-10
7.345184483575436e-11
8.304049466050456e-11
8.513250299605856e-11
1.015994488941915e-10
1.791187470694984e-10
1.125500016784205e-10
1.648770332701370e-10
1.452770168682491e-10
1.854428764155017e-10
2.301387529088640e-10
2.687141832162982e-10
3.481022315841679e-10
4.407921368592543e-10
5.677952100158682e-10
7.284736578595153e-10
9.518969491037416e-10
1.247784161461120e-09
1.651183807187213e-09
2.198253233073793e-09
2.956780625867222e-09
4.000978607853453e-09
5.427876268962896e-09
7.412765886577057e-09
1.015817295379997e-08
1.398240004541245e-08
1.940569883005494e-08
2.699244746413656e-08
3.767349438621592e-08
5.289836050029995e-08
7.437761143370196e-08
1.051690897030535e-07
1.492747862800104e-07
2.120775636838216e-07
3.013771670678468e-07
4.311204480361350e-07
6.160299132984390e-07
8.805546326830178e-07
1.261124767692357e-06
1.812827591963513e-06
2.602824435507411e-06
3.728297250784617e-06
5.345654547639374e-06
7.650575044708716e-06
1.095839959182725e-05
1.569215747272931e-05
2.246053857011145e-05
3.201253995828071e-05
4.566559478396039e-05
6.483014471350599e-05
9.196473795024310e-05
1.300787839998572e-04
1.841881700510057e-04
2.597982285121161e-04
3.651951850406637e-04
5.130289009754783e-04
7.178157316764846e-04
1.002307972853432e-03
1.397222401053077e-03
1.934778419555035e-03
2.675751252657040e-03
3.684456759017355e-03
5.056952464177725e-03
6.911216129942315e-03
9.437351520053290e-03
1.281609074806829e-02
1.732513193285756e-02
2.330093082285424e-02
3.120111352031417e-02
4.155559157283158e-02
5.501636529078779e-02
7.235791939270604e-02
9.462653859238170e-02
1.228235000226840e-01
1.580915499328474e-01
2.017558011187150e-01
2.547338256915775e-01
3.178060257409121e-01
3.913214977710345e-01
4.740928974673406e-01
5.639999690288554e-01
6.564661035981160e-01
7.463251667519437e-01
8.277299249344678e-01
9.021766940321838e-01
9.999997453610950e-01
9.999999999999855e-01
1.000000000000000e+00
1.000000000000000e+00
1.000000000000000e+00
1.000000000000000e+00
1.000000000000000e+00
1.000000000000000e+00
1.000000000000000e+00
1.000000000000000e+00
###1.000000000000000e+01
-1.096582017247459e-10
-3.699347260120241e-12
-1.142889064676061e-10
-5.313973855532734e-11
2.028834028606004e-10
1.108968110565138e-10
7.987984385680887e-11
8.880991234662399e-11
9.613095309029220e-11
1.090555707736767e-10
1.859004310001102e-10
1.233508208140103e-10
1.686153840590966e-10
1.610186067848842e-10
2.044740199474138e-10
2.513115262912601e-10
2.970889165431682e-10
3.755372993018609e-10
4.843226584292864e-10
6.255923338100554e-10
8.057127401588358e-10
1.055888350193303e-09
1.387066427970962e-09
1.841011433580751e-09
2.461502077972668e-09
3.318729978759430e-09
4.505679175823112e-09
6.136567979084204e-09
8.412096490815273e-09
1.157561954546337e-08
1.599141150967854e-08
2.226753478081537e-08
3.107696692310282e-08
4.351578014455914e-08
6.128298463081389e-08
8.643124821401113e-08
1.224547214400457e-07
1.740225148497139e-07
2.477225653696286e-07
3.523949380643638e-07
5.043805021607437e-07
7.210641917721325e-07
1.031031449290447e-06
1.475493686592801e-06
2.119507585741300e-06
3.040053361727441e-06
4.350096751286255e-06
6.227910568075612e-06
8.898781737273991e-06
1.271124614534270e-05
1.818835017966275e-05
2.598162034688269e-05
3.694786015238661e-05
5.258081974982988e-05
7.447030548174435e-05
1.053786299374166e-04
1.486698325422467e-04
2.099672902225647e-04
2.954013348844745e-04
4.141041874440234e-04
5.801156958700110e-04
8.093791913651313e-04
1.126896880618841e-03
1.566256962133433e-03
2.162301642853667e-03
2.981245921179982e-03
4.092188294526669e-03
5.598378294124982e-03
7.625804780078325e-03
1.037812745858945e-02
1.404422425049165e-02
1.891737242057564e-02
2.534789013974203e-02
3.381120662696697e-02
4.485028133068552e-02
5.913022998966622e-02
7.742646505223792e-02
1.007924596206707e-01
1.301919165774268e-01
1.667333374535479e-01
2.116500734611221e-01
2.657338210629333e-01
3.296244356885059e-01
4.034692565935650e-01
4.858820525804742e-01
5.747291014690464e-01
6.654468561313618e-01
7.531776224999587e-01
8.324510650285734e-01
9.049618719552922e-01
9.999997453610950e-01
9.999999999999855e-01
1.000000000000000e+00
1.000000000000000e+00
1.000000000000000e+00
1.000000000000000e+00
1.000000000000000e+00
1.000000000000000e+00
1.000000000000000e+00
1.000000000000000e+00
###1.040000000000000e+01
-1.079941248743955e-10
3.957273185875991e-12
-1.443929112807559e-10
-5.510212125651304e-11
2.035198833889536e-10
1.181460555671612e-10
8.111373757802312e-11
9.815965178837917e-11
9.998112754751512e-11
1.161068866269778e-10
1.952016160465498e-10
1.391769646194793e-10
1.833936016664089e-10
1.848565887091316e-10
2.243783282161190e-10
2.754700309372323e-10
3.297361717381485e-10
4.136430149819155e-10
5.337635937224795e-10
6.897873845494656e-10
8.927112453024414e-10
1.171602463434638e-09
1.544500230824455e-09
2.056562217750358e-09
2.759878285043921e-09
3.732557404240787e-09
5.083722128632509e-09
6.954034547689154e-09
9.560080195084529e-09
1.321018157590273e-08
1.831612287472852e-08
2.558449607838756e-08
3.582239434023474e-08
5.029876755338489e-08
7.098732783399442e-08
1.003846657036296e-07
1.424764969126873e-07
2.027111277795565e-07
2.889206199816509e-07
4.112468044992645e-07
5.887225751322531e-07
8.418595673269631e-07
1.203723616140636e-06
1.721689915225547e-06
2.470250564295885e-06
3.538942933894917e-06
5.058004162303497e-06
7.231039346340916e-06
1.031467839670791e-05
1.471796925577954e-05
2.100487755415113e-05
2.994177229162589e-05
4.248671714929413e-05
6.032192958453081e-05
8.523819014440601e-05
1.203185704181729e-04
1.693440778951652e-04
2.385394588114208e-04
3.347201856238561e-04
4.680537992110298e-04
6.537901699832290e-04
9.096799313055812e-04
1.262974604559313e-03
1.750366466947683e-03
2.409178130299258e-03
3.311790198668246e-03
4.531990985573209e-03
6.180581555825991e-03
8.391233529321234e-03
1.138237828834244e-02
1.535081448830238e-02
2.060535772200892e-02
2.750903355200352e-02
3.655554872037559e-02
4.830053864814516e-02
6.341777813103186e-02
8.268508459132710e-02
1.071631534126712e-01
1.377666902681986e-01
1.755761788212920e-01
2.217294819676325e-01
2.768963815936741e-01
3.415568220278830e-01
4.156998890102768e-01
4.977576624357090e-01
5.855654720725768e-01
6.745792485724021e-01
7.602223466917164e-01
8.373715188248114e-01
9.078837137012870e-01
9.999997453610950e-01
9.999999999999855e-01
1.000000000000000e+00
1.000000000000000e+00
1.000000000000000e+00
1.000000000000000e+00
1.000000000000000e+00
1.000000000000000e+00
1.000000000000000e+00
1.000000000000000e+00
###1.080000000000000e+01
-1.040759245699646e-10
-9.026289104098517e-12
-1.107262755511209e-10
-5.150546049366512e-11
2.009830823323308e-10
1.268936792593518e-10
8.383849108933754e-11
1.046812539412190e-10
1.022930293605554e-10
1.208145347753193e-10
2.016423931689439e-10
1.512974250237779e-10
1.982695342721039e-10
1.977328535155914e-10
2.545806188816668e-10
3.026024771237757e-10
3.639375646083946e-10
4.555745736406488e-10
5.902229501901474e-10
7.619467713975715e-10
9.886002596664742e-10
1.302220849208636e-09
1.721246251354901e-09
2.302198092516050e-09
3.097286692247858e-09
4.205930455191480e-09
5.744684298650684e-09
7.890005944151358e-09
1.086819459779028e-08
1.509191765607498e-08
2.099378640129186e-08
2.942361838130391e-08
4.130871564635475e-08
5.814550746714292e-08
8.224368640676738e-08
1.165312853366601e-07
1.656081938529462e-07
2.358927256473210e-07
3.364261979230215e-07
4.790545932520077e-07
6.857602230204745e-07
9.804385221092420e-07
1.401624849619106e-06
2.003198204414772e-06
2.870568442305663e-06
4.106981349654238e-06
5.862007327611306e-06
8.367403773236420e-06
1.191734494209805e-05
1.697879760464950e-05
2.417476278459252e-05
3.438643839093656e-05
4.869074893466385e-05
6.897078222841109e-05
9.723270109780109e-05
1.369364696605759e-04
1.923257990557115e-04
2.701160908652655e-04
3.780530834404951e-04
5.273838358280310e-04
7.345793682429671e-04
1.019314316115655e-03
1.411268126664978e-03
1.950463752632611e-03
2.676863682332232e-03
3.669011039550715e-03
5.005589395851407e-03
6.805243578882425e-03
9.210264031070075e-03
1.245327563777131e-02
1.673921277294689e-02
2.239236924108578e-02
2.978797299237762e-02
3.943930394162318e-02
5.190887476727827e-02
6.788627503570417e-02
8.814009422078514e-02
1.137400063658454e-01
1.455581054344345e-01
1.846173409170384e-01
2.319948470193923e-01
2.882067004130696e-01
3.536110156040197e-01
4.280181540068856e-01
5.097100787958041e-01
5.964822833547515e-01
6.838320900703458e-01
7.674318135108353e-01
8.424676085781159e-01
9.109310256559208e-01
9.999997453610950e-01
9.999999999999855e-01
1.000000000000000e+00
1.000000000000000e+00
1.000000000000000e+00
1.000000000000000e+00
1.000000000000000e+00
1.000000000000000e+00
1.000000000000000e+00
1.000000000000000e+00
###1.120000000000000e+01
-1.011858540831257e-10
-7.794396257131356e-12
-1.083278831371642e-10
-5.036690461396493e-11
2.109930187570565e-10
1.426692242949519e-10
8.616861334731439e-11
1.138897863760782e-10
1.068937311891482e-10
1.297340932211637e-10
2.127229602205188e-10
1.633483213101045e-10
2.152552801878707e-10
2.168695559280811e-10
2.782662433793517e-10
3.301416051762823e-10
3.993496382790489e-10
5.027571735431765e-10
6.509546390579259e-10
8.425235555712037e-10
1.093938146974952e-09
1.447325565136751e-09
1.922466340155374e-09
2.581718898828769e-09
3.483606697490611e-09
4.747347397686073e-09
6.506702586631254e-09
8.967405229359879e-09
1.239194986932804e-08
1.726914461560485e-08
2.409483177150640e-08
3.385308286540295e-08
4.767089897625817e-08
6.722426458880095e-08
9.526783659326365e-08
1.351544465708037e-07
1.922800250125352e-07
2.740483131180151e-07
3.910717661982486e-07
5.570571992178925e-07
7.970764849919658e-07
1.139172243255409e-06
1.627792967383223e-06
2.324264523412975e-06
3.326359586157038e-06
4.751756353875500e-06
6.774118027781438e-06
9.652933186752969e-06
1.372583311066733e-05
1.952153026096104e-05
2.773248580970658e-05
3.936612491803069e-05
5.561774581980694e-05
7.861271995322716e-05
1.105654783729508e-04
1.553617963292585e-04
2.177346138275074e-04
3.049569777755118e-04
4.257343013719644e-04
5.924285599801091e-04
8.229756871280723e-04
1.138967241969592e-03
1.572682322908297e-03
2.167528508838867e-03
2.966362297909858e-03
4.053994102845074e-03
5.514754464798126e-03
7.474982659131296e-03
1.008501234681443e-02
1.359296029881998e-02
1.821187502268830e-02
2.428082047318788e-02
3.218777544754942e-02
4.246325413704533e-02
5.568049831596000e-02
7.253570008836610e-02
9.379616893031996e-02
1.205264922589157e-01
1.535654274828351e-01
1.938614829861347e-01
2.424443915954877e-01
2.996813141516153e-01
3.657823042134358e-01
4.404285072721146e-01
5.217386998812892e-01
6.074754529240305e-01
6.931952973725330e-01
7.747664822295409e-01
8.476955050383606e-01
9.140747569104666e-01
9.999997453610950e-01
9.999999999999855e-01
1.000000000000000e+00
1.000000000000000e+00
1.000000000000000e+00
1.000000000000000e+00
1.000000000000000e+00
1.000000000000000e+00
1.000000000000000e+00
1.000000000000000e+00
###1.160000000000000e+01
-9.863878995911724e-11
-3.651075084764327e-12
-1.079622523003990e-10
-4.971238716065985e-11
2.127148899179127e-10
1.436845921735521e-10
8.908008946680389e-11
1.180142473903559e-10
1.139981606947763e-10
1.311240609216673e-10
2.175597454662726e-10
1.794462605171624e-10
2.175177138200473e-10
2.370495185881002e-10
3.020490694286565e-10
3.579985664860110e-10
4.383540348095909e-10
5.537388363648611e-10
7.180772887471270e-10
9.300560649695775e-10
1.214656800405612e-09
1.612834645403185e-09
2.149460742059445e-09
2.898059520388797e-09
3.925215832040382e-09
5.366769451266003e-09
7.382566740769856e-09
1.020859759137488e-08
1.415561793405239e-08
1.977911044287861e-08
2.766597804932508e-08
3.897150779576557e-08
5.499825638329288e-08
7.767631161676424e-08
1.102483356573783e-07
1.566125792339021e-07
2.230133169525029e-07
3.178848884130352e-07
4.537929067739142e-07
6.460933885621380e-07
9.244456950043095e-07
1.320326110495008e-06
1.885133057008657e-06
2.689363763851112e-06
3.843424942896488e-06
5.481704428342389e-06
7.804584084069280e-06
1.110205535129500e-05
1.575814458168522e-05
2.237490624939192e-05
3.171534988383777e-05
4.492645239441357e-05
6.334081705560090e-05
8.933198762023306e-05
1.253542764634447e-04
1.757446414612903e-04
2.457294636842169e-04
3.433032164389493e-04
4.781068657243370e-04
6.636508228045415e-04
9.194927948512047e-04
1.269253684370921e-03
1.747950275282475e-03
2.402573191889818e-03
3.278985157003182e-03
4.468658062610481e-03
6.061327999427935e-03
8.191873156719846e-03
1.101904611903044e-02
1.480549937797499e-02
1.977312543221574e-02
2.627469926558471e-02
3.471396013898982e-02
4.563370209782898e-02
5.962112389075643e-02
7.737418164054502e-02
9.965463893772997e-02
1.275261146036887e-01
1.617859880669593e-01
2.033192704232119e-01
2.530759366718244e-01
3.113063161054211e-01
3.780843093130162e-01
4.529231191343584e-01
5.338344486224413e-01
6.185345550060487e-01
7.026342266287482e-01
7.822032540396362e-01
8.530294443885300e-01
9.172843225118749e-01
9.999997453610950e-01
9.999999999999855e-01
1.000000000000000e+00
1.000000000000000e+00
1.000000000000000e+00
1.000000000000000e+00
1.000000000000000e+00
1.000000000000000e+00
1.000000000000000e+00
1.000000000000000e+00
###1.200000000000001e+01
-9.774784339706060e-11
-1.145784880979935e-11
-9.821251246546732e-11
-4.961886424197685e-11
2.162652068221205e-10
1.459729910432067e-10
9.047130068654335e-11
1.251439788529029e-10
1.222273210322769e-10
1.433862378868214e-10
2.332668148629044e-10
1.927492204907375e-10
2.313181247185293e-10
2.603342343926148e-10
3.263009478074350e-10
3.916235774746286e-10
4.819677922281284e-10
6.101304767369573e-10
7.934546863421248e-10
1.029534454628020e-09
1.351122700108475e-09
1.799781024647121e-09
2.406354668787696e-09
3.257616230699787e-09
4.428542381368213e-09
6.076291074618560e-09
8.393278360713827e-09
1.163361660090784e-08
1.617850095558955e-08
2.266543996522475e-08
3.180001100772267e-08
4.486361732843294e-08
6.342327106322418e-08
8.973296497805007e-08
1.274951512791914e-07
1.812772420532186e-07
2.582707615789267e-07
3.682081625753165e-07
5.255917339715300e-07
7.480637230992263e-07
1.069729883759368e-06
1.526695901373742e-06
2.177831969347494e-06
3.103272547173464e-06
4.428177950592098e-06
6.306482307545846e-06
8.965244203198244e-06
1.273157688450063e-05
1.803816147411436e-05
2.556845266880730e-05
3.616603068606617e-05
5.112346267372020e-05
7.192515145676565e-05
1.012192743273643e-04
1.417211706100109e-04
1.982469132811483e-04
2.765703565551167e-04
3.854177560639705e-04
5.354610031839507e-04
7.414903990433213e-04
1.024726405709859e-03
1.410897071680340e-03
1.938007389955421e-03
2.656818075571710e-03
3.616202185569162e-03
4.914563596604214e-03
6.647351989526625e-03
8.958425013797519e-03
1.201366573595725e-02
1.609344129506689e-02
2.142551122181301e-02
2.837872392119319e-02
3.736982224373250e-02
4.895452389496607e-02
6.373480602912332e-02
8.240511835863584e-02
1.057220479255527e-01
1.347432007052277e-01
1.702235013356122e-01
2.129867309033307e-01
2.639023482531071e-01
3.230933234081110e-01
3.905046824967557e-01
4.655046701481341e-01
5.459924666477951e-01
6.296479896186191e-01
7.121444948122528e-01
7.897272657401749e-01
8.584612034003918e-01
9.205659797339644e-01
9.999997453610950e-01
9.999999999999855e-01
1.000000000000000e+00
1.000000000000000e+00
1.000000000000000e+00
1.000000000000000e+00
1.000000000000000e+00
1.000000000000000e+00
1.000000000000000e+00
1.000000000000000e+00
###1.240000000000001e+01
-1.055452503823679e-10
-7.350424733143709e-12
-1.024504542442190e-10
-3.661519282631339e-11
2.226435462386083e-10
1.542492257791397e-10
9.816963881992257e-11
1.308265849450567e-10
1.341710721082704e-10
1.449265390356175e-10
2.396733101642906e-10
1.983341368098093e-10
2.496895579665644e-10
2.789877332017619e-10
3.530523449824780e-10
4.268887425310794e-10
5.294522888598028e-10
6.814044628498350e-10
8.769618472378780e-10
1.141982905418431e-09
1.505813020535819e-09
2.011260865429283e-09
2.699802271632373e-09
3.670777706060381e-09
5.004576784234285e-09
6.887388052647647e-09
9.544255659700700e-09
1.327002017511236e-08
1.851042210992841e-08
2.598562798777819e-08
3.654987997691483e-08
5.165013731150155e-08
7.311013499626474e-08
1.035752766298185e-07
1.472696403363218e-07
2.095415742934154e-07
2.986100333887770e-07
4.256900105590483e-07
6.075428224224620e-07
8.641952419596649e-07
1.234948748985843e-06
1.760961329293170e-06
2.509614357432793e-06
3.571498729410088e-06
5.088478720615549e-06
7.236459907081378e-06
1.027019371280702e-05
1.456045120848983e-05
2.059159910748796e-05
2.913542202391750e-05
4.112766463426130e-05
5.800720213326354e-05
8.144785122349243e-05
1.143800094236924e-04
1.598011317526623e-04
2.230299941224906e-04
3.104572981134964e-04
4.316202897778893e-04
5.982075197028607e-04
8.264260108001455e-04
1.139247795201898e-03
1.564664585046785e-03
2.143743112361770e-03
2.931223528225219e-03
3.979282306803229e-03
5.393357556446005e-03
7.274824241088620e-03
9.776717396797084e-03
1.307244926336094e-02
1.745923472900153e-02
2.317310109078706e-02
3.059602857134451e-02
4.015824468358171e-02
5.243017989989052e-02
6.802057577289602e-02
8.762851400436505e-02
1.119953289174211e-01
1.421795920160591e-01
1.788789458135980e-01
2.228635037203318e-01
2.749140021704199e-01
3.350374058183992e-01
4.030481569901751e-01
4.781653965040364e-01
5.582039747245324e-01
6.407953503080274e-01
7.216969209370636e-01
7.973124379155220e-01
8.639513992673516e-01
9.238885593903557e-01
9.999997453610950e-01
9.999999999999855e-01
1.000000000000000e+00
1.000000000000000e+00
1.000000000000000e+00
1.000000000000000e+00
1.000000000000000e+00
1.000000000000000e+00
1.000000000000000e+00
1.000000000000000e+00
###1.280000000000001e+01
-1.001621085999289e-10
-3.093593402237805e-12
-9.840745320384195e-11
-3.348708095655230e-11
2.289973792784877e-10
1.573360048081269e-10
1.059403339667150e-10
1.368530050798995e-10
1.432852727249666e-10
1.571027666364731e-10
2.538837292402158e-10
2.147047135624227e-10
2.686347198142627e-10
3.041301942710050e-10
3.823769221301618e-10
4.672100204612267e-10
5.817132524382652e-10
7.491891596883109e-10
9.695267733697776e-10
1.267706324736293e-09
1.679572493058309e-09
2.251106593095278e-09
3.034630438800393e-09
4.139272260203363e-09
5.664250641168188e-09
7.819912364322190e-09
1.086472402206637e-08
1.515141711073960e-08
2.119215266477213e-08
2.980868342329587e-08
4.200569865476272e-08
5.944010930015701e-08
8.424066810936764e-08
1.194312102197320e-07
1.699741937029493e-07
2.419132590812954e-07
3.447052084816921e-07
4.913455805656093e-07
7.008003278758317e-07
9.962747074305927e-07
1.422477363767190e-06
2.026491832171935e-06
2.885115231824395e-06
4.099765751775831e-06
5.832574207190432e-06
8.280683940990050e-06
1.173415456718018e-05
1.660749119571900e-05
2.344565893881031e-05
3.311220863935193e-05
4.664407817005926e-05
6.564844667697417e-05
9.199542253604445e-05
1.289256224081908e-04
1.797431342980787e-04
2.502892234621600e-04
3.476232789395180e-04
4.821813231255886e-04
6.667181804283222e-04
9.189253937545242e-04
1.263669819515553e-03
1.731376978437911e-03
2.366130475084592e-03
3.227215541216623e-03
4.369679376344870e-03
5.906766310925166e-03
7.945931943909698e-03
1.064879998311650e-02
1.419744295370663e-02
1.890689059282460e-02
2.501992288936303e-02
3.293178655235493e-02
4.308560165125495e-02
5.606448996680434e-02
7.248614352099605e-02
9.304858738297682e-02
1.184833896950465e-01
1.498361335453410e-01
1.877596125512844e-01
2.329533720126616e-01
2.861164856846760e-01
3.471338808471710e-01
4.156998177150359e-01
4.909056653924496e-01
5.704590131145973e-01
6.519764553888523e-01
7.312705857866660e-01
8.049309106230458e-01
8.694764995836828e-01
9.272334365207864e-01
9.999997453610950e-01
9.999999999999855e-01
1.000000000000000e+00
1.000000000000000e+00
1.000000000000000e+00
1.000000000000000e+00
1.000000000000000e+00
1.000000000000000e+00
1.000000000000000e+00
1.000000000000000e+00
###1.320000000000001e+01
-1.067322630582762e-10
-2.326185068767557e-12
-9.639749819800778e-11
-3.303386465898440e-11
2.309533076937339e-10
1.612348153020655e-10
1.124104091517863e-10
1.401457713949758e-10
1.572556688141272e-10
1.723374667512001e-10
2.661292095456544e-10
2.320243447860216e-10
2.903157480927159e-10
3.353099256934861e-10
4.162268791480613e-10
5.117657329533244e-10
6.410305037783392e-10
8.285029841749622e-10
1.074172602576214e-09
1.409946766000419e-09
1.876738586400514e-09
2.523808752870870e-09
3.415182421435546e-09
4.675199038667532e-09
6.419256555377473e-09
8.888825765801018e-09
1.237644227118947e-08
1.730918541237326e-08
2.426539177446805e-08
3.420026224886551e-08
4.825935012652038e-08
6.836985948563379e-08
9.698684107310011e-08
1.375963355064956e-07
1.958765025097465e-07
2.788097109059981e-07
3.971928943429402e-07
5.659987568221230e-07
8.068343337498889e-07
1.146275537313250e-06
1.635130311481110e-06
2.326557383391565e-06
3.308517897436406e-06
4.695457978960551e-06
6.668715151027709e-06
9.452607697072909e-06
1.337314628103270e-05
1.889449255746548e-05
2.662683184892868e-05
3.753326730179248e-05
5.276910406065729e-05
7.411139814467518e-05
1.036533644116763e-04
1.449605480890889e-04
2.016901336877300e-04
2.802263027430142e-04
3.883447863944434e-04
5.374341706384305e-04
7.414064080057394e-04
1.019523026722156e-03
1.398651073290536e-03
1.911679667421381e-03
2.606217232831523e-03
3.545776877995723e-03
4.788745454661403e-03
6.456547577812362e-03
8.662297135454971e-03
1.157776277612758e-02
1.539254183996772e-02
2.043967963160238e-02
2.696847683813382e-02
3.538944687975969e-02
4.615542679833776e-02
5.986414972393255e-02
7.713714127480135e-02
9.867297896968319e-02
1.251876427861391e-01
1.577158168688501e-01
1.968623972686681e-01
2.432568750688363e-01
2.975059727688998e-01
3.593882570738129e-01
4.284674356684254e-01
5.037136955180926e-01
5.827486922897814e-01
6.631653689070518e-01
7.408593649546948e-01
8.125642163839158e-01
8.750179823768682e-01
9.305795982245949e-01
9.999997453610950e-01
9.999999999999855e-01
1.000000000000000e+00
1.000000000000000e+00
1.000000000000000e+00
1.000000000000000e+00
1.000000000000000e+00
1.000000000000000e+00
1.000000000000000e+00
1.000000000000000e+00
###1.360000000000001e+01
-1.014105277175226e-10
-1.394410788842189e-12
-9.435904221033851e-11
-3.341017020928773e-11
2.313235776762749e-10
1.616931956997278e-10
1.175697275654385e-10
1.489371997449014e-10
1.701556064505046e-10
1.878098546178355e-10
2.772495279142702e-10
2.518528011884231e-10
3.106649552031611e-10
3.637688849039670e-10
4.543772280761280e-10
5.592099795100337e-10
7.065952763419647e-10
9.163247220375753e-10
1.193627848637374e-09
1.572749778599038e-09
2.099903092509497e-09
2.833711330552693e-09
3.849718315553456e-09
5.287058009649877e-09
7.288122952729406e-09
1.011206493828113e-08
1.411286520796218e-08
1.978238965472039e-08
2.778915116189199e-08
3.922990517953341e-08
5.541195270018580e-08
7.859035721022099e-08
1.115638811722736e-07
1.583515475854474e-07
2.254259913650816e-07
3.208548663660320e-07
4.569700015230058e-07
6.507664189014851e-07
9.270642200871764e-07
1.315842090472880e-06
1.875077793680036e-06
2.665107469635270e-06
3.784829341318599e-06
5.364848894956163e-06
7.606656405311425e-06
1.076415852530708e-05
1.520339761128325e-05
2.144255915354057e-05
3.016538306146752e-05
4.244302657519773e-05
5.954925411420418e-05
8.346952484427718e-05
1.165143055646436e-04
1.626155193936349e-04
2.257908352194769e-04
3.130242522334197e-04
4.328593159171236e-04
5.976837370457896e-04
8.226714064782442e-04
1.128705413696225e-03
1.544859428492765e-03
2.106601580166010e-03
2.864977309223084e-03
3.888277085400469e-03
5.238243256407821e-03
7.044664487697126e-03
9.426625746923210e-03
1.256603600380755e-02
1.665987980438256e-02
2.206014222109435e-02
2.902219353501176e-02
3.797125614196092e-02
4.937211736723096e-02
6.383146244613631e-02
8.197713479441958e-02
1.045016053341947e-01
1.321142502728272e-01
1.658260176184897e-01
2.061930229383377e-01
2.537667121852584e-01
3.090799592390760e-01
3.717864338888734e-01
4.413386443031866e-01
5.165819525167599e-01
5.950626328825418e-01
6.743667168840922e-01
7.504360237651915e-01
8.201836548607416e-01
8.805502626430963e-01
9.339107503824551e-01
9.999997453610950e-01
9.999999999999855e-01
1.000000000000000e+00
1.000000000000000e+00
1.000000000000000e+00
1.000000000000000e+00
1.000000000000000e+00
1.000000000000000e+00
1.000000000000000e+00
1.000000000000000e+00
###1.400000000000001e+01
-8.964054522053259e-11
3.813087146107717e-11
-9.063612699562843e-11
-3.034970622469014e-11
2.340230736272896e-10
1.658064521108410e-10
1.228973833494995e-10
1.593315492111403e-10
1.701072754843519e-10
2.009650460619208e-10
2.871146353662569e-10
2.726430648202289e-10
3.350490678250861e-10
4.015328620300841e-10
4.972919112594929e-10
6.126063924274731e-10
7.782857836519547e-10
1.013169786818828e-09
1.325996450398456e-09
1.754061677878254e-09
2.351628895965191e-09
3.187344884107913e-09
4.344078624580808e-09
5.982962038324897e-09
8.273568202290718e-09
1.151162719388221e-08
1.610168271181072e-08
2.261270911588907e-08
3.182146092362926e-08
4.497378266668329e-08
6.359051046048933e-08
9.026919191525516e-08
1.281892680849272e-07
1.820444776327547e-07
2.590897712946579e-07
3.686375290100866e-07
5.248423354310315e-07
7.468775855592527e-07
1.063046725249574e-06
1.507341993702361e-06
2.145626509706528e-06
3.045896802744604e-06
4.320000610811599e-06
6.114687785200679e-06
8.656868865949073e-06
1.222878232727433e-05
1.724311772860466e-05
2.427883282344013e-05
3.409254104094115e-05
4.788147941405069e-05
6.704845403209961e-05
9.379271529751375e-05
1.306729679294852e-04
1.820082144563108e-04
2.522084985188927e-04
3.489079880277699e-04
4.814547908653207e-04
6.633314745068722e-04
9.109799069768176e-04
1.247094509868261e-03
1.703077596630570e-03
2.316911786143077e-03
3.143538327538305e-03
4.256222538563772e-03
5.719854608618587e-03
7.672657947871397e-03
1.024126807381701e-02
1.361612910493796e-02
1.800333842813227e-02
2.377271914242851e-02
3.118664168054545e-02
4.068294320320432e-02
5.273689289221880e-02
6.797076710535921e-02
8.700809520836431e-02
1.105414326056535e-01
1.392613856963816e-01
1.741640081049193e-01
2.157405246965534e-01
2.644878216594566e-01
3.208380873556038e-01
3.843322307197559e-01
4.543097967282433e-01
5.295013263503668e-01
6.073833806403389e-01
6.855530703672751e-01
7.599787895334408e-01
8.277786305220888e-01
8.860529509223654e-01
9.372166298833523e-01
9.999997453610950e-01
9.999999999999855e-01
1.000000000000000e+00
1.000000000000000e+00
1.000000000000000e+00
1.000000000000000e+00
1.000000000000000e+00
1.000000000000000e+00
1.000000000000000e+00
1.000000000000000e+00
###1.440000000000001e+01
-7.835535425078252e-11
4.001325469854834e-11
-9.259751134902408e-11
-2.665684253423832e-11
2.352380098504501e-10
1.679500554792250e-10
1.292613465675178e-10
1.729568864567043e-10
1.840620535582320e-10
2.151351722539087e-10
2.979259201696345e-10
2.929201565683104e-10
3.610082743420157e-10
4.352956609804411e-10
5.431717542686984e-10
6.715149917982999e-10
8.582011927199894e-10
1.121284527346236e-09
1.474397952520811e-09
1.959211808772348e-09
2.637482597476678e-09
3.587311375296710e-09
4.908987559857192e-09
6.776879606302878e-09
9.400441139422008e-09
1.311017647706919e-08
1.837773320355426e-08
2.584741375528443e-08
3.642699005858874e-08
5.153723495460947e-08
7.294655666681956e-08
1.035838378270254e-07
1.470991396141850e-07
2.089675740241948e-07
2.973019162592935e-07
4.228682605023370e-07
6.016551154311734e-07
8.555502477403635e-07
1.216448251266134e-06
1.723105347089495e-06
2.450062243774288e-06
3.473554817093037e-06
4.919769107878099e-06
6.955476348966618e-06
9.829119525101671e-06
1.386202959643234e-05
1.951434224337073e-05
2.742709563675886e-05
3.844775137212790e-05
5.389799748937784e-05
7.532759981875976e-05
1.051625567807603e-04
1.462400956402521e-04
2.032821282621140e-04
2.811344881801833e-04
3.881197323220537e-04
5.344180011137293e-04
7.347202491795448e-04
1.006857769800560e-03
1.375344128201043e-03
1.873940552972952e-03
2.543573415598144e-03
3.443082469320022e-03
4.650724302901098e-03
6.235106275747493e-03
8.342887106568140e-03
1.110811772939854e-02
1.473088162027640e-02
1.942500859620245e-02
2.558056166855260e-02
3.346426234472597e-02
4.352834707912311e-02
5.625735723119087e-02
7.228549246324806e-02
9.223589517146111e-02
1.167952739756291e-01
1.466373407592949e-01
1.827300571834216e-01
2.255159933102413e-01
2.754163349973797e-01
3.327717994004559e-01
3.970234030860511e-01
4.673703439828407e-01
5.424692494177500e-01
6.197190819841605e-01
6.967007597882974e-01
7.694851096855906e-01
8.353230846958737e-01
8.915259501027791e-01
9.404916127250439e-01
9.999997453610950e-01
9.999999999999855e-01
1.000000000000000e+00
1.000000000000000e+00
1.000000000000000e+00
1.000000000000000e+00
1.000000000000000e+00
1.000000000000000e+00
1.000000000000000e+00
1.000000000000000e+00
###1.480000000000001e+01
-7.222856698080451e-11
4.608007808968230e-11
-9.021532547910303e-11
-2.589501874065671e-11
2.359920316603750e-10
1.709462020456783e-10
1.391636850076560e-10
1.820820667433731e-10
1.955992458831408e-10
2.280412788722773e-10
3.072867349232187e-10
3.138126605346726e-10
3.888390118747821e-10
4.695211138394767e-10
5.925923037536620e-10
7.385236347037286e-10
9.475233915738243e-10
1.242835597542902e-09
1.642134602221700e-09
2.191294704448090e-09
2.961024507681605e-09
4.042358282707182e-09
5.551554195732563e-09
7.683004374852822e-09
1.068708706646911e-08
1.493675880810677e-08
2.097478439121223e-08
2.954372711619820e-08
4.169236390356006e-08
5.903021051188192e-08
8.359662953457277e-08
1.187244486168623e-07
1.686128315418394e-07
2.395194400001448e-07
3.406640197596819e-07
4.842445381632983e-07
6.884773244674211e-07
9.780898711832988e-07
1.389499323638602e-06
1.965867265417950e-06
2.791749603754537e-06
3.952758950951503e-06
5.591137145265138e-06
7.893750512825858e-06
1.113617970214236e-05
1.567917385135860e-05
2.203524215896528e-05
3.091708805812245e-05
4.326240204819097e-05
6.054258781756327e-05
8.445016723758418e-05
1.176732944601309e-04
1.633263098804105e-04
2.265859802910774e-04
3.127441446824157e-04
4.308622755593773e-04
5.920856302575251e-04
8.122118392523849e-04
1.110798736927166e-03
1.514001806644409e-03
2.058312179587862e-03
2.787632478015753e-03
3.764802516444116e-03
5.073427916950243e-03
6.785665317519480e-03
9.057334932716109e-03
1.203008773299907e-02
1.591325963719509e-02
2.092973633181769e-02
2.748710787740135e-02
3.585986216060508e-02
4.651271110662255e-02
5.993744299615817e-02
7.678007464758685e-02
9.766304029862954e-02
1.232680959982880e-01
1.542427168446914e-01
1.915299409479109e-01
2.355197907544041e-01
2.865509999615611e-01
3.448822923719678e-01
4.098491844935256e-01
4.805188207800010e-01
5.554730046121679e-01
6.320401793077297e-01
7.078066961200923e-01
7.789314962437323e-01
8.428015579883622e-01
8.969464912251562e-01
9.437305570990823e-01
9.999997453610950e-01
9.999999999999855e-01
1.000000000000000e+00
1.000000000000000e+00
1.000000000000000e+00
1.000000000000000e+00
1.000000000000000e+00
1.000000000000000e+00
1.000000000000000e+00
1.000000000000000e+00
###1.520000000000001e+01
-7.004565163604719e-11
4.648290936931555e-11
-9.218078392804774e-11
-2.274711150684724e-11
2.325533187902520e-10
1.736573156712400e-10
1.484486040814516e-10
1.897867131790028e-10
2.083403195024797e-10
2.412701454994751e-10
3.222109947722310e-10
3.381175413366467e-10
4.139204333310237e-10
5.107662882651238e-10
6.461079537816710e-10
8.124710711060507e-10
1.046876954793275e-09
1.381182252169793e-09
1.831298156631655e-09
2.454690184231217e-09
3.328085578325317e-09
4.560572429085973e-09
6.283496732835930e-09
8.760091653290059e-09
1.215383082973422e-08
1.702486302406057e-08
2.393734923709302e-08
3.377024228496362e-08
4.768778618933847e-08
6.755761425829840e-08
9.571672401996264e-08
1.359543031922095e-07
1.930444871118264e-07
2.741478205568430e-07
3.896673531893371e-07
5.536013104827465e-07
7.865036485969404e-07
1.116118138645736e-06
1.584167035211546e-06
2.238493918834767e-06
3.174698062398295e-06
4.489068889205477e-06
6.340869747301741e-06
8.939479832277387e-06
1.259007111377742e-05
1.769652892630210e-05
2.482994830867201e-05
3.477741593185011e-05
4.858132817164061e-05
6.786248804900627e-05
9.448638010529499e-05
1.313878386542544e-04
1.820398800547410e-04
2.520730335355892e-04
3.472619182083241e-04
4.774444331156323e-04
6.547334792771247e-04
8.963444574374879e-04
1.223272794964206e-03
1.663726496846330e-03
2.256991862039993e-03
3.050046711497365e-03
4.109946841456865e-03
5.525952528683341e-03
7.373733604142602e-03
9.818448966034199e-03
1.300944138270444e-02
1.716597699189654e-02
2.251959713519336e-02
2.949642740880098e-02
3.837612405154228e-02
4.963946686371743e-02
6.378079667328768e-02
8.145845023756904e-02
1.032957663504208e-01
1.299577092947046e-01
1.620766360747868e-01
2.005645592239778e-01
2.457470796962410e-01
2.978952145361227e-01
3.571708377068311e-01
4.227986969450815e-01
4.937500538073231e-01
5.685036718867595e-01
6.443353965388221e-01
7.188465246062071e-01
7.882954583353030e-01
8.501950307590334e-01
9.022889181420494e-01
9.469147575838395e-01
9.999997453610950e-01
9.999999999999855e-01
1.000000000000000e+00
1.000000000000000e+00
1.000000000000000e+00
1.000000000000000e+00
1.000000000000000e+00
1.000000000000000e+00
1.000000000000000e+00
1.000000000000000e+00
###1.560000000000001e+01
-6.416111946187278e-11
5.665624676985953e-11
-9.147462322636164e-11
-1.781283640931488e-11
2.362602584888765e-10
1.773055668217313e-10
1.586093151571459e-10
1.996452412872320e-10
2.214085059103714e-10
2.585380875297183e-10
3.326206494194956e-10
3.649842114792006e-10
4.509243008494200e-10
5.562651408644017e-10
7.054517148880955e-10
8.947054456996264e-10
1.159194225299213e-09
1.535405273427046e-09
2.045349450563866e-09
2.753505289757827e-09
3.755923454128610e-09
5.148772408416792e-09
7.117876231918500e-09
9.933690069305488e-09
1.382605272576020e-08
1.939754748819079e-08
2.730940183911580e-08
3.857165102763679e-08
5.450148150888652e-08
7.725042393838704e-08
1.094874390057369e-07
1.554677165232482e-07
2.207016594917831e-07
3.133684586998245e-07
4.450673067035613e-07
6.317713982638616e-07
8.967445610070977e-07
1.271402598248021e-06
1.802607484536783e-06
2.543937815146902e-06
3.603349306696209e-06
5.088144557699605e-06
7.175896168887690e-06
1.010325365440809e-05
1.420507943027274e-05
1.993452504748533e-05
2.792398176758796e-05
3.904447452459849e-05
5.445740722362693e-05
7.592078684374971e-05
1.055126449190080e-04
1.464310449538582e-04
2.025321122891514e-04
2.799060416599950e-04
3.848690213749014e-04
5.280962636925367e-04
7.227787835549061e-04
9.874776740336271e-04
1.344839611803890e-03
1.825310163023692e-03
2.470909609482822e-03
3.331810393871564e-03
4.479759867702963e-03
6.009834546449570e-03
8.000813825678557e-03
1.062834032225209e-02
1.404895592864109e-02
1.849251751702626e-02
2.419822207092041e-02
3.161247913412926e-02
4.101875880472342e-02
5.291336535759550e-02
6.779256314568068e-02
8.632744784507367e-02
1.091381250649223e-01
1.368737557941184e-01
1.701408117813914e-01
2.098311561419724e-01
2.561980996082917e-01
3.094358406107902e-01
3.696263552586990e-01
4.358693582273518e-01
5.070396297314619e-01
5.815346510008190e-01
6.565922822934883e-01
7.297972391288937e-01
7.975605297777209e-01
8.574883081673278e-01
9.075380669503122e-01
9.500340629610432e-01
9.999997453610950e-01
9.999999999999855e-01
1.000000000000000e+00
1.000000000000000e+00
1.000000000000000e+00
1.000000000000000e+00
1.000000000000000e+00
1.000000000000000e+00
1.000000000000000e+00
1.000000000000000e+00
