# NLO BK equation solver 0.0-dev build  (build Oct 13 2025 12:18:44)
# Initial condition: MV model, Q_s0^2 = 0.0879318 GeV^2, \gamma = 2.33765, coefficient of E inside Log is 1, x0=0.01, \Lambda_QCD = 0.241 GeV
# # LO Kernel RC:  Parent dipole. NLO Kernel RC:  Parent dipole
# Nc=3, Nf=4
# Using RungeKutta method in K1
# Resumming double log
# Resumming single log, K_sub=0.65 resum rc: parent
# BK K1 integration relative accuracy: 0.02# NLO BK as^2 terms: MC integration method: Vegas, points=1000000
# Kinematical constraint: none
# Target kinematical constraint: disabled

###1.000000000000000e-05
###1.160836920850890e+00
###100
###1.000000000000000e+00
###0.000000000000000e+00
4.624169670710501e-26
9.179568954394031e-26
1.822014110991853e-25
3.615935725306252e-25
7.175096300237545e-25
1.423545418129552e-24
2.823903960437437e-24
5.600952634229889e-24
1.110722529523902e-23
2.202313913096356e-23
4.365972678928245e-23
8.653844228246460e-23
1.714989424385285e-22
3.398099552751242e-22
6.731795470329589e-22
1.333348529484447e-21
2.640414594474328e-21
5.227738266329676e-21
1.034823605465126e-20
2.047986061023375e-20
4.052221063786508e-20
8.016077212757402e-20
1.585368848924908e-19
3.134695201604076e-19
6.196602654942996e-19
1.224621612199972e-18
2.419561036571563e-18
4.779185832255098e-18
9.437349267561176e-18
1.863034189225933e-17
3.676732360817342e-17
7.253858871934592e-17
1.430663002510385e-16
2.820731693806686e-16
5.559518374245242e-16
1.095362886825169e-15
2.157339763491995e-15
4.247297266574611e-15
8.358607621832601e-15
1.644279477341663e-14
3.233185615295189e-14
6.354647299395729e-14
1.248389720715792e-13
2.451311635474910e-13
4.810915519282432e-13
9.436883450995339e-13
1.850083930803590e-12
3.624983918512930e-12
7.098423187508383e-12
1.389145291006471e-11
2.716763054230920e-11
5.309602291240400e-11
1.036968856301949e-10
2.023717264167062e-10
3.946397985222439e-10
7.689622958218526e-10
1.497091398071985e-09
2.912169107129384e-09
5.659732040558697e-09
1.098936188295045e-08
2.131735598380089e-08
4.131106187388438e-08
7.997621475906676e-08
1.546706979519275e-07
2.988145754027304e-07
5.766856917988266e-07
1.111786887703740e-06
2.141190633420768e-06
4.119582262821080e-06
7.918356559038347e-06
1.520638972218880e-05
2.917883921360609e-05
5.595080978293421e-05
1.072256662731919e-04
2.054055554318035e-04
3.933879470943147e-04
7.533596067079706e-04
1.442867406923010e-03
2.764011820823531e-03
5.295822650599247e-03
1.014569699877232e-02
1.941919898772360e-02
3.706678968083543e-02
7.029091665167908e-02
1.314416488609286e-01
2.389559700476259e-01
4.115931410616712e-01
6.438650608348870e-01
8.666478963228879e-01
9.805729463422030e-01
9.995593300090609e-01
9.999997457115489e-01
9.999999999998970e-01
1.000000000000000e+00
1.000000000000000e+00
1.000000000000000e+00
1.000000000000000e+00
1.000000000000000e+00
1.000000000000000e+00
1.000000000000000e+00
###4.000000000000000e-01
4.770386848817009e-12
-6.591442630502365e-13
4.589987145797445e-13
2.944514256933688e-12
-1.649306513220329e-12
1.843052404128012e-11
-1.916655559556429e-13
-6.279199278476533e-12
-1.444768242137914e-12
3.383873854300116e-12
1.606586281846093e-13
4.277956164721124e-12
1.762228977239351e-12
1.204417513268810e-12
4.310231776669881e-12
2.273246127366183e-12
1.775375480788329e-12
6.374895769169374e-12
6.422565168849237e-12
5.809654061659290e-12
2.745133970256819e-12
9.482168780446247e-12
1.436743105149076e-11
1.335805007259704e-11
2.605766618784876e-11
3.601132553481424e-11
3.072160556459287e-11
5.998659974561296e-11
7.948679684823934e-11
1.091964845414229e-10
1.460291325898734e-10
1.912002682049091e-10
2.585606806988254e-10
3.438332389968795e-10
4.592350115661020e-10
6.035930705932472e-10
7.971455259839677e-10
1.059056305149693e-09
1.384207288787696e-09
1.824878428858861e-09
2.392267712558622e-09
3.117496243173758e-09
4.079221043244339e-09
5.298701264719024e-09
6.865855548256232e-09
8.938087332598444e-09
1.161213055341930e-08
1.517301333536483e-08
1.978293039835460e-08
2.591496921796759e-08
3.436264045450689e-08
4.565156446980916e-08
6.169784005579390e-08
8.454976617097335e-08
1.175763004059577e-07
1.660781694441448e-07
2.377063416926872e-07
3.473388409704472e-07
5.136287737734273e-07
7.734090747358121e-07
1.173161783970246e-06
1.788727307130555e-06
2.777879997933850e-06
4.299070524484405e-06
6.695085981918177e-06
1.044567975307197e-05
1.638076772348043e-05
2.567875446796621e-05
4.041646584416523e-05
6.399296161475533e-05
1.012983447374465e-04
1.607652409225164e-04
2.570041720846209e-04
4.145942246472458e-04
6.729445221954403e-04
1.102210357881799e-03
1.824929321549279e-03
3.057021082500873e-03
5.175676604842459e-03
8.885727009229462e-03
1.541211594570214e-02
2.699000282236907e-02
4.762368978256433e-02
8.418865403603207e-02
1.479538854560037e-01
2.549436693585357e-01
4.196854625364990e-01
6.348394733661378e-01
8.407204042795049e-01
9.556812792376231e-01
9.881354270963717e-01
9.999997457115489e-01
9.999999999998970e-01
1.000000000000000e+00
1.000000000000000e+00
1.000000000000000e+00
1.000000000000000e+00
1.000000000000000e+00
1.000000000000000e+00
1.000000000000000e+00
###8.000000000000000e-01
9.613377566024735e-12
2.521837668887629e-12
3.250596412341624e-12
5.647688214726024e-12
-9.189211541845067e-12
4.978114769157977e-11
8.310434489185776e-13
-6.642795400947826e-12
-6.984767651172759e-13
1.240535816010801e-12
2.179523041765313e-12
9.040344205933273e-13
4.103008262714670e-12
2.835727343913456e-12
6.465833550942120e-12
5.464014591974985e-12
7.156176690579700e-12
1.212255998726736e-11
1.673050002509695e-11
1.056474223563049e-11
9.267988293595713e-12
2.176613965916898e-11
2.885615725698505e-11
3.136749835999892e-11
5.548355688534553e-11
7.117909793905401e-11
7.842227994033505e-11
1.269992037349662e-10
1.660944842588528e-10
2.239965147647231e-10
3.027651265965121e-10
3.988083999646537e-10
5.348138696906484e-10
7.088526715734640e-10
9.438372118292478e-10
1.237889131132904e-09
1.640081783759408e-09
2.168862136094373e-09
2.831836855452784e-09
3.729454272274357e-09
4.904451875277606e-09
6.353704057066588e-09
8.349666326492863e-09
1.095074213147399e-08
1.415803607598660e-08
1.857466728243694e-08
2.418920707106388e-08
3.197052824464482e-08
4.208269141377154e-08
5.582467129202587e-08
7.488352478479181e-08
1.013928167265434e-07
1.389549042310424e-07
1.931054052217026e-07
2.715673138999933e-07
3.909460297826635e-07
5.655140522459185e-07
8.325064122122236e-07
1.236600482026570e-06
1.858426080117848e-06
2.813837669183037e-06
4.261811458198497e-06
6.562950499459465e-06
1.005542843202439e-05
1.546251560431771e-05
2.375793273907601e-05
3.669856317651716e-05
5.645403513007481e-05
8.727014665910184e-05
1.350522298445980e-04
2.084454092912277e-04
3.222539122429378e-04
4.993489733086389e-04
7.781432556236149e-04
1.217398546612615e-03
1.912117377195031e-03
3.029332906273419e-03
4.834630935332947e-03
7.790033005356119e-03
1.268875577823256e-02
2.087887473757583e-02
3.468424212848536e-02
5.809963789010111e-02
9.766713669922664e-02
1.635994283522961e-01
2.698031008579517e-01
4.272771975743146e-01
6.275601135984096e-01
8.190209321026367e-01
9.341321232162716e-01
9.771970651625483e-01
9.999997457115489e-01
9.999999999998970e-01
1.000000000000000e+00
1.000000000000000e+00
1.000000000000000e+00
1.000000000000000e+00
1.000000000000000e+00
1.000000000000000e+00
1.000000000000000e+00
###1.200000000000000e+00
2.840580262957031e-12
3.139483536189374e-12
-9.601158745005457e-12
-2.131795562532557e-11
-7.074792013163528e-12
4.476663606922561e-11
8.531995652029549e-12
-5.636991408186557e-12
-1.833187215035196e-15
-9.299557962267326e-12
4.973587302861108e-12
8.156355878230592e-13
8.568742558707299e-12
4.702931845829006e-12
1.926651323328225e-11
9.804963857483174e-12
1.042768490464569e-11
1.231538359531058e-11
2.095047890315844e-11
1.640979618571687e-11
2.104098123540213e-11
3.664601958457152e-11
4.818813701835480e-11
5.367462864827001e-11
8.368976546922570e-11
1.128513327357979e-10
1.383177516021469e-10
1.970526665608898e-10
2.572328786409407e-10
3.461875185877829e-10
4.648012179523794e-10
6.231516782714052e-10
8.293021988337603e-10
1.096932840540334e-09
1.449768111454329e-09
1.911320552391460e-09
2.527827178585644e-09
3.332694538885166e-09
4.374965113104136e-09
5.738386580000144e-09
7.542040212766100e-09
9.827454151087389e-09
1.288681192759834e-08
1.702173029422949e-08
2.214379689366515e-08
2.922555304233627e-08
3.823179292411090e-08
5.116469209928336e-08
6.796491960403641e-08
9.131642038836655e-08
1.242993961400567e-07
1.703201822130615e-07
2.373498889334059e-07
3.340518603183859e-07
4.767613670901334e-07
6.896197925053504e-07
1.008069203858967e-06
1.491163275079974e-06
2.218660872275565e-06
3.332476375137590e-06
5.027414441423260e-06
7.588233720058405e-06
1.159495301748221e-05
1.765531248062660e-05
2.690959729967418e-05
4.095773318018374e-05
6.262690502045176e-05
9.529875736919214e-05
1.454446436056350e-04
2.220101356577146e-04
3.382868238478344e-04
5.154542574798546e-04
7.851448289433810e-04
1.200246771900356e-03
1.840010766012677e-03
2.824586998182425e-03
4.365615984290897e-03
6.777852148899003e-03
1.059337224286171e-02
1.669755146893467e-02
2.652929397681750e-02
4.248112365375200e-02
6.847560281717113e-02
1.107670014883866e-01
1.785055481859825e-01
2.837197142566530e-01
4.345702418503517e-01
6.218881024038595e-01
8.009511832181001e-01
9.154956491088936e-01
9.669608148287584e-01
9.999997457115489e-01
9.999999999998970e-01
1.000000000000000e+00
1.000000000000000e+00
1.000000000000000e+00
1.000000000000000e+00
1.000000000000000e+00
1.000000000000000e+00
1.000000000000000e+00
###1.600000000000000e+00
-1.551879489313342e-10
1.108189201049417e-11
-5.973173510654267e-11
-2.689316398890046e-11
-9.670090357062280e-12
4.316960009200991e-11
9.563945018861652e-12
1.209605895920803e-11
3.997625051825832e-12
-4.382278191762073e-12
3.611809325876960e-12
3.501748160034393e-12
1.604859254324449e-11
4.620520113826955e-12
2.041929041618988e-11
1.548847336695435e-11
1.666565242236047e-11
1.731467952293890e-11
2.952590593818083e-11
3.332680584438574e-11
3.198650919955132e-11
5.056089941140235e-11
6.884598274935942e-11
7.817949207284739e-11
1.164065133828190e-10
1.566143355509875e-10
1.977881921306476e-10
2.730405050606730e-10
3.574291504381421e-10
4.808154647120390e-10
6.433548647892586e-10
8.579297514209219e-10
1.140571710410977e-09
1.507909893751445e-09
1.987227562341895e-09
2.630564809650489e-09
3.469597292251643e-09
4.568954061541433e-09
6.018649326989464e-09
7.868820837807800e-09
1.039584242961898e-08
1.355357162224208e-08
1.785238728928853e-08
2.364593031734552e-08
3.103605645615518e-08
4.118906097433589e-08
5.437605589043031e-08
7.364361563547846e-08
9.879418505962850e-08
1.346116559659629e-07
1.850886260728301e-07
2.568921106312575e-07
3.626241074826708e-07
5.159324635087302e-07
7.426534105004196e-07
1.083322595566950e-06
1.591088913384661e-06
2.360066234490548e-06
3.510336487543809e-06
5.259550804814017e-06
7.920740260066142e-06
1.191958563066604e-05
1.802402850781834e-05
2.736678472265899e-05
4.140161939142109e-05
6.259403017209906e-05
9.479671169464741e-05
1.431070174951489e-04
2.160427568475001e-04
3.263219917129323e-04
4.923053700992769e-04
7.418259833751762e-04
1.116004973835096e-03
1.682972856831047e-03
2.543278821110697e-03
3.840950830190608e-03
5.834331186789434e-03
8.881135237152641e-03
1.358184800433397e-02
2.090276460403311e-02
3.235723196557118e-02
5.037363177736377e-02
7.878147680581732e-02
1.235321232802233e-01
1.927885976991603e-01
2.968751218260806e-01
4.416590691158482e-01
6.176474353400314e-01
7.859556332668881e-01
8.994636725626106e-01
9.575614573779355e-01
9.999997457115489e-01
9.999999999998970e-01
1.000000000000000e+00
1.000000000000000e+00
1.000000000000000e+00
1.000000000000000e+00
1.000000000000000e+00
1.000000000000000e+00
1.000000000000000e+00
###2.000000000000000e+00
-1.563505312528893e-10
2.173395246272651e-11
-5.145453000860542e-11
-2.795982208614229e-11
-9.325116238832170e-12
3.985261575253442e-11
2.744894213242532e-11
1.678715039352164e-11
9.530465547060341e-12
-1.876237843983976e-12
7.074056518322485e-12
5.705587130318464e-12
1.933590746749010e-11
9.273899678296432e-12
2.344352716423906e-11
2.165536468883927e-11
2.040064548506589e-11
1.728847061677862e-11
3.683799686777089e-11
4.516021238471924e-11
4.480780461791477e-11
6.593520790473851e-11
8.864450781751753e-11
1.049296257061832e-10
1.510944991150307e-10
2.026369451502334e-10
2.599100573727085e-10
3.507912383148980e-10
4.666171111262894e-10
6.213599863854545e-10
8.324679167751827e-10
1.109787660916148e-09
1.471328611036119e-09
1.944484872955283e-09
2.568109401399318e-09
3.392476549275562e-09
4.472069806732665e-09
5.894591653899457e-09
7.774708978765205e-09
1.017159301635516e-08
1.346023848245003e-08
1.768223028437193e-08
2.336873659856363e-08
3.106465634239753e-08
4.113649186385668e-08
5.502269631654459e-08
7.350667032251812e-08
1.003302720954263e-07
1.359290139815489e-07
1.874548842512351e-07
2.604380875198877e-07
3.656642191633936e-07
5.212739824385490e-07
7.480917615520141e-07
1.084463519285250e-06
1.588381166689556e-06
2.343007543762641e-06
3.480497123357813e-06
5.166889227180911e-06
7.728070129721616e-06
1.160570162559649e-05
1.739358046320896e-05
2.615548781085601e-05
3.946527067571459e-05
5.935003845692021e-05
8.907591609610259e-05
1.338426666118543e-04
2.006417139346160e-04
3.001036695287198e-04
4.494821195510317e-04
6.722804476185898e-04
1.003138725470381e-03
1.494114694202221e-03
2.228693759153958e-03
3.328739421013678e-03
4.962514322596038e-03
7.436156891653881e-03
1.114341010802929e-02
1.675290091816394e-02
2.529691654638022e-02
3.836894479545990e-02
5.836112656555823e-02
8.903433317468223e-02
1.359989683759170e-01
2.065188542751880e-01
3.094079223016259e-01
4.486598061648669e-01
6.147161294019052e-01
7.736789093428877e-01
8.857691679340326e-01
9.490550083652561e-01
9.999997457115489e-01
9.999999999998970e-01
1.000000000000000e+00
1.000000000000000e+00
1.000000000000000e+00
1.000000000000000e+00
1.000000000000000e+00
1.000000000000000e+00
1.000000000000000e+00
###2.400000000000000e+00
-1.533623298849678e-10
3.861176246700718e-11
-4.972598819775412e-11
-2.975676151249885e-11
-8.979366980320619e-12
3.359080241722875e-11
2.787996939828728e-11
1.672834149667889e-11
7.984841370179269e-12
1.322779859934103e-11
1.212114411430632e-11
8.349318435059877e-12
6.146115535483466e-12
1.235720779192793e-11
2.597052125340011e-11
2.580197194795859e-11
2.385733564657234e-11
1.792797664598608e-11
4.572794523292533e-11
5.272087515388709e-11
5.872284833702667e-11
7.805588253253693e-11
1.088136959414200e-10
1.231663150558967e-10
1.893629883694012e-10
2.546575979599267e-10
3.254859666951811e-10
4.387459299850850e-10
5.825222273593024e-10
7.746736659926378e-10
1.034999951907723e-09
1.375323264630152e-09
1.824379225978925e-09
2.414655076214671e-09
3.180931377124907e-09
4.210797649952656e-09
5.549985363567030e-09
7.314958320169484e-09
9.687367380635904e-09
1.270189226737497e-08
1.684467001845866e-08
2.226119522444030e-08
2.958479089472091e-08
3.954449790988716e-08
5.286165829432888e-08
7.134060889724925e-08
9.630305386828326e-08
1.323898633189018e-07
1.813184962506435e-07
2.525594396532659e-07
3.546559219725981e-07
5.021869316961801e-07
7.219021160801673e-07
1.044556743316220e-06
1.519904464618073e-06
2.231819652846705e-06
3.297062982595908e-06
4.900167067106722e-06
7.267297676327954e-06
1.082839355598976e-05
1.620303837969268e-05
2.417448212031057e-05
3.617692682140082e-05
5.425329194600001e-05
8.107467443989197e-05
1.209496909777283e-04
1.804253851069483e-04
2.685110995520903e-04
3.987119383086032e-04
5.926632615619306e-04
8.795861937780169e-04
1.301577616973248e-03
1.921590295167842e-03
2.839297525571638e-03
4.198913766590599e-03
6.191600950738096e-03
9.170990267043388e-03
1.356399630990128e-02
2.010305005429008e-02
2.987084262109574e-02
4.454463165817259e-02
6.643811296374115e-02
9.923962094145075e-02
1.482163382108665e-01
2.197839045537940e-01
3.214467974526737e-01
4.556554784561634e-01
6.129803634182518e-01
7.637520221246210e-01
8.741547957110628e-01
9.414812420161467e-01
9.999997457115489e-01
9.999999999998970e-01
1.000000000000000e+00
1.000000000000000e+00
1.000000000000000e+00
1.000000000000000e+00
1.000000000000000e+00
1.000000000000000e+00
1.000000000000000e+00
###2.800000000000000e+00
-2.085497798243885e-10
9.510739596631500e-11
-4.963485526447970e-11
-2.865786192438367e-11
-8.284497637872042e-12
3.277462411646045e-11
2.994195553586090e-13
-1.088161966698599e-12
6.755582262290033e-12
1.762046304415627e-11
2.429559496204171e-11
1.185230666109789e-11
1.132797620575732e-11
1.532673722906031e-11
2.904387566679872e-11
3.244125399252792e-11
3.053236815654538e-11
1.853694817381292e-11
5.415122706146316e-11
6.483897531559249e-11
7.358106860981563e-11
9.950579985211518e-11
1.300681972348398e-10
1.561974658173698e-10
2.248439473536100e-10
3.074031415723022e-10
3.974276284769082e-10
5.343117516429797e-10
7.121344928623855e-10
9.403225623420371e-10
1.252791850559013e-09
1.663019257011427e-09
2.205636710231828e-09
2.917620791229079e-09
3.840103433823317e-09
5.105450837537693e-09
6.725027427425743e-09
8.874538673257407e-09
1.179748451021024e-08
1.552804037028935e-08
2.066047616038732e-08
2.748106826426265e-08
3.670973269568479e-08
4.937609763004581e-08
6.659187922639608e-08
9.066361747366999e-08
1.236621478364723e-07
1.714245450954846e-07
2.367422101843168e-07
3.328454454693960e-07
4.716726710505582e-07
6.728937934110070e-07
9.734945719401705e-07
1.415023657182551e-06
2.066207340567122e-06
3.036812007982746e-06
4.487300790866850e-06
6.663892726565588e-06
9.854925643104574e-06
1.464200309331052e-05
2.183797289244417e-05
3.242682862811619e-05
4.830999772314774e-05
7.202729764410533e-05
1.070289744920566e-04
1.587179609164283e-04
2.352318509089838e-04
3.478205273499346e-04
5.129633040537579e-04
7.573049392573409e-04
1.115977942436280e-03
1.639049634996712e-03
2.400656465225665e-03
3.517085484878378e-03
5.155575955892813e-03
7.530731498304537e-03
1.103956985396744e-02
1.614337213525646e-02
2.362782836684866e-02
3.462576997120704e-02
5.087589085895546e-02
7.460118731707512e-02
1.094236317232333e-01
1.602136685786201e-01
2.326622207173600e-01
3.330905497917825e-01
4.627135021028644e-01
6.123291142557634e-01
7.558786653590549e-01
8.644081571683913e-01
9.348338168397988e-01
9.999997457115489e-01
9.999999999998970e-01
1.000000000000000e+00
1.000000000000000e+00
1.000000000000000e+00
1.000000000000000e+00
1.000000000000000e+00
1.000000000000000e+00
1.000000000000000e+00
###3.200000000000000e+00
-2.065005078637829e-10
1.001355765766769e-10
-4.015897405191951e-11
-2.781915455798864e-11
-1.781631832363330e-11
2.911303380548146e-11
9.512455212636223e-12
4.908777703202720e-12
4.157402574245343e-12
1.038279466485279e-11
2.237642751057125e-11
1.733931771482171e-11
1.677092878286735e-11
1.527818637981787e-11
3.308910381811436e-11
3.552040409936477e-11
3.680162540277177e-11
2.229047872942395e-11
6.626943500114487e-11
7.566464573950561e-11
8.794142660936769e-11
1.189739109743003e-10
1.533706018422619e-10
1.877263973040354e-10
2.773970312730562e-10
3.644157721651652e-10
4.720508356866907e-10
6.345152580924408e-10
8.469243007757247e-10
1.115934787423238e-09
1.484909406908504e-09
1.972509990317680e-09
2.614165661880727e-09
3.462526512282935e-09
4.555528427037628e-09
6.074115046625396e-09
8.014811726845734e-09
1.059414262193843e-08
1.413914465531137e-08
1.868543341172576e-08
2.497852152655688e-08
3.343014987346763e-08
4.500470310579483e-08
6.092895323158716e-08
8.289136578726355e-08
1.136793727732078e-07
1.566097803224794e-07
2.187708585462533e-07
3.055821959874166e-07
4.318918209181892e-07
6.166911677064206e-07
8.853583911791885e-07
1.285196611244532e-06
1.877498112105139e-06
2.742496273375867e-06
4.032109391789784e-06
5.953472700128969e-06
8.826396289024181e-06
1.301575244112262e-05
1.928542876664705e-05
2.864008359289054e-05
4.234815522244963e-05
6.278897897119990e-05
9.313158700823271e-05
1.375835796117994e-04
2.029788522663477e-04
2.988760602849333e-04
4.394727349819794e-04
6.440564727436659e-04
9.448804328232948e-04
1.383155529145102e-03
2.017077478000678e-03
2.934295056702284e-03
4.264838798278255e-03
6.201698254176479e-03
8.985317627506758e-03
1.304243173337382e-02
1.887888508068912e-02
2.732699584456360e-02
3.956472632166019e-02
5.735987473118135e-02
8.286166207043369e-02
1.195867213055049e-01
1.720370355281264e-01
2.452141501502165e-01
3.444288852178289e-01
4.698774924550496e-01
6.126518635824415e-01
7.498054042114707e-01
8.563516097443504e-01
9.290982746533483e-01
9.999997457115489e-01
9.999999999998970e-01
1.000000000000000e+00
1.000000000000000e+00
1.000000000000000e+00
1.000000000000000e+00
1.000000000000000e+00
1.000000000000000e+00
1.000000000000000e+00
###3.600000000000000e+00
-2.091967217004754e-10
9.988737985644445e-11
-4.028216502080131e-11
-1.709171019170596e-11
-1.277759336341877e-11
2.480779310993108e-11
1.892103004949188e-11
6.015563723944696e-12
4.731138343165180e-12
-2.754867948413196e-11
2.495162351970330e-11
2.436326204825760e-11
2.079540292703470e-11
1.102198334810876e-11
3.560241353697933e-11
4.479982503571463e-11
4.652197205516878e-11
3.320822322433875e-11
7.453004341456200e-11
8.896340946389786e-11
1.039387317192021e-10
1.406274244425738e-10
1.829856923971158e-10
2.259451181364210e-10
3.247010316684566e-10
4.272527571044972e-10
5.562092645476006e-10
7.469067675664572e-10
9.901689960162427e-10
1.305427376499108e-09
1.735815911613433e-09
2.303955516771526e-09
3.057948832363593e-09
4.055793672351773e-09
5.355597626699785e-09
7.138767604206552e-09
9.441935464498307e-09
1.251735409555219e-08
1.679615480012272e-08
2.229479185300033e-08
2.992190927171421e-08
4.036760229748939e-08
5.467397876294229e-08
7.458485325846750e-08
1.022814502597593e-07
1.413930285200405e-07
1.964951346024640e-07
2.765492344332716e-07
3.897041535061130e-07
5.534007801440026e-07
7.946512225727344e-07
1.146795587653740e-06
1.668226246215474e-06
2.443724685807168e-06
3.570627605933049e-06
5.248220834768320e-06
7.741562748478782e-06
1.144469881631851e-05
1.682954981121253e-05
2.485029902038198e-05
3.677033897309296e-05
5.413427440912562e-05
7.991551157054622e-05
1.179205584758419e-04
1.732499595067115e-04
2.542957286838065e-04
3.721981118636673e-04
5.444252267340928e-04
7.932674429999328e-04
1.156893755665357e-03
1.682976456492215e-03
2.438311570602625e-03
3.523698777997805e-03
5.085509244711944e-03
7.339043356600590e-03
1.055363330775151e-02
1.518297085280843e-02
2.177261768195360e-02
3.120055077899145e-02
4.468075813800063e-02
6.399753422265937e-02
9.121528933991054e-02
1.297380361785701e-01
1.837133398224981e-01
2.575109842425401e-01
3.555270377726319e-01
4.771710891050197e-01
6.138671382908626e-01
7.453156033159437e-01
8.498066646091157e-01
9.242288924764570e-01
9.999997457115489e-01
9.999999999998970e-01
1.000000000000000e+00
1.000000000000000e+00
1.000000000000000e+00
1.000000000000000e+00
1.000000000000000e+00
1.000000000000000e+00
1.000000000000000e+00
###4.000000000000000e+00
-2.092171520291377e-10
1.006409647983824e-10
-4.167785755758164e-11
-1.583042836558420e-11
-1.062139694060074e-11
2.630416321177200e-11
2.816701506401401e-11
6.864836420965436e-12
1.078516749880033e-11
-2.231007797036178e-11
2.570643506499406e-11
2.627645001570584e-11
2.180380175008330e-11
1.518917173913345e-11
4.444322478848745e-11
5.252210249645742e-11
5.871248830674470e-11
4.495360796707190e-11
8.428968254404943e-11
9.938347297488494e-11
1.242798988211893e-10
1.636280131962404e-10
2.121370229112549e-10
2.705941460161022e-10
3.740075064539901e-10
4.919494009286990e-10
6.436800594074068e-10
8.572494749401584e-10
1.145290978653615e-09
1.510371568394859e-09
2.003456892480107e-09
2.669139658774811e-09
3.543974184851124e-09
4.702196231696625e-09
6.223716003001552e-09
8.320244982897199e-09
1.103445911831596e-08
1.469009070148019e-08
1.981342985060337e-08
2.642582828810200e-08
3.568608498770559e-08
4.846129440643885e-08
6.609719277406831e-08
9.075929902188157e-08
1.255861508766683e-07
1.748564592608121e-07
2.450185261178793e-07
3.467751030187652e-07
4.919043517394685e-07
7.016458596159035e-07
1.011976465509978e-06
1.466152934806646e-06
2.135630384568038e-06
3.129265242786380e-06
4.572303799994802e-06
6.715533471316585e-06
9.891111128944025e-06
1.457675572153686e-05
2.138450991534725e-05
3.146622901986068e-05
4.638190424714820e-05
6.798260063806184e-05
9.995862171014689e-05
1.467491006680977e-04
2.145000388871212e-04
3.133348403949731e-04
4.561219371158842e-04
6.637333152354305e-04
9.616584493384211e-04
1.394615929549802e-03
2.017178894183874e-03
2.904406292556157e-03
4.171820847708408e-03
5.982373302766172e-03
8.570836737867621e-03
1.223634074716205e-02
1.745494413125194e-02
2.482634039313459e-02
3.524741630997452e-02
4.997005628528951e-02
7.078694131778172e-02
9.966956335653210e-02
1.399029254998052e-01
1.952723694740354e-01
2.695943646200049e-01
3.664725120319442e-01
4.846508308377238e-01
6.158962630389302e-01
7.422167670129028e-01
8.446118336141855e-01
9.201718424786461e-01
9.999997457115489e-01
9.999999999998970e-01
1.000000000000000e+00
1.000000000000000e+00
1.000000000000000e+00
1.000000000000000e+00
1.000000000000000e+00
1.000000000000000e+00
1.000000000000000e+00
###4.399999999999999e+00
-2.087391793952338e-10
1.019983169106002e-10
-4.139132089913623e-11
-1.587924646543996e-11
-6.713222773381900e-12
3.309706858890920e-11
3.311694469705765e-11
-2.207858045522665e-11
8.739159975804083e-12
-1.931726306379386e-11
2.841899471149147e-11
3.055934490849514e-11
2.347715873729943e-11
1.506397963503842e-11
4.738812878100155e-11
5.702067648385607e-11
6.496333483137982e-11
5.854080274235768e-11
9.544587645517628e-11
1.136377295449919e-10
1.436192472019475e-10
1.885289928900547e-10
2.452509040369933e-10
3.130973280752365e-10
4.293093606123279e-10
5.638008202601486e-10
7.388316322028480e-10
9.853095588077470e-10
1.312603946822833e-09
1.733426908080518e-09
2.301514674677058e-09
3.066078354190269e-09
4.076796383063142e-09
5.415090464116511e-09
7.186728521539431e-09
9.648359728752544e-09
1.283786121222143e-08
1.715976029415408e-08
2.324226311274543e-08
3.122878302491766e-08
4.245594363313421e-08
5.801079571752467e-08
7.966368393326288e-08
1.098515482649709e-07
1.535058482863817e-07
2.152083003034157e-07
3.036400570546553e-07
4.320246051216895e-07
6.158427018702123e-07
9.008915113292280e-07
1.275842965509806e-06
1.853096530671344e-06
2.699334225037021e-06
3.955437640193819e-06
5.773877736911853e-06
8.471789339144209e-06
1.245497710359690e-05
1.828292607129949e-05
2.677066340689401e-05
3.924912124618994e-05
5.763358373463339e-05
8.414338530912694e-05
1.231977854350511e-04
1.800346566534458e-04
2.618936235769599e-04
3.807148002720570e-04
5.515856205776572e-04
7.982833386142125e-04
1.150720196850588e-03
1.659702809023592e-03
2.386571694116055e-03
3.417681787299702e-03
4.880675340930030e-03
6.956629111942996e-03
9.898407585803435e-03
1.403657691658867e-02
1.986620025385824e-02
2.803854616873783e-02
3.946815380892090e-02
5.543593451975215e-02
7.772685186440700e-02
1.082236281208136e-01
1.500790857269182e-01
2.067429281251572e-01
2.815146538838328e-01
3.772947807554204e-01
4.923116288858576e-01
6.186920279591412e-01
7.403701563238759e-01
8.406239071476361e-01
9.168830057012148e-01
9.999997457115489e-01
9.999999999998970e-01
1.000000000000000e+00
1.000000000000000e+00
1.000000000000000e+00
1.000000000000000e+00
1.000000000000000e+00
1.000000000000000e+00
1.000000000000000e+00
###4.800000000000000e+00
-1.943768284869716e-10
1.103904489292968e-10
-4.371601162364600e-11
-2.041964597976924e-11
-8.125051860671524e-12
3.301403459727288e-11
3.491061466784723e-11
-2.107148516818470e-11
8.969801335923466e-12
-1.380390889365957e-11
3.286759530122050e-11
4.523350028226333e-11
3.073176907138327e-11
2.145438694963628e-11
5.792637676511256e-11
6.270283759783736e-11
7.253915394989117e-11
7.408467029861732e-11
1.071119880577967e-10
1.314291164053429e-10
1.670603607080853e-10
2.302992006151204e-10
2.831228517875748e-10
3.593716016114445e-10
4.910898980772958e-10
6.426766102168473e-10
8.437210177708912e-10
1.124909608039953e-09
1.486342839639688e-09
1.971973949244258e-09
2.630196845393980e-09
3.524805342122519e-09
4.714316925834130e-09
6.213516358901381e-09
8.281663945329431e-09
1.115177876800254e-08
1.490333995693378e-08
2.001588081510941e-08
2.718411790524558e-08
3.685254006034816e-08
5.042954052471550e-08
6.936783282062537e-08
9.584385371368336e-08
1.331443476142875e-07
1.870338027803129e-07
2.638461578687146e-07
3.743046398508442e-07
5.349480112998382e-07
7.657686416884403e-07
1.115774160516158e-06
1.595356167419280e-06
2.318834742015786e-06
3.377686746287079e-06
4.943909103535661e-06
7.207247157694697e-06
1.055847741605257e-05
1.547921390808846e-05
2.265133600656293e-05
3.308435321970260e-05
4.833337214522050e-05
7.068265562665935e-05
1.028702808324830e-04
1.499579602370209e-04
2.181691804218923e-04
3.159024585763808e-04
4.571441610353983e-04
6.592223855397200e-04
9.492831941535653e-04
1.361710252999936e-03
1.954063769569928e-03
2.794352472118561e-03
3.980647944584925e-03
5.653079636127231e-03
8.010798184016725e-03
1.132634494164610e-02
1.595826481574885e-02
2.241894806578529e-02
3.141223794767800e-02
4.386313380841501e-02
6.107065101476747e-02
8.479429902116170e-02
1.168881874568730e-01
1.602939917492137e-01
2.181648641396355e-01
2.933128831187246e-01
3.880384327570850e-01
5.001652679563368e-01
6.221507640543756e-01
7.396209120227983e-01
8.377267492693310e-01
9.143111012972858e-01
9.999997457115489e-01
9.999999999998970e-01
1.000000000000000e+00
1.000000000000000e+00
1.000000000000000e+00
1.000000000000000e+00
1.000000000000000e+00
1.000000000000000e+00
1.000000000000000e+00
###5.200000000000000e+00
-1.944293483684370e-10
1.042785568412924e-10
-1.589554347518803e-11
-2.181247419209064e-11
-2.877572345271315e-12
3.524752154751259e-11
3.658676755206285e-11
-1.510789550165670e-11
1.461148991159159e-11
-1.941285056410380e-12
3.663911515139590e-11
4.906347069453637e-11
4.001000881912496e-11
3.065590434127497e-11
6.649311867937414e-11
7.190900419999691e-11
8.448436081093646e-11
8.921360754207166e-11
1.233654166536300e-10
1.523243808179902e-10
1.897030316417201e-10
2.612843336591882e-10
3.232142695630883e-10
4.113305948074170e-10
5.561692640592636e-10
7.292196961403131e-10
9.589956956599812e-10
1.277224026229441e-09
1.689212026635443e-09
2.242748140387316e-09
2.997318353416767e-09
4.015655871062778e-09
5.370423093711691e-09
7.112556027250502e-09
9.521515484052117e-09
1.285028270119423e-08
1.726835189545854e-08
2.335455517070642e-08
3.184506559086953e-08
4.345823901600941e-08
5.982880307404178e-08
8.276106493787763e-08
1.150678927449190e-07
1.609308780800486e-07
2.273159796837733e-07
3.223459394726938e-07
4.595270716497354e-07
6.584554496779975e-07
9.454665112417783e-07
1.373802303643011e-06
1.979244469357004e-06
2.875199980518707e-06
4.185055473783543e-06
6.115778808928207e-06
8.905631339392060e-06
1.301568990873999e-05
1.901476784643471e-05
2.776358000359730e-05
4.044008485812208e-05
5.887364939693061e-05
8.575100413797719e-05
1.243867600934424e-04
1.805438246886619e-04
2.615903339827898e-04
3.771387910285731e-04
5.434073736956791e-04
7.800650195988736e-04
1.117890274859281e-03
1.595977406286635e-03
2.279154569501236e-03
3.242333346626086e-03
4.595395719022877e-03
6.491173955170389e-03
9.147903195722094e-03
1.285608596491214e-02
1.800039939865686e-02
2.511734714068732e-02
3.494733197289898e-02
4.843081021596640e-02
6.688290481709362e-02
9.201237174320970e-02
1.256588899791980e-01
1.705446841619794e-01
2.295461632479905e-01
3.050327441665175e-01
3.987653055293434e-01
5.082259794703735e-01
6.262270103082634e-01
7.398447429421042e-01
8.358151357757840e-01
9.123969049024601e-01
9.999997457115489e-01
9.999999999998970e-01
1.000000000000000e+00
1.000000000000000e+00
1.000000000000000e+00
1.000000000000000e+00
1.000000000000000e+00
1.000000000000000e+00
1.000000000000000e+00
###5.600000000000001e+00
-1.918067721653018e-10
1.063758679858818e-10
-3.231774414725546e-11
-2.069978390151098e-11
-8.679870436166925e-14
3.262304943691825e-11
3.759010189173122e-11
-1.194894930905867e-11
2.906445198316257e-11
9.620682393434457e-13
4.059429784481201e-11
5.366869219420060e-11
4.748875546620162e-11
3.502183813551102e-11
7.444280944327520e-11
8.272115184914426e-11
8.450148068928635e-11
1.233367366952412e-10
1.397310693260318e-10
1.705180274829054e-10
2.162832907430157e-10
2.922549704099182e-10
3.653289403643971e-10
4.623786116038452e-10
6.265078033883811e-10
8.229632824931885e-10
1.083040897932766e-09
1.443369264653366e-09
1.916165432842634e-09
2.538917645089764e-09
3.396828247720039e-09
4.556886910597784e-09
6.108191837098264e-09
8.132338634576179e-09
1.092569674822431e-08
1.480123936063325e-08
2.000717255346642e-08
2.722422869930786e-08
3.731004734165933e-08
5.122238737657036e-08
7.099467378370362e-08
9.868327192946475e-08
1.380150378246549e-07
1.941135593853529e-07
2.754209886978843e-07
3.923235553760984e-07
5.610746612554273e-07
8.058086429453581e-07
1.159810626466969e-06
1.684369270592236e-06
2.432589128864365e-06
3.534887866849162e-06
5.139840792547085e-06
7.498493085662676e-06
1.090117832146275e-05
1.588872750471786e-05
2.313977081858701e-05
3.369981004601631e-05
4.894949029022882e-05
7.102015646773178e-05
1.030616074960882e-04
1.489899362654419e-04
2.153568204887828e-04
3.108088230425264e-04
4.461845394743905e-04
6.401798852347611e-04
9.150344816612104e-04
1.305241451340349e-03
1.855031966026588e-03
2.636769036335768e-03
3.732598436710481e-03
5.264242980123452e-03
7.398314537521433e-03
1.037030628644463e-02
1.449043123710626e-02
2.016616539412143e-02
2.796218361623252e-02
3.864754424805442e-02
5.317415641879723e-02
7.286797445127008e-02
9.939033420421466e-02
1.345524938585164e-01
1.808519377887145e-01
2.409140736242413e-01
3.166908579894465e-01
4.094804472562233e-01
5.165132441823482e-01
6.308784393862696e-01
7.409404021281036e-01
8.347931390233572e-01
9.110770083370394e-01
9.999997457115489e-01
9.999999999998970e-01
1.000000000000000e+00
1.000000000000000e+00
1.000000000000000e+00
1.000000000000000e+00
1.000000000000000e+00
1.000000000000000e+00
1.000000000000000e+00
###6.000000000000001e+00
-2.030073849677288e-10
8.271889599502948e-11
-2.621379240476117e-11
-1.821641446828098e-11
1.755233653987409e-12
3.240808978648345e-11
3.802453932562915e-11
-1.192790284594186e-11
3.424064062026358e-11
7.433582736094426e-12
4.443265182001229e-11
5.743589810852651e-11
4.364767401248652e-11
3.818085856057767e-11
7.805017532314500e-11
9.139398760571593e-11
9.130501356173971e-11
1.352143708845862e-10
1.540496789970724e-10
1.912504372465315e-10
2.431812311255651e-10
3.249432356437851e-10
4.089164495126084e-10
5.209561680363495e-10
6.982753563848495e-10
9.266530317718082e-10
1.217616544333268e-09
1.624440968328552e-09
2.159512732602439e-09
2.870429590264503e-09
3.842292817877709e-09
5.164712057269660e-09
6.942304698858585e-09
9.291537582862544e-09
1.253839304089991e-08
1.705680463345712e-08
2.319723263270535e-08
3.178017737009345e-08
4.369994516510215e-08
6.038947009245853e-08
8.415938470963519e-08
1.176596606004409e-07
1.652948430223990e-07
2.336246191258900e-07
3.327907018884533e-07
4.757845583337820e-07
6.819040026986425e-07
9.809516305806884e-07
1.414051720779471e-06
2.049051371417696e-06
2.967981171342654e-06
4.311600251445151e-06
6.260614058501532e-06
9.116525289210831e-06
1.323046638175752e-05
1.923298891367510e-05
2.794179764519926e-05
4.056101454961345e-05
5.874328008383292e-05
8.494034391720741e-05
1.228215681919093e-04
1.769432020072185e-04
2.547640523505256e-04
3.662593385565881e-04
5.236568278890986e-04
7.482578151847785e-04
1.065105906193236e-03
1.512599551422607e-03
2.140317077010423e-03
3.028690105023812e-03
4.267214075225679e-03
5.989656527940018e-03
8.376381258247639e-03
1.168072649457066e-02
1.623199321435183e-02
2.246243941750381e-02
3.095685703928772e-02
4.251367450165703e-02
5.809700689225844e-02
7.902544499657679e-02
1.069336073670706e-01
1.435663282467387e-01
1.912294046073978e-01
2.522851962384322e-01
3.283171732240718e-01
4.202217903009445e-01
5.249877443614874e-01
6.360452274253544e-01
7.428281452058316e-01
8.345559710214961e-01
9.103081989601832e-01
9.999997457115489e-01
9.999999999998970e-01
1.000000000000000e+00
1.000000000000000e+00
1.000000000000000e+00
1.000000000000000e+00
1.000000000000000e+00
1.000000000000000e+00
1.000000000000000e+00
###6.400000000000001e+00
-1.968862201385059e-10
8.185579447633864e-11
-2.557299279533696e-11
-6.359287904464126e-12
1.669402161025118e-11
1.687303469718622e-11
3.881714366510691e-11
-4.973796506867032e-12
3.246909377117397e-11
1.561045074398015e-11
3.930943830516360e-11
6.179661158971991e-11
5.389287329425320e-11
4.419043598510305e-11
8.631444727471369e-11
1.013130730289218e-10
1.033514713979395e-10
1.494568592642789e-10
1.703837192671940e-10
2.124670676902401e-10
2.666440817872136e-10
3.502573259943940e-10
4.544185279328447e-10
5.840036378724988e-10
7.846601458744312e-10
1.036719352648532e-09
1.365634655706312e-09
1.821589731995323e-09
2.429059929445979e-09
3.238494574175133e-09
4.344590940356371e-09
5.854893565865135e-09
7.894812332089781e-09
1.062270613032050e-08
1.440714575480290e-08
1.967635156621091e-08
2.690623882990532e-08
3.708779989722568e-08
5.122744753849959e-08
7.119220314172561e-08
9.973282325280071e-08
1.400977794601993e-07
1.977138541063465e-07
2.804703055446896e-07
4.008723681038222e-07
5.747821193441843e-07
8.249168636129877e-07
1.188245835136492e-06
1.714080119275186e-06
2.479575631548142e-06
3.596510407150165e-06
5.221827422141647e-06
7.570696109180502e-06
1.100297122182017e-05
1.593443097875694e-05
2.310536556640608e-05
3.347844113341812e-05
4.843621726661284e-05
6.993640645775548e-05
1.008185090085959e-04
1.452570821552615e-04
2.085547353673351e-04
2.991498348735234e-04
4.285364299799755e-04
6.102108741649824e-04
8.684471496681304e-04
1.231288025302884e-03
1.741279406381536e-03
2.453487448108319e-03
3.456611495644494e-03
4.848092564092588e-03
6.774572559683439e-03
9.428390128954746e-03
1.308303815833564e-02
1.808494533059118e-02
2.489041360464454e-02
3.410654239917833e-02
4.654996123074063e-02
6.320514606809005e-02
8.536687713101195e-02
1.146473059245692e-01
1.527099434788098e-01
2.016815337926043e-01
2.636830034341337e-01
3.399459178474505e-01
4.310173948057568e-01
5.336749149187929e-01
6.416935897412207e-01
7.453957900942413e-01
8.350276381564263e-01
9.100257288339418e-01
9.999997457115489e-01
9.999999999998970e-01
1.000000000000000e+00
1.000000000000000e+00
1.000000000000000e+00
1.000000000000000e+00
1.000000000000000e+00
1.000000000000000e+00
1.000000000000000e+00
###6.800000000000002e+00
-1.862092900095534e-10
6.567148457222500e-11
-4.316044570572424e-11
-4.604183006017970e-12
1.822401701609972e-11
-4.427364959665721e-12
4.188765963906363e-11
1.141476005608155e-13
3.697506147022708e-11
2.333745877515279e-11
4.245352938662199e-11
6.625588445254784e-11
6.118607646862880e-11
5.310590709151082e-11
9.505810045049955e-11
1.126531589869383e-10
1.190848716438405e-10
1.640638124190948e-10
1.995411606504071e-10
2.377318898140084e-10
2.984354993765707e-10
3.633988066127129e-10
5.198512032169237e-10
6.548473985213994e-10
8.767948417893258e-10
1.158059544665849e-09
1.536301840291061e-09
2.043211736863273e-09
2.737749010166020e-09
3.653804845804015e-09
4.913342826232446e-09
6.640556995671901e-09
8.991175158588712e-09
1.215775557700302e-08
1.657271172248698e-08
2.271658545458943e-08
3.123380338815055e-08
4.332570683567224e-08
6.006800145210199e-08
8.395091007001834e-08
1.181774126182581e-07
1.666418152255353e-07
2.360357339006812e-07
3.359597698769987e-07
4.814895490592102e-07
6.915633758696729e-07
9.937561171696345e-07
1.432574335557452e-06
2.066910533902067e-06
2.985208893681106e-06
4.331335715721025e-06
6.283782107668564e-06
9.093506016221535e-06
1.318919550826700e-05
1.906088790975248e-05
2.755788927224505e-05
3.982805783937156e-05
5.744523281492206e-05
8.269816123873622e-05
1.188166931801276e-04
1.706276154567813e-04
2.441574914976526e-04
3.489906383843079e-04
4.980490367120947e-04
7.065501625926478e-04
1.001703814573437e-03
1.414662799342097e-03
1.992569553500843e-03
2.795944303446714e-03
3.922695144920085e-03
5.477722109351946e-03
7.620974575670808e-03
1.055749181302730e-02
1.457935690092059e-02
2.005247846191258e-02
2.745399728111254e-02
3.741124350509568e-02
5.075854415398566e-02
6.849362245059366e-02
9.189168125279729e-02
1.225268190058700e-01
1.619922993242776e-01
2.122236225570090e-01
2.751226151368658e-01
3.515879471549554e-01
4.418588064318790e-01
5.425619744079161e-01
6.477685276790250e-01
7.485819448112162e-01
8.361242127835857e-01
9.102103306521757e-01
9.999997457115489e-01
9.999999999998970e-01
1.000000000000000e+00
1.000000000000000e+00
1.000000000000000e+00
1.000000000000000e+00
1.000000000000000e+00
1.000000000000000e+00
1.000000000000000e+00
###7.200000000000002e+00
-1.936599040698159e-10
1.497723829737985e-11
-2.854525984625493e-11
-3.370845393648728e-12
1.488642877356181e-11
-4.532251873936325e-12
4.098437358243957e-11
-3.693377249987697e-11
3.880312676874208e-11
2.864804490117017e-11
4.526576259616460e-11
6.823725452070040e-11
6.903506738555739e-11
5.849087621609912e-11
1.021930654563928e-10
1.208680019776930e-10
1.301119236544878e-10
1.754653065337220e-10
2.241707651691109e-10
2.622422409133935e-10
3.308850833382659e-10
4.093222936617230e-10
5.737485187720311e-10
7.299741774967283e-10
9.760445490168391e-10
1.291840293546496e-09
1.720094757248422e-09
2.290577352998790e-09
3.077074099889474e-09
4.122492345427864e-09
5.558480133487520e-09
7.536698738647450e-09
1.024796779821066e-08
1.391707289052454e-08
1.908149067543658e-08
2.628226872970668e-08
3.633002877420673e-08
5.064960105341272e-08
7.053900100719619e-08
9.898950096802668e-08
1.399336738929841e-07
1.980289653542682e-07
2.812378317807960e-07
4.013992630165322e-07
5.763820004306339e-07
8.290388992528720e-07
1.192155455145690e-06
1.718792087895045e-06
2.479955435151922e-06
3.574882997607254e-06
5.186071125881918e-06
7.514609074726514e-06
1.085315020499590e-05
1.570888703680305e-05
2.264923414364375e-05
3.266141654367594e-05
4.704753159052970e-05
6.770176477876370e-05
9.717798229054674e-05
1.391504084962507e-04
1.991978746055174e-04
2.840815794947573e-04
4.046652005280074e-04
5.754313222012598e-04
8.133824141678209e-04
1.148935853192415e-03
1.616404734539448e-03
2.267830623035329e-03
3.169654176077130e-03
4.428964202151316e-03
6.158432270423855e-03
8.531480554682756e-03
1.176585980627053e-02
1.617350346962586e-02
2.213746378989196e-02
3.015493341965177e-02
4.087213246960021e-02
5.514193379398303e-02
7.396896362307011e-02
9.860183250841041e-02
1.305758719829584e-01
1.714159109674298e-01
2.228675213311706e-01
2.866145198007772e-01
3.632549022682318e-01
4.527689675003985e-01
5.516572161554852e-01
6.542419969030688e-01
7.523211956682934e-01
8.378051848372819e-01
9.107934259596743e-01
9.999997457115489e-01
9.999999999998970e-01
1.000000000000000e+00
1.000000000000000e+00
1.000000000000000e+00
1.000000000000000e+00
1.000000000000000e+00
1.000000000000000e+00
1.000000000000000e+00
###7.600000000000002e+00
-1.941507044061462e-10
1.735649803601254e-11
-2.986333631931015e-11
-3.508045472470945e-13
1.299193930029325e-11
-8.011276705920389e-12
3.249517325942066e-11
-3.420990316361324e-11
3.957674889617342e-11
2.336281550618536e-11
4.854345954828477e-11
7.196228879113523e-11
7.656705758367861e-11
6.871908482286173e-11
1.078676801600661e-10
1.300674955248384e-10
1.455998655726872e-10
1.933977263815523e-10
2.438990453235823e-10
2.873785544232862e-10
3.657012202726648e-10
4.524813256747833e-10
6.333195372533548e-10
8.131762406887381e-10
1.087978814906221e-09
1.441458942729142e-09
1.929366531956821e-09
2.567000175125947e-09
3.460941379042206e-09
4.652558420058295e-09
6.295246514031964e-09
8.567576904126839e-09
1.169759568784182e-08
1.598043535127284e-08
2.201355342981375e-08
3.048237667251088e-08
4.229799269118623e-08
5.925602515620095e-08
8.282247191414967e-08
1.166782947880991e-07
1.655100209295413e-07
2.349292962079448e-07
3.343571929985956e-07
4.782968375637976e-07
6.878492289302691e-07
9.901852018650670e-07
1.423918065196766e-06
2.052689958098203e-06
2.959813071932023e-06
4.260009532547078e-06
6.175967279681092e-06
8.935780441471275e-06
1.288200261015776e-05
1.860370687591901e-05
2.676033294992495e-05
3.848559856883788e-05
5.526146084219674e-05
7.932272767028848e-05
1.135242947363658e-04
1.620500931606565e-04
2.312423120624644e-04
3.287110171048390e-04
4.666393517768801e-04
6.612956535239485e-04
9.314704577072897e-04
1.310969513616053e-03
1.837655982487206e-03
2.568520783765289e-03
3.576071584598909e-03
4.977260011841959e-03
6.892529370387850e-03
9.509102549300628e-03
1.305830787847727e-02
1.786881116787122e-02
2.434327610877931e-02
3.299678427727045e-02
4.449081392000663e-02
5.970505816602359e-02
7.962983084335865e-02
1.054987100561354e-01
1.388120773239523e-01
1.809904601384098e-01
2.336155253243875e-01
2.981686334385963e-01
3.749737747828724e-01
4.637511400412029e-01
5.609380955168530e-01
6.610711282329007e-01
7.565559677958748e-01
8.399700145485322e-01
9.117246107034745e-01
9.999997457115489e-01
9.999999999998970e-01
1.000000000000000e+00
1.000000000000000e+00
1.000000000000000e+00
1.000000000000000e+00
1.000000000000000e+00
1.000000000000000e+00
1.000000000000000e+00
###8.000000000000002e+00
-1.932050906624608e-10
1.640685736638220e-11
-2.500440235514812e-11
-7.957216183905055e-12
1.197827242871663e-11
-5.456774143725107e-12
3.525242739448004e-11
-3.010037576551992e-11
4.049422136247425e-11
2.915913835355684e-11
5.192760137739668e-11
7.542982042300347e-11
8.604593738448471e-11
7.446964743846628e-11
1.179183594009952e-10
1.401829540992819e-10
1.599243754372057e-10
2.092869580525296e-10
2.647778890274592e-10
3.178077682992172e-10
4.043301582126577e-10
5.041944557612302e-10
6.967072429250692e-10
9.043298568428430e-10
1.211530936325569e-09
1.608728267350541e-09
2.155604363970718e-09
2.881239272179567e-09
3.897193470371979e-09
5.258526707565715e-09
7.141180757381178e-09
9.761635477818824e-09
1.338003683849495e-08
1.836149681400553e-08
2.542974477295077e-08
3.535780698159561e-08
4.928740202399489e-08
6.934642807742433e-08
9.723160696874567e-08
1.374334720474604e-07
1.955500098790829e-07
2.782448792797652e-07
3.966933697917947e-07
5.682757454194327e-07
8.180251343496103e-07
1.178421972290815e-06
1.693938303594016e-06
2.440690640334332e-06
3.516135340872945e-06
5.054182926653061e-06
7.317546642959281e-06
1.057006379281471e-05
1.520736543595437e-05
2.191194487129826e-05
3.144119250334322e-05
4.510129631912682e-05
6.456223494869180e-05
9.242975623195915e-05
1.319183894242946e-04
1.877212026228738e-04
2.670391098665554e-04
3.784431781993867e-04
5.354237149041705e-04
7.562923970950930e-04
1.061597866727098e-03
1.488891245028749e-03
2.079740380900673e-03
2.896140287010253e-03
4.017156901266595e-03
5.569751733229910e-03
7.683095732673116e-03
1.055653821513006e-02
1.443617633435854e-02
1.966824902851338e-02
2.667368311638276e-02
3.598477765496468e-02
4.827473578428042e-02
6.444794988890817e-02
8.548496594020422e-02
1.125911273704845e-01
1.472262605862299e-01
1.907147705825968e-01
2.444816835459984e-01
3.098040223935522e-01
3.867581024086767e-01
4.748333080212456e-01
5.704043400180333e-01
6.682248575417540e-01
7.612306583971926e-01
8.425934442951154e-01
9.129878487896678e-01
9.999997457115489e-01
9.999999999998970e-01
1.000000000000000e+00
1.000000000000000e+00
1.000000000000000e+00
1.000000000000000e+00
1.000000000000000e+00
1.000000000000000e+00
1.000000000000000e+00
###8.400000000000002e+00
-1.919233511169743e-10
2.624525060189248e-11
-2.855099558685287e-11
-6.917054039020663e-12
2.659191331084346e-11
-2.680375782524531e-12
3.542486887197374e-11
-7.238162463023376e-11
4.299995692954912e-11
2.858742453254212e-11
5.316638844831491e-11
7.863217934535928e-11
9.050462824337809e-11
8.380061600440775e-11
1.247233922717293e-10
1.499328554516918e-10
1.752838056159486e-10
2.307075705361562e-10
2.868806463978481e-10
3.498609931718875e-10
4.466013049472876e-10
5.621062186487004e-10
7.704914051084504e-10
1.003310149565394e-09
1.349606738023524e-09
1.793588703653492e-09
2.412142344728818e-09
3.237173141965221e-09
4.393445452163217e-09
5.951616877569848e-09
8.113552780314822e-09
1.113164168343800e-08
1.533071071009414e-08
2.113773853172784e-08
2.939771012441852e-08
4.102079296173074e-08
5.744854777929530e-08
8.114713063592067e-08
1.141258865732621e-07
1.617650147405144e-07
2.306994842822943e-07
3.289299400470561e-07
4.694851320942555e-07
6.733078643698645e-07
9.696202840480273e-07
1.396812203602544e-06
2.006820257779311e-06
2.889951714156055e-06
4.158630833981705e-06
5.968607792246060e-06
8.630237286837066e-06
1.244285088975718e-05
1.786473239116927e-05
2.568062698739544e-05
3.675838788149474e-05
5.258940513324135e-05
7.505994683554051e-05
1.071836397943732e-04
1.525413934486279e-04
2.164345102132293e-04
3.069398871016722e-04
4.336398891988736e-04
6.115486859204154e-04
8.610827923679768e-04
1.204620998531904e-03
1.683851127335079e-03
2.343833406061144e-03
3.252275572186835e-03
4.494476916895550e-03
6.208855732513560e-03
8.532028991066519e-03
1.167681970329063e-02
1.590352882307804e-02
2.157537245523746e-02
2.913205695365080e-02
3.912051852015444e-02
5.222648386735016e-02
6.937295575033364e-02
9.153142822089803e-02
1.198759710628451e-01
1.558244384129491e-01
2.005940905785449e-01
2.554695661450857e-01
3.215263983753796e-01
3.986101091103610e-01
4.860150577836069e-01
5.800455369742247e-01
6.756732262526930e-01
7.662997606777149e-01
8.456036260659165e-01
9.145302982829635e-01
9.999997457115489e-01
9.999999999998970e-01
1.000000000000000e+00
1.000000000000000e+00
1.000000000000000e+00
1.000000000000000e+00
1.000000000000000e+00
1.000000000000000e+00
1.000000000000000e+00
###8.800000000000002e+00
-1.887847909432436e-10
9.360921017883571e-11
-1.389576446397073e-11
1.650585605190641e-11
2.608660104124670e-11
4.114396032806338e-12
3.756442842758690e-11
-6.754174316339912e-11
4.734002644339135e-11
3.490289714473611e-11
5.575841056982189e-11
8.622785969807525e-11
9.240704385147263e-11
1.001201515512561e-10
1.350407080210599e-10
1.706112639047085e-10
1.940663112073526e-10
2.520141753632617e-10
3.143881153456269e-10
3.868166556038081e-10
4.952713712909365e-10
6.281482553639728e-10
8.533209299656262e-10
1.117206678081342e-09
1.503691296996832e-09
2.006503996313716e-09
2.705692105966918e-09
3.645857351770069e-09
4.964776697445632e-09
6.752120498397866e-09
9.239709206366934e-09
1.272653551491579e-08
1.760045818010228e-08
2.437027734370007e-08
3.403399538929999e-08
4.763984957353172e-08
6.700564050720602e-08
9.493847849968136e-08
1.338854268965880e-07
1.902173471279721e-07
2.717490283726955e-07
3.880412318251033e-07
5.543811053696944e-07
7.955113691447291e-07
1.145643174978982e-06
1.649910029265455e-06
2.369042725879518e-06
3.407853031990442e-06
4.898234957325321e-06
7.026261106111790e-06
1.013102367664989e-05
1.457817440940230e-05
2.088576363447882e-05
2.995423934430118e-05
4.277106481199225e-05
6.103033621766684e-05
8.686414416799121e-05
1.237250181171713e-04
1.755995342240175e-04
2.484193092585380e-04
3.512458543425511e-04
4.947495920050937e-04
6.955683763999004e-04
9.762764685882381e-04
1.361413672356232e-03
1.896725979577215e-03
2.631203057909023e-03
3.638396627602579e-03
5.010526142388914e-03
6.896763960331151e-03
9.442015095241797e-03
1.287287122702451e-02
1.746301964946183e-02
2.359439731093479e-02
3.172182660855601e-02
4.240831703066964e-02
5.635003756123904e-02
7.448692056010472e-02
9.777787343597892e-02
1.273615360891059e-01
1.646102999824602e-01
2.106416558984618e-01
2.665867753133882e-01
3.333459128233272e-01
4.105377237095044e-01
4.972830112208035e-01
5.898463642363507e-01
6.833585516574900e-01
7.717039434084546e-01
8.489716529158973e-01
9.163411816394618e-01
9.999997457115489e-01
9.999999999998970e-01
1.000000000000000e+00
1.000000000000000e+00
1.000000000000000e+00
1.000000000000000e+00
1.000000000000000e+00
1.000000000000000e+00
1.000000000000000e+00
###9.200000000000003e+00
-1.982994146110631e-10
9.121594170231505e-11
-1.675031484878953e-11
1.513098004425351e-11
2.639954554822921e-11
5.801298912397020e-12
3.424609012210937e-11
-6.632386797288070e-11
4.528790599579439e-11
4.114453307674898e-11
6.046132163294477e-11
9.123350995704308e-11
1.017732745351710e-10
1.093425016830626e-10
1.301028539823281e-10
1.844976418828287e-10
2.120216652368033e-10
2.734153944177842e-10
3.456668608499919e-10
4.256654309999394e-10
5.470379067381745e-10
7.002908961736285e-10
9.567009276688462e-10
1.244443649304479e-09
1.675775374801145e-09
2.242201255258230e-09
3.046890935863618e-09
4.111687832501943e-09
5.615115416073145e-09
7.672346413363947e-09
1.053903092986435e-08
1.457108151676573e-08
2.023336083180362e-08
2.813118185970705e-08
3.943704269532759e-08
5.537638911025488e-08
7.814986971116580e-08
1.109519037991934e-07
1.570177379563224e-07
2.233501679760596e-07
3.195129589490033e-07
4.567202611478331e-07
6.533671854415717e-07
9.374492135434261e-07
1.349374755015616e-06
1.941435312807827e-06
2.785784704705949e-06
4.003038561679556e-06
5.745188999540517e-06
8.235219758781148e-06
1.184048393653445e-05
1.700357892729060e-05
2.431203795626653e-05
3.476477803619974e-05
4.954878337999088e-05
7.052332468956568e-05
1.001057775355564e-04
1.422101148627061e-04
2.012836129083924e-04
2.839488208322114e-04
4.003340050630811e-04
5.622202460100776e-04
7.880666674717281e-04
1.102680928330412e-03
1.532989026616118e-03
2.128747703860863e-03
2.943309263913692e-03
4.056363050926840e-03
5.566926486999129e-03
7.635592696812439e-03
1.041600798395709e-02
1.414742645440340e-02
1.911900950893202e-02
2.572832784831811e-02
3.444669080674257e-02
4.585088823935107e-02
6.064874430586916e-02
7.979377051498650e-02
1.042217465276932e-01
1.350490198140131e-01
1.735892083541277e-01
2.208496715352687e-01
2.778400621704435e-01
3.452606372256117e-01
4.225419189461618e-01
5.086434293524568e-01
5.997955583573903e-01
6.912909682635957e-01
7.774085640971693e-01
8.526343995710988e-01
9.183645157023049e-01
9.999997457115489e-01
9.999999999998970e-01
1.000000000000000e+00
1.000000000000000e+00
1.000000000000000e+00
1.000000000000000e+00
1.000000000000000e+00
1.000000000000000e+00
1.000000000000000e+00
###9.600000000000003e+00
-2.003299560728168e-10
9.262539468304703e-11
-1.752187723345327e-11
1.383214290668640e-11
1.711275574739626e-11
5.480345778359970e-12
3.899676547622404e-11
-6.041832427645703e-11
4.588408593333894e-11
4.336931945368400e-11
6.244498166614997e-11
9.585630155706062e-11
1.095111967488181e-10
1.208995381038202e-10
1.411442587771628e-10
1.989450759762995e-10
2.287875549031762e-10
2.959756538694626e-10
3.773100413155840e-10
4.687527843182624e-10
6.047230146933339e-10
7.781570051606478e-10
1.058220690140019e-09
1.387725818483120e-09
1.870532670745957e-09
2.515946190369589e-09
3.425040967635347e-09
4.643677586146044e-09
6.366060024189530e-09
8.732624502838648e-09
1.203988671226784e-08
1.671144058752407e-08
2.329172977076200e-08
3.250569220975955e-08
4.572708116234469e-08
6.439422825133255e-08
9.112064949499382e-08
1.295824423690537e-07
1.839032080902772e-07
2.618610217752149e-07
3.749265375543699e-07
5.363833031930733e-07
7.677695235576438e-07
1.100709599819741e-06
1.583780754395914e-06
2.276791179234135e-06
3.263945076559731e-06
4.684205702534525e-06
6.711689339119848e-06
9.609204265930534e-06
1.378361607928795e-05
1.975582701492385e-05
2.818510226672050e-05
4.021542724342774e-05
5.717202197694656e-05
8.116580038316209e-05
1.149096061338669e-04
1.628173842166626e-04
2.298395394943952e-04
3.233279947762653e-04
4.545617519417036e-04
6.365761976705553e-04
8.895867898920299e-04
1.241058362319929e-03
1.720092280914400e-03
2.381063026214183e-03
3.281610857256958e-03
4.507791206721211e-03
6.165864292890238e-03
8.428037131445885e-03
1.145642092307235e-02
1.550431121182748e-02
2.087359559418820e-02
2.798095301091607e-02
3.731067998721540e-02
4.945690879415625e-02
6.512785639976830e-02
8.529701755426880e-02
1.108705317125696e-01
1.429413714174302e-01
1.827606183860649e-01
2.312306731791135e-01
2.892318182615796e-01
3.572827102898150e-01
4.346287752386351e-01
5.200966828478965e-01
6.098741744280484e-01
6.994206250483038e-01
7.833670442627285e-01
8.565664872871407e-01
9.205813063118777e-01
9.999997457115489e-01
9.999999999998970e-01
1.000000000000000e+00
1.000000000000000e+00
1.000000000000000e+00
1.000000000000000e+00
1.000000000000000e+00
1.000000000000000e+00
1.000000000000000e+00
###1.000000000000000e+01
-1.877448895239276e-10
-6.457493158421019e-12
-1.247361726383077e-11
1.715324829224035e-11
1.299924764805521e-11
2.202114938832588e-11
4.174050475364567e-11
-5.227458271542611e-11
5.154848521716694e-11
4.614887873913883e-11
7.194528899201271e-11
1.009852435070947e-10
1.172921031241332e-10
1.454174148809175e-10
1.568022534556064e-10
2.162722187887376e-10
2.462828877519597e-10
3.234176656031319e-10
4.129924104468244e-10
5.170846175297673e-10
6.688723762189728e-10
8.666678802540617e-10
1.176557812890134e-09
1.548684472041346e-09
2.089768857151817e-09
2.821056039984033e-09
3.859480071077217e-09
5.253994064544531e-09
7.230777629577004e-09
9.955345879932486e-09
1.377567244309490e-08
1.919502575886124e-08
2.684059519679835e-08
3.758703194038352e-08
5.302434408096141e-08
7.486003540589739e-08
1.061809976359753e-07
1.511967096178613e-07
2.149996364252724e-07
3.064452926635968e-07
4.390845330054749e-07
6.283235261319595e-07
8.991427391122721e-07
1.288740364991518e-06
1.853134726722396e-06
2.661544093287667e-06
3.810770691061633e-06
5.461272531678677e-06
7.812190468280005e-06
1.115266236473831e-05
1.598630567677253e-05
2.286655971485555e-05
3.254693758021685e-05
4.633935592222174e-05
6.571290100502062e-05
9.306059834000502e-05
1.314127990204124e-04
1.857384482394118e-04
2.614877974720811e-04
3.668798202311833e-04
5.143539067342436e-04
7.182604314272860e-04
1.000904128639268e-03
1.392216224441412e-03
1.923781033921740e-03
2.654918616571676e-03
3.647442469135772e-03
4.994576043365038e-03
6.809381300546899e-03
9.276477275083371e-03
1.256629467956553e-02
1.694600076662036e-02
2.273159840340545e-02
3.035641644603791e-02
4.031936611029364e-02
5.322450843471129e-02
6.978943386254985e-02
9.099453963342137e-02
1.177252528362333e-01
1.510419043444852e-01
1.921289945898219e-01
2.417828576458051e-01
3.007674076505911e-01
3.694133534439539e-01
4.468060738895459e-01
5.316431466447151e-01
6.200745681678960e-01
7.077307527273957e-01
7.895538198274925e-01
8.607221704067713e-01
9.229403456078857e-01
9.999997457115489e-01
9.999999999998970e-01
1.000000000000000e+00
1.000000000000000e+00
1.000000000000000e+00
1.000000000000000e+00
1.000000000000000e+00
1.000000000000000e+00
1.000000000000000e+00
###1.040000000000000e+01
-1.897997856053522e-10
-1.590103152937275e-12
-1.185673796335939e-11
1.644162931703927e-11
1.428600090344850e-11
2.348974844026528e-11
5.358211125003297e-11
-5.030870576236247e-11
5.322545488926089e-11
4.975296910199159e-11
7.812800861047772e-11
1.048771359354377e-10
1.302093636541895e-10
1.568385638833181e-10
1.710022416680248e-10
2.318278960480822e-10
2.703249060826899e-10
3.516303445212761e-10
4.523597558780069e-10
5.696588865622906e-10
7.432039192939439e-10
9.645037160894248e-10
1.307592262401141e-09
1.735665750059300e-09
2.343230883709645e-09
3.175324000670259e-09
4.369692995044291e-09
5.954617678244450e-09
8.223003209123645e-09
1.137121448897303e-08
1.579208404107339e-08
2.207345949076658e-08
3.095860021816297e-08
4.347757017791878e-08
6.148982181434939e-08
8.701961787083367e-08
1.236624492166595e-07
1.762548671621585e-07
2.510382272859720e-07
3.579661828476091e-07
5.129832174075804e-07
7.342314070620311e-07
1.050841351273305e-06
1.505215374231685e-06
2.161721821720977e-06
3.100433604463171e-06
4.434525647801800e-06
6.345687402194404e-06
9.060922267949874e-06
1.292298279939869e-05
1.847397245940193e-05
2.637157383669979e-05
3.745057911879761e-05
5.320314420208481e-05
7.526561451812232e-05
1.063241286144691e-04
1.497555606321477e-04
2.111535419642887e-04
2.964909735935254e-04
4.149555456313576e-04
5.801093219489421e-04
8.078322310355767e-04
1.122586202954046e-03
1.556989113043797e-03
2.145045879990132e-03
2.951654068648036e-03
4.042700055289226e-03
5.518487189098748e-03
7.499769580353101e-03
1.018346562364637e-02
1.374903055213861e-02
1.847618641472177e-02
2.469617309256497e-02
3.285896586839257e-02
4.347463959347265e-02
5.716352513039746e-02
7.464119415405031e-02
9.689421707593589e-02
1.247905747844203e-01
1.593505327960252e-01
2.016990593151917e-01
2.525133833432667e-01
3.124361259828811e-01
3.816526413891377e-01
4.590714724161772e-01
5.432649486322907e-01
6.303855782844658e-01
7.161966211795181e-01
7.959211072008182e-01
8.650592601458154e-01
9.254473503964126e-01
9.999997457115489e-01
9.999999999998970e-01
1.000000000000000e+00
1.000000000000000e+00
1.000000000000000e+00
1.000000000000000e+00
1.000000000000000e+00
1.000000000000000e+00
1.000000000000000e+00
###1.080000000000000e+01
-1.849302589768729e-10
-1.300141742722453e-12
-1.281846286984233e-11
1.771918212775279e-11
2.137404987840514e-11
1.740895725300622e-11
5.362001127339037e-11
-5.045660153008932e-11
5.772064047299920e-11
5.719677507104831e-11
8.466330559280388e-11
1.133405486963658e-10
1.404064331901181e-10
1.671497941881356e-10
1.869682693598448e-10
2.489260821494909e-10
2.957634519014184e-10
3.837482764704845e-10
4.933878687660637e-10
6.287992910055196e-10
8.231962046322719e-10
1.074439345143128e-09
1.455846875247246e-09
1.943185729708074e-09
2.631998714024338e-09
3.581937461873543e-09
4.938769383955453e-09
6.763382882129159e-09
9.367668321905260e-09
1.299780163598216e-08
1.812254477892270e-08
2.540324006049077e-08
3.572714677964186e-08
5.031493088295446e-08
7.129623870212658e-08
1.010959146878551e-07
1.438682493079312e-07
2.052168743786337e-07
2.926228833404184e-07
4.173554670867497e-07
5.981576693445007e-07
8.559159657821238e-07
1.224813401073832e-06
1.753036129119957e-06
2.514430350144444e-06
3.600694930877524e-06
5.143515703748531e-06
7.348155398615983e-06
1.047479919339625e-05
1.492382932255007e-05
2.127721188329416e-05
3.030591564730649e-05
4.294513358707241e-05
6.088123318176663e-05
8.591398341491134e-05
1.210804926437779e-04
1.701258150986005e-04
2.392655532909603e-04
3.351103664164632e-04
4.678627890415773e-04
6.522264646405201e-04
9.058521137080192e-04
1.255304464452836e-03
1.736312657237988e-03
2.385203372375630e-03
3.272519008598619e-03
4.468783737254615e-03
6.081494480000975e-03
8.239290928877107e-03
1.115167191449298e-02
1.500757110948259e-02
2.009867004892289e-02
2.677166641453755e-02
3.549111122617617e-02
4.678213944146652e-02
6.127219600446591e-02
7.968189606766750e-02
1.030008352405782e-01
1.320726566890574e-01
1.678715979290389e-01
2.114633600312703e-01
2.634269038812854e-01
3.242573862267027e-01
3.940081752079944e-01
4.714152226639206e-01
5.549686702620247e-01
6.407911479322290e-01
7.247933042536374e-01
8.024488714938549e-01
8.695527705470268e-01
9.280622460366518e-01
9.999997457115489e-01
9.999999999998970e-01
1.000000000000000e+00
1.000000000000000e+00
1.000000000000000e+00
1.000000000000000e+00
1.000000000000000e+00
1.000000000000000e+00
1.000000000000000e+00
###1.120000000000000e+01
-1.851560062208654e-10
2.207963303249565e-12
-1.189563339563781e-11
1.618385809406520e-11
2.244102035124527e-11
1.756189323897588e-11
5.337427294343765e-11
-3.988884818316334e-11
5.805935894984327e-11
6.362613852904001e-11
9.021102896424009e-11
1.214970491026274e-10
1.499495134233240e-10
1.805052258092744e-10
2.052767972345292e-10
2.697133555233941e-10
3.238171734602951e-10
4.200383988460769e-10
5.403189226781568e-10
6.946554936461277e-10
9.126682917750630e-10
1.197661285255831e-09
1.624552321564843e-09
2.180331881783541e-09
2.961840358836219e-09
4.046699317644397e-09
5.591995300694503e-09
7.694094471799952e-09
1.069021716908606e-08
1.488499557379720e-08
2.081441946598289e-08
2.926471506180610e-08
4.125189754301689e-08
5.822139412681936e-08
8.263753600331497e-08
1.173537636251442e-07
1.672028439605317e-07
2.386409640677316e-07
3.404467585273320e-07
4.856789571434142e-07
6.959196278700372e-07
9.952363784039795e-07
1.423453873092587e-06
2.035422751731647e-06
2.915552285298962e-06
4.168749514083668e-06
5.947405739054981e-06
8.482835970470429e-06
1.207353088578178e-05
1.717476649417108e-05
2.442926078598858e-05
3.471913429189305e-05
4.908911256504022e-05
6.944446049369729e-05
9.775805576058129e-05
1.374617727382796e-04
1.927540569226267e-04
2.703056640148447e-04
3.776431128431681e-04
5.259313157042853e-04
7.312238255435839e-04
1.012889153965103e-03
1.399847682204950e-03
1.931036863607108e-03
2.645203450012509e-03
3.618825302537118e-03
4.927476927605584e-03
6.685775950825841e-03
9.030083256065790e-03
1.218423271346828e-02
1.634459448301263e-02
2.181603848039815e-02
2.896089612363505e-02
3.825771737726566e-02
5.024495081461337e-02
6.555885053895165e-02
8.491835623806565e-02
1.093173060052540e-01
1.395719565413715e-01
1.766103625994513e-01
2.214326514802558e-01
2.745133876050742e-01
3.362238533430905e-01
4.064714405525708e-01
4.838519359315711e-01
5.667367967310792e-01
6.512729402658810e-01
7.334922049000402e-01
8.091079132968928e-01
8.741766328108105e-01
9.307631783923140e-01
9.999997457115489e-01
9.999999999998970e-01
1.000000000000000e+00
1.000000000000000e+00
1.000000000000000e+00
1.000000000000000e+00
1.000000000000000e+00
1.000000000000000e+00
1.000000000000000e+00
###1.160000000000000e+01
-1.846519560279182e-10
7.702962050037269e-13
-1.019253065339531e-11
2.093243196266598e-11
1.864934106995505e-11
2.801537800560528e-11
5.151661836058124e-11
-3.360441638515337e-11
6.031641930680475e-11
6.890831325438508e-11
1.030036047928974e-10
1.308962420809560e-10
1.686051972811333e-10
1.937653722923874e-10
2.241513639167808e-10
2.938048528966177e-10
3.541891123757059e-10
4.607638368890777e-10
5.945325704687243e-10
7.692879114727275e-10
1.013112843569944e-09
1.338702743644509e-09
1.816581798588042e-09
2.450126410618999e-09
3.342127726745160e-09
4.580550170372479e-09
6.344771100255670e-09
8.764668895224375e-09
1.221409600903020e-08
1.706223252249044e-08
2.392417630118407e-08
3.371808540660648e-08
4.763041211575856e-08
6.735545725992735e-08
9.572574117939948e-08
1.361078488850358e-07
1.940684897509622e-07
2.770533972576910e-07
3.954368124588759e-07
5.639682983322546e-07
8.077266356160040e-07
1.154555755758301e-06
1.650192411305153e-06
2.356813181024266e-06
3.371014368299651e-06
4.812930984989916e-06
6.856843652094507e-06
9.762892107260156e-06
1.387276579438012e-05
1.970272097546585e-05
2.795957106323434e-05
3.965271316381332e-05
5.594295396615657e-05
7.897149451877748e-05
1.109022037019197e-04
1.556046503860694e-04
2.177088438860414e-04
3.044890667348956e-04
4.243617625098950e-04
5.895775155915339e-04
8.175232647311075e-04
1.129585677905387e-03
1.556971381975947e-03
2.142128103538745e-03
2.926295519431877e-03
3.992166118755896e-03
5.420408573589223e-03
7.333157516827712e-03
9.874781659482241e-03
1.328370617959163e-02
1.776341849472677e-02
2.363312608286236e-02
3.126853645856398e-02
4.116396414232834e-02
5.386776202649212e-02
7.002487076209511e-02
9.035342843808644e-02
1.158481882250835e-01
1.472951636618004e-01
1.855690814548887e-01
2.316064210169735e-01
2.857820244758135e-01
3.483375666395110e-01
4.190397263107725e-01
4.963618245378609e-01
5.785747696797604e-01
6.618286370907486e-01
7.422763062159637e-01
8.158666582361627e-01
8.788920550760255e-01
9.335371865121144e-01
9.999997457115489e-01
9.999999999998970e-01
1.000000000000000e+00
1.000000000000000e+00
1.000000000000000e+00
1.000000000000000e+00
1.000000000000000e+00
1.000000000000000e+00
1.000000000000000e+00
###1.200000000000001e+01
-1.802589982761737e-10
5.241339706609885e-12
-9.448682118058920e-12
2.322917001803990e-11
2.204637559960662e-11
3.335629295791954e-11
5.450816748397848e-11
-2.758629112958872e-11
6.729416970815621e-11
7.736428800486242e-11
1.149575173247927e-10
1.405377748292364e-10
1.814695570519386e-10
2.075681006258963e-10
2.463366766372336e-10
3.204780401882815e-10
3.901611478714516e-10
5.055431838022920e-10
6.545379681204344e-10
8.526348522459239e-10
1.127112322551654e-09
1.498057153167213e-09
2.035757893045375e-09
2.758379867736528e-09
3.775472977982854e-09
5.192028232090224e-09
7.209959674868135e-09
1.000009257107474e-08
1.397289783344601e-08
1.957203704654075e-08
2.751719325190565e-08
3.885716297633367e-08
5.498191315773122e-08
7.788294589777726e-08
1.107890271226300e-07
1.576894449217737e-07
2.249226816490939e-07
3.211393928869394e-07
4.584274740645792e-07
6.535086614451630e-07
9.354331826441154e-07
1.336104548645262e-06
1.907879658105167e-06
2.721522651288232e-06
3.887115981566582e-06
5.540529473927068e-06
7.882379461871633e-06
1.120429684402688e-05
1.589212606251230e-05
2.253217772367871e-05
3.190644717957486e-05
4.515198202970326e-05
6.357092170516455e-05
8.953746581414060e-05
1.254707954512299e-04
1.756453903336515e-04
2.452125194553000e-04
3.420859691194717e-04
4.756073027609257e-04
6.591899147843705e-04
9.117031038447137e-04
1.256563260358358e-03
1.727601958704293e-03
2.370598269490959e-03
3.229745113033263e-03
4.393942142316117e-03
5.949480049897626e-03
8.025877306218687e-03
1.077619169817673e-02
1.445262286069156e-02
1.926702400280407e-02
2.555257097272395e-02
3.369787953956645e-02
4.421183398223832e-02
5.765522821459532e-02
7.467546800458821e-02
9.599097170513909e-02
1.225937324082090e-01
1.552390491710735e-01
1.947399275593245e-01
2.419866258675141e-01
2.972305595822426e-01
3.605969353198462e-01
4.317184120591244e-01
5.089474787971686e-01
5.904637617737212e-01
6.724266708899211e-01
7.511260125314501e-01
8.226960662485355e-01
8.836874089233521e-01
9.363507125083845e-01
9.999997457115489e-01
9.999999999998970e-01
1.000000000000000e+00
1.000000000000000e+00
1.000000000000000e+00
1.000000000000000e+00
1.000000000000000e+00
1.000000000000000e+00
1.000000000000000e+00
###1.240000000000001e+01
-1.813894624307656e-10
7.336143623275784e-12
-1.438948419521523e-11
2.877289410516964e-11
2.321514984221762e-11
3.544897657471887e-11
5.705380550054323e-11
-2.066696343218277e-11
7.498859665935432e-11
8.399883317809006e-11
1.249966333356190e-10
1.497256345352982e-10
1.914625887314990e-10
2.257750843124111e-10
2.688253521340332e-10
3.492246091694230e-10
4.287239288701124e-10
5.554389668100680e-10
7.222122612426187e-10
9.476652341488953e-10
1.256906060367582e-09
1.680453080783196e-09
2.285012518666575e-09
3.110657579922441e-09
4.271473445791127e-09
5.894944266307851e-09
8.202209738471416e-09
1.141834822353997e-08
1.600656057224444e-08
2.246602842849486e-08
3.165138949099049e-08
4.477164900278276e-08
6.343717292130149e-08
8.998564408412337e-08
1.281030179832624e-07
1.824696746400037e-07
2.602644507503490e-07
3.716074092091345e-07
5.303977003519172e-07
7.555974955271375e-07
1.080867945816362e-06
1.542524788307205e-06
2.200164207197211e-06
3.134422373868475e-06
4.470608413192609e-06
6.361452871843203e-06
9.037456255371034e-06
1.282339437899432e-05
1.815215215777172e-05
2.569684755102771e-05
3.630752718887719e-05
5.127354936058884e-05
7.203560395111263e-05
1.012393116670648e-04
1.415653717008690e-04
1.977305215054920e-04
2.754460972208864e-04
3.833290456974638e-04
5.317061021081876e-04
7.352017125447492e-04
1.014322203236309e-03
1.394471296687666e-03
1.912412322063700e-03
2.617455838376145e-03
3.556804281781551e-03
4.826044343150619e-03
6.516556513256964e-03
8.766475681227017e-03
1.173651137096957e-02
1.569468203604364e-02
2.085940580620705e-02
2.757942283577426e-02
3.625349897083619e-02
4.740811800184792e-02
6.161020626035548e-02
7.951646524164362e-02
1.018346749418877e-01
1.295590315170958e-01
1.634067890346063e-01
2.041352944546827e-01
2.525735658572458e-01
3.088563828857721e-01
3.729960281694180e-01
4.444999645279946e-01
5.215957004977568e-01
6.023806788400016e-01
6.830636149015863e-01
7.600070785641999e-01
8.295680230622783e-01
8.885391061186992e-01
9.392073465063346e-01
9.999997457115489e-01
9.999999999998970e-01
1.000000000000000e+00
1.000000000000000e+00
1.000000000000000e+00
1.000000000000000e+00
1.000000000000000e+00
1.000000000000000e+00
1.000000000000000e+00
###1.280000000000001e+01
-1.871657503618014e-10
2.200814013799235e-11
-1.575777623688000e-11
3.548123680864046e-11
2.439382916118944e-11
4.568027833717469e-11
5.968543594752760e-11
-1.215068257462008e-11
8.371839775553786e-11
9.419381017689463e-11
1.200388717765967e-10
1.605765354870609e-10
2.059821040218141e-10
2.450904536476860e-10
2.956385071602373e-10
3.809666999137702e-10
4.731280306657805e-10
6.143406350925635e-10
8.002665117573380e-10
1.054424285409531e-09
1.404089340268207e-09
1.885501937364910e-09
2.569563702419669e-09
3.516019381861214e-09
4.840991488785874e-09
6.699678146191570e-09
9.345160203184713e-09
1.305378885784876e-08
1.833095803753165e-08
2.579684611627006e-08
3.640149954768119e-08
5.157336487016747e-08
7.316742026544157e-08
1.038786898465894e-07
1.479584762471537e-07
2.108590147586654e-07
3.007082002483159e-07
4.292010125157617e-07
6.124242408296696e-07
8.718642165793995e-07
1.246140091576886e-06
1.776708646134060e-06
2.531017892716819e-06
3.600615733502136e-06
5.128219341006091e-06
7.285684087715351e-06
1.033365748475059e-05
1.463617791689844e-05
2.068018236943430e-05
2.922432286840503e-05
4.120645419208851e-05
5.806392326231204e-05
8.141716018620722e-05
1.141847200628254e-04
1.593222814222385e-04
2.220581741496017e-04
3.086624180421576e-04
4.285142741841471e-04
5.929844521761310e-04
8.180730013996430e-04
1.125914383736611e-03
1.544131498338680e-03
2.112379585923991e-03
2.883972904965091e-03
3.908901258627619e-03
5.289730212805471e-03
7.123703397606751e-03
9.557656181072830e-03
1.275928857209569e-02
1.701259552484026e-02
2.254388404726898e-02
2.971652357175228e-02
3.894052403557164e-02
5.075565436980498e-02
6.573897896096717e-02
8.455057315178645e-02
1.078883252269078e-01
1.367492280707519e-01
1.718051323986012e-01
2.137531680720370e-01
2.633626790455382e-01
3.206637021042696e-01
3.855378982783013e-01
4.573823126326623e-01
5.343063778474769e-01
6.143420487886978e-01
6.937192826891141e-01
7.689130760733793e-01
8.364763487695244e-01
8.934040074471375e-01
9.420618451881518e-01
9.999997457115489e-01
9.999999999998970e-01
1.000000000000000e+00
1.000000000000000e+00
1.000000000000000e+00
1.000000000000000e+00
1.000000000000000e+00
1.000000000000000e+00
1.000000000000000e+00
###1.320000000000001e+01
-1.784805960788468e-10
2.456740915631734e-11
-1.042879231378091e-11
3.762252232402672e-11
2.579882079375123e-11
4.827584740623772e-11
6.156233771504938e-11
-3.018243046319838e-12
9.576105730473412e-11
1.041061530069282e-10
1.318604995108218e-10
1.751191322177674e-10
2.230873265125507e-10
2.673345910860292e-10
3.256330119944312e-10
4.182724456215239e-10
5.259986464642359e-10
6.790501921819046e-10
8.892184055746942e-10
1.175992828378272e-09
1.571568561340140e-09
2.119421422109607e-09
2.895046884171052e-09
3.977277948182713e-09
5.491532928130681e-09
7.623719269167118e-09
1.065779541269132e-08
1.493461980017810e-08
2.100320056968201e-08
2.962042517318516e-08
4.185609758246542e-08
5.937168669076583e-08
8.430819272535942e-08
1.197870997618302e-07
1.706885498572513e-07
2.432955470944105e-07
3.468234682038986e-07
4.948271689145439e-07
7.057106674549207e-07
1.003789982547343e-06
1.433154634466261e-06
2.041620830949585e-06
2.904710732282936e-06
4.126461412270287e-06
5.867403246549946e-06
8.322889994139840e-06
1.178493377956188e-05
1.666363921560018e-05
2.349968448680188e-05
3.315146155876835e-05
4.664807124396605e-05
6.559109291839401e-05
9.179400809847927e-05
1.284672342708409e-04
1.788833406055481e-04
2.487645862980943e-04
3.450372248857870e-04
4.779276497578214e-04
6.598880509224030e-04
9.082777834301864e-04
1.247094185472385e-03
1.706263822234726e-03
2.328404597894927e-03
3.171152345989555e-03
4.287302814010948e-03
5.786730701399704e-03
7.772764138644027e-03
1.040097449848935e-02
1.384631277926558e-02
1.840969351002790e-02
2.432488779399614e-02
3.196778980934945e-02
4.176045015866389e-02
5.426037854147726e-02
7.004501665816495e-02
8.978048243944331e-02
1.141589614959169e-01
1.441625837432693e-01
1.804285107863149e-01
2.235930912056825e-01
2.743558618884404e-01
3.326438323182248e-01
3.982157960377180e-01
4.703555736193193e-01
5.470632030049767e-01
6.263189217056598e-01
7.043679136714950e-01
7.778111974343401e-01
8.433809133467183e-01
8.982823775818105e-01
9.449279288462447e-01
9.999997457115489e-01
9.999999999998970e-01
1.000000000000000e+00
1.000000000000000e+00
1.000000000000000e+00
1.000000000000000e+00
1.000000000000000e+00
1.000000000000000e+00
1.000000000000000e+00
###1.360000000000001e+01
-1.967938127137986e-10
2.399936472970814e-11
-7.634929373684686e-12
4.216655569022801e-11
2.867019985960528e-11
4.876277770134012e-11
6.488431455056266e-11
2.041727038548716e-12
1.042508801504440e-10
1.134784542907618e-10
1.390544506385760e-10
1.854108710659184e-10
2.336280753699962e-10
2.849043845428366e-10
3.542187073809524e-10
4.555807354508712e-10
5.777557384527442e-10
7.487908030833958e-10
9.839209579344669e-10
1.311478303196864e-09
1.759255943495757e-09
2.384126905727914e-09
3.266375427747223e-09
4.503279628125818e-09
6.237507743315480e-09
8.681885806776348e-09
1.216467726911184e-08
1.708142596450274e-08
2.407199044036137e-08
3.401423746975630e-08
4.810901720930655e-08
6.830340248673573e-08
9.706372663257191e-08
1.379904867176173e-07
1.966153841079969e-07
2.802067114052938e-07
3.993428573666623e-07
5.693916140269469e-07
8.115462032906349e-07
1.153178650402855e-06
1.644785987488665e-06
2.340243748085418e-06
3.325408367192447e-06
4.718554606958280e-06
6.697134921107724e-06
9.484548580903755e-06
1.340684198361421e-05
1.892461778345087e-05
2.664148542975736e-05
3.751537602597792e-05
5.267909720037412e-05
7.391415172655962e-05
1.032531888925473e-04
1.442082184733904e-04
2.003938294149823e-04
2.780667431883877e-04
3.848637925570908e-04
5.319010137019346e-04
7.328107133181142e-04
1.006317101284482e-03
1.378514420164778e-03
1.881601329386842e-03
2.561476020978554e-03
3.480284806159386e-03
4.693497826215945e-03
6.319097337350403e-03
8.466163066945467e-03
1.129910530883741e-02
1.500106300240514e-02
1.988948030067941e-02
2.620493027210603e-02
3.433794815259726e-02
4.472091179313463e-02
5.792349446078912e-02
7.453292365316951e-02
9.520981389721452e-02
1.206422603920699e-01
1.518058578383093e-01
1.892823414728709e-01
2.336562757864045e-01
2.855536735507407e-01
3.447938716895504e-01
4.110252328909796e-01
4.834132931681419e-01
5.598465669553836e-01
6.382987139096450e-01
7.150013976641796e-01
7.866838278564164e-01
8.502670909355157e-01
9.031448854976583e-01
9.477853183341881e-01
9.999997457115489e-01
9.999999999998970e-01
1.000000000000000e+00
1.000000000000000e+00
1.000000000000000e+00
1.000000000000000e+00
1.000000000000000e+00
1.000000000000000e+00
1.000000000000000e+00
###1.400000000000001e+01
-1.973319617916250e-10
3.030227160278129e-11
-8.413278722037045e-12
4.797867566257516e-11
3.115243353397118e-11
4.844827782745651e-11
5.466052661900151e-11
7.321824006667473e-12
1.096076599902084e-10
1.190889831578740e-10
1.476884033318354e-10
1.971365288007741e-10
2.508007731677248e-10
3.071786169660724e-10
3.868678673902052e-10
4.958465773757665e-10
6.340623997798762e-10
8.262901205596709e-10
1.093061077953726e-09
1.463035900294461e-09
1.970272687926202e-09
2.683791422647739e-09
3.689864101756897e-09
5.101343793372875e-09
7.089460379915845e-09
9.895882127263068e-09
1.389515929537765e-08
1.954483641193185e-08
2.758478036323541e-08
3.903378688493292e-08
5.526983303425676e-08
7.852318973777256e-08
1.116348629771666e-07
1.587405200749554e-07
2.261403747580291e-07
3.221788919988680e-07
4.590027821356217e-07
6.539603656825820e-07
9.313920839142573e-07
1.322055923504083e-06
1.883701650866712e-06
2.676572810404146e-06
3.798620680438778e-06
5.382492542087131e-06
7.626414697383512e-06
1.078262072641584e-05
1.521664917350360e-05
2.144185378900241e-05
3.013239599642799e-05
4.235281329461705e-05
5.935845748830301e-05
8.311142720174089e-05
1.158783020210633e-04
1.615173457038264e-04
2.239960695157023e-04
3.101427722370334e-04
4.284020015071362e-04
5.907465314663228e-04
8.121037647685989e-04
1.112686225828799e-03
1.520761722508112e-03
2.071024057737311e-03
2.812744434561637e-03
3.812565525346234e-03
5.129137702316592e-03
6.888583760832806e-03
9.205620074726899e-03
1.225460113243356e-02
1.622556040192802e-02
2.145470260052204e-02
2.818833225322480e-02
3.682911225824385e-02
4.782372343560954e-02
6.175252076848386e-02
7.920875498768368e-02
1.008472277348196e-01
1.273483637142839e-01
1.596779418835576e-01
1.983667023799397e-01
2.439427564831224e-01
2.969509338860367e-01
3.571079202107526e-01
4.239595217637826e-01
4.965517272670691e-01
5.726615848648866e-01
6.502529830721552e-01
7.256035708838685e-01
7.955136670312314e-01
8.571012156630845e-01
9.079739100036786e-01
9.506150646367854e-01
9.999997457115489e-01
9.999999999998970e-01
1.000000000000000e+00
1.000000000000000e+00
1.000000000000000e+00
1.000000000000000e+00
1.000000000000000e+00
1.000000000000000e+00
1.000000000000000e+00
###1.440000000000001e+01
-1.932817643028496e-10
3.460983912962342e-11
-6.915667805413515e-12
5.000562600112840e-11
3.312108718559255e-11
5.216122014034456e-11
5.317984817832396e-11
1.024265080180381e-11
1.150178431634162e-10
1.285424423849346e-10
1.607350762325403e-10
2.113984006150966e-10
2.619625342064910e-10
3.321031232118526e-10
4.202220667413217e-10
5.425227173555446e-10
6.985372953433907e-10
9.156271480355392e-10
1.217091597961358e-09
1.635376581838110e-09
2.213309738582807e-09
3.027576555506214e-09
4.173648798325999e-09
5.787405989409552e-09
8.064888626089396e-09
1.128327728612880e-08
1.587100923200373e-08
2.236465632513213e-08
3.160646368118428e-08
4.477271029536603e-08
6.345426767981845e-08
9.019088643099693e-08
1.282294566763256e-07
1.823955086022362e-07
2.597403542684749e-07
3.698709870009364e-07
5.266232605331429e-07
7.496576811063047e-07
1.066823022887555e-06
1.512647563494919e-06
2.152660763029103e-06
3.054673739684152e-06
4.329278202385746e-06
6.126349033802948e-06
8.665457817940973e-06
1.223075438260674e-05
1.723141642816275e-05
2.423909042611428e-05
3.400575143098640e-05
4.770686115900177e-05
6.672747436444313e-05
9.325292510595639e-05
1.297684736173858e-04
1.805226666313618e-04
2.498517775027547e-04
3.452185940876327e-04
4.758529564800863e-04
6.547906449670238e-04
8.982013315464455e-04
1.228003635397769e-03
1.674630301804771e-03
2.275331891243892e-03
3.083098528865789e-03
4.169381361975067e-03
5.595889270463305e-03
7.496958759810016e-03
9.993866795347913e-03
1.327015543917980e-02
1.752425963136260e-02
2.310929144750481e-02
3.027835336834313e-02
3.944760021149068e-02
5.107388344827569e-02
6.575009310388842e-02
8.407304584050071e-02
1.066939091610085e-01
1.342820854100457e-01
1.677836235172373e-01
2.076820611300692e-01
2.544541884468726e-01
3.085444808753119e-01
3.695898723889754e-01
4.370098095509107e-01
5.097494308983966e-01
5.854969101664169e-01
6.621814178905004e-01
7.361527876021370e-01
8.042797254018296e-01
8.638818025055449e-01
9.127504745669158e-01
9.534093057221387e-01
9.999997457115489e-01
9.999999999998970e-01
1.000000000000000e+00
1.000000000000000e+00
1.000000000000000e+00
1.000000000000000e+00
1.000000000000000e+00
1.000000000000000e+00
1.000000000000000e+00
###1.480000000000001e+01
-1.812979974017475e-10
1.631191295888410e-11
-1.312748529013058e-11
5.105355076284960e-11
3.691941566074887e-11
5.202540060980579e-11
5.280023454916940e-11
2.026710159207445e-11
1.196533562692708e-10
1.393389836556670e-10
1.713730541026766e-10
2.289347187903386e-10
2.823765342436245e-10
3.584284856915915e-10
4.585239555447750e-10
5.940592664938450e-10
7.697674305631396e-10
1.014964464789070e-09
1.356155210251040e-09
1.830248044230439e-09
2.491077556993832e-09
3.417788339687895e-09
4.724000055627191e-09
6.571084371010074e-09
9.179073434066976e-09
1.286797296298418e-08
1.813893408380185e-08
2.558791889221507e-08
3.619492614991762e-08
5.131249272432624e-08
7.278283393658974e-08
1.034770408878130e-07
1.471250689888050e-07
2.092399943065756e-07
2.978519781858337e-07
4.239181028312401e-07
6.030506611485571e-07
8.577579061845896e-07
1.219442637954155e-06
1.726977846634170e-06
2.454837088170631e-06
3.478755977723114e-06
4.923328506841144e-06
6.957380414082249e-06
9.824305867147737e-06
1.384366779098267e-05
1.947023818197702e-05
2.734252227168976e-05
3.829213885084403e-05
5.362367823570862e-05
7.486002332390273e-05
1.044091415000496e-04
1.450262661301745e-04
2.013514694688118e-04
2.781479193785127e-04
3.835142279348929e-04
5.275553048722935e-04
7.243939640906252e-04
9.915813470327915e-04
1.352732441662739e-03
1.840782879168329e-03
2.495525493143072e-03
3.373678550839935e-03
4.552034220034635e-03
6.095239159866823e-03
8.145899746027670e-03
1.083262257205053e-02
1.434831843245073e-02
1.889905474839881e-02
2.485666128371949e-02
3.247881679824817e-02
4.219711715676741e-02
5.447649509886272e-02
6.992262261093389e-02
8.913287703547933e-02
1.127541779755378e-01
1.414420127907449e-01
1.761225664950976e-01
2.172358339891186e-01
2.651771553294083e-01
3.203341765389850e-01
3.822283621556279e-01
4.501713221236059e-01
5.230047608646159e-01
5.983380765483225e-01
6.740830053668577e-01
7.466408652128869e-01
8.129733007095912e-01
8.705881384109798e-01
9.174643907512751e-01
9.561516084304427e-01
9.999997457115489e-01
9.999999999998970e-01
1.000000000000000e+00
1.000000000000000e+00
1.000000000000000e+00
1.000000000000000e+00
1.000000000000000e+00
1.000000000000000e+00
1.000000000000000e+00
###1.520000000000001e+01
-1.766191747360995e-10
1.938131583645841e-11
-1.125387791947874e-11
5.028263168736586e-11
4.019209405213930e-11
5.234786789544873e-11
5.751416899255753e-11
2.936759561586546e-11
1.260314987910964e-10
1.441798681124145e-10
1.833191568022010e-10
2.445261545399034e-10
3.060034057678150e-10
3.886299264541255e-10
5.000932672106109e-10
6.529648969331847e-10
8.417847039005947e-10
1.127192234016552e-09
1.513726814479740e-09
2.053217880041446e-09
2.804105597741023e-09
3.862868825621700e-09
5.354718484384953e-09
7.465097691433260e-09
1.045237464504977e-08
1.467809565758696e-08
2.072791688314264e-08
2.926689534860514e-08
4.144116059953386e-08
5.878343772841576e-08
8.341097659308766e-08
1.185589350585422e-07
1.685779440555734e-07
2.396829472836839e-07
3.410032201823717e-07
4.849914257655134e-07
6.895145384444193e-07
9.795973041054927e-07
1.391347035102620e-06
1.968019151440582e-06
2.793728285590620e-06
3.953179935599256e-06
5.587267221899863e-06
7.884312421978397e-06
1.111448855648528e-05
1.563689229348873e-05
2.195567124625665e-05
3.077718481604218e-05
4.303086270148109e-05
6.015087037457285e-05
8.381395946768870e-05
1.166692724278082e-04
1.617597895952881e-04
2.241581862286585e-04
3.090475882646193e-04
4.252870085212930e-04
5.838006613783696e-04
7.999620631277805e-04
1.092752864238540e-03
1.487623139620469e-03
2.020038155274561e-03
2.732516842151523e-03
3.685874596301487e-03
4.962032870843451e-03
6.628741974944670e-03
8.837773463259667e-03
1.172493717703848e-02
1.549176075659176e-02
2.035329101930365e-02
2.670022632973030e-02
3.479374365746601e-02
4.508109263122291e-02
5.803535876290850e-02
7.427166968864778e-02
9.438687298996680e-02
1.190293757619682e-01
1.488308528259983e-01
1.846977538459432e-01
2.270199651507298e-01
2.761228022688295e-01
3.323221684544593e-01
3.950150910047612e-01
4.634365858336900e-01
5.363079397382515e-01
6.111801930388551e-01
6.859333803233565e-01
7.570349241377141e-01
8.215625346915841e-01
8.771913964553065e-01
9.220956179482465e-01
9.588334207793900e-01
9.999997457115489e-01
9.999999999998970e-01
1.000000000000000e+00
1.000000000000000e+00
1.000000000000000e+00
1.000000000000000e+00
1.000000000000000e+00
1.000000000000000e+00
1.000000000000000e+00
###1.560000000000001e+01
-1.709464922034833e-10
1.135638833238270e-11
-9.349195640483133e-12
5.118451735615963e-11
4.308152271600706e-11
5.763971366896012e-11
6.248992466554703e-11
3.973721543943732e-11
1.305230739892464e-10
1.544007151292083e-10
1.999947843639471e-10
2.631373355421618e-10
3.305650921134062e-10
4.228333744048163e-10
5.471701829660498e-10
7.185419083737680e-10
9.355685864392598e-10
1.255005048847498e-09
1.693015543771581e-09
2.305032859300670e-09
3.160671130960276e-09
4.368528594185477e-09
6.071863256126774e-09
8.485464138958730e-09
1.190511460452558e-08
1.674638824775969e-08
2.366835782706834e-08
3.346196937371336e-08
4.740489668327997e-08
6.726902734624688e-08
9.547187190782690e-08
1.356971829157310e-07
1.928807578660062e-07
2.741518957047793e-07
3.897884440320503e-07
5.539582245643339e-07
7.868260656555191e-07
1.116739985286044e-06
1.584351058894465e-06
2.238091195315488e-06
3.173268145791988e-06
4.483773585328214e-06
6.327913369025395e-06
8.916454658350855e-06
1.254905065218994e-05
1.762523558632075e-05
2.470627661233158e-05
3.457520508657945e-05
4.826196195721377e-05
6.733766506650356e-05
9.365557138118096e-05
1.301061179013610e-04
1.800858407341603e-04
2.490800185246996e-04
3.427555338620415e-04
4.707588981644295e-04
6.448882700745653e-04
8.818931439884039e-04
1.202232697715541e-03
1.633264785954843e-03
2.213124216734056e-03
2.987228984554302e-03
4.020702676928007e-03
5.400613057794894e-03
7.198362863061925e-03
9.574669402388674e-03
1.267300394364122e-02
1.670330302490897e-02
2.189091286395767e-02
2.864331392234393e-02
3.722784290697508e-02
4.810526009870893e-02
6.175453926047920e-02
7.880272129189002e-02
9.984766439658126e-02
1.255237968215066e-01
1.564523039011869e-01
1.935058198562946e-01
2.370344224877783e-01
2.872885040370370e-01
3.444959281544183e-01
4.079536552787391e-01
4.767917161526622e-01
5.496481338076872e-01
6.239995304643958e-01
6.977151863555178e-01
7.673338711766556e-01
8.300420169774817e-01
8.836872859721076e-01
9.266299923607190e-01
9.614442725009112e-01
9.999997457115489e-01
9.999999999998970e-01
1.000000000000000e+00
1.000000000000000e+00
1.000000000000000e+00
1.000000000000000e+00
1.000000000000000e+00
1.000000000000000e+00
1.000000000000000e+00
