# NLO BK equation solver 0.0-dev build  (build Oct 13 2025 12:18:44)
# Initial condition: MV model, Q_s0^2 = 0.108013 GeV^2, \gamma = 3.92426, coefficient of E inside Log is 1, x0=0.01, \Lambda_QCD = 0.241 GeV
# # LO Kernel RC:  Parent dipole. NLO Kernel RC:  Parent dipole
# Nc=3, Nf=4
# Using RungeKutta method in K1
# Resumming double log
# Resumming single log, K_sub=0.65 resum rc: parent
# BK K1 integration relative accuracy: 0.02# NLO BK as^2 terms: MC integration method: Vegas, points=1000000
# Kinematical constraint: none
# Target kinematical constraint: disabled

###1.000000000000000e-05
###1.160836920850890e+00
###100
###1.000000000000000e+00
###0.000000000000000e+00
2.980476318309292e-43
9.497453078869434e-43
3.026004419081114e-42
9.639876665962998e-42
3.070516696776886e-41
9.778855089485110e-41
3.113863413348162e-40
9.913898993354565e-40
3.155884675329153e-39
1.004448604075835e-38
3.196409880053850e-38
1.017005912665821e-37
3.235257139109393e-37
1.029002451973168e-36
3.272232680116671e-36
1.040374993853844e-35
3.307130228859823e-35
1.051056257021674e-34
3.339730375111433e-34
1.060974704500664e-33
3.369799927378741e-33
1.070054338695853e-32
3.397091264448586e-32
1.078214497114163e-31
3.421341695343614e-31
1.085369653166846e-30
3.442272844548551e-30
1.091429228449851e-29
3.459590086719041e-29
1.096297425649501e-28
3.472982065372542e-28
1.099873095065357e-27
3.482120344420329e-27
1.102049653102311e-26
3.486659261394698e-26
1.102715078537280e-25
3.486236078985053e-25
1.101752022694745e-24
3.480471569887276e-24
1.099038083916830e-23
3.468971222796764e-23
1.094446316261307e-22
3.451327329567459e-22
1.087846068959963e-21
3.427122311291231e-21
1.079104288961783e-20
3.395933771622317e-20
1.068087466295073e-19
3.357341936841887e-19
1.054664463358424e-18
3.310940360369011e-18
1.038710546013155e-17
3.256351035850551e-17
1.020113025217787e-16
3.193245365707489e-16
9.987790155662749e-16
3.121372731870497e-15
9.746459021479616e-15
3.040598622012080e-14
9.476951389405186e-14
2.950954200384417e-13
9.179699052774205e-13
2.852698567752475e-12
8.855967981026184e-12
2.746393252515053e-11
8.508109601304562e-11
2.632985096912036e-10
8.139826382523203e-10
2.513888087859790e-09
7.756410185081520e-09
2.391046854237897e-08
7.364884974626106e-08
2.266956054406194e-07
6.973961842871716e-07
2.144604804786426e-06
6.593711215556672e-06
2.027299714213449e-05
6.234702434138040e-05
1.918321628858743e-04
5.906264845179088e-04
1.819646980746770e-03
5.606393173982926e-03
1.723241188101854e-02
5.241765065618187e-02
1.538907905346412e-01
4.053471897703907e-01
8.021917507539257e-01
9.936792082662408e-01
9.999998708958276e-01
1.000000000000000e+00
1.000000000000000e+00
1.000000000000000e+00
1.000000000000000e+00
1.000000000000000e+00
1.000000000000000e+00
1.000000000000000e+00
1.000000000000000e+00
1.000000000000000e+00
1.000000000000000e+00
1.000000000000000e+00
###4.000000000000000e-01
6.412185091658960e-12
-6.911714062430545e-12
-2.858253667282054e-13
-6.868653181124043e-12
1.428780476802217e-12
-5.714809553390364e-13
-2.067068145474119e-12
-2.456391789354583e-12
4.313389177125838e-13
1.729311701059582e-11
-2.190790664122386e-12
3.250782960247982e-12
2.271024765418304e-12
5.957856178918085e-12
-2.025365186788777e-12
1.449164882267549e-12
4.497011738786683e-12
5.667190466583685e-12
6.607425356968275e-12
6.447361130887468e-12
8.517736845023109e-12
6.495312331394103e-12
1.751729624972435e-11
2.742341537235605e-11
3.248134432806725e-11
4.527718512182741e-11
5.941424520071214e-11
7.895236614473380e-11
1.084931201573538e-10
1.394647488930182e-10
1.900776137948698e-10
2.527055825246225e-10
3.397963595765214e-10
4.519246819223217e-10
6.018253577103559e-10
7.985104453317096e-10
1.066243956617006e-09
1.420502204097506e-09
1.861431939005768e-09
2.466844621786734e-09
3.258814398024612e-09
4.242110028140053e-09
5.580976505292785e-09
7.299561387086304e-09
9.522262887381588e-09
1.242942879317359e-08
1.612325009275525e-08
2.099745131684856e-08
2.720795095454892e-08
3.539535848499581e-08
4.607566641487142e-08
6.042321759006354e-08
7.959402426396769e-08
1.050726933311251e-07
1.412602221066735e-07
1.919544686769971e-07
2.632495102682352e-07
3.683355038436961e-07
5.247770924776589e-07
7.580102045148162e-07
1.112944160058246e-06
1.651806348850175e-06
2.495354796828499e-06
3.786415900552813e-06
5.792911318808325e-06
8.911160478878978e-06
1.373475127733549e-05
2.127317446677127e-05
3.293801156526959e-05
5.099418178739740e-05
7.919848302259585e-05
1.226429107260077e-04
1.900016049634858e-04
2.947131239383070e-04
4.582160202123558e-04
7.152274525823876e-04
1.125779675214761e-03
1.790704714551902e-03
2.909403510011392e-03
4.890202688368851e-03
8.651844230208703e-03
1.641362273966551e-02
3.399816569869223e-02
7.654793659915587e-02
1.814572414788058e-01
4.150551358283702e-01
7.633899845778171e-01
9.498911686870908e-01
9.999998708958276e-01
1.000000000000000e+00
1.000000000000000e+00
1.000000000000000e+00
1.000000000000000e+00
1.000000000000000e+00
1.000000000000000e+00
1.000000000000000e+00
1.000000000000000e+00
1.000000000000000e+00
1.000000000000000e+00
1.000000000000000e+00
###8.000000000000000e-01
6.931944272799218e-12
-4.854205652723676e-12
2.372562898706669e-14
-2.162220158726212e-12
5.050192150911349e-12
9.804632747292131e-12
5.229334110785375e-12
-2.554202725999876e-12
-2.097526685569450e-11
2.078580962934742e-11
2.017276273269857e-11
4.597413950041589e-12
4.949375716819444e-12
1.022157299062864e-11
2.129018321125990e-13
2.710966472878176e-12
6.663301562902599e-12
1.213825759093376e-11
4.410410146941225e-12
1.604314862909987e-11
2.196350445719567e-11
2.461223000124776e-11
3.363202450118779e-11
5.415943720082988e-11
6.909449837854763e-11
9.296665173821760e-11
1.232169985387473e-10
1.628252883415005e-10
2.240461965418364e-10
2.936151264288227e-10
3.972193564321685e-10
5.250762486429771e-10
7.088142665592610e-10
9.366016835222710e-10
1.249757351059359e-09
1.666516636203629e-09
2.204688144035412e-09
2.935322005371988e-09
3.853486868448517e-09
5.099930253930746e-09
6.699585049385099e-09
8.773406225219353e-09
1.151759071608804e-08
1.516402207056914e-08
1.971096820595015e-08
2.587871116887759e-08
3.361109705053085e-08
4.415788311000925e-08
5.755844268777868e-08
7.553368905757969e-08
9.953440183388460e-08
1.317644128215529e-07
1.766301860168777e-07
2.375528596864311e-07
3.245095832969807e-07
4.488137921002709e-07
6.284511742953076e-07
8.939107433336164e-07
1.285591819931211e-06
1.875653356497394e-06
2.774718771371521e-06
4.112731647766238e-06
6.219151181378262e-06
9.402166107161431e-06
1.432716656073565e-05
2.181933565204669e-05
3.342281522025671e-05
5.121349150021202e-05
7.850903616278299e-05
1.205537728324986e-04
1.847600302582640e-04
2.825349426267503e-04
4.324978676358215e-04
6.632348113732425e-04
1.017339550809548e-03
1.563658005767628e-03
2.417332935718857e-03
3.759432015695057e-03
5.914909379621261e-03
9.510774830226939e-03
1.575128063040456e-02
2.725304638159028e-02
5.015638309724132e-02
9.884459865167500e-02
2.058379391730614e-01
4.234730739811050e-01
7.322748928383992e-01
9.138471694030811e-01
9.999998708958276e-01
1.000000000000000e+00
1.000000000000000e+00
1.000000000000000e+00
1.000000000000000e+00
1.000000000000000e+00
1.000000000000000e+00
1.000000000000000e+00
1.000000000000000e+00
1.000000000000000e+00
1.000000000000000e+00
1.000000000000000e+00
###1.200000000000000e+00
3.608819969367084e-12
-4.775097197779821e-12
2.225518431438030e-11
6.022939004634521e-12
2.141050633227628e-11
5.821922913320155e-11
3.599431836287913e-12
5.090897550776915e-12
-2.572007204079743e-11
2.107949499353784e-12
2.449932334846469e-11
-3.903761361941613e-11
1.315028428576917e-11
1.559301442447913e-11
3.767652011386839e-12
2.605085463581074e-12
1.281035843137862e-11
1.801399481725131e-11
1.095172058987353e-11
2.596573055117961e-11
3.575467064786306e-11
3.789955034646269e-11
5.933899091305678e-11
8.378192888775184e-11
1.082521179529983e-10
1.484203030477294e-10
1.929212220265892e-10
2.564045868424116e-10
3.482128055941651e-10
4.809576415839947e-10
6.227191408791085e-10
8.254181290218627e-10
1.109626524128138e-09
1.467716584990772e-09
1.948468046496404e-09
2.597282354778823e-09
3.431996527263840e-09
4.549829762186724e-09
6.004399152746594e-09
7.911023097348853e-09
1.040828394477219e-08
1.364430342562669e-08
1.793473027442424e-08
2.359960200407013e-08
3.082992221133080e-08
4.064628103379043e-08
5.294559408751951e-08
7.022468271936779e-08
9.226417047094442e-08
1.224406213834440e-07
1.630378074107017e-07
2.187339402432549e-07
2.973335584842039e-07
4.062245568047023e-07
5.625912158327219e-07
7.891090569765968e-07
1.119130395264801e-06
1.611362785701833e-06
2.334939868445935e-06
3.427349294959474e-06
5.079443376697712e-06
7.539443904460387e-06
1.137824493938437e-05
1.713997235104347e-05
2.594886738808541e-05
3.922912791774465e-05
5.969688734210849e-05
9.062198463203659e-05
1.377770963732916e-04
2.095155229709949e-04
3.182074490002553e-04
4.823505418342305e-04
7.301153908069891e-04
1.107587732647055e-03
1.680997267297308e-03
2.550745765781845e-03
3.892001190244556e-03
5.954242230763513e-03
9.191729585630097e-03
1.442176869785980e-02
2.308419711699682e-02
3.809929177864401e-02
6.575473553730789e-02
1.195612226848884e-01
2.276503787399169e-01
4.310612269215439e-01
7.074921838406154e-01
8.843681606971482e-01
9.999998708958276e-01
1.000000000000000e+00
1.000000000000000e+00
1.000000000000000e+00
1.000000000000000e+00
1.000000000000000e+00
1.000000000000000e+00
1.000000000000000e+00
1.000000000000000e+00
1.000000000000000e+00
1.000000000000000e+00
1.000000000000000e+00
###1.600000000000000e+00
4.235784581884298e-11
5.004512015417032e-12
2.423525766180160e-11
9.438486390650426e-12
2.398277984254663e-11
5.420685632474828e-11
3.910991903044785e-11
8.170468452220065e-12
-1.255899456612092e-10
-4.698764113535675e-12
2.676530267837042e-11
-2.201526310687658e-11
1.676664280757143e-11
1.888450236823271e-11
2.242622413210780e-11
7.937196833824260e-12
2.961653006858397e-11
2.798639747220549e-11
2.375727346708280e-11
3.369516378836809e-11
5.056851643374581e-11
5.639514603889253e-11
8.608899415109264e-11
1.164239141643118e-10
1.501263288996585e-10
2.076873670997059e-10
2.700275978167849e-10
3.577605130456225e-10
4.887339505726354e-10
6.608333982619083e-10
8.661737548438930e-10
1.148372788890958e-09
1.541713245589280e-09
2.037737628427635e-09
2.693820306559630e-09
3.606538915119504e-09
4.748644993216142e-09
6.285135992048084e-09
8.318186289512543e-09
1.093243743515347e-08
1.440764732511955e-08
1.893642115524618e-08
2.496625409143366e-08
3.288767921458026e-08
4.320560902292840e-08
5.715049895940539e-08
7.489130877482188e-08
1.001613287478467e-07
1.326536915538386e-07
1.778443496816697e-07
2.396380949390019e-07
3.252645995119208e-07
4.478830635179184e-07
6.194936125554263e-07
8.684686662663776e-07
1.231947880577608e-06
1.765951265654387e-06
2.559878165156255e-06
3.730113261447868e-06
5.491177788196775e-06
8.142685294980935e-06
1.210337659432506e-05
1.816991059355522e-05
2.729428826746182e-05
4.103957949883246e-05
6.175755685274557e-05
9.330351660652313e-05
1.404769499730895e-04
2.118680600029405e-04
3.193663354677235e-04
4.811719009112172e-04
7.232780301851202e-04
1.084481972639488e-03
1.629075548585715e-03
2.448522842677289e-03
3.676712730476099e-03
5.545104654585999e-03
8.374091239031101e-03
1.273400721580512e-02
1.960150618469197e-02
3.062466624008560e-02
4.893542538421431e-02
8.083091633773079e-02
1.388970327234811e-01
2.473444075491354e-01
4.381697913536148e-01
6.880037611073782e-01
8.604226680439987e-01
9.999998708958276e-01
1.000000000000000e+00
1.000000000000000e+00
1.000000000000000e+00
1.000000000000000e+00
1.000000000000000e+00
1.000000000000000e+00
1.000000000000000e+00
1.000000000000000e+00
1.000000000000000e+00
1.000000000000000e+00
1.000000000000000e+00
###2.000000000000000e+00
4.278133325318351e-11
9.567602697167108e-12
1.510243457297735e-12
-8.193120078773015e-11
2.506149186491881e-11
3.600826789970016e-11
3.138960633416074e-11
1.388639976806409e-11
-1.239700782838440e-10
1.465015567002238e-12
2.734689976064649e-11
-1.393217742621150e-11
2.553055598222245e-11
2.212345100355880e-11
2.349464215954512e-11
1.638750181641257e-11
3.185772392733359e-11
3.051589160223278e-11
3.698987575659487e-11
4.077982405495280e-11
7.045162012313364e-11
8.666151169127232e-11
1.100780764108128e-10
1.532801356946788e-10
1.959604240001204e-10
2.733622111019589e-10
3.549783451314438e-10
4.714705933307250e-10
6.389944806564090e-10
8.580897535174189e-10
1.126313479387419e-09
1.500622984534736e-09
2.007789180657648e-09
2.656525693454345e-09
3.505921126217786e-09
4.681894270086152e-09
6.177970590403116e-09
8.161095948882520e-09
1.081665871263563e-08
1.419755791129738e-08
1.875857791435828e-08
2.474078438869512e-08
3.270695035558426e-08
4.320812178857650e-08
5.714294804291647e-08
7.590981448436586e-08
1.005438516047295e-07
1.349499919194179e-07
1.804595592030187e-07
2.443210718463163e-07
3.328727992578051e-07
4.565192299607200e-07
6.358063883611748e-07
8.896542523729896e-07
1.258882787015969e-06
1.802289426885056e-06
2.601513994976503e-06
3.792107269355956e-06
5.530303962846437e-06
8.158904376290250e-06
1.209823856138601e-05
1.796147423650925e-05
2.681969438160827e-05
4.017674885194245e-05
6.012629167162405e-05
8.998343311401520e-05
1.349590510625581e-04
2.019721470657906e-04
3.019388292669779e-04
4.518969297847044e-04
6.754462777322467e-04
1.007110126075030e-03
1.497853260520361e-03
2.212582906984385e-03
3.322313392184838e-03
4.942824259830715e-03
7.374058901332395e-03
1.100908017514865e-02
1.652383966404942e-02
2.503091316098257e-02
3.834643750328674e-02
5.975167772501732e-02
9.541456460746356e-02
1.570615797440163e-01
2.653348099621772e-01
4.450319696163629e-01
6.729214005686074e-01
8.411541954831430e-01
9.999998708958276e-01
1.000000000000000e+00
1.000000000000000e+00
1.000000000000000e+00
1.000000000000000e+00
1.000000000000000e+00
1.000000000000000e+00
1.000000000000000e+00
1.000000000000000e+00
1.000000000000000e+00
1.000000000000000e+00
1.000000000000000e+00
###2.400000000000000e+00
2.833898729224100e-11
6.359678256819015e-12
1.947153495001031e-12
4.750561549508184e-11
-6.662943623484073e-11
6.154073661298520e-11
6.851989746253764e-11
1.756277145107727e-11
-1.104904856676882e-10
4.767553091075062e-12
3.564818177066801e-11
-8.361304191420470e-12
3.257874459710904e-11
4.680917475049885e-11
3.029146623402642e-11
2.346670657984624e-11
4.082378138256463e-11
2.959562771204345e-11
4.805303525398674e-11
5.519709108233274e-11
8.889498395686152e-11
1.143573608271438e-10
1.461609037125405e-10
1.959627089599850e-10
2.519518597006710e-10
3.442493523039969e-10
4.472079061652336e-10
5.974012570967249e-10
8.019447071951632e-10
1.070971693418914e-09
1.411452128032829e-09
1.880265491843756e-09
2.509626639061321e-09
3.323128084498647e-09
4.380529165418825e-09
5.851931544793286e-09
7.713752006481487e-09
1.018901541877119e-08
1.353377927192488e-08
1.777730117368525e-08
2.353865663236667e-08
3.116100062799030e-08
4.132305054935943e-08
5.486809020998431e-08
7.297366853070629e-08
9.756516453066683e-08
1.304197489006116e-07
1.762019161439081e-07
2.373667648903398e-07
3.249302769432364e-07
4.469771679246898e-07
6.191749626559639e-07
8.711448236441105e-07
1.231178970060283e-06
1.755249566403456e-06
2.524937092277772e-06
3.663709491366570e-06
5.354845331236120e-06
7.818210560860963e-06
1.153731570197603e-05
1.708304951039534e-05
2.529918093276429e-05
3.764398617465681e-05
5.614288866345735e-05
8.362588998570131e-05
1.244680231700741e-04
1.854764331497286e-04
2.758379711927341e-04
4.092839021810854e-04
6.083723140775089e-04
9.028315493674605e-04
1.336128908878486e-03
1.971694683670718e-03
2.897993701465283e-03
4.302741257093421e-03
6.346991913015809e-03
9.376818165460326e-03
1.385274109245520e-02
2.054590960514701e-02
3.068670491364071e-02
4.623508256294959e-02
7.054094857083491e-02
1.095895812004352e-01
1.742089942879193e-01
2.819304927400449e-01
4.518265255857984e-01
6.615002369135434e-01
8.257973522536658e-01
9.999998708958276e-01
1.000000000000000e+00
1.000000000000000e+00
1.000000000000000e+00
1.000000000000000e+00
1.000000000000000e+00
1.000000000000000e+00
1.000000000000000e+00
1.000000000000000e+00
1.000000000000000e+00
1.000000000000000e+00
1.000000000000000e+00
###2.800000000000000e+00
2.891165819086641e-11
6.585162998056113e-12
8.765994128537494e-11
6.439915061402123e-11
-6.199884422064146e-11
6.341439347991104e-11
7.266454835941088e-11
5.422722416374093e-12
-9.715305605211102e-11
2.329282176364114e-11
4.415165425006347e-11
8.604517306502633e-12
4.571816064549628e-11
5.373046067311813e-11
4.731485857534953e-11
4.753957623810458e-11
5.729703068287717e-11
4.873452308182861e-11
6.466697836070756e-11
8.269439647722590e-11
1.171631778960447e-10
1.415881413342568e-10
1.878930159481823e-10
2.436613323153738e-10
3.146749781876644e-10
4.215503898967230e-10
5.508981797547966e-10
7.315085345412142e-10
9.787779989426295e-10
1.305233251653651e-09
1.720993321572626e-09
2.293633184737804e-09
3.057285799299788e-09
4.046631675309128e-09
5.326983384082464e-09
7.123553129275620e-09
9.387768051264798e-09
1.240176288618093e-08
1.650752196166432e-08
2.173380274819245e-08
2.885050553108552e-08
3.834087398329022e-08
5.105832394351313e-08
6.808508798569227e-08
9.120048615516370e-08
1.228256838968560e-07
1.655082802217275e-07
2.251814645252462e-07
3.058715237899136e-07
4.225511854547563e-07
5.871534920719223e-07
8.207079085631939e-07
1.162621389425512e-06
1.656690829404760e-06
2.375503065170069e-06
3.430348600505990e-06
4.990823620690907e-06
7.307665115811850e-06
1.067266969968048e-05
1.572510573069201e-05
2.324381782955048e-05
3.433510606987981e-05
5.090702254017688e-05
7.558251162746846e-05
1.120161798483386e-04
1.658367801161801e-04
2.456168067538514e-04
3.631031189564067e-04
5.353835250166156e-04
7.905901852134483e-04
1.165557080401478e-03
1.712986668091951e-03
2.509494171145236e-03
3.666779938767158e-03
5.393031757606107e-03
7.890429846773800e-03
1.155219064993301e-02
1.690146332346149e-02
2.479709192009196e-02
3.656798972581392e-02
5.430118142591425e-02
8.130634645943921e-02
1.234011509000992e-01
1.905071023711579e-01
2.974315663275624e-01
4.587042539560461e-01
6.531821149338923e-01
8.137992664858571e-01
9.999998708958276e-01
1.000000000000000e+00
1.000000000000000e+00
1.000000000000000e+00
1.000000000000000e+00
1.000000000000000e+00
1.000000000000000e+00
1.000000000000000e+00
1.000000000000000e+00
1.000000000000000e+00
1.000000000000000e+00
1.000000000000000e+00
###3.200000000000000e+00
2.157067684368701e-11
-2.228608445349486e-12
9.551637474329491e-11
6.008792812133247e-11
-6.032010253909037e-11
6.593424007237601e-11
8.317806943188363e-11
8.371532915231040e-12
-1.005590004301758e-10
3.445994681524582e-11
5.266809924534963e-11
2.670880513405924e-11
5.766213996567944e-11
5.702430969458797e-11
6.042258055916171e-11
7.117224282959009e-11
8.020609068876382e-11
6.684474222153442e-11
7.762158512418431e-11
1.156132691632441e-10
1.466560199486705e-10
1.728154673055047e-10
2.291491422682297e-10
2.953542661622634e-10
3.839633914944703e-10
5.059985705191849e-10
6.635430124918084e-10
8.778196372481109e-10
1.173185942971683e-09
1.557499856327467e-09
2.056201710579566e-09
2.734077428131188e-09
3.646079860645928e-09
4.824990510456173e-09
6.361044493060020e-09
8.511653337184398e-09
1.121302748511550e-08
1.483634412060809e-08
1.980140480527662e-08
2.616172546911730e-08
3.481989876572203e-08
4.646303914116586e-08
6.216163280553246e-08
8.334969392040313e-08
1.124085669456090e-07
1.524948210178707e-07
2.070365827664460e-07
2.840152289413572e-07
3.887853477018177e-07
5.412966471805807e-07
7.584911417737364e-07
1.068462965408998e-06
1.522216541398823e-06
2.182152718332624e-06
3.141214250062124e-06
4.550611733812981e-06
6.631957348773270e-06
9.713467445841337e-06
1.418363839220071e-05
2.086352622621455e-05
3.077061673347575e-05
4.528062020003549e-05
6.688383009612052e-05
9.889195644033526e-05
1.457753832726975e-04
2.147917813753026e-04
3.162571944165342e-04
4.649640671154694e-04
6.815003608641646e-04
1.000307172059700e-03
1.465693822790000e-03
2.139591589532303e-03
3.114028644437928e-03
4.523667256049557e-03
6.594876932095553e-03
9.574043868683260e-03
1.390044662125991e-02
2.015126577023402e-02
2.926840841757460e-02
4.266069528627965e-02
6.251243161000480e-02
9.205133761471702e-02
1.369177079705249e-01
2.060814419369268e-01
3.120450558748547e-01
4.657211068873434e-01
6.474546420554974e-01
8.045919791247118e-01
9.999998708958276e-01
1.000000000000000e+00
1.000000000000000e+00
1.000000000000000e+00
1.000000000000000e+00
1.000000000000000e+00
1.000000000000000e+00
1.000000000000000e+00
1.000000000000000e+00
1.000000000000000e+00
1.000000000000000e+00
1.000000000000000e+00
###3.600000000000000e+00
2.606746962216135e-11
4.068613327996553e-11
6.737332917430909e-11
7.082979834611508e-11
-5.308792561384074e-11
7.307652816975295e-11
1.254735688076827e-10
2.548553337553211e-11
-7.646609676896668e-11
5.382082896743527e-11
7.935911868113082e-11
5.762094591691850e-11
-3.034973064259986e-11
8.081790271727466e-11
8.044031310814279e-11
6.553571102988460e-11
1.050103612774147e-10
9.670821506572814e-11
1.111849853524815e-10
1.403664915065368e-10
1.888257332719783e-10
2.246291692091834e-10
2.894538307846766e-10
3.810212912130080e-10
4.687253464517961e-10
6.053920321704092e-10
7.921295235158930e-10
1.043042554397983e-09
1.386497759666317e-09
1.837601038799636e-09
2.426419135590469e-09
3.220016193159503e-09
4.287837228315029e-09
5.674099433877713e-09
7.498488866867192e-09
1.000138867938122e-08
1.322952664483377e-08
1.752174210119524e-08
2.348735605279356e-08
3.114748082495745e-08
4.159669116494451e-08
5.576855958869078e-08
7.498060672875651e-08
1.011423630014547e-07
1.373050864090745e-07
1.874581312904845e-07
2.566702937235508e-07
3.544437930336792e-07
4.900066854643784e-07
6.852971384614950e-07
9.669686938716241e-07
1.371432311992068e-06
1.962475700268431e-06
2.825479608987144e-06
4.079311782438272e-06
5.919300526006534e-06
8.635534459406993e-06
1.264625571041502e-05
1.843547582607905e-05
2.705511292253341e-05
3.980640069363142e-05
5.837740687200730e-05
8.590484654317399e-05
1.264615783430653e-04
1.855105212362112e-04
2.720829533785859e-04
3.982041192089900e-04
5.826084135283767e-04
8.491515802558590e-04
1.239244011574920e-03
1.805178975001035e-03
2.618231514594880e-03
3.787379600175120e-03
5.469111338782293e-03
7.910773916784564e-03
1.139909995373818e-02
1.641967590976251e-02
2.359839410056567e-02
3.395065582569330e-02
4.895632991090579e-02
7.085666525150700e-02
1.027860270899676e-01
1.501596852836377e-01
2.210475411920274e-01
3.259484422454050e-01
4.729450001212100e-01
6.439466269423768e-01
7.977384299703729e-01
9.999998708958276e-01
1.000000000000000e+00
1.000000000000000e+00
1.000000000000000e+00
1.000000000000000e+00
1.000000000000000e+00
1.000000000000000e+00
1.000000000000000e+00
1.000000000000000e+00
1.000000000000000e+00
1.000000000000000e+00
1.000000000000000e+00
###4.000000000000000e+00
3.076411442599212e-11
4.214307305452479e-11
5.816729289174648e-11
8.755363330631690e-11
-1.745302419939813e-12
7.292797740438964e-11
1.277658269900523e-10
2.629879241304397e-11
-6.527308930123510e-11
5.619258166697844e-11
8.510230643343059e-11
6.684423635081423e-11
-1.189854381533130e-11
9.463016477096810e-11
9.444836068397294e-11
8.549429676600985e-11
1.243256672883443e-10
1.119129091821293e-10
1.366710177971232e-10
1.696304980796055e-10
2.214102113151730e-10
2.666429996986938e-10
3.385329849417434e-10
4.438700142457529e-10
5.487373975865409e-10
7.067038381086232e-10
9.233620529805497e-10
1.216392270915314e-09
1.613967239614521e-09
2.135953040210121e-09
2.820612536987448e-09
3.747747051439779e-09
4.974475735760450e-09
6.600774413164944e-09
8.742119847968558e-09
1.168822271060225e-08
1.546684166214054e-08
2.055001467836130e-08
2.759139776410596e-08
3.676820196127114e-08
4.935308453474141e-08
6.645144188996079e-08
8.981814380582387e-08
1.219542437948705e-07
1.666483068323953e-07
2.289426475731361e-07
3.160509893925690e-07
4.392646316100967e-07
6.124428636156562e-07
8.601658024445887e-07
1.220840107803987e-06
1.740461449112310e-06
2.498906153204659e-06
3.607863485113292e-06
5.216633948650198e-06
7.576825816604127e-06
1.105583564983011e-05
1.616086463579734e-05
2.354312425429441e-05
3.446299697782626e-05
5.056859630903081e-05
7.389020941769858e-05
1.083284279920436e-04
1.587684827321078e-04
2.318059592590758e-04
3.384719131736404e-04
4.926640449032447e-04
7.172726614251598e-04
1.039846957518248e-03
1.509411971853050e-03
2.185129288803601e-03
3.151386967601198e-03
4.532309942166602e-03
6.506110381124641e-03
9.341501606982491e-03
1.336735441985495e-02
1.910757761164199e-02
2.724005526320562e-02
3.884056339587425e-02
5.544537892319745e-02
7.933791418632002e-02
1.135168344942745e-01
1.631598004480477e-01
2.355196605240683e-01
3.392994714163864e-01
4.804033627563859e-01
6.422875927547813e-01
7.928912191093480e-01
9.999998708958276e-01
1.000000000000000e+00
1.000000000000000e+00
1.000000000000000e+00
1.000000000000000e+00
1.000000000000000e+00
1.000000000000000e+00
1.000000000000000e+00
1.000000000000000e+00
1.000000000000000e+00
1.000000000000000e+00
1.000000000000000e+00
###4.399999999999999e+00
1.093206503500484e-10
4.218506777127315e-11
5.155859450891227e-11
2.859602726623768e-11
3.926314924698476e-11
6.988308033588099e-11
1.219089835521378e-10
2.833706434975134e-11
-4.952441186426834e-11
7.576654499096205e-11
8.830876190768501e-11
7.535505316135042e-11
3.908811218441019e-12
1.038047676483507e-10
1.052052987755614e-10
1.067314202516591e-10
1.383956088993071e-10
1.292277000140146e-10
1.628495138659345e-10
1.974751392945926e-10
2.578481483899762e-10
3.119746700879707e-10
3.924568583089014e-10
5.098423653277091e-10
6.331807965098194e-10
8.144174780598368e-10
1.069373252307011e-09
1.402287674544085e-09
1.860793070090048e-09
2.462107938418281e-09
3.249917738773381e-09
4.317608763265801e-09
5.734909534993858e-09
7.619683161377006e-09
1.011210570371987e-08
1.355947670718516e-08
1.796827705006431e-08
2.395252108619595e-08
3.225059150988859e-08
4.318882431111201e-08
5.828271227185194e-08
7.894158141458971e-08
1.071875305770401e-07
1.464322227340554e-07
2.013647597911570e-07
2.784495553981771e-07
3.869019721025328e-07
5.411626738758119e-07
7.589954679369793e-07
1.071079806269200e-06
1.527290139068034e-06
2.187149908420276e-06
3.146386485220872e-06
4.551126503972198e-06
6.584137877102927e-06
9.568800014254088e-06
1.395215774462597e-05
2.033235484725999e-05
2.960700222379710e-05
4.321824700903824e-05
6.323603291798162e-05
9.207323813882298e-05
1.344986741684938e-04
1.962888332344305e-04
2.852759073932417e-04
4.146551610703826e-04
6.007848534163180e-04
8.700837163896057e-04
1.254928467003309e-03
1.812337625867333e-03
2.608416520442468e-03
3.741536958063319e-03
5.350915633876126e-03
7.637309038460002e-03
1.089138265181357e-02
1.548036028866901e-02
2.195814584694469e-02
3.107448622773340e-02
4.393307621273760e-02
6.212213986614032e-02
8.794313929202080e-02
1.242551068649076e-01
1.759612110986490e-01
2.495546750634342e-01
3.522196242670754e-01
4.881226342069124e-01
6.421886118139661e-01
7.897558593768476e-01
9.999998708958276e-01
1.000000000000000e+00
1.000000000000000e+00
1.000000000000000e+00
1.000000000000000e+00
1.000000000000000e+00
1.000000000000000e+00
1.000000000000000e+00
1.000000000000000e+00
1.000000000000000e+00
1.000000000000000e+00
1.000000000000000e+00
###4.800000000000000e+00
-4.957682472809888e-11
4.603215214956506e-11
8.683145356151246e-11
2.577705186780855e-11
-9.645389129209726e-12
6.743005783146929e-11
1.160311249892398e-10
2.628223633110371e-11
-2.313556256099557e-11
7.593459486918727e-11
8.392232062690123e-11
6.652994790621553e-11
8.982518136943011e-12
2.094487900870648e-10
1.155645012441550e-10
1.168630501266095e-10
1.553262409882935e-10
1.563654036463165e-10
1.872846893284881e-10
2.250987436206032e-10
2.915181016984954e-10
3.570796204659195e-10
4.418909217526462e-10
5.658707772559637e-10
7.277898232406793e-10
9.313861450292654e-10
1.223975028327867e-09
1.603975263717317e-09
2.125708728493377e-09
2.814689206653086e-09
3.722107100418583e-09
4.943972421123533e-09
6.571963843288243e-09
8.745110023751027e-09
1.163396952938156e-08
1.561434349428451e-08
2.077854146326219e-08
2.784216849052543e-08
3.756197108198050e-08
5.058730267729828e-08
6.861007858383061e-08
9.346487733009009e-08
1.275435522761551e-07
1.734478829602734e-07
2.425898347663012e-07
3.374750633596296e-07
4.715330693871919e-07
6.629610810430782e-07
9.347551741710913e-07
1.324156549907042e-06
1.897096785905288e-06
2.723683624203852e-06
3.923295779763589e-06
5.678761909428531e-06
8.215521706052431e-06
1.193678941263236e-05
1.738824046447676e-05
2.528149069255607e-05
3.675200485405844e-05
5.348835869670132e-05
7.803329137641889e-05
1.132208931030948e-04
1.648139525372092e-04
2.395315783119179e-04
3.465707355264997e-04
5.015811866661978e-04
7.232486983994724e-04
1.042533205445842e-03
1.496252658317233e-03
2.149906271475133e-03
3.078087834773465e-03
4.391738743126851e-03
6.246551758291105e-03
8.865300134819532e-03
1.256115937951639e-02
1.773964933760086e-02
2.498183525516692e-02
3.510214008975975e-02
4.922775562648856e-02
6.898554454972651e-02
9.667266622432488e-02
1.350049469449610e-01
1.886045276089684e-01
2.632444634244023e-01
3.648156896621733e-01
4.961002515901307e-01
6.434241745730688e-01
7.880305085061267e-01
9.999998708958276e-01
1.000000000000000e+00
1.000000000000000e+00
1.000000000000000e+00
1.000000000000000e+00
1.000000000000000e+00
1.000000000000000e+00
1.000000000000000e+00
1.000000000000000e+00
1.000000000000000e+00
1.000000000000000e+00
1.000000000000000e+00
###5.200000000000000e+00
-4.816301569210992e-11
4.286039176112681e-11
8.979260709874971e-11
1.265755461158233e-11
-4.651850254658613e-12
2.160567470375137e-11
1.208841797655334e-10
3.352085898605038e-11
-1.060326662402918e-11
1.699176682592759e-10
9.429210402661884e-11
8.104515459797277e-11
2.904837531439586e-11
2.196382221890892e-10
1.340903176071040e-10
1.368198386347401e-10
1.731631213627884e-10
1.817395574496044e-10
1.978939149040054e-10
2.579669926600208e-10
3.311868552529405e-10
4.095754045471049e-10
4.962768589520377e-10
6.463902209459064e-10
8.315973452774317e-10
1.061184803748346e-09
1.402097446664056e-09
1.826525502025186e-09
2.415956005160230e-09
3.201139626119600e-09
4.238731664919520e-09
5.637955686682962e-09
7.501665561346910e-09
1.000439217527846e-08
1.334543959334685e-08
1.792062806255279e-08
2.397254074494559e-08
3.227603506754256e-08
4.367480497331938e-08
5.913448309835240e-08
8.062915608667076e-08
1.103978885547186e-07
1.515290182999501e-07
2.077480468246092e-07
2.915303272588543e-07
4.077812343736723e-07
5.727659265686911e-07
8.085403147796091e-07
1.145016432173728e-06
1.627264644054672e-06
2.339793012882165e-06
3.363952874424615e-06
4.849992959819330e-06
7.019758578760492e-06
1.014973325811097e-05
1.473522137045673e-05
2.143613399053728e-05
3.108726939248497e-05
4.510087973010763e-05
6.545774208439836e-05
9.517120890736705e-05
1.376550556732157e-04
1.996576422565517e-04
2.889841125590673e-04
4.163951344439259e-04
6.000386115698116e-04
8.615105663760545e-04
1.235775812666981e-03
1.765521419569219e-03
2.524411357147769e-03
3.595440640251391e-03
5.103959003184297e-03
7.221225004145425e-03
1.019293194044219e-02
1.435374652625933e-02
2.014505314485711e-02
2.817795014450575e-02
3.932083800878611e-02
5.471963211181207e-02
7.602586939276568e-02
1.054907334621768e-01
1.457744754181339e-01
2.011121349770980e-01
2.766517477530832e-01
3.771514915298759e-01
5.043264023399964e-01
6.457839516808093e-01
7.875175768929470e-01
9.999998708958276e-01
1.000000000000000e+00
1.000000000000000e+00
1.000000000000000e+00
1.000000000000000e+00
1.000000000000000e+00
1.000000000000000e+00
1.000000000000000e+00
1.000000000000000e+00
1.000000000000000e+00
1.000000000000000e+00
1.000000000000000e+00
###5.600000000000001e+00
-4.557958233578067e-11
5.054172943743009e-11
7.804548876327685e-11
1.173289374989094e-11
-7.149332815257005e-14
3.615361465177917e-11
1.155352412877795e-10
4.705170890256711e-11
1.222685150967335e-12
4.890885767954003e-11
9.805986943237746e-11
9.724077282088347e-11
4.810254792004228e-11
2.317334337183705e-10
1.508065749520905e-10
1.579322427526913e-10
1.926859337648788e-10
2.034249938100275e-10
2.300614483147076e-10
2.934068814123459e-10
3.725967466116460e-10
4.617891699810566e-10
5.642779426983998e-10
7.292755562816700e-10
9.429214536147101e-10
1.202444929038425e-09
1.586463671797804e-09
2.066922430955454e-09
2.737794013505811e-09
3.625505109492209e-09
4.808108052330052e-09
6.402973215034723e-09
8.536435472799515e-09
1.141070362837704e-08
1.526933510594514e-08
2.060867161953996e-08
2.762194980556641e-08
3.734492961039497e-08
5.073818150254605e-08
6.904090530911008e-08
9.468506061539397e-08
1.302772140581979e-07
1.797401612637637e-07
2.482862457630646e-07
3.495610871247653e-07
4.913115876336228e-07
6.927778388139135e-07
9.818684450071164e-07
1.395346384644816e-06
1.987508770879835e-06
2.863609208167270e-06
4.123742281220813e-06
5.946388189604293e-06
8.600893498115587e-06
1.242985822197973e-05
1.801742228059329e-05
2.614255481445191e-05
3.785864111966519e-05
5.480307515143953e-05
7.931049564353890e-05
1.148987566143684e-04
1.657183921192337e-04
2.393920620610674e-04
3.450812805835717e-04
4.954286465023567e-04
7.109834930114215e-04
1.016571204998362e-03
1.451405541283715e-03
2.064323135305032e-03
2.937865585959672e-03
4.163654612611199e-03
5.881185870786769e-03
8.278196995243060e-03
1.162298385989638e-02
1.627219824173518e-02
2.269989511360913e-02
3.154631885732179e-02
4.372883002468399e-02
6.040719634130924e-02
8.324241417361650e-02
1.144434213166583e-01
1.565780315792038e-01
2.135154292127461e-01
2.898212481557670e-01
3.892948366701998e-01
5.128130409977238e-01
6.491102546524347e-01
7.880190074449065e-01
9.999998708958276e-01
1.000000000000000e+00
1.000000000000000e+00
1.000000000000000e+00
1.000000000000000e+00
1.000000000000000e+00
1.000000000000000e+00
1.000000000000000e+00
1.000000000000000e+00
1.000000000000000e+00
1.000000000000000e+00
1.000000000000000e+00
###6.000000000000001e+00
-3.426587229939914e-11
-5.111049947475153e-11
6.017932966647419e-11
8.103773233311723e-12
3.968593065173213e-12
-4.327487780236586e-11
1.139970059986199e-10
4.379056061246820e-11
2.232152575185201e-11
8.755564848706248e-11
9.083704642973914e-11
-8.307202418107004e-11
6.138366203908547e-11
2.404884142423741e-10
1.672253335917115e-10
1.769743181469079e-10
2.080861328481688e-10
2.239465496855244e-10
2.607130671459568e-10
3.275009509832784e-10
4.172506380381153e-10
5.141382693789231e-10
6.342672807140638e-10
8.202047563698160e-10
1.059939040221872e-09
1.354445003027457e-09
1.786005530494278e-09
2.332866151937820e-09
3.085690621458512e-09
4.095109007261525e-09
5.435500812084365e-09
7.254795825343419e-09
9.691411949507964e-09
1.299093723089885e-08
1.745116305007734e-08
2.360909080994683e-08
3.181017009547552e-08
4.320555688774585e-08
5.896430025660124e-08
8.062645058714570e-08
1.111027659073806e-07
1.536986458819250e-07
2.130794316458775e-07
2.961827197706773e-07
4.182845710077987e-07
5.904444386544287e-07
8.353725239203923e-07
1.187396123960613e-06
1.692073016424872e-06
2.414639123502884e-06
3.482440863260493e-06
5.019347580777565e-06
7.236581473452800e-06
1.046128250157405e-05
1.509905359360186e-05
2.184778584941884e-05
3.161551687160040e-05
4.570072443937737e-05
6.599470843965960e-05
9.524423068733287e-05
1.375207919293916e-04
1.977375173629466e-04
2.845207216931313e-04
4.087281604619117e-04
5.844708422330285e-04
8.353197702184836e-04
1.189536318631862e-03
1.690872054639553e-03
2.394366289658217e-03
3.392049734256076e-03
4.784751938985721e-03
6.726125334943546e-03
9.420220370569705e-03
1.315843532553285e-02
1.832120601441089e-02
2.541170082098420e-02
3.509521802156740e-02
4.832761155419597e-02
6.629187630097157e-02
9.064003586424062e-02
1.235316470187718e-01
1.674266287774907e-01
2.258405228415406e-01
3.028146447136781e-01
4.013059878820339e-01
5.215460006064520e-01
6.532635455997757e-01
7.893877772570568e-01
9.999998708958276e-01
1.000000000000000e+00
1.000000000000000e+00
1.000000000000000e+00
1.000000000000000e+00
1.000000000000000e+00
1.000000000000000e+00
1.000000000000000e+00
1.000000000000000e+00
1.000000000000000e+00
1.000000000000000e+00
1.000000000000000e+00
###6.400000000000001e+00
-2.667043602317395e-11
-1.627626725340506e-11
6.060948987016838e-11
1.232635528372006e-10
-7.082591425873233e-12
-4.092789411563922e-11
1.036096118705587e-10
4.940064516104978e-11
3.048621969599934e-11
9.536597712050861e-11
1.004457309682092e-10
-7.699390647666916e-11
8.058579901982163e-11
2.470429231207104e-10
1.885966895081134e-10
1.980510719826557e-10
2.299223612996703e-10
2.534153199351348e-10
2.940666768304967e-10
3.668619009486853e-10
4.650285447230004e-10
5.711112070803014e-10
7.133406310474563e-10
9.193388447697167e-10
1.188057993763802e-09
1.521297278362332e-09
2.004832756074958e-09
2.625553146728712e-09
3.473994789451410e-09
4.611067378516864e-09
6.138535369958290e-09
8.210331661507587e-09
1.099543914675545e-08
1.478165398395987e-08
1.993115779652136e-08
2.705416754439398e-08
3.661665008952236e-08
4.998120937617955e-08
6.855869098612796e-08
9.415147641135763e-08
1.303320070407464e-07
1.811794419470148e-07
2.525606025715372e-07
3.526583518176219e-07
4.995987481959711e-07
7.074089407915876e-07
1.004002928748796e-06
1.430345157436750e-06
2.042183029571714e-06
2.921550561236649e-06
4.214764555698219e-06
6.069601341655888e-06
8.745742216429756e-06
1.262933088550128e-05
1.820564333928177e-05
2.628962206981988e-05
3.794680529334980e-05
5.472869846037050e-05
7.885143286092463e-05
1.134632369840431e-04
1.632749227151610e-04
2.340747334833226e-04
3.355482646082653e-04
4.803676617847415e-04
6.842612511068749e-04
9.741173704439177e-04
1.381621542586266e-03
1.955545959997118e-03
2.757425976600846e-03
3.889275884323736e-03
5.461347752588231e-03
7.641652159180801e-03
1.065116502017330e-02
1.480268423567851e-02
2.050016427319194e-02
2.827884812246900e-02
3.881732113360037e-02
5.311957621728234e-02
7.237575358850869e-02
9.821663184795656e-02
1.327567509101863e-01
1.783279948663880e-01
2.381168767760752e-01
3.156696118585863e-01
4.132273649012599e-01
5.305017614799006e-01
6.581305530227760e-01
7.915173525966696e-01
9.999998708958276e-01
1.000000000000000e+00
1.000000000000000e+00
1.000000000000000e+00
1.000000000000000e+00
1.000000000000000e+00
1.000000000000000e+00
1.000000000000000e+00
1.000000000000000e+00
1.000000000000000e+00
1.000000000000000e+00
1.000000000000000e+00
###6.800000000000002e+00
-3.860177530402323e-11
-3.763112446509150e-12
2.535730373748399e-11
1.291103949400943e-10
-2.930861410643915e-11
2.178168597489939e-11
1.182148366703457e-10
4.711244628278404e-11
4.324583334175733e-11
1.156161653627474e-10
1.014129285207585e-10
-3.490271570546179e-11
1.049299410690403e-10
2.312229217334209e-10
2.126159293193601e-10
1.963054846200450e-10
2.656643400326821e-10
2.893612323959634e-10
3.364636708891530e-10
4.167823991958451e-10
5.220583293077934e-10
6.466796139894580e-10
8.022882741174654e-10
1.045553698570821e-09
1.330733099643360e-09
1.713056187415136e-09
2.250299831296162e-09
2.948989327987614e-09
3.909673490518960e-09
5.195159277567787e-09
6.925317067971745e-09
9.291425479087900e-09
1.247653066172531e-08
1.682767395808097e-08
2.278092172130567e-08
3.101720019070258e-08
4.220940740958023e-08
5.785895394499444e-08
7.973094762989892e-08
1.100155864994317e-07
1.529531807389264e-07
2.134232704236489e-07
2.989929080468198e-07
4.192156271039535e-07
5.954003199781528e-07
8.453465418989366e-07
1.202524924704997e-06
1.716339837253816e-06
2.453668061865407e-06
3.515719793624539e-06
5.066425650678781e-06
7.296606003333924e-06
1.050302030598827e-05
1.514861632511847e-05
2.180148304861953e-05
3.141520569132822e-05
4.521673928078586e-05
6.509228275765421e-05
9.353675640517787e-05
1.341979418505404e-04
1.924677139790912e-04
2.750861324278179e-04
3.929385390181941e-04
5.606657758349909e-04
7.955957773332772e-04
1.128315716153846e-03
1.594107066741847e-03
2.247144514838937e-03
3.155481119011497e-03
4.431997044755540e-03
6.195882988796138e-03
8.630185427014578e-03
1.197326503946547e-02
1.655901227573670e-02
2.281430236125232e-02
3.129861712022177e-02
4.271520813189472e-02
5.810532076124871e-02
7.865631796573781e-02
1.059738312806985e-01
1.421145870376083e-01
1.892910741519587e-01
2.503587434363196e-01
3.284223720757901e-01
4.250852669931000e-01
5.396738278713246e-01
6.635944525731781e-01
7.942373100220248e-01
9.999998708958276e-01
1.000000000000000e+00
1.000000000000000e+00
1.000000000000000e+00
1.000000000000000e+00
1.000000000000000e+00
1.000000000000000e+00
1.000000000000000e+00
1.000000000000000e+00
1.000000000000000e+00
1.000000000000000e+00
1.000000000000000e+00
###7.200000000000002e+00
-5.952714383651879e-12
-9.632414880474783e-12
3.396449394389167e-10
1.312665122293631e-10
-7.152128757001833e-12
3.232715921017501e-11
1.693567065322827e-10
5.903693679287451e-11
5.773761591397094e-11
1.147488812537428e-10
1.161657765514011e-10
-2.000657676447331e-12
1.308273616413733e-10
2.492210482085998e-10
2.407951312654244e-10
2.275631708243674e-10
2.960453949835684e-10
3.234126559952917e-10
3.797149299026952e-10
4.683143814329801e-10
5.788066082197219e-10
7.180898176454124e-10
8.974957981727056e-10
1.168092031115860e-09
1.485153261660990e-09
1.918184375601103e-09
2.519164692294859e-09
3.305957226448839e-09
4.389783328820739e-09
5.848922087171124e-09
7.828658031100054e-09
1.051131913929932e-08
1.415802614747571e-08
1.916647666515206e-08
2.605069020936464e-08
3.560199675336136e-08
4.868147832679719e-08
6.702052712315782e-08
9.274626655428842e-08
1.285153555267166e-07
1.794690860488684e-07
2.514092693248379e-07
3.536045261645748e-07
4.973560219274157e-07
7.078522117403020e-07
1.007257802474507e-06
1.435155802696591e-06
2.051464378179828e-06
2.934784968032597e-06
4.209658229487061e-06
6.058948022043169e-06
8.723004755944915e-06
1.253922858859860e-05
1.805843130733555e-05
2.594371177472773e-05
3.729285857290863e-05
5.354757797779305e-05
7.690452619380884e-05
1.102217792938568e-04
1.576614470733404e-04
2.254167192214697e-04
3.212244032545789e-04
4.572726215711487e-04
6.502857193546289e-04
9.193705554155014e-04
1.299072238831751e-03
1.828409719836462e-03
2.567165563201352e-03
3.590556134433832e-03
5.022181127670994e-03
6.991228360892961e-03
9.695288736644160e-03
1.339011232829087e-02
1.843018879751561e-02
2.526559346538581e-02
3.447790649430552e-02
4.679534661837900e-02
6.328558995273524e-02
8.513561030140802e-02
1.139131305822988e-01
1.516242234806103e-01
2.003297084381708e-01
2.625874961858903e-01
3.410916287825929e-01
4.369057594176091e-01
5.490283657783191e-01
6.695582948206228e-01
7.974799347754133e-01
9.999998708958276e-01
1.000000000000000e+00
1.000000000000000e+00
1.000000000000000e+00
1.000000000000000e+00
1.000000000000000e+00
1.000000000000000e+00
1.000000000000000e+00
1.000000000000000e+00
1.000000000000000e+00
1.000000000000000e+00
1.000000000000000e+00
###7.600000000000002e+00
4.907072057921208e-10
9.151410253199575e-12
3.230871672217067e-10
1.269161907608612e-10
1.719155650768193e-11
4.131576715026622e-11
1.899723469715202e-10
7.973452725080554e-11
3.866763837839710e-12
1.328073020601816e-10
1.390500598079847e-10
-3.875848423347265e-11
2.888191781901055e-10
2.772317710246398e-10
2.790651789274212e-10
2.626652896448967e-10
3.322455823274085e-10
3.738198261506819e-10
4.330436528033726e-10
5.248419701405226e-10
6.512153929415080e-10
8.048535138255484e-10
1.008163025030552e-09
1.307918263826479e-09
1.665192636132755e-09
2.146086314616543e-09
2.819215406698585e-09
3.701293994547962e-09
4.927712959391582e-09
6.580969543261779e-09
8.831112777860606e-09
1.190126969088367e-08
1.608181584099810e-08
2.185608222917573e-08
2.981855272490258e-08
4.090369619784644e-08
5.619806712773078e-08
7.766928136682082e-08
1.079420223625242e-07
1.501428874677499e-07
2.104965508404288e-07
2.958282749962059e-07
4.172594174875333e-07
5.888355454074324e-07
8.395525572652080e-07
1.197011724664659e-06
1.706947093849513e-06
2.442334931221635e-06
3.495052046375747e-06
5.014749772246529e-06
7.208750721310481e-06
1.037018386080311e-05
1.488781164433431e-05
2.140676735022893e-05
3.069234444673875e-05
4.402225923492541e-05
6.303385373098367e-05
9.032652863884804e-05
1.291144712022962e-04
1.841353488561484e-04
2.625009804625490e-04
3.729192625081904e-04
5.290866398319163e-04
7.498931528260353e-04
1.056526053080742e-03
1.487540327586925e-03
2.085922874517953e-03
2.917584366392520e-03
4.064652173284197e-03
5.662290886039516e-03
7.849689259706237e-03
1.083966800596943e-02
1.490470237856833e-02
2.042011223235466e-02
2.785794051952020e-02
3.782047925331712e-02
5.105765105346441e-02
6.866085913416781e-02
9.180823762824371e-02
1.220374433230478e-01
1.612811117094782e-01
2.114473070250255e-01
2.748273004503476e-01
3.537196063794144e-01
4.487137004813703e-01
5.585593624185349e-01
6.759670844958613e-01
8.011712488586589e-01
9.999998708958276e-01
1.000000000000000e+00
1.000000000000000e+00
1.000000000000000e+00
1.000000000000000e+00
1.000000000000000e+00
1.000000000000000e+00
1.000000000000000e+00
1.000000000000000e+00
1.000000000000000e+00
1.000000000000000e+00
1.000000000000000e+00
###8.000000000000002e+00
4.906792356321226e-10
9.875730610837179e-12
3.320362643373536e-10
1.740553465437469e-10
1.631548175311317e-11
4.076608962502262e-11
1.966037634499399e-10
9.508646850792511e-11
1.999638307704873e-11
1.480881093473359e-10
1.601516701856062e-10
2.255283731003648e-12
3.131730254246439e-10
3.132690784584834e-10
3.195752210727453e-10
3.086118127159168e-10
3.771111336779509e-10
4.177766678767266e-10
4.864431808542214e-10
5.884244998458569e-10
7.279048318973848e-10
8.972848715547775e-10
1.127424470604725e-09
1.456891936478091e-09
1.863998534160246e-09
2.398450949419045e-09
3.154641670707336e-09
4.148636203241502e-09
5.533726255665291e-09
7.407908440544666e-09
9.964634836523347e-09
1.347783312728679e-08
1.829008152727278e-08
2.494346247949954e-08
3.417292198535307e-08
4.703716360292071e-08
6.490945265826554e-08
9.005898920068039e-08
1.256409834725834e-07
1.754793132013944e-07
2.467734496554093e-07
3.477604433936708e-07
4.916509567715651e-07
6.957804173444671e-07
9.934150647947527e-07
1.417907845065220e-06
2.023607040933331e-06
2.895949943687847e-06
4.144059950445193e-06
5.938143329921928e-06
8.538055321979928e-06
1.226695946077003e-05
1.758213322215751e-05
2.524081192671411e-05
3.611662927978313e-05
5.168184899148938e-05
7.383330455707023e-05
1.055265605131927e-04
1.504276687863522e-04
2.139291151822741e-04
3.040049895498718e-04
4.306032478684922e-04
6.089675841763843e-04
8.598490450279529e-04
1.207973259373034e-03
1.694672349186475e-03
2.367942658870368e-03
3.299950160962585e-03
4.579716716735700e-03
6.354937239863423e-03
8.773890756616064e-03
1.206627479744174e-02
1.651954031041300e-02
2.253135263083100e-02
3.059345160256589e-02
4.132915951466117e-02
5.550563879510929e-02
7.423689263476453e-02
9.868317666135251e-02
1.303448066974782e-01
1.710861288694044e-01
2.226593865331859e-01
2.870892111117004e-01
3.663218973494132e-01
4.605311119060919e-01
5.682574640950564e-01
6.827506030531597e-01
8.052493092121454e-01
9.999998708958276e-01
1.000000000000000e+00
1.000000000000000e+00
1.000000000000000e+00
1.000000000000000e+00
1.000000000000000e+00
1.000000000000000e+00
1.000000000000000e+00
1.000000000000000e+00
1.000000000000000e+00
1.000000000000000e+00
1.000000000000000e+00
###8.400000000000002e+00
4.981243412995585e-10
-3.856415550365555e-11
3.815923913633234e-10
1.861984969076783e-10
3.145572611053867e-11
8.906697460005034e-11
2.014365338461512e-10
1.076967114307215e-10
3.294509790327568e-11
1.623548809858732e-10
1.849750444335196e-10
3.038003870228431e-11
3.221469519449445e-10
3.302542880247185e-10
3.397240706195042e-10
3.355392848362617e-10
4.065342590522154e-10
4.566816452035383e-10
5.353070700764536e-10
6.423598189705677e-10
7.998960347482086e-10
9.919895055952116e-10
1.249893977555604e-09
1.612399759129893e-09
2.067538986775075e-09
2.673378047055268e-09
3.522468055069918e-09
4.645810895363186e-09
6.212288392796525e-09
8.344815186860557e-09
1.125485344380749e-08
1.528101169370505e-08
2.080925961967267e-08
2.849444845055057e-08
3.918210149345513e-08
5.416022344083986e-08
7.502379227068618e-08
1.045298681919449e-07
1.462777803962196e-07
2.049072128816666e-07
2.890843359265230e-07
4.083280884805154e-07
5.786663910984280e-07
8.202561005930938e-07
1.172270625216886e-06
1.674863640437673e-06
2.390955673526479e-06
3.421213813348860e-06
4.894348425097035e-06
7.010767710328850e-06
1.006551177311697e-05
1.444470989774599e-05
2.066671344599832e-05
2.961393294626329e-05
4.228884566569658e-05
6.037369939127247e-05
8.606088818485336e-05
1.226474247091293e-04
1.743693098907673e-04
2.472937136114094e-04
3.503555918948077e-04
4.947590935208622e-04
6.975546777656351e-04
9.813912929410151e-04
1.374688399415661e-03
1.921745298568178e-03
2.675960760884748e-03
3.716166690140095e-03
5.138362570493630e-03
7.102406329799503e-03
9.767664952202564e-03
1.337825827065027e-02
1.823830946469197e-02
2.476698872511872e-02
3.347717322451042e-02
4.500654808629888e-02
6.014630102710344e-02
8.001346298877793e-02
1.057581171347903e-01
1.388413718848704e-01
1.810385082183657e-01
2.339666033356999e-01
2.993839843972427e-01
3.789102881894696e-01
4.723552673635398e-01
5.781120836939461e-01
6.898393015801010e-01
8.096191635498964e-01
9.999998708958276e-01
1.000000000000000e+00
1.000000000000000e+00
1.000000000000000e+00
1.000000000000000e+00
1.000000000000000e+00
1.000000000000000e+00
1.000000000000000e+00
1.000000000000000e+00
1.000000000000000e+00
1.000000000000000e+00
1.000000000000000e+00
###8.800000000000002e+00
5.444055637776798e-10
-2.168486904400609e-11
3.879204859157658e-10
1.968503885536027e-10
4.205006937165004e-11
9.464333115071737e-11
2.103293024671106e-10
1.196044318573321e-10
5.291663413644256e-11
1.764537904282556e-10
1.955616351102608e-10
5.870487100811056e-11
3.349003073090786e-10
3.526837232393731e-10
3.278988791896433e-10
3.663651887459429e-10
4.406870991074408e-10
4.974970957187802e-10
5.896960956103088e-10
7.114905990463190e-10
8.763324918422263e-10
1.096453915660683e-09
1.384730333612671e-09
1.785873836502058e-09
2.295676931956797e-09
2.980217926505567e-09
3.938578066456639e-09
5.207508560347545e-09
6.984082840335655e-09
9.413467172301683e-09
1.273691042050538e-08
1.735039728730118e-08
2.371614336507939e-08
3.257714113566528e-08
4.499874356714966e-08
6.240602916090702e-08
8.677349277048685e-08
1.212868017801694e-07
1.702805574732758e-07
2.391932169516078e-07
3.382610702594213e-07
4.788559300026108e-07
6.797839276680731e-07
9.650504084880705e-07
1.379754561409137e-06
1.971622796814390e-06
2.815600476823720e-06
4.027716127444252e-06
5.758326319152220e-06
8.244645761251297e-06
1.181418193931804e-05
1.692881289633154e-05
2.418350308639284e-05
3.458095328472276e-05
4.928090771053312e-05
7.019209257502811e-05
9.981411934097702e-05
1.418874519183199e-04
2.011785278493199e-04
2.845423923763250e-04
4.019460282474207e-04
5.658963154199802e-04
7.953633319600675e-04
1.115205810598021e-03
1.557565918979933e-03
2.170019342030729e-03
3.011711885479520e-03
4.167899390371804e-03
5.744572870619951e-03
7.907188784695493e-03
1.083309317948393e-02
1.477642368789108e-02
2.006402969622553e-02
2.713219981837203e-02
3.651055395586975e-02
4.885671665637314e-02
6.497952069079871e-02
8.598945362197244e-02
1.130376690759766e-01
1.475260131565298e-01
1.911527491988553e-01
2.453742377944442e-01
3.117193512486083e-01
3.914956449527783e-01
4.842000392265883e-01
5.880804395307291e-01
6.972167393459293e-01
8.142669462770293e-01
9.999998708958276e-01
1.000000000000000e+00
1.000000000000000e+00
1.000000000000000e+00
1.000000000000000e+00
1.000000000000000e+00
1.000000000000000e+00
1.000000000000000e+00
1.000000000000000e+00
1.000000000000000e+00
1.000000000000000e+00
1.000000000000000e+00
###9.200000000000003e+00
6.177041559712340e-10
-8.662528836560256e-11
3.884226263929469e-10
2.088902419294487e-10
5.129219573163262e-11
1.123784986469157e-10
2.220697405077465e-10
1.355332232133681e-10
7.202071425834756e-11
1.914919139127543e-10
2.096224639512788e-10
8.880309687761240e-11
3.446736088466033e-10
3.570580372480377e-10
3.481823731035505e-10
3.944555846452992e-10
4.805861139301083e-10
5.451872604595646e-10
6.459348386112844e-10
7.830419552479193e-10
9.630932115169165e-10
1.209758002176194e-09
1.533673053603344e-09
1.977153477095963e-09
2.546949248996029e-09
3.323489452710685e-09
4.403880646762883e-09
5.840631444042004e-09
7.859749409216061e-09
1.062773398243755e-08
1.443361506252392e-08
1.972785500567462e-08
2.706867447015666e-08
3.731288779242343e-08
5.172508798932470e-08
7.195860328682472e-08
1.004206667990115e-07
1.407898026489421e-07
1.981894930810860e-07
2.790133164888332e-07
3.953044644581315e-07
5.607779945191735e-07
7.969316135925139e-07
1.132972434916467e-06
1.619150913663827e-06
2.314030196885689e-06
3.304393314951411e-06
4.725040008748893e-06
6.748361629229909e-06
9.653894783657376e-06
1.381032486212494e-05
1.975533374205076e-05
2.817388808537683e-05
4.021001602136212e-05
5.718371004357431e-05
8.125549183307606e-05
1.152656169349289e-04
1.634116188407194e-04
2.310939859443415e-04
3.259941126196385e-04
4.591768276538244e-04
6.445907857270592e-04
9.031804124681314e-04
1.262292482670745e-03
1.757915609354860e-03
2.441031669700571e-03
3.376732087510685e-03
4.657241082149822e-03
6.398346944977974e-03
8.772360454847864e-03
1.197279718114178e-02
1.626583213663624e-02
2.200135199097704e-02
2.963014424850704e-02
3.969940422881608e-02
5.288269229651590e-02
7.000614123554155e-02
9.217228988557438e-02
1.205232029111683e-01
1.564011869778658e-01
2.014112609068948e-01
2.568882087071979e-01
3.241134256087416e-01
4.040937835559448e-01
4.960735328131569e-01
5.981922872886586e-01
7.048174567800864e-01
8.191216141146389e-01
9.999998708958276e-01
1.000000000000000e+00
1.000000000000000e+00
1.000000000000000e+00
1.000000000000000e+00
1.000000000000000e+00
1.000000000000000e+00
1.000000000000000e+00
1.000000000000000e+00
1.000000000000000e+00
1.000000000000000e+00
1.000000000000000e+00
###9.600000000000003e+00
6.221667584262554e-10
-6.886357532722946e-11
3.896342999977184e-10
2.196662946392712e-10
6.435790304153120e-11
1.147316134077502e-10
2.354296524365382e-10
1.522063388596909e-10
9.367993156221929e-11
2.071480714365734e-10
2.282453786344056e-10
1.170679602812755e-10
3.607905049739914e-10
3.799787775442941e-10
3.788449144207348e-10
4.312433639979829e-10
5.253370393768918e-10
5.954516637930391e-10
7.092539361540903e-10
8.603515839783585e-10
1.062027717616601e-09
1.335954510888057e-09
1.696657974293553e-09
2.189375505764847e-09
2.828406544128787e-09
3.708672252677346e-09
4.928872372536878e-09
6.561594081575755e-09
8.857362737355276e-09
1.201888026391974e-08
1.637732604738221e-08
2.246799352153046e-08
3.092180987784704e-08
4.278161366783700e-08
5.949457869180004e-08
8.303701234254699e-08
1.162424758782614e-07
1.633639467147791e-07
2.305038830442052e-07
3.251522332450046e-07
4.614895853234986e-07
6.555109718565028e-07
9.324311626590876e-07
1.326795678525264e-06
1.895436140507658e-06
2.707929021562482e-06
3.865714590838092e-06
5.522676466667796e-06
7.880046111892332e-06
1.126310205842625e-05
1.608266894278372e-05
2.296486751421550e-05
3.269275824810802e-05
4.656952632954900e-05
6.607992152201896e-05
9.367651323046892e-05
1.325708606991494e-04
1.874607001499256e-04
2.644128231549990e-04
3.719867776856532e-04
5.224934659977844e-04
7.314035199452152e-04
1.021835200584271e-03
1.423536809193105e-03
1.976713751237557e-03
2.736115390750042e-03
3.772613055235838e-03
5.185998068917122e-03
7.102077640404064e-03
9.700296934839142e-03
1.319082580483468e-02
1.785285998959392e-02
2.405576511585288e-02
3.226440806072573e-02
4.304680574341328e-02
5.708445995889781e-02
7.522891286183497e-02
9.856302899766788e-02
1.282118098556297e-01
1.654722395143841e-01
2.118498964413685e-01
2.685216636729669e-01
3.365619615859251e-01
4.167108457416427e-01
5.079701228414326e-01
6.083900401121070e-01
7.126015361452349e-01
8.241478421145539e-01
9.999998708958276e-01
1.000000000000000e+00
1.000000000000000e+00
1.000000000000000e+00
1.000000000000000e+00
1.000000000000000e+00
1.000000000000000e+00
1.000000000000000e+00
1.000000000000000e+00
1.000000000000000e+00
1.000000000000000e+00
1.000000000000000e+00
###1.000000000000000e+01
4.832142502619642e-10
-6.477224884138889e-11
3.888195232517357e-10
2.440560044194039e-10
7.585315342302869e-11
1.149937913710375e-10
1.733471454959675e-10
1.780078336063948e-10
1.137524686921950e-10
2.241044494874743e-10
2.448887128265180e-10
1.447380665114405e-10
3.797807555083606e-10
4.034240890632656e-10
4.103153687702702e-10
4.691147981323088e-10
5.696552392460164e-10
6.506962990655811e-10
7.764140240070996e-10
9.456798996100163e-10
1.170317349863567e-09
1.474040405106282e-09
1.877955410504677e-09
2.423158450545965e-09
3.145066320272118e-09
4.141186546030802e-09
5.523875327956567e-09
7.378154966461458e-09
9.991767136871923e-09
1.360867228005698e-08
1.860530114207328e-08
2.561315014986097e-08
3.537836427780238e-08
4.909554006263229e-08
6.849780987188357e-08
9.587093785575697e-08
1.345715591503202e-07
1.895317746054500e-07
2.679268686702742e-07
3.785178796948048e-07
5.378832949365619e-07
7.646452825951397e-07
1.088391916310703e-06
1.549663560433325e-06
2.213093317149965e-06
3.159794229348918e-06
4.508249593767780e-06
6.434414854314713e-06
9.170316697829850e-06
1.309109667403441e-05
1.865993354200439e-05
2.659729068296927e-05
3.778915882608533e-05
5.372110067744078e-05
7.606215651287192e-05
1.075728566699730e-04
1.518899494719359e-04
2.142307854914511e-04
3.014025659391532e-04
4.228957386211796e-04
5.923636510008516e-04
8.268960922962593e-04
1.151905326349364e-03
1.599924696606276e-03
2.215187143462854e-03
3.056522375857055e-03
4.201196993195146e-03
5.756398240938725e-03
7.858247175240935e-03
1.069421826189313e-02
1.449018792930909e-02
1.953856514890153e-02
2.622868729564680e-02
3.504059506445394e-02
4.655433085201396e-02
6.146785881684507e-02
8.065212695851701e-02
1.051604375462677e-01
1.361063984116250e-01
1.747341719432428e-01
2.224539991625464e-01
2.802688276140277e-01
3.490726014319396e-01
4.293672397194809e-01
5.198979625244466e-01
6.186821037945549e-01
7.205367212234073e-01
8.293195830154964e-01
9.999998708958276e-01
1.000000000000000e+00
1.000000000000000e+00
1.000000000000000e+00
1.000000000000000e+00
1.000000000000000e+00
1.000000000000000e+00
1.000000000000000e+00
1.000000000000000e+00
1.000000000000000e+00
1.000000000000000e+00
1.000000000000000e+00
###1.040000000000000e+01
4.951041260048669e-10
-6.263515757264494e-11
3.821740547368747e-10
2.417695773095927e-10
8.866067877742133e-11
1.244813404289250e-10
1.847560593435274e-10
1.915233858947188e-10
1.323926772221942e-10
2.431798677362986e-10
2.608151012395305e-10
1.740701312664284e-10
4.154916628810244e-10
4.327202735007332e-10
4.434929004608609e-10
5.089794424022244e-10
6.135806721342660e-10
7.099523942235035e-10
8.502815160854506e-10
1.035650052630466e-09
1.287066297295800e-09
1.625624662829528e-09
2.076987525782452e-09
2.685266881578916e-09
3.500945004673460e-09
4.630158534039831e-09
6.194342395177772e-09
8.305809870339733e-09
1.128586558562417e-08
1.543070478880315e-08
2.116163725514731e-08
2.922533337858619e-08
4.050915136339153e-08
5.638010429773751e-08
7.888319683632976e-08
1.106811111298869e-07
1.557372582843171e-07
2.197596523807851e-07
3.111978982930049e-07
4.402007421122267e-07
6.260892274650025e-07
8.904386407968395e-07
1.268126091417078e-06
1.804183323757509e-06
2.576692901363696e-06
3.677450867541211e-06
5.240580844191566e-06
7.472270816101089e-06
1.063525573397865e-05
1.514356913296502e-05
2.157344956307908e-05
3.068986652291820e-05
4.352448285428613e-05
6.174690419414419e-05
8.724051206242547e-05
1.230921324104767e-04
1.733801955082321e-04
2.439453814066025e-04
3.423410548932615e-04
4.791011501044936e-04
6.692567281505841e-04
9.317236086014799e-04
1.294283733177414e-03
1.792400917733720e-03
2.474188723895074e-03
3.403906131169611e-03
4.664301828236931e-03
6.370543629318207e-03
8.669122872610008e-03
1.175646140880268e-02
1.587417789038016e-02
2.132493094220403e-02
2.852417180824946e-02
3.796013993406445e-02
5.022782092948237e-02
6.603769749367801e-02
8.627729588564521e-02
1.119731506832160e-01
1.442142391851779e-01
1.841911581420475e-01
2.332207034904252e-01
2.921426949083448e-01
3.616670452543311e-01
4.420508325349972e-01
5.318599995183245e-01
6.290329292214200e-01
7.285973886369945e-01
8.345766504311497e-01
9.999998708958276e-01
1.000000000000000e+00
1.000000000000000e+00
1.000000000000000e+00
1.000000000000000e+00
1.000000000000000e+00
1.000000000000000e+00
1.000000000000000e+00
1.000000000000000e+00
1.000000000000000e+00
1.000000000000000e+00
1.000000000000000e+00
###1.080000000000000e+01
5.095114432221285e-10
-6.100595917028616e-11
3.870552955996486e-10
2.473794631770100e-10
9.109633976891026e-11
1.356994537120200e-10
2.044511932267005e-10
1.996384282321381e-10
1.464644536913370e-10
2.278885042450246e-10
2.805409385069709e-10
2.036612214912253e-10
4.368616762302373e-10
4.579039156450396e-10
4.826930543599008e-10
5.519162733603159e-10
6.641806466196338e-10
7.757206636853094e-10
9.297948442628420e-10
1.137653448274959e-09
1.417498427072880e-09
1.794499105439461e-09
2.301968150672876e-09
2.981560109193400e-09
3.901389825920786e-09
5.182175177171681e-09
6.960187402421567e-09
9.366237370177438e-09
1.277076692514423e-08
1.751603206778235e-08
2.410243825959896e-08
3.339305073766304e-08
4.642816839101464e-08
6.477271276543073e-08
9.086577440701962e-08
1.277987767184289e-07
1.801449369279668e-07
2.546264612960081e-07
3.609949947998612e-07
5.111246334017798e-07
7.274030516635463e-07
1.034934006166917e-06
1.474011548462177e-06
2.095845015342507e-06
2.992073255333128e-06
4.266679457242939e-06
6.074234134416743e-06
8.650086335540193e-06
1.229390216382604e-05
1.748400782886616e-05
2.485795941615033e-05
3.530205161111604e-05
4.996088228345086e-05
7.073245005687695e-05
9.971623851457173e-05
1.403754606524065e-04
1.972637256381186e-04
2.768637978002763e-04
3.875881124959413e-04
5.410019651757792e-04
7.537186291767097e-04
1.046538185918477e-03
1.449755359204897e-03
2.002076521788544e-03
2.755400431786631e-03
3.779684449305388e-03
5.163844644871568e-03
7.030700157023232e-03
9.533732465073825e-03
1.289010783073527e-02
1.734581393229936e-02
2.321812335202527e-02
3.094586898234704e-02
4.102783032567350e-02
5.407414254775916e-02
7.080091451278847e-02
9.210823824348534e-02
1.189987610898373e-01
1.525353105518795e-01
1.938491578315767e-01
2.441565012577313e-01
3.041414977387626e-01
3.743360749110326e-01
4.547741114382430e-01
5.438493370660580e-01
6.394473376407733e-01
7.367405445221713e-01
8.399335511425634e-01
9.999998708958276e-01
1.000000000000000e+00
1.000000000000000e+00
1.000000000000000e+00
1.000000000000000e+00
1.000000000000000e+00
1.000000000000000e+00
1.000000000000000e+00
1.000000000000000e+00
1.000000000000000e+00
1.000000000000000e+00
1.000000000000000e+00
###1.120000000000000e+01
4.433242375512510e-10
-6.373486835048441e-11
3.987998533389354e-10
2.496058001310162e-10
1.030237522875721e-10
1.471961718423711e-10
2.199156086994907e-10
2.202505766876021e-10
1.693325106873029e-10
2.417981051025141e-10
2.990108866987690e-10
2.310211066527717e-10
4.653975120422347e-10
4.919723908928764e-10
5.196321109840971e-10
6.007492526226056e-10
7.190868941209290e-10
8.450556679227818e-10
1.016528046531148e-09
1.247517275525795e-09
1.561402484131771e-09
1.981982555590034e-09
2.553075641341384e-09
3.310875559605748e-09
4.354343036715664e-09
5.807764433306170e-09
7.828497543007466e-09
1.057930966597670e-08
1.447156948729680e-08
1.991381085205600e-08
2.746336214756593e-08
3.819720686791966e-08
5.323247000445322e-08
7.446410824747148e-08
1.046743751963332e-07
1.475070853978787e-07
2.082594330898522e-07
2.947239656719714e-07
4.182163631609408e-07
5.925972385652197e-07
8.437006037508218e-07
1.200219595336907e-06
1.709070674551432e-06
2.429837924801508e-06
3.465386970118296e-06
4.935901716163471e-06
7.020103575345831e-06
9.984012162854509e-06
1.416906640567455e-05
2.012653881098071e-05
2.855287986817669e-05
4.047725359829920e-05
5.716837101832335e-05
8.076284522295655e-05
1.135929131832755e-04
1.595751878739005e-04
2.237128268360420e-04
3.132490540070988e-04
4.374495784766687e-04
6.090613107764057e-04
8.463086023906719e-04
1.172017698625127e-03
1.619088967481742e-03
2.229937094886482e-03
3.060098393612036e-03
4.185627200404948e-03
5.701465902007339e-03
7.738986689669305e-03
1.045829080033135e-02
1.409825129846446e-02
1.890809666704502e-02
2.522091164752431e-02
3.349672474629705e-02
4.424804970025605e-02
5.809510789748230e-02
7.575648347794313e-02
9.814719509770628e-02
1.262445114010889e-01
1.610769693547097e-01
2.037093309131628e-01
2.552574765843960e-01
3.162704800351294e-01
3.870871524202007e-01
4.675377142668236e-01
5.558603177864603e-01
6.498956198246684e-01
7.449724246761538e-01
8.453343926976301e-01
9.999998708958276e-01
1.000000000000000e+00
1.000000000000000e+00
1.000000000000000e+00
1.000000000000000e+00
1.000000000000000e+00
1.000000000000000e+00
1.000000000000000e+00
1.000000000000000e+00
1.000000000000000e+00
1.000000000000000e+00
1.000000000000000e+00
###1.160000000000000e+01
4.531900166596855e-10
-5.596222886007229e-11
4.012919482687268e-10
2.578668874022387e-10
1.079448564080465e-10
1.618130024072942e-10
1.723114179739809e-10
2.387165617857519e-10
1.898410044589772e-10
2.613792287706162e-10
3.161518916091172e-10
2.633820527991028e-10
4.883588934442621e-10
5.250189658831492e-10
5.616180388574686e-10
6.504753607885969e-10
7.781486610211178e-10
9.193168281587411e-10
1.111872548496471e-09
1.369070716017576e-09
1.719848613605615e-09
2.190184812943303e-09
2.832041305336003e-09
3.683520637533224e-09
4.867684113977886e-09
6.517458422437465e-09
8.819951691635292e-09
1.196027994414613e-08
1.641565503996558e-08
2.265709958144915e-08
3.134638607738468e-08
4.370961387539307e-08
6.105159042864733e-08
8.559301993580900e-08
1.205598853654825e-07
1.701531030886180e-07
2.405853020781690e-07
3.407743685278456e-07
4.838418868337600e-07
6.856814978049702e-07
9.766654361432035e-07
1.389089020232760e-06
1.977304954193801e-06
2.810537525666708e-06
4.003277661039241e-06
5.694663659519360e-06
8.090111542507720e-06
1.148975092923411e-05
1.628600748497180e-05
2.309204121504508e-05
3.269393409939165e-05
4.626908596374176e-05
6.520694997941241e-05
9.193875433757397e-05
1.290152994151318e-04
1.808576253079272e-04
2.529544085025818e-04
3.533592866641488e-04
4.922616569494850e-04
6.836973239562509e-04
9.475887654865731e-04
1.308857895786660e-03
1.803432049653901e-03
2.478085738955420e-03
3.389536782437805e-03
4.623232723137259e-03
6.279239496658605e-03
8.497639472792818e-03
1.144556371573872e-02
1.538431125949414e-02
2.056543377946027e-02
2.733723973352628e-02
3.618214861261647e-02
4.762405294708217e-02
6.229216930216656e-02
8.091031528804073e-02
1.043895823437615e-01
1.337098312395543e-01
1.698333541754951e-01
2.137678043737200e-01
2.665338727442958e-01
3.285227862172994e-01
3.999125839873990e-01
4.803402186460368e-01
5.678974741612118e-01
6.603630098858468e-01
7.532470452077766e-01
8.507906553468325e-01
9.999998708958276e-01
1.000000000000000e+00
1.000000000000000e+00
1.000000000000000e+00
1.000000000000000e+00
1.000000000000000e+00
1.000000000000000e+00
1.000000000000000e+00
1.000000000000000e+00
1.000000000000000e+00
1.000000000000000e+00
1.000000000000000e+00
###1.200000000000001e+01
4.425757172743735e-10
-5.109749074231865e-11
4.094142630692786e-10
2.721012755853265e-10
1.178338056150396e-10
1.735444755835858e-10
1.899525557290921e-10
2.579075293275800e-10
2.102231160129512e-10
2.830718506828047e-10
3.388504652226623e-10
2.962569299468234e-10
5.286813846675666e-10
5.564350950784563e-10
6.051740333824722e-10
7.079074183172103e-10
8.475672426906309e-10
1.000270772641628e-09
1.216427407505841e-09
1.502951011216438e-09
1.895314380228192e-09
2.422964436357647e-09
3.142528486635536e-09
4.106238150989446e-09
5.448420576134989e-09
7.324486855611684e-09
9.950247977191424e-09
1.354327551402480e-08
1.864560540248570e-08
2.580399269991807e-08
3.580406797015388e-08
5.004385956905053e-08
7.005742245116523e-08
9.838478591050456e-08
1.388136843227793e-07
1.961571934657574e-07
2.776716471515450e-07
3.935390250365478e-07
5.589801236803155e-07
7.921538163833163e-07
1.128263587394504e-06
1.604323036182455e-06
2.282110540821025e-06
3.241356386799564e-06
4.612674394455157e-06
6.552937896172119e-06
9.298414214449061e-06
1.318575714162459e-05
1.866211443577386e-05
2.641844521974211e-05
3.733134441320299e-05
5.273251823228498e-05
7.416535072312504e-05
1.043546554788483e-04
1.461314369691528e-04
2.043950426307363e-04
2.852274286667682e-04
3.974932402384930e-04
5.524504063527625e-04
7.654009094232258e-04
1.058176669497432e-03
1.457914669826109e-03
2.003617852022444e-03
2.746570509730043e-03
3.745358922203096e-03
5.094397329434742e-03
6.899377119999204e-03
9.309391422629097e-03
1.249896899099901e-02
1.675122050336142e-02
2.232073747179654e-02
2.957243774663509e-02
3.900574205969869e-02
5.116047117665480e-02
6.667227876396860e-02
8.626442491187342e-02
1.108470840812904e-01
1.413954062150925e-01
1.788146709485804e-01
2.240279406346951e-01
2.779831357465188e-01
3.409001402824285e-01
4.128141404279954e-01
4.931710640275639e-01
5.799393740437776e-01
6.708520977446119e-01
7.615595154900107e-01
8.562595823183432e-01
9.999998708958276e-01
1.000000000000000e+00
1.000000000000000e+00
1.000000000000000e+00
1.000000000000000e+00
1.000000000000000e+00
1.000000000000000e+00
1.000000000000000e+00
1.000000000000000e+00
1.000000000000000e+00
1.000000000000000e+00
1.000000000000000e+00
###1.240000000000001e+01
4.639273162731748e-10
-4.346548032184582e-11
4.116725401884093e-10
2.781242852206227e-10
1.267291004808047e-10
1.881945629259053e-10
2.116068394124230e-10
2.670635798272386e-10
2.315781745047532e-10
3.056065299578776e-10
3.623650398878084e-10
3.305641874565887e-10
5.578763401124990e-10
5.916732124447085e-10
6.526682372748266e-10
7.653950779976976e-10
9.174459831511955e-10
1.090547028340077e-09
1.331701039501484e-09
1.652473280398523e-09
2.103678793606919e-09
2.684122206949749e-09
3.493813486259278e-09
4.582395700966919e-09
6.108795004089406e-09
8.242678680816783e-09
1.124143044579263e-08
1.534696068827602e-08
2.119764199608042e-08
2.941106501215683e-08
4.092341327138449e-08
5.730827912622453e-08
8.040564469435913e-08
1.130605120458145e-07
1.597361489977785e-07
2.259442419688994e-07
3.200766455244938e-07
4.538977340752314e-07
6.446999642775566e-07
9.136224799920919e-07
1.300900214583356e-06
1.848903437883435e-06
2.628050086409084e-06
3.729447139723238e-06
5.301015322216314e-06
7.521792193200708e-06
1.065864555891163e-05
1.509268764544496e-05
2.132504889681678e-05
3.013982539625677e-05
4.250710738352294e-05
5.992385840026306e-05
8.411731893063052e-05
1.181163220064925e-04
1.650717135753870e-04
2.303608658382100e-04
3.207514039090935e-04
4.459752828027664e-04
6.183517895328571e-04
8.546871973349007e-04
1.178744495978746e-03
1.619900999726451e-03
2.220562031772608e-03
3.036829891012608e-03
4.129115473806691e-03
5.600781399353176e-03
7.563901151298486e-03
1.017695537754068e-02
1.362104784648975e-02
1.820201234300592e-02
2.417800842932238e-02
3.192881577061657e-02
4.197381464626469e-02
5.486197083910196e-02
7.123820092572006e-02
9.182250965861546e-02
1.175227026068463e-01
1.493055290821185e-01
1.880134954361658e-01
2.344919323265736e-01
2.895991131675061e-01
3.534092834268064e-01
4.257913787212331e-01
5.060400480925566e-01
5.919926792776697e-01
6.813462414326550e-01
7.698659768406763e-01
8.617263040103681e-01
9.999998708958276e-01
1.000000000000000e+00
1.000000000000000e+00
1.000000000000000e+00
1.000000000000000e+00
1.000000000000000e+00
1.000000000000000e+00
1.000000000000000e+00
1.000000000000000e+00
1.000000000000000e+00
1.000000000000000e+00
1.000000000000000e+00
###1.280000000000001e+01
4.706802080419796e-10
-3.992826145552672e-11
4.144934763019327e-10
2.856892851790765e-10
1.343628084548797e-10
2.102756066067534e-10
2.297286917132176e-10
2.863693833108091e-10
2.509638963168547e-10
3.289980045026120e-10
3.871029568909540e-10
3.708683084585595e-10
5.931908191280461e-10
6.321203521915689e-10
7.034789643372633e-10
8.273537777385651e-10
9.932518936353132e-10
1.187379517832898e-09
1.458512052521815e-09
1.817888572710189e-09
2.321141495639365e-09
2.976865310595571e-09
3.890884433790246e-09
5.123279580767820e-09
6.861064598883112e-09
9.292000862911356e-09
1.271085294797925e-08
1.741682978897988e-08
2.412351409548532e-08
3.355078156366083e-08
4.677606084018915e-08
6.563082134773349e-08
9.223930427891323e-08
1.298733042226715e-07
1.836903991484191e-07
2.600399732917014e-07
3.685011739511878e-07
5.227802168970689e-07
7.424485880264840e-07
1.051934965422774e-06
1.497016972525625e-06
2.126040849622788e-06
3.019466166313202e-06
4.280927807252159e-06
6.077951960605662e-06
8.611659776511597e-06
1.218682302262973e-05
1.723048680857721e-05
2.430208912368290e-05
3.429575559560234e-05
4.827515233048306e-05
6.791621398756912e-05
9.516207896540662e-05
1.333536333624981e-04
1.859758485025841e-04
2.589782648854492e-04
3.597859417584860e-04
4.991199665275153e-04
6.904317847582880e-04
9.520838023212494e-04
1.309935241770404e-03
1.795796989980773e-03
2.455627585955786e-03
3.350048532698577e-03
4.542314627084725e-03
6.144562490615580e-03
8.275225383107595e-03
1.110245764953973e-02
1.481511973878030e-02
1.974027347553356e-02
2.614067476978774e-02
3.441074176984021e-02
4.508734203378835e-02
5.873170339814272e-02
7.599383938040764e-02
9.758852982081911e-02
1.244217837636377e-01
1.574415460880677e-01
1.974397014819777e-01
2.451598127273121e-01
3.013858504039229e-01
3.660423686102289e-01
4.388431883227039e-01
5.189373653235583e-01
6.040475707560828e-01
6.918201431922268e-01
7.781629031928533e-01
8.671886735275662e-01
9.999998708958276e-01
1.000000000000000e+00
1.000000000000000e+00
1.000000000000000e+00
1.000000000000000e+00
1.000000000000000e+00
1.000000000000000e+00
1.000000000000000e+00
1.000000000000000e+00
1.000000000000000e+00
1.000000000000000e+00
1.000000000000000e+00
###1.320000000000001e+01
4.767762659627869e-10
-3.465525159410139e-11
4.167082231391813e-10
2.885661452312070e-10
1.414342122878297e-10
2.227320529158501e-10
2.666170987851018e-10
3.059147534003338e-10
2.779153379954019e-10
3.557397916536991e-10
4.129720519842181e-10
4.074135960870136e-10
6.291988116514633e-10
6.746660916210568e-10
7.583747752791856e-10
8.948853059914776e-10
1.077920124479133e-09
1.294861790674027e-09
1.598067077280634e-09
2.001624520315193e-09
2.563922653550310e-09
3.306208898659669e-09
4.338948566477027e-09
5.737093350441138e-09
7.717325049335331e-09
1.048853014872985e-08
1.438916827064960e-08
1.978354447726588e-08
2.746378188881893e-08
3.828287171621745e-08
5.347624001931535e-08
7.516705946341305e-08
1.057758160736336e-07
1.490888215437541e-07
2.110385329988571e-07
2.988933258247877e-07
4.237180936560116e-07
6.011023644515519e-07
8.535442225362817e-07
1.208786013779346e-06
1.719181542614998e-06
2.439745632963824e-06
3.461889434376565e-06
4.902531562068132e-06
6.952025588774050e-06
9.837252840705959e-06
1.390037079125837e-05
1.962166672547574e-05
2.762603646436607e-05
3.892330734176345e-05
5.468868819842850e-05
7.678489201487706e-05
1.073846810072216e-04
1.501779742142562e-04
2.090103669382267e-04
2.904237482228221e-04
4.026045641175247e-04
5.572819257294494e-04
7.691357001335689e-04
1.058175563814708e-03
1.452416166235335e-03
1.986361892580561e-03
2.709476896724241e-03
3.687533773221105e-03
4.986277516000157e-03
6.727408835538161e-03
9.035673933991009e-03
1.208850015795751e-02
1.608459743122618e-02
2.136987641831295e-02
2.821284256187715e-02
3.702914217508370e-02
4.835317232822680e-02
6.277540823482004e-02
8.094434474714861e-02
1.035675923707577e-01
1.315438616703446e-01
1.658081558487276e-01
2.070794811407231e-01
2.560297499192323e-01
3.133387858877880e-01
3.787944781533548e-01
4.519703783350169e-01
5.318609370393712e-01
6.160868190353334e-01
7.022775167978917e-01
7.864514800771683e-01
8.726343066528051e-01
9.999998708958276e-01
1.000000000000000e+00
1.000000000000000e+00
1.000000000000000e+00
1.000000000000000e+00
1.000000000000000e+00
1.000000000000000e+00
1.000000000000000e+00
1.000000000000000e+00
1.000000000000000e+00
1.000000000000000e+00
1.000000000000000e+00
###1.360000000000001e+01
4.810099040686904e-10
-3.392539940491239e-11
4.423179305640246e-10
2.934843093811959e-10
1.493945490509230e-10
2.359075164621870e-10
2.850155809658226e-10
3.175442245988142e-10
3.046759244886111e-10
3.819968607271284e-10
4.499594300946723e-10
4.468625194399351e-10
6.658534307788805e-10
7.208377913748914e-10
8.193668976780025e-10
9.704424707887641e-10
1.173566854478351e-09
1.415627733422058e-09
1.753509606395112e-09
2.207267694980835e-09
2.836618710292627e-09
3.678179165479048e-09
4.847035115720777e-09
6.435080570435243e-09
8.691699097207684e-09
1.184953369977879e-08
1.630279111298005e-08
2.247953136830638e-08
3.128003921129234e-08
4.369237062188424e-08
6.113973040597003e-08
8.606719242651482e-08
1.212383486134617e-07
1.710719369295537e-07
2.422184820739334e-07
3.431508024752349e-07
4.865594400820290e-07
6.901071020827443e-07
9.796254670539728e-07
1.386426169741818e-06
1.970542256225635e-06
2.793780076055467e-06
3.959836682673963e-06
5.603242656047349e-06
7.934040331489500e-06
1.120898671230565e-05
1.581632932648047e-05
2.229011577631010e-05
3.133123473726328e-05
4.406779191973048e-05
6.179946677034999e-05
8.660226451581424e-05
1.208890578423890e-04
1.687216442191336e-04
2.343494334857754e-04
3.249461232328960e-04
4.494866925192082e-04
6.207842145465518e-04
8.549098881143200e-04
1.173518995979420e-03
1.606926276700499e-03
2.192525591855667e-03
2.983531643269347e-03
4.050922506949037e-03
5.462951298483114e-03
7.351381378181976e-03
9.847263433859192e-03
1.313844750442301e-02
1.743195409620173e-02
2.309408135715443e-02
3.039920210195237e-02
3.978187299418275e-02
5.177535550572270e-02
6.699667028690975e-02
8.609249156724728e-02
1.097620793607498e-01
1.388956619702637e-01
1.744052685672290e-01
2.169410834429641e-01
2.670938097856081e-01
3.254429980585848e-01
3.916715054543232e-01
4.651637346169559e-01
5.448030697938614e-01
6.281093466535822e-01
7.126942126523067e-01
7.946923978065086e-01
8.780328447528599e-01
9.999998708958276e-01
1.000000000000000e+00
1.000000000000000e+00
1.000000000000000e+00
1.000000000000000e+00
1.000000000000000e+00
1.000000000000000e+00
1.000000000000000e+00
1.000000000000000e+00
1.000000000000000e+00
1.000000000000000e+00
1.000000000000000e+00
###1.400000000000001e+01
4.901880583848587e-10
-3.020607306595181e-11
4.574656015632106e-10
2.993129411414295e-10
1.631216831993757e-10
2.536543384132046e-10
3.060768639623917e-10
3.399748581563410e-10
3.296434836533141e-10
4.145941955540941e-10
4.754621211734413e-10
4.864988787018148e-10
6.851452088968111e-10
7.696013861440380e-10
8.831101687063282e-10
1.050787743405660e-09
1.274212530666019e-09
1.551032659707577e-09
1.925324779621144e-09
2.435905189843356e-09
3.143366106421840e-09
4.096549499171779e-09
5.422112728679401e-09
7.225828866186305e-09
9.798863789930486e-09
1.339981519099027e-08
1.848565231148272e-08
2.555810383112084e-08
3.563391279746540e-08
4.986651736293977e-08
6.988227797359559e-08
9.849226027162078e-08
1.388604922638627e-07
1.961077655214770e-07
2.776975728955890e-07
3.934590981594372e-07
5.578746607620044e-07
7.910631024172086e-07
1.122327703613398e-06
1.587266046063211e-06
2.253945777604526e-06
3.192856953024716e-06
4.520527084296522e-06
6.389433686472108e-06
9.033312599180795e-06
1.274463016502008e-05
1.795545976311369e-05
2.526350491272221e-05
3.545473732429367e-05
4.977661544712959e-05
6.967802673090806e-05
9.745889219467857e-05
1.357791851485333e-04
1.891328471446492e-04
2.621746693426327e-04
3.627518962235803e-04
5.007388941534954e-04
6.900743263502620e-04
9.482567717184366e-04
1.298735634613108e-03
1.774308452220185e-03
2.415223607571127e-03
3.278792442640790e-03
4.441359110986792e-03
5.973997032152256e-03
8.018630531107199e-03
1.071292515857113e-02
1.425483519355272e-02
1.886079426905403e-02
2.491668311062900e-02
3.270251628186531e-02
4.267253143177244e-02
5.535767603415449e-02
7.140157233197222e-02
9.144327407844963e-02
1.161776691080495e-01
1.464763910995268e-01
1.832339663457783e-01
2.270139895026169e-01
2.783609390617869e-01
3.377072275275975e-01
4.046602861773481e-01
4.784225146008669e-01
5.577516881235678e-01
6.400951846096493e-01
7.230621999622154e-01
8.028634947874806e-01
8.833572576001875e-01
9.999998708958276e-01
1.000000000000000e+00
1.000000000000000e+00
1.000000000000000e+00
1.000000000000000e+00
1.000000000000000e+00
1.000000000000000e+00
1.000000000000000e+00
1.000000000000000e+00
1.000000000000000e+00
1.000000000000000e+00
1.000000000000000e+00
###1.440000000000001e+01
4.958493039699846e-10
-2.300647736392799e-11
4.600252498352990e-10
3.052153205357710e-10
1.808980167062460e-10
2.665272962950974e-10
3.303461746861035e-10
3.619987768183207e-10
3.453607586647587e-10
4.395128507462076e-10
5.114614277159528e-10
5.272346258196763e-10
7.277928632940134e-10
8.247883520337184e-10
9.519301549282723e-10
1.138748886356627e-09
1.385611180661393e-09
1.696623625685448e-09
2.117966941644030e-09
2.690508866256290e-09
3.488014231693073e-09
4.567657592606436e-09
6.071625848967568e-09
8.129163086323454e-09
1.105395766532962e-08
1.515984623262637e-08
2.097133195932535e-08
2.906811415475031e-08
4.059571434324963e-08
5.690274697251553e-08
7.986055297602956e-08
1.126439667605625e-07
1.589345164451072e-07
2.245936600004730e-07
3.180235572505534e-07
4.505686986882597e-07
6.386756779173863e-07
9.052686225173084e-07
1.283572339640275e-06
1.814058496746375e-06
2.573520720751225e-06
3.641925017425661e-06
5.149280922038122e-06
7.270340523976369e-06
1.026292203642290e-05
1.445720017866334e-05
2.033840605489875e-05
2.856803446031306e-05
4.003132135478572e-05
5.609935502820672e-05
7.838184111217053e-05
1.094279716145889e-04
1.521721179774635e-04
2.115550818716537e-04
2.926602056902515e-04
4.041191786020264e-04
5.566849573367273e-04
7.655548055962383e-04
1.049680237399991e-03
1.434481554533254e-03
1.955317599836582e-03
2.655544765267841e-03
3.596511229492377e-03
4.860585715105004e-03
6.521351444511170e-03
8.731182344708101e-03
1.163503164040808e-02
1.544092297670030e-02
2.037479010812963e-02
2.684171006395715e-02
3.512896599942947e-02
4.570468827201605e-02
5.910466483567201e-02
7.599171596700278e-02
9.699884799390472e-02
1.228140267983981e-01
1.542884706357401e-01
1.922932800542957e-01
2.373063767202200e-01
2.898251042643981e-01
3.501337410668318e-01
4.177589361497997e-01
4.917239973561058e-01
5.706996831917956e-01
6.520289165264131e-01
7.333775592309015e-01
8.109703395654926e-01
8.886374764306362e-01
9.999998708958276e-01
1.000000000000000e+00
1.000000000000000e+00
1.000000000000000e+00
1.000000000000000e+00
1.000000000000000e+00
1.000000000000000e+00
1.000000000000000e+00
1.000000000000000e+00
1.000000000000000e+00
1.000000000000000e+00
1.000000000000000e+00
###1.480000000000001e+01
5.004339775603275e-10
-1.490409393720017e-11
4.624057567462192e-10
3.128930244615592e-10
1.925471107485392e-10
2.810978226228341e-10
3.506052146225836e-10
3.820134443146077e-10
3.747961608089986e-10
4.693008147499839e-10
5.441044318636165e-10
5.713625825793760e-10
7.740895881133725e-10
8.812891477431387e-10
1.028560527412172e-09
1.234886640907328e-09
1.508429773175525e-09
1.858113638222933e-09
2.332712770315858e-09
2.977277089354868e-09
3.877872764829652e-09
5.098989129419399e-09
6.806717753233133e-09
9.154367857264965e-09
1.248307720357703e-08
1.716497627704310e-08
2.380121261685481e-08
3.307285726826664e-08
4.624882759602895e-08
6.492493055284936e-08
9.120763913389758e-08
1.287395307613031e-07
1.817138122531375e-07
2.569105495249540e-07
3.637590106419810e-07
5.152528765814078e-07
7.301802986176396e-07
1.034220460850474e-06
1.465493179949483e-06
2.069193636957618e-06
2.932662905307037e-06
4.145351725635117e-06
5.853866761435920e-06
8.255219733919851e-06
1.163541219578412e-05
1.636710550470307e-05
2.298876963527284e-05
3.223760217416973e-05
4.510199752773577e-05
6.309119341794607e-05
8.798776845284560e-05
1.225945009977874e-04
1.701829863190225e-04
2.361426526139844e-04
3.260448044246319e-04
4.492910825694654e-04
6.176506491588894e-04
8.476025428175124e-04
1.159708167307307e-03
1.581449336964271e-03
2.150927248735788e-03
2.914545093100982e-03
3.938248197335629e-03
5.309995367421373e-03
7.107005273791883e-03
9.491325850565667e-03
1.261617096398789e-02
1.669951457610241e-02
2.197579722895715e-02
2.887222853497703e-02
3.768054992500200e-02
4.888367087011319e-02
6.302139193460116e-02
8.077259921568794e-02
1.027643292712739e-01
1.296720349775955e-01
1.623360775497357e-01
2.015842259085695e-01
2.478255311044900e-01
3.014828817185852e-01
3.627212789449424e-01
4.309592600533402e-01
5.050800672259920e-01
5.836409278854705e-01
6.639167418022621e-01
7.436032600301417e-01
8.190030574050087e-01
8.938734899556244e-01
9.999998708958276e-01
1.000000000000000e+00
1.000000000000000e+00
1.000000000000000e+00
1.000000000000000e+00
1.000000000000000e+00
1.000000000000000e+00
1.000000000000000e+00
1.000000000000000e+00
1.000000000000000e+00
1.000000000000000e+00
1.000000000000000e+00
###1.520000000000001e+01
5.039328509398566e-10
-7.950633824921338e-12
4.662838524939638e-10
3.171744234251679e-10
2.056003433872328e-10
2.947488111333710e-10
3.722033684873937e-10
3.866969400164587e-10
3.970188430342439e-10
5.029131126425819e-10
5.814148714226907e-10
6.159606196410343e-10
8.240488406688049e-10
9.470838808334770e-10
1.110740840808021e-09
1.339647621848689e-09
1.644608134409568e-09
2.032419199173631e-09
2.572560609124156e-09
3.299788821465905e-09
4.315162930075782e-09
5.703819245569312e-09
7.640875452250862e-09
1.031507484124536e-08
1.410988322679649e-08
1.944381945805947e-08
2.702135137232165e-08
3.762691444793710e-08
5.267735722104612e-08
7.404230758016026e-08
1.041237014050021e-07
1.470009921079721e-07
2.075951092288795e-07
2.935465932191999e-07
4.155010500884285e-07
5.883685183113637e-07
8.332975471903018e-07
1.179507240077014e-06
1.670140806232620e-06
2.356597778621822e-06
3.335553537232594e-06
4.709104947842853e-06
6.641886897425549e-06
9.354967208024396e-06
1.316468036956941e-05
1.848972497669486e-05
2.592968351049761e-05
3.630447735189500e-05
5.071345484690091e-05
7.080783630176227e-05
9.857150140798454e-05
1.370731554255745e-04
1.899526024467132e-04
2.630713818724749e-04
3.625075284784390e-04
4.985616954498467e-04
6.839904542669500e-04
9.366853602814502e-04
1.278929677435664e-03
1.740329097391339e-03
2.361837489349759e-03
3.193273458496240e-03
4.305099550352002e-03
5.791530243859129e-03
7.732812181903219e-03
1.030182301260743e-02
1.365948441257766e-02
1.803361160561378e-02
2.366904922216809e-02
3.101267261070472e-02
4.036131541153729e-02
5.221327392012091e-02
6.711075173801462e-02
8.574728516901522e-02
1.087423005096012e-01
1.367636465932114e-01
1.706187152151682e-01
2.111102850045598e-01
2.585691604201121e-01
3.133396843821433e-01
3.754562623308907e-01
4.442516992267207e-01
5.184733837695504e-01
5.965685378425156e-01
6.757422115491502e-01
7.537463839765870e-01
8.269468584967877e-01
8.990018487330774e-01
9.999998708958276e-01
1.000000000000000e+00
1.000000000000000e+00
1.000000000000000e+00
1.000000000000000e+00
1.000000000000000e+00
1.000000000000000e+00
1.000000000000000e+00
1.000000000000000e+00
1.000000000000000e+00
1.000000000000000e+00
1.000000000000000e+00
###1.560000000000001e+01
5.139409770450603e-10
9.715745375873349e-13
4.698675718698491e-10
3.219480940720018e-10
2.210575244518149e-10
3.140093875565201e-10
3.916679824970027e-10
4.098308284735996e-10
4.267811136226894e-10
5.347644239054166e-10
6.217159542668041e-10
6.649332515779881e-10
8.784094096040444e-10
1.015879282334259e-09
1.197407372061775e-09
1.452595070824631e-09
1.792640716271315e-09
2.230063514468583e-09
2.837600370631902e-09
3.652333992779830e-09
4.806411531625104e-09
6.380645169017868e-09
8.581842405852428e-09
1.162928397297206e-08
1.595210861553251e-08
2.203986407096294e-08
3.068201194813844e-08
4.278660907227217e-08
5.998932482425976e-08
8.438707984858371e-08
1.187664605174118e-07
1.677289323207709e-07
2.368784778155896e-07
3.349609224412984e-07
4.739627534019345e-07
6.708847365176388e-07
9.495766640350089e-07
1.343041815638015e-06
1.899675413217724e-06
2.679197623949755e-06
3.786801651836160e-06
5.339456433267606e-06
7.521920543005322e-06
1.057998793431828e-05
1.486433943423579e-05
2.084686213578202e-05
2.918999936940952e-05
4.080081343669141e-05
5.691037267913600e-05
7.931019717600963e-05
1.102118566947092e-04
1.529737900782708e-04
2.116216128863841e-04
2.925286002735337e-04
4.023182906099878e-04
5.522267108369297e-04
7.561043181130401e-04
1.033323716645032e-03
1.407955536538083e-03
1.911873925481857e-03
2.589095214129351e-03
3.492817798035170e-03
4.698476493024382e-03
6.306684869807249e-03
8.400342049736576e-03
1.116434208670969e-02
1.476712120302363e-02
1.944636751356169e-02
2.545732133689145e-02
3.326739880678652e-02
4.317809378867797e-02
5.569779443737406e-02
7.137805756028058e-02
9.092069373432879e-02
1.149400468508089e-01
1.440841904662913e-01
1.791410702284149e-01
2.208720210806035e-01
2.695297186219524e-01
3.253766242004756e-01
3.883393858126729e-01
4.576368726228261e-01
5.318968563461918e-01
6.094650040158295e-01
6.874965457079455e-01
7.637856883724133e-01
8.347829062910779e-01
9.040435941696119e-01
9.999998708958276e-01
1.000000000000000e+00
1.000000000000000e+00
1.000000000000000e+00
1.000000000000000e+00
1.000000000000000e+00
1.000000000000000e+00
1.000000000000000e+00
1.000000000000000e+00
1.000000000000000e+00
1.000000000000000e+00
1.000000000000000e+00
