# NLO BK equation solver 0.0-dev build  (build Oct 13 2025 12:18:44)
# Initial condition: MV model, Q_s0^2 = 0.108676 GeV^2, \gamma = 3.06908, coefficient of E inside Log is 1, x0=0.01, \Lambda_QCD = 0.241 GeV
# # LO Kernel RC:  Parent dipole. NLO Kernel RC:  Parent dipole
# Nc=3, Nf=4
# Using RungeKutta method in K1
# Resumming double log
# Resumming single log, K_sub=0.65 resum rc: parent
# BK K1 integration relative accuracy: 0.02# NLO BK as^2 terms: MC integration method: Vegas, points=1000000
# Kinematical constraint: none
# Target kinematical constraint: disabled

###1.000000000000000e-05
###1.160836920850890e+00
###100
###1.000000000000000e+00
###0.000000000000000e+00
7.257356557638257e-34
1.791917671641538e-33
4.423831372972831e-33
1.091989831663533e-32
2.695111211435380e-32
6.650761106116208e-32
1.640971381900316e-31
4.048219465010767e-31
9.985246579335570e-31
2.462541167343535e-30
6.072064202458949e-30
1.496978210148896e-29
3.689936697915830e-29
9.093783942888516e-29
2.240735064062176e-28
5.520194094975480e-28
1.359671049781938e-27
3.348317449075956e-27
8.243851901667780e-27
2.029279718563784e-26
4.994121596479707e-26
1.228793593692495e-25
3.022723561844174e-25
7.433861989642200e-25
1.827779861283351e-24
4.492863485945783e-24
1.104101372252505e-23
2.712547483931704e-23
6.662305200892128e-23
1.635860947435908e-22
4.015490858469643e-22
9.853642236964523e-22
2.417219552546502e-21
5.927773415265488e-21
1.453175443931757e-20
3.561147537106186e-20
8.723716772328868e-20
2.136223710474296e-19
5.229005224058255e-19
1.279416176598084e-18
3.129088909389945e-18
7.649442430970901e-18
1.869130299473483e-17
4.564981106775926e-17
1.114343932173717e-16
2.718761914036619e-16
6.629565735732995e-16
1.615663071435762e-15
3.935117146755813e-15
9.578434057332501e-15
2.329966459646464e-14
5.663839825759271e-14
1.375833083278395e-13
3.339649856056809e-13
8.100336193278915e-13
1.963171647270545e-12
4.753928073539710e-12
1.150196247033588e-11
2.780368054175380e-11
6.714751719150391e-11
1.620100237933302e-10
3.905044350844230e-10
9.403110110555865e-10
2.261881173767503e-09
5.435188143295993e-09
1.304677116386329e-08
3.128502315090830e-08
7.494131890145853e-08
1.793371405501661e-07
4.287490584119657e-07
1.024114719705452e-06
2.444244241849182e-06
5.829614599743648e-06
1.389605110913017e-05
3.311105727488162e-05
7.887944893392174e-05
1.879103662325576e-04
4.477332243905119e-04
1.067177477170556e-03
2.544553514610026e-03
6.067409890494369e-03
1.445128406374585e-02
3.427223289392489e-02
8.029058936238787e-02
1.823194579053243e-01
3.843770419534773e-01
6.902199298155560e-01
9.414351963496026e-01
9.989795468944548e-01
9.999999472319817e-01
1.000000000000000e+00
1.000000000000000e+00
1.000000000000000e+00
1.000000000000000e+00
1.000000000000000e+00
1.000000000000000e+00
1.000000000000000e+00
1.000000000000000e+00
1.000000000000000e+00
1.000000000000000e+00
###4.000000000000000e-01
-2.100967756563357e-12
2.251906536489366e-11
3.413743228084487e-13
1.256764564690822e-11
-1.656108069329221e-12
-5.953940506730588e-13
-3.051032042086155e-12
4.698767346107067e-12
-2.625056638809344e-13
1.671459590280867e-11
-3.156700997010759e-11
6.818335442208935e-13
3.884523554386911e-12
6.272795399483312e-12
2.574328865001123e-12
2.303502457068308e-12
2.062658812009631e-12
3.077904014624458e-12
6.270818268264108e-12
8.903448610053750e-12
1.240852746221329e-11
8.913594846086420e-12
1.883675343139439e-11
2.381476451589930e-11
3.272167472679173e-11
3.969445371322368e-11
5.596600913858564e-11
7.669725438713200e-11
1.040167270995009e-10
1.375820236381260e-10
1.905086902011312e-10
2.525310221128456e-10
3.422155925447586e-10
4.508901987753550e-10
6.010399649120465e-10
7.931936213668392e-10
1.060621718328446e-09
1.398977031647983e-09
1.846963451305418e-09
2.435907447890027e-09
3.210342189420432e-09
4.170792996472496e-09
5.488922691586420e-09
7.198240589828148e-09
9.328199838227659e-09
1.218879936394916e-08
1.580480104606019e-08
2.058713244817648e-08
2.694664187083901e-08
3.505429833814795e-08
4.612102042074002e-08
6.042713893088892e-08
8.001141062897771e-08
1.074417105108529e-07
1.463469615696463e-07
2.016365988150351e-07
2.808050199768426e-07
4.000795175978647e-07
5.754512702203011e-07
8.452224264566008e-07
1.259356361171726e-06
1.889174306443000e-06
2.875334910182088e-06
4.395192525867971e-06
6.736020396421910e-06
1.037307662835356e-05
1.604675694548892e-05
2.483536604786430e-05
3.846923766078947e-05
5.964642331341652e-05
9.252066245763655e-05
1.435032099561251e-04
2.235116773957897e-04
3.503493054150924e-04
5.520210100060791e-04
8.804841490029750e-04
1.428055031744051e-03
2.366130894530413e-03
4.032829652556680e-03
7.132700352741316e-03
1.311070435198609e-02
2.506612781689938e-02
4.966554249582947e-02
1.006876362308682e-01
2.040826618724469e-01
3.950228059385224e-01
6.709605543380073e-01
9.010778193166379e-01
9.742864012252656e-01
9.999999472319817e-01
1.000000000000000e+00
1.000000000000000e+00
1.000000000000000e+00
1.000000000000000e+00
1.000000000000000e+00
1.000000000000000e+00
1.000000000000000e+00
1.000000000000000e+00
1.000000000000000e+00
1.000000000000000e+00
###8.000000000000000e-01
-6.897424359543461e-12
2.865309916371306e-11
1.545063137635561e-11
2.461743304875776e-11
-4.230567890458889e-12
-1.521235171326991e-11
1.710019570782072e-13
7.091137531464854e-12
-1.736576845227643e-12
-1.883852890907628e-11
-3.092751905940653e-11
1.482799153524662e-11
4.967577891077309e-12
1.764124901824857e-11
4.777409873394546e-12
5.968649755971605e-12
1.452067156805574e-11
5.947690081849777e-12
1.434156622048659e-11
1.833648962986598e-11
1.946115983950320e-11
2.031043401114259e-11
4.189688392083537e-11
4.548191639702907e-11
6.833859812952159e-11
8.623214370925040e-11
1.215711157705342e-10
1.620869343351275e-10
2.180941722649642e-10
2.897345365285213e-10
3.947193920567879e-10
5.218439291358112e-10
7.041213414792034e-10
9.335459231403920e-10
1.237321467909562e-09
1.644646787972484e-09
2.183948869909668e-09
2.885043382336259e-09
3.790497163381508e-09
5.004265682755032e-09
6.571357407880590e-09
8.575149381194850e-09
1.127670346173523e-08
1.485670008901665e-08
1.923661197814772e-08
2.529100071950915e-08
3.283671637054697e-08
4.328175157557686e-08
5.689671248603819e-08
7.478792065784185e-08
9.919832205361573e-08
1.321423775636889e-07
1.782664020497992e-07
2.435729029237812e-07
3.367936642791419e-07
4.708291119580870e-07
6.680156036360909e-07
9.624092206761047e-07
1.399156803250069e-06
2.069021392457892e-06
3.086875006235575e-06
4.626721243742931e-06
7.028353402279161e-06
1.068194780296754e-05
1.629268865828576e-05
2.485450622907330e-05
3.818568171952020e-05
5.848392805894950e-05
8.965901142505531e-05
1.375203279780638e-04
2.106332907842591e-04
3.223002000102210e-04
4.939843698169435e-04
7.596951543746379e-04
1.172042617454264e-03
1.816111595928223e-03
2.842618319443388e-03
4.504302709565311e-03
7.254864912658560e-03
1.199119514345012e-02
2.035447790914202e-02
3.565605278555044e-02
6.452733566590911e-02
1.197304988172664e-01
2.237556080555188e-01
4.044901964754346e-01
6.552308020182893e-01
8.676269522151803e-01
9.525342519602353e-01
9.999999472319817e-01
1.000000000000000e+00
1.000000000000000e+00
1.000000000000000e+00
1.000000000000000e+00
1.000000000000000e+00
1.000000000000000e+00
1.000000000000000e+00
1.000000000000000e+00
1.000000000000000e+00
1.000000000000000e+00
###1.200000000000000e+00
-6.765179374942095e-12
3.018992511861878e-11
1.158296354534774e-11
3.034626818343554e-11
-1.434176671426471e-12
1.382787412467459e-11
-1.700263412737169e-12
-1.328218958632504e-11
2.067124249101268e-12
-1.764308581896811e-11
-2.941920364606787e-11
1.376312691488651e-11
1.026253973360145e-11
1.738805734683881e-11
-8.695181285901529e-12
1.448535483881276e-11
1.949952728615674e-11
1.621632230583176e-11
2.228834633137777e-11
2.803327239867653e-11
3.102131798813971e-11
3.653942191206368e-11
6.183253932301329e-11
7.522375019339317e-11
1.060546275371113e-10
1.354411214013547e-10
1.907952160598151e-10
2.506080826941690e-10
3.360005919879939e-10
4.549943095138169e-10
6.137057257137915e-10
8.138108971580578e-10
1.095340862191062e-09
1.450188465596065e-09
1.920093872569842e-09
2.552038494278646e-09
3.380154939742424e-09
4.453385559929603e-09
5.870109473656162e-09
7.716782246156401e-09
1.014832229788797e-08
1.329917622318707e-08
1.747132981289588e-08
2.303996077390565e-08
2.996897196855211e-08
3.962898464357913e-08
5.168881407294179e-08
6.875192741571539e-08
9.107637154867938e-08
1.212117193647114e-07
1.625443701637277e-07
2.196437097889218e-07
3.009792131717161e-07
4.169890929837237e-07
5.835629589279070e-07
8.274425316820607e-07
1.188723171653162e-06
1.726567816376316e-06
2.524537116453244e-06
3.746838930897216e-06
5.596635298533254e-06
8.382812852141854e-06
1.267916053446396e-05
1.918668018383969e-05
2.906094465994161e-05
4.405439553523405e-05
6.715128769201372e-05
1.018980482159888e-04
1.548348433486149e-04
2.352200808451793e-04
3.568963493288315e-04
5.410491907010729e-04
8.191910625669779e-04
1.243987850365543e-03
1.893372468992970e-03
2.885752309009291e-03
4.431551316231538e-03
6.828964075567296e-03
1.071162470059946e-02
1.709513078750480e-02
2.777515676726603e-02
4.620895114589630e-02
7.887112802594051e-02
1.375974977369504e-01
2.416820805578945e-01
4.131361326966946e-01
6.425783636931988e-01
8.400071284762702e-01
9.335605095345784e-01
9.999999472319817e-01
1.000000000000000e+00
1.000000000000000e+00
1.000000000000000e+00
1.000000000000000e+00
1.000000000000000e+00
1.000000000000000e+00
1.000000000000000e+00
1.000000000000000e+00
1.000000000000000e+00
1.000000000000000e+00
###1.600000000000000e+00
-2.612651635544175e-11
2.499274753436072e-11
5.251163405060770e-12
4.027093162065274e-11
9.052674118344061e-13
1.200902188517978e-11
-1.809273349099049e-12
4.205448781657147e-12
3.509574722153240e-12
-1.486632190096581e-11
-2.843173497228165e-11
1.527533501705249e-11
1.154212644122222e-11
1.524454522956818e-11
-4.795455993779795e-12
1.903532345469815e-11
2.719753363696921e-11
2.575114793331092e-11
2.914467508923940e-11
4.056229051904645e-11
4.124226650751931e-11
5.315710813617667e-11
8.514214639744660e-11
1.062739709784108e-10
1.478563627669438e-10
1.904442800012087e-10
2.658696685114769e-10
3.496648763161080e-10
4.708375066223640e-10
6.254769679584068e-10
8.491383754060416e-10
1.127400003753944e-09
1.512330715798873e-09
2.002378772630816e-09
2.636179519488806e-09
3.520751438096026e-09
4.653950336791475e-09
6.118191759503828e-09
8.087681147329708e-09
1.060976647343199e-08
1.398686674336422e-08
1.842507760268924e-08
2.422169659823100e-08
3.200637089724945e-08
4.195992024596832e-08
5.577092066390564e-08
7.326252178624550e-08
9.811769290770524e-08
1.309923338281196e-07
1.763820473368420e-07
2.394983363502101e-07
3.280178616618287e-07
4.550805197358672e-07
6.374765489789408e-07
9.021176318864213e-07
1.293809684483837e-06
1.874221910166921e-06
2.738278645977449e-06
4.015728398067411e-06
5.966839204642253e-06
8.907444074944295e-06
1.332100875168246e-05
2.001904381145728e-05
3.019948021868672e-05
4.551288661310731e-05
6.860083400614560e-05
1.036684891024458e-04
1.561715238391372e-04
2.351730587785117e-04
3.543763795061383e-04
5.332730017953547e-04
8.011291937079414e-04
1.201478932799560e-03
1.805127860612103e-03
2.716869843756803e-03
4.088141597689237e-03
6.189034877065749e-03
9.391425683521576e-03
1.441916989450594e-02
2.242596506466341e-02
3.535057136967041e-02
5.671749844431011e-02
9.277560568330814e-02
1.544429945995403e-01
2.581835920926602e-01
4.212157309340713e-01
6.326035979932424e-01
8.172715828510750e-01
9.171606775041530e-01
9.999999472319817e-01
1.000000000000000e+00
1.000000000000000e+00
1.000000000000000e+00
1.000000000000000e+00
1.000000000000000e+00
1.000000000000000e+00
1.000000000000000e+00
1.000000000000000e+00
1.000000000000000e+00
1.000000000000000e+00
###2.000000000000000e+00
-3.514519754502903e-11
3.956599628363314e-11
-1.397077555110196e-11
4.696340643803780e-11
1.845510088926347e-11
1.164503940123317e-11
-9.822935866431589e-13
5.780230891573547e-12
1.686311552514658e-11
-1.231453340484281e-11
-2.370734410333225e-11
1.768397828279816e-11
1.010041524506650e-11
2.586190403154001e-11
2.799911626258340e-12
2.426939107626309e-11
3.197539176404242e-11
2.976544255023471e-11
4.163044519296210e-11
5.249259871229090e-11
5.672851861255561e-11
7.631940631722455e-11
1.127118994417246e-10
1.412904159158907e-10
1.950146605628687e-10
2.544854194667754e-10
3.416184325583472e-10
4.549733282603267e-10
6.144367436404544e-10
8.159267118883452e-10
1.101163207557657e-09
1.463729411079237e-09
1.959939084675061e-09
2.591683171574085e-09
3.413900900173032e-09
4.552631981398983e-09
6.009888366503388e-09
7.907091616940289e-09
1.047653753422095e-08
1.375707821690806e-08
1.816140922073716e-08
2.399163042027680e-08
3.166515400858741e-08
4.197495354232037e-08
5.549761097257186e-08
7.409560091097440e-08
9.849526469176352e-08
1.326940456223860e-07
1.784686852302665e-07
2.430401058259710e-07
3.339025221379876e-07
4.622130219922573e-07
6.489344868346512e-07
9.180502203898012e-07
1.310541926093851e-06
1.894209737202635e-06
2.758939797727531e-06
4.048090832576837e-06
5.939907884129662e-06
8.823087426043586e-06
1.315202138505160e-05
1.961857861309421e-05
2.936558960716784e-05
4.407516609348847e-05
6.608345028302325e-05
9.900885874939630e-05
1.484976568188644e-04
2.222667218175981e-04
3.320252633187525e-04
4.964784799640531e-04
7.414441341754755e-04
1.104601670688460e-03
1.642559872773017e-03
2.445002303223317e-03
3.644379989191378e-03
5.424084366981119e-03
8.116423917004000e-03
1.215348717247574e-02
1.834841370138591e-02
2.797021821639667e-02
4.306925207501290e-02
6.717904688089281e-02
1.062947922664193e-01
1.704127093117308e-01
2.735282325881134e-01
4.289582044604485e-01
6.249523470129257e-01
7.986801892668929e-01
9.031412827613583e-01
9.999999472319817e-01
1.000000000000000e+00
1.000000000000000e+00
1.000000000000000e+00
1.000000000000000e+00
1.000000000000000e+00
1.000000000000000e+00
1.000000000000000e+00
1.000000000000000e+00
1.000000000000000e+00
1.000000000000000e+00
###2.400000000000000e+00
-2.766859530472101e-11
3.750177334574302e-11
-1.742835192603450e-11
4.949621386081794e-11
1.677382523321127e-11
1.303649031680136e-10
1.177899505019446e-12
8.340030517360822e-12
1.291076087657753e-11
-9.678948084730976e-12
-1.880922798168169e-11
1.718235203809828e-11
1.473003904933448e-11
2.843281813973442e-11
6.474171272144025e-12
3.233515344612426e-11
3.450991436698358e-11
3.052124414569445e-11
5.128232109812142e-11
6.440927036295181e-11
7.124243995398084e-11
1.020327559133369e-10
1.417614684580803e-10
1.806436713416503e-10
2.437247113389923e-10
3.200622025539559e-10
4.256045162581696e-10
5.671677882880725e-10
7.731044696835513e-10
1.020477792104758e-09
1.376688858959393e-09
1.825771876787676e-09
2.436774833884852e-09
3.220504882028026e-09
4.243809060513925e-09
5.666266684817567e-09
7.474579453992541e-09
9.846002071479459e-09
1.307500715967428e-08
1.718273203181001e-08
2.276023618689350e-08
3.015384780164800e-08
3.996215867103875e-08
5.325061718255875e-08
7.088420530111791e-08
9.532094394667094e-08
1.278305010598423e-07
1.736952954289298e-07
2.356387451400528e-07
3.242092417033452e-07
4.501263279566181e-07
6.292641181072838e-07
8.913125302739304e-07
1.273336314314184e-06
1.828748138487587e-06
2.653380803377368e-06
3.881444384032163e-06
5.706810030312296e-06
8.372151558796458e-06
1.242230647702683e-05
1.848069442662224e-05
2.746101342319819e-05
4.094451746734549e-05
6.117838813967004e-05
9.124244773053427e-05
1.359125377265498e-04
2.025231357510676e-04
3.010779813829869e-04
4.465328003543035e-04
6.631748351126371e-04
9.834710915599264e-04
1.454078418983701e-03
2.145079519096502e-03
3.166130781150118e-03
4.677665922396384e-03
6.893937372929782e-03
1.020994187391964e-02
1.511076367712439e-02
2.249187548714793e-02
3.370931954749292e-02
5.091719042930272e-02
7.760313712078333e-02
1.194836809877507e-01
1.856359198870045e-01
2.879395172551252e-01
4.364950790542142e-01
6.193444324126779e-01
7.836237602645217e-01
8.912760491023225e-01
9.999999472319817e-01
1.000000000000000e+00
1.000000000000000e+00
1.000000000000000e+00
1.000000000000000e+00
1.000000000000000e+00
1.000000000000000e+00
1.000000000000000e+00
1.000000000000000e+00
1.000000000000000e+00
1.000000000000000e+00
###2.800000000000000e+00
-3.033045373847302e-11
1.164602187778922e-10
-7.664889265992805e-12
2.571912359048341e-11
1.582597087001825e-11
1.091944142846689e-10
-8.687818363968432e-13
9.239341104461757e-12
1.198670527584463e-11
2.848650981717912e-11
2.264569952106179e-11
2.723960545381199e-11
1.774068615068094e-11
3.211461366097006e-11
1.239551719632228e-11
3.597177947382139e-11
4.302141107235662e-11
4.227229843594343e-11
6.102422952270564e-11
7.734759841437900e-11
9.590462927295963e-11
1.344127888171758e-10
1.724165433104467e-10
2.211376388737598e-10
2.984667381977416e-10
3.931634785404451e-10
5.215206999737229e-10
6.958896995244099e-10
9.401220332382392e-10
1.240146696425548e-09
1.667613214095015e-09
2.218786527910978e-09
2.950942739255089e-09
3.896279789394765e-09
5.146846987170887e-09
6.872763708705135e-09
9.060229238943706e-09
1.195515259877135e-08
1.592900422919920e-08
2.098071515989351e-08
2.788626443806927e-08
3.708933135353050e-08
4.940489276164865e-08
6.617116058628341e-08
8.876936120839339e-08
1.201187770478138e-07
1.627028154994566e-07
2.228026905020371e-07
3.056352899251123e-07
4.236099392322975e-07
5.935549705256359e-07
8.366161801744704e-07
1.193917290710916e-06
1.716414228544214e-06
2.478257168113290e-06
3.607361586442984e-06
5.281998992317681e-06
7.773737932568744e-06
1.140766450468859e-05
1.687540040593086e-05
2.505608726964114e-05
3.706894631615742e-05
5.463601115612299e-05
8.217996141206462e-05
1.214273852263799e-04
1.799526430231000e-04
2.664190031366564e-04
3.937264698274281e-04
5.801128010872518e-04
8.561863017666838e-04
1.261001822661413e-03
1.851518131272625e-03
2.711263924102010e-03
3.970380154945163e-03
5.818690383044040e-03
8.500581362960684e-03
1.246838311432850e-02
1.825792633369654e-02
2.684008239084759e-02
3.964284809866166e-02
5.891426903210518e-02
8.799081816701933e-02
1.323796399976113e-01
2.002328606252734e-01
3.015776911867150e-01
4.439649821655158e-01
6.155040959338356e-01
7.716021755226206e-01
8.813856332879170e-01
9.999999472319817e-01
1.000000000000000e+00
1.000000000000000e+00
1.000000000000000e+00
1.000000000000000e+00
1.000000000000000e+00
1.000000000000000e+00
1.000000000000000e+00
1.000000000000000e+00
1.000000000000000e+00
1.000000000000000e+00
###3.200000000000000e+00
-2.969967966030202e-11
1.184122675730678e-10
-1.338601029010256e-11
2.887338446258687e-11
5.784676064601612e-12
1.118381050089378e-10
5.590934150993400e-12
9.514608149455761e-12
1.516078964136244e-11
1.822749056118724e-11
2.053910549278267e-11
3.106278543420588e-11
1.821336075177407e-11
3.441055646704772e-11
1.848493006578574e-11
3.960996000530923e-11
5.087599981673171e-11
5.225807288279572e-11
7.055138092444978e-11
9.275818195771530e-11
1.163888655461275e-10
1.581782892764197e-10
2.186191808538159e-10
2.694453866392750e-10
3.634272025589421e-10
4.708931727999593e-10
6.144958561395759e-10
8.300866209036378e-10
1.116629365076374e-09
1.479267157691072e-09
1.981273221929542e-09
2.636958942733648e-09
3.502896120554995e-09
4.634984194161524e-09
6.117893753202171e-09
8.179277896033177e-09
1.079661838332043e-08
1.427681307753103e-08
1.908211865042678e-08
2.522094895900898e-08
3.364062894859800e-08
4.496365359764210e-08
6.023270970005004e-08
8.116585573780269e-08
1.097175247070057e-07
1.495740902052325e-07
2.043563160891703e-07
2.818287625846165e-07
3.895832101062133e-07
5.447886353452417e-07
7.698482642193899e-07
1.093438685101091e-06
1.568191603189585e-06
2.264324887631454e-06
3.283712887764116e-06
4.785089680796884e-06
7.011838222314517e-06
1.031944004187482e-05
1.511765449845949e-05
2.197234127696693e-05
3.301042279509597e-05
4.867980574395594e-05
7.168402007363819e-05
1.071306479315676e-04
1.572153199573531e-04
2.318380619716295e-04
3.409557311443269e-04
5.012998694265336e-04
7.342701550787625e-04
1.077182890374849e-03
1.576341724750405e-03
2.298735974769104e-03
3.343981150704773e-03
4.860838996234648e-03
7.069154268015493e-03
1.024852056102472e-02
1.489171757962503e-02
2.159317649291100e-02
3.138792776227801e-02
4.576537600308384e-02
6.702658799250780e-02
9.835382221364738e-02
1.450069855254676e-01
2.142934533262645e-01
3.146154479433769e-01
4.514478013917003e-01
6.132373772470021e-01
7.621618995937126e-01
8.732109168670115e-01
9.999999472319817e-01
1.000000000000000e+00
1.000000000000000e+00
1.000000000000000e+00
1.000000000000000e+00
1.000000000000000e+00
1.000000000000000e+00
1.000000000000000e+00
1.000000000000000e+00
1.000000000000000e+00
1.000000000000000e+00
###3.600000000000000e+00
6.249537864806435e-12
1.240633090014579e-11
-1.323756606934573e-11
2.784055738140079e-11
8.259979667360970e-12
9.753213652472183e-11
1.443494347764218e-11
7.977676111729084e-12
2.956844687181747e-11
2.856558938165402e-11
3.087934560398611e-11
3.521957178580710e-11
2.075113300936115e-11
4.169770114032579e-11
2.348975268377960e-11
3.818500620098898e-11
5.898448421784382e-11
6.109335607857888e-11
8.324571639192197e-11
1.076436387895290e-10
1.045799118904258e-10
1.848587453351891e-10
2.536885155806174e-10
3.235292406157818e-10
4.264510538979265e-10
5.546675513880520e-10
7.253852711758338e-10
9.765437054221699e-10
1.315321434025817e-09
1.735288558044068e-09
2.321427887993226e-09
3.090778031453453e-09
4.099200363790782e-09
5.440067159862789e-09
7.173024266040533e-09
9.613555947348551e-09
1.272890048716570e-08
1.685187633427702e-08
2.260721671305433e-08
3.000649753641197e-08
4.019559405982436e-08
5.399888622507596e-08
7.276707738991333e-08
9.867838382865570e-08
1.344018827977165e-07
1.846837131453883e-07
2.543011787399739e-07
3.533395803934680e-07
4.920908347342327e-07
6.929656219863544e-07
9.853641888679701e-07
1.407878216616931e-06
2.027377748345784e-06
2.937321275469346e-06
4.266424830871948e-06
6.223608873041736e-06
9.120437844833622e-06
1.340331465639884e-05
1.960239842840579e-05
2.856269955753283e-05
4.256198196946079e-05
6.252396164907610e-05
9.186603805458981e-05
1.361902178243021e-04
1.991467560027114e-04
2.922228055482780e-04
4.272822422490857e-04
6.250080875509898e-04
9.102699654181913e-04
1.327637840175741e-03
1.931368748104872e-03
2.798224855026363e-03
4.045590321465299e-03
5.839888098242042e-03
8.431770071669124e-03
1.213408222854451e-02
1.747945015198121e-02
2.511423723256204e-02
3.613253934821470e-02
5.206863480873046e-02
7.525267514820377e-02
1.087039910631275e-01
1.574121279766226e-01
2.279077287926107e-01
3.271694920565967e-01
4.590057611315067e-01
6.123522437314510e-01
7.549640926112198e-01
8.666098651523060e-01
9.999999472319817e-01
1.000000000000000e+00
1.000000000000000e+00
1.000000000000000e+00
1.000000000000000e+00
1.000000000000000e+00
1.000000000000000e+00
1.000000000000000e+00
1.000000000000000e+00
1.000000000000000e+00
1.000000000000000e+00
###4.000000000000000e+00
4.578606788989702e-12
-6.708460685962322e-12
5.742824196499800e-11
6.412742797505430e-11
6.624853086920955e-12
8.901461794029059e-11
1.415461064694529e-11
-3.421080588603740e-11
1.490582159850723e-11
4.486604765612444e-11
3.577066723249469e-11
3.360229316511877e-11
2.698294113847357e-11
4.553323904867379e-11
3.299502979422968e-11
4.585355479579064e-11
7.156805718000756e-11
8.804854064119817e-11
9.189206013845258e-11
1.238940803246437e-10
1.298405664629342e-10
2.134622610854439e-10
2.936925312001209e-10
3.754679749753668e-10
4.935139626315664e-10
6.474461082835884e-10
8.453633467030271e-10
1.134818649264358e-09
1.522358462587535e-09
2.014272370667804e-09
2.687932882007017e-09
3.587748785689933e-09
4.755743333831863e-09
6.317158607053186e-09
8.339459429578065e-09
1.120267577429989e-08
1.486171155116601e-08
1.974406210444965e-08
2.659118075008115e-08
3.545666553822567e-08
4.771311377193524e-08
6.453086250718696e-08
8.750230044164113e-08
1.193973985952775e-07
1.639203045142759e-07
2.265022811028881e-07
3.142679501117757e-07
4.399222703165155e-07
6.173973854214713e-07
8.733162337845010e-07
1.247944448231085e-06
1.791114226714453e-06
2.586848652896639e-06
3.757422669040645e-06
5.456360865018214e-06
7.962579808955887e-06
1.166438629274066e-05
1.708173822267987e-05
2.496822883480089e-05
3.641203460973310e-05
5.390353240705291e-05
7.885829310805783e-05
1.155410636780502e-04
1.701174315881585e-04
2.478894134182897e-04
3.619597673059665e-04
5.263570077980922e-04
7.661471352109692e-04
1.109763878502727e-03
1.609542995556916e-03
2.328316763303217e-03
3.352990824482381e-03
4.818213849100013e-03
6.912546580326545e-03
9.908185655194824e-03
1.415782452896589e-02
2.022273188113223e-02
2.881905997433110e-02
4.106628512199823e-02
5.854642631356890e-02
8.359328076174075e-02
1.190515275539074e-01
1.696398800615396e-01
2.411586290568486e-01
3.393568391195440e-01
4.667065316329980e-01
6.126928382473066e-01
7.496852029565368e-01
8.614436014124893e-01
9.999999472319817e-01
1.000000000000000e+00
1.000000000000000e+00
1.000000000000000e+00
1.000000000000000e+00
1.000000000000000e+00
1.000000000000000e+00
1.000000000000000e+00
1.000000000000000e+00
1.000000000000000e+00
1.000000000000000e+00
###4.399999999999999e+00
1.570691732888407e-11
-1.120750355793839e-11
7.595852531102784e-11
1.202644847567114e-11
-4.008128689321043e-11
8.994768478779170e-11
1.500872341875735e-11
-3.727082226160981e-11
1.617726932313342e-11
5.355646143018425e-11
4.156309135242956e-11
5.061530174214812e-11
3.213736461189934e-11
5.734904445539098e-11
3.320669607817697e-11
5.846420872737189e-11
1.090798236046196e-10
1.016837318626262e-10
1.099183664886725e-10
1.441580036551490e-10
1.584151627921596e-10
2.490578241842475e-10
3.370959381603381e-10
4.308629701515627e-10
5.685905553779327e-10
7.459918696822349e-10
9.769760013632890e-10
1.306460068164729e-09
1.741501776759135e-09
2.314138447377102e-09
3.090242856281455e-09
4.130968394499833e-09
5.488774427111388e-09
7.279300721176893e-09
9.654981045999032e-09
1.299193844620973e-08
1.726951645569089e-08
2.302735817197786e-08
3.110457686910807e-08
4.172597040557060e-08
5.646338490332726e-08
7.677202249817366e-08
1.047882330464458e-07
1.439156245637184e-07
1.989115635721774e-07
2.765856391694576e-07
3.864390844254393e-07
5.442111453383726e-07
7.684728308650817e-07
1.090996726736285e-06
1.565635194032658e-06
2.256250181231622e-06
3.261790516022971e-06
4.743162556088107e-06
6.887189097700487e-06
1.004976076813549e-05
1.470461592017397e-05
2.146184366232896e-05
3.134057577639974e-05
4.565043974887151e-05
6.722457975244388e-05
9.796148497201416e-05
1.430640640581416e-04
2.094384734494626e-04
3.039913786146068e-04
4.417911294235084e-04
6.392629574178961e-04
9.258656186531803e-04
1.334253928782326e-03
1.924888162538091e-03
2.769021394359644e-03
3.964876464109738e-03
5.664775761222552e-03
8.078705970739564e-03
1.150140058244564e-02
1.632245808818468e-02
2.313115492635307e-02
3.270855595199167e-02
4.619034010087463e-02
6.519854531135426e-02
9.204544267802797e-02
1.294061931899407e-01
1.817147425772842e-01
2.541093880529540e-01
3.512510258298597e-01
4.745591995246442e-01
6.141114373921449e-01
7.460789878897965e-01
8.575245431921174e-01
9.999999472319817e-01
1.000000000000000e+00
1.000000000000000e+00
1.000000000000000e+00
1.000000000000000e+00
1.000000000000000e+00
1.000000000000000e+00
1.000000000000000e+00
1.000000000000000e+00
1.000000000000000e+00
1.000000000000000e+00
###4.800000000000000e+00
1.520814980671677e-11
-6.195831765440703e-12
8.017518791595081e-11
1.580424329925725e-11
-3.706327361173561e-11
7.190531158079392e-11
2.848417080781008e-11
-3.151844803000662e-11
3.316455385043072e-11
6.639034075472873e-11
4.581886698359002e-11
6.743101552043969e-11
4.410529512493967e-11
7.296350224848162e-11
5.181802367148655e-11
7.606305305932982e-11
1.269475194223877e-10
1.205432220555501e-10
1.439648503595464e-10
1.744333147270680e-10
2.027987348664617e-10
2.939863150650173e-10
3.935698250059433e-10
4.974773311483751e-10
6.533078796810310e-10
8.542186495364833e-10
1.123392915449954e-09
1.497008931979195e-09
1.990145359705848e-09
2.645811031688180e-09
3.531811715891232e-09
4.726811905927898e-09
6.282929785628583e-09
8.346336232306191e-09
1.111594860380509e-08
1.496454907505508e-08
1.999976893357421e-08
2.675966277506407e-08
3.629028313288853e-08
4.897568826883805e-08
6.668118616489333e-08
9.122388056768681e-08
1.252104926255510e-07
1.729152293720014e-07
2.406332287558162e-07
3.366491432998644e-07
4.733353742816922e-07
6.692958118069245e-07
9.501647931475518e-07
1.353189295601136e-06
1.947750588762213e-06
2.815549691377258e-06
4.073590938486302e-06
5.931346633313775e-06
8.594722031240731e-06
1.253086989522872e-05
1.831002123587964e-05
2.665050577947106e-05
3.882954380107956e-05
5.645592145383222e-05
8.273731191937803e-05
1.201307518185348e-04
1.748422446853776e-04
2.546375504816723e-04
3.681159897831785e-04
5.324887600804610e-04
7.672833799480547e-04
1.105352566749022e-03
1.585258685603762e-03
2.275506497750382e-03
3.255123246142143e-03
4.636922576211640e-03
6.587577683817260e-03
9.340229329400018e-03
1.321286092949343e-02
1.863025680500680e-02
2.620577559054082e-02
3.677863339611380e-02
5.150249138671076e-02
7.201711021409850e-02
1.005777608391820e-01
1.397804829812043e-01
1.936738084534672e-01
2.668152293319481e-01
3.629385998465972e-01
4.825988420791541e-01
6.164814521661723e-01
7.439121308810304e-01
8.547429884755190e-01
9.999999472319817e-01
1.000000000000000e+00
1.000000000000000e+00
1.000000000000000e+00
1.000000000000000e+00
1.000000000000000e+00
1.000000000000000e+00
1.000000000000000e+00
1.000000000000000e+00
1.000000000000000e+00
1.000000000000000e+00
###5.200000000000000e+00
1.387469813873640e-11
-1.782323117701396e-12
8.739678790141297e-11
1.694821695499928e-11
-3.225940948312347e-11
8.886304421280519e-11
4.163826796939256e-11
-1.498486421680922e-11
4.974463874896164e-11
8.568390821679282e-11
6.014641025456226e-11
1.058919542622234e-10
6.108591821102339e-11
9.059142790357789e-11
7.685034746150673e-11
9.729227837962047e-11
1.536054717575270e-10
1.538299426517077e-10
1.737927105166088e-10
2.112926614266368e-10
2.455291587893223e-10
3.414776776316730e-10
4.475413519900362e-10
5.712451553667283e-10
7.453102156229196e-10
9.769579933234751e-10
1.284402360302710e-09
1.709618727590489e-09
2.266353395490191e-09
3.012411990036016e-09
4.022483900767131e-09
5.383420738838870e-09
7.165652511362464e-09
9.567866794590102e-09
1.276275290878329e-08
1.719741532822187e-08
2.310019571572338e-08
3.105098311393472e-08
4.229770160722140e-08
5.743697654434999e-08
7.864663501710030e-08
1.082341483020832e-07
1.493401561251481e-07
2.074580405497124e-07
2.903612763529202e-07
4.082130884000729e-07
5.770593998859829e-07
8.193722658063867e-07
1.167495408626163e-06
1.666696108835230e-06
2.407522397693290e-06
3.482161536269820e-06
5.039190638960048e-06
7.332648350051492e-06
1.062278517349834e-05
1.545808088988451e-05
2.252182082513862e-05
3.273330465799082e-05
4.757370892313059e-05
6.901641811301968e-05
1.006551512976909e-04
1.457162284010634e-04
2.112452818526847e-04
3.062534698794149e-04
4.409576515337027e-04
6.350400692327289e-04
9.111188734322878e-04
1.306043723000470e-03
1.864463765708988e-03
2.663118275128327e-03
3.789303696577729e-03
5.371397979162470e-03
7.590389571275442e-03
1.070030697432068e-02
1.504545899799083e-02
2.108176075798142e-02
2.944587458011668e-02
4.103272337661175e-02
5.700179779776153e-02
7.900018096942223e-02
1.092247346304340e-01
1.501877006215094e-01
2.055457011494964e-01
2.793347361324729e-01
3.744719326372419e-01
4.908526242698971e-01
6.196959844578543e-01
7.430204623430320e-01
8.528998749570968e-01
9.999999472319817e-01
1.000000000000000e+00
1.000000000000000e+00
1.000000000000000e+00
1.000000000000000e+00
1.000000000000000e+00
1.000000000000000e+00
1.000000000000000e+00
1.000000000000000e+00
1.000000000000000e+00
1.000000000000000e+00
###5.600000000000001e+00
3.460479044904448e-11
-6.925944195271491e-12
4.467848813105923e-11
4.024482403799429e-11
3.804372698894828e-12
1.070988008498441e-10
4.169381494104579e-11
-1.477954869331901e-12
6.550465861065197e-11
9.363740453193925e-11
6.425954578796034e-11
1.123544227116818e-10
7.194074359605968e-11
9.389268580550457e-11
9.453544933236814e-11
1.125276144265322e-10
1.675556263901865e-10
1.723346690839655e-10
2.003469525837000e-10
2.391655865923847e-10
2.813812531795853e-10
3.881396556977099e-10
5.042240209951404e-10
6.453452204869170e-10
8.418529123663896e-10
1.105235891396367e-09
1.455654230835136e-09
1.935588587784450e-09
2.565005348935610e-09
3.412284280979626e-09
4.559563705638923e-09
6.110736798020928e-09
8.153453300649219e-09
1.091658033301362e-08
1.462655913844514e-08
1.975951972401006e-08
2.667092580366178e-08
3.607492200060013e-08
4.930938452485948e-08
6.732068703710122e-08
9.270841082330899e-08
1.282433820207802e-07
1.779890159925376e-07
2.485337260447410e-07
3.497595161800858e-07
4.940868741038791e-07
7.005639986746801e-07
9.983978291302486e-07
1.426899634702511e-06
2.040332123839638e-06
2.954348816196930e-06
4.273170205398572e-06
6.182352691618348e-06
8.985595454690138e-06
1.300952487209262e-05
1.888994609726070e-05
2.745914658652961e-05
3.981627248421042e-05
5.771599728771218e-05
8.351109664663188e-05
1.212701650955397e-04
1.749946749691674e-04
2.527654862888016e-04
3.648438240276994e-04
5.232245319886837e-04
7.503500789907903e-04
1.072071303702492e-03
1.529440689720378e-03
2.173575965458808e-03
3.089669592812707e-03
4.374551927037835e-03
6.170519625756526e-03
8.674177440524625e-03
1.216270103131786e-02
1.700276670905036e-02
2.368260937346009e-02
3.285454848274535e-02
4.546893089817910e-02
6.268906104239202e-02
8.615250638930749e-02
1.179988977162305e-01
1.606265231066970e-01
2.173467791165453e-01
2.917095985432266e-01
3.859090002897098e-01
4.993050902294294e-01
6.236671782821382e-01
7.432253293982275e-01
8.519604330575846e-01
9.999999472319817e-01
1.000000000000000e+00
1.000000000000000e+00
1.000000000000000e+00
1.000000000000000e+00
1.000000000000000e+00
1.000000000000000e+00
1.000000000000000e+00
1.000000000000000e+00
1.000000000000000e+00
1.000000000000000e+00
###6.000000000000001e+00
7.268733413825725e-11
-8.530008830542422e-12
4.607036768882677e-11
4.512125705038892e-11
1.336378394676060e-11
1.113396688435908e-10
4.662100974727140e-11
7.146942665244864e-12
6.775115082929380e-11
8.689688799068811e-11
6.842158262800044e-11
1.043740309365925e-10
8.112522648783816e-11
1.033816637591638e-10
1.057267412708407e-10
1.240113918067122e-10
1.811379981153289e-10
1.911478633187338e-10
2.279777101808321e-10
2.716725816936663e-10
3.155795604898087e-10
4.344213694697639e-10
5.662511427769753e-10
7.241775270611629e-10
9.462191162635444e-10
1.242576136554190e-09
1.639513142470350e-09
2.182433840232214e-09
2.894551156690417e-09
3.855771444391244e-09
5.155891383942431e-09
6.919632799051798e-09
9.265743784481792e-09
1.245041337133379e-08
1.674670526712285e-08
2.268310761576256e-08
3.078735232375226e-08
4.192093141670453e-08
5.746770581632420e-08
7.888163201347259e-08
1.092472005430929e-07
1.519641721161535e-07
2.118433586909343e-07
2.972486010541314e-07
4.202598455664706e-07
5.960045526089033e-07
8.473954563788856e-07
1.211145106642510e-06
1.734479905826589e-06
2.483175822316946e-06
3.604368251499996e-06
5.206072021291171e-06
7.527684085152639e-06
1.092482277047348e-05
1.579067479166574e-05
2.289277908671488e-05
3.320979262325183e-05
4.800630332905671e-05
6.940092910321824e-05
1.001309208694992e-04
1.448477032438854e-04
2.083510800346454e-04
2.998157752867930e-04
4.309812846185409e-04
6.157000848065781e-04
8.792625864703623e-04
1.251149457740433e-03
1.777025068172306e-03
2.514156712367080e-03
3.557770082816687e-03
5.013085886149255e-03
7.037737165907203e-03
9.843621523292399e-03
1.373007266527780e-02
1.908707655938419e-02
2.642822457818995e-02
3.643341195924323e-02
5.009010925193218e-02
6.856560399562400e-02
9.347417809621211e-02
1.269040511557631e-01
1.711227824449340e-01
2.291158579453023e-01
3.039716913509988e-01
3.972852627449160e-01
5.079686201523684e-01
6.283042944801264e-01
7.443991890650132e-01
8.517732172205601e-01
9.999999472319817e-01
1.000000000000000e+00
1.000000000000000e+00
1.000000000000000e+00
1.000000000000000e+00
1.000000000000000e+00
1.000000000000000e+00
1.000000000000000e+00
1.000000000000000e+00
1.000000000000000e+00
1.000000000000000e+00
###6.400000000000001e+00
6.313901162444325e-11
-2.319791284808703e-12
9.326899510446041e-11
4.656646717762010e-11
1.988051583134196e-11
1.309256958155994e-10
4.697976390646906e-11
-1.197738683674143e-11
7.796319632001614e-11
9.002648192891953e-11
8.090493351516339e-11
1.100377089020722e-10
9.089130281486377e-11
1.098120575604467e-10
1.188327573531524e-10
1.400941289624948e-10
1.953038695412147e-10
2.099714109108738e-10
2.517415670063669e-10
3.205928830495888e-10
3.598800807088889e-10
4.877549185368110e-10
6.323367476160965e-10
8.108127796312637e-10
1.062638958588427e-09
1.394421750347763e-09
1.842555924490841e-09
2.453842796947052e-09
3.261061454894562e-09
4.351188138574749e-09
5.817901145168050e-09
7.826939250879236e-09
1.052339767651309e-08
1.419059657282257e-08
1.917425068114989e-08
2.606101394350428e-08
3.554137187810786e-08
4.871090028645797e-08
6.698046111096478e-08
9.248520367332000e-08
1.286185985400624e-07
1.798648242908529e-07
2.519104692300416e-07
3.549426322841507e-07
5.036931477149741e-07
7.167260373572698e-07
1.021587130650244e-06
1.462556182361285e-06
2.097456858464731e-06
3.004476799153070e-06
4.363564575152135e-06
6.299065245565283e-06
9.100274846287398e-06
1.318495309576340e-05
1.903256876516009e-05
2.752450645439590e-05
3.983259301637074e-05
5.742844839083590e-05
8.279071694874023e-05
1.191101149180479e-04
1.716694005236744e-04
2.461322559017264e-04
3.528916514745638e-04
5.053053832624471e-04
7.190844682338631e-04
1.022859455039596e-03
1.449725941979039e-03
2.050207742180762e-03
2.888179491127153e-03
4.069187941360917e-03
5.707158466790529e-03
7.975182519172055e-03
1.110066804421633e-02
1.540469657676275e-02
2.130018840761626e-02
2.932633289368747e-02
4.018516692577984e-02
5.489642722222667e-02
7.463090444868412e-02
1.009710251715671e-01
1.359362260972767e-01
1.816865745567132e-01
2.408634608392455e-01
3.161645580819834e-01
4.086361993608203e-01
5.168462086766995e-01
6.335509847146106e-01
7.463975432372650e-01
8.522610213665619e-01
9.999999472319817e-01
1.000000000000000e+00
1.000000000000000e+00
1.000000000000000e+00
1.000000000000000e+00
1.000000000000000e+00
1.000000000000000e+00
1.000000000000000e+00
1.000000000000000e+00
1.000000000000000e+00
1.000000000000000e+00
###6.800000000000002e+00
7.687948078590486e-11
8.176961864508380e-13
9.506104837317447e-11
5.023514225206553e-11
2.693380630324660e-11
1.315767932999546e-10
4.255625262453230e-11
4.279776190533147e-12
1.130523972061354e-10
1.019335714737002e-10
9.101592615333711e-11
1.165355697664309e-10
1.089973229360835e-10
1.235857450550056e-10
1.291286379462011e-10
1.526232558741571e-10
2.135902791501029e-10
2.309515484953273e-10
2.861355935870688e-10
3.566384152054341e-10
4.086454788272241e-10
5.458813892917417e-10
7.097140316206932e-10
9.076558785150625e-10
1.191389561292362e-09
1.563743493258087e-09
2.068360832607724e-09
2.756600221235037e-09
3.667930157208963e-09
4.904942804222724e-09
6.571479516943243e-09
8.866394092941467e-09
1.195526999237909e-08
1.617849790314270e-08
2.197515721822385e-08
2.998385326799534e-08
4.108936453229887e-08
5.663471506115860e-08
7.817135268795475e-08
1.084439917080096e-07
1.515506783141084e-07
2.127643525699887e-07
2.991530156195980e-07
4.231525664869919e-07
6.023381200447310e-07
8.592257404023175e-07
1.226769242416727e-06
1.758531090722605e-06
2.523836531408554e-06
3.622881349128443e-06
5.247760966980408e-06
7.575437081364436e-06
1.092876089260379e-05
1.580596924726735e-05
2.277709944832049e-05
3.286247564965588e-05
4.744032570425431e-05
6.821774633730615e-05
9.806885765402656e-05
1.406587820348256e-04
2.020074379434436e-04
2.887238473245804e-04
4.124499335319607e-04
5.884570056920005e-04
8.342789786227391e-04
1.182243874431049e-03
1.668981137833409e-03
2.350621414287417e-03
3.297692611098575e-03
4.626530100816794e-03
6.459837813120680e-03
8.985765744634664e-03
1.244899579395657e-02
1.719067172962088e-02
2.364620142070361e-02
3.237498321923961e-02
4.411146733234046e-02
5.988989669754233e-02
8.088513102900619e-02
1.086395545247651e-01
1.451215884619863e-01
1.923214868926488e-01
2.526194984575114e-01
3.283126141860959e-01
4.199870935087762e-01
5.259309248758269e-01
6.393298954463918e-01
7.491384606495712e-01
8.533382188678837e-01
9.999999472319817e-01
1.000000000000000e+00
1.000000000000000e+00
1.000000000000000e+00
1.000000000000000e+00
1.000000000000000e+00
1.000000000000000e+00
1.000000000000000e+00
1.000000000000000e+00
1.000000000000000e+00
1.000000000000000e+00
###7.200000000000002e+00
8.682375267524816e-11
-3.136527472097375e-12
1.503275418964801e-10
5.275532861640291e-11
3.899836469422955e-11
1.128011057468499e-10
4.502060853639863e-11
8.206942570035848e-12
1.256628831689742e-10
1.030278996382824e-10
9.688432030267560e-11
1.178697052734440e-10
1.171674283560259e-10
1.348617725783270e-10
1.346988342590531e-10
1.701248389712425e-10
2.265869249723615e-10
2.561783510916537e-10
3.146553598498543e-10
3.884858115469792e-10
4.572366374074068e-10
5.875477416659542e-10
7.880519841456220e-10
1.008426465132018e-09
1.328286122386865e-09
1.746955907618388e-09
2.313577777189467e-09
3.089343315329373e-09
4.119439342000875e-09
5.527234545868861e-09
7.426517047515157e-09
1.004607615760249e-08
1.359512861117676e-08
1.847117902433172e-08
2.519987767035048e-08
3.452978027134947e-08
4.754730929606088e-08
6.585302173125474e-08
9.127395565792192e-08
1.271756207708567e-07
1.785428117708061e-07
2.515070794425862e-07
3.547016881180712e-07
5.033293799084746e-07
7.182660269510580e-07
1.026752881391940e-06
1.467607684102379e-06
2.105179197396118e-06
3.021852009042397e-06
4.342332348696558e-06
6.276982030375222e-06
9.057200608079625e-06
1.304540972210500e-05
1.883425505072428e-05
2.708642825928025e-05
3.898570343377466e-05
5.609289717943424e-05
8.050296397958265e-05
1.154107290103387e-04
1.650328117855569e-04
2.362103152940828e-04
3.365236401692853e-04
4.790939396371343e-04
6.810820586862522e-04
9.621560465818329e-04
1.358430420418448e-03
1.910334837477387e-03
2.679813896440035e-03
3.744538404376991e-03
5.231371161954750e-03
7.273063233606328e-03
1.007280876419699e-02
1.389080790285685e-02
1.909120583017115e-02
2.612812599236678e-02
3.558187272585718e-02
4.821375216943173e-02
6.507326727813517e-02
8.733048865474305e-02
1.164884481460134e-01
1.544473157769281e-01
2.030430282465160e-01
2.643974063865555e-01
3.404408341284306e-01
4.313578709528667e-01
5.352080748909811e-01
6.455733520705187e-01
7.525150357115109e-01
8.549255686067346e-01
9.999999472319817e-01
1.000000000000000e+00
1.000000000000000e+00
1.000000000000000e+00
1.000000000000000e+00
1.000000000000000e+00
1.000000000000000e+00
1.000000000000000e+00
1.000000000000000e+00
1.000000000000000e+00
1.000000000000000e+00
###7.600000000000002e+00
8.480806172014950e-11
1.198734233412399e-11
1.375433854068618e-10
5.134523112480641e-11
4.027652267993472e-11
1.198830121006853e-10
3.965456071802067e-11
2.047905664403238e-11
1.323471484878346e-10
1.079752026087844e-10
1.020062188672059e-10
1.317559219606190e-10
1.053546230901543e-10
1.460460813815405e-10
1.465191123857056e-10
1.887418026665168e-10
2.439777341160241e-10
2.700754046242944e-10
3.464410348887683e-10
4.316751581947798e-10
5.092586334713819e-10
6.560482776570196e-10
8.752871588785541e-10
1.121985405902638e-09
1.480569379586319e-09
1.949253375584740e-09
2.590138207935758e-09
3.460827228568521e-09
4.632609891837605e-09
6.228183852411568e-09
8.392304258414430e-09
1.138761507834766e-08
1.547496164347580e-08
2.110670344752682e-08
2.894516699532151e-08
3.980678467683745e-08
5.507182571699403e-08
7.668180455631860e-08
1.066221411960112e-07
1.491249846392507e-07
2.101969717536301e-07
2.970262726649428e-07
4.198863397756421e-07
5.973457370704118e-07
8.540295625643637e-07
1.222817892060466e-06
1.749262705702841e-06
2.510212235964586e-06
3.603611186352221e-06
5.178795659972572e-06
7.470628864901246e-06
1.076928451371529e-05
1.548418850563809e-05
2.231087319880433e-05
3.201954939320663e-05
4.597394613920916e-05
6.593911072028429e-05
9.444308129838833e-05
1.350187834931900e-04
1.924913854021820e-04
2.746033419123522e-04
3.900082895609736e-04
5.533027664163831e-04
7.839332798854900e-04
1.103496612130261e-03
1.552497809719587e-03
2.175088487501565e-03
3.039568995565311e-03
4.230420690794595e-03
5.886676853351255e-03
8.149773709064414e-03
1.123970599607729e-02
1.543058993740653e-02
2.110883522715570e-02
2.874899317273391e-02
3.894766343545215e-02
5.249557610093950e-02
7.044974456744452e-02
9.396734930309000e-02
1.245171117637022e-01
1.639222899405846e-01
2.138600062185417e-01
2.762141061409665e-01
3.525812612149404e-01
4.427708536502241e-01
5.446937284000891e-01
6.522404917990102e-01
7.564369578031723e-01
8.569712892116074e-01
9.999999472319817e-01
1.000000000000000e+00
1.000000000000000e+00
1.000000000000000e+00
1.000000000000000e+00
1.000000000000000e+00
1.000000000000000e+00
1.000000000000000e+00
1.000000000000000e+00
1.000000000000000e+00
1.000000000000000e+00
###8.000000000000002e+00
8.577060032728694e-11
1.398288119940973e-11
1.193308775571082e-10
4.073331299076887e-11
4.075711434006321e-11
1.425398533883124e-10
4.102055127744710e-11
2.449261917301755e-11
1.356421131194508e-10
1.074938749031572e-10
9.532865458326662e-11
1.358557979508107e-10
1.138341266843063e-10
1.599721965317375e-10
1.617963849881800e-10
2.062015936486634e-10
2.581429668319332e-10
2.962325733812675e-10
3.789350905774458e-10
4.734044248550397e-10
5.642348797627344e-10
7.291701566123272e-10
9.680601452192548e-10
1.249168180373589e-09
1.648445666858766e-09
2.175718035656278e-09
2.897457148716565e-09
3.879732932178428e-09
5.208152531500786e-09
7.023845274263478e-09
9.496066096840548e-09
1.293078063258835e-08
1.764225467356412e-08
2.416161593066427e-08
3.328611686467517e-08
4.595552765152583e-08
6.384279900140935e-08
8.921351980060442e-08
1.246139693163626e-07
1.748623870083619e-07
2.473444042102883e-07
3.502655511870528e-07
4.962919055927889e-07
7.073490679588323e-07
1.012894809253207e-06
1.451324813071397e-06
2.077288198849483e-06
2.980608415445362e-06
4.276891227986267e-06
6.146843143543128e-06
8.850322648874784e-06
1.273981601657440e-05
1.828494152295774e-05
2.629193150167886e-05
3.764692553939982e-05
5.391995591930801e-05
7.710478021967454e-05
1.101927211907151e-04
1.571004260314930e-04
2.233023280432910e-04
3.175311426970028e-04
4.496128249081706e-04
6.357552535146368e-04
8.977804622292108e-04
1.259389021611610e-03
1.765597227841039e-03
2.464833200652698e-03
3.431506127171313e-03
4.757577507002955e-03
6.594557808689950e-03
9.093153804733880e-03
1.248829333114309e-02
1.707069301344142e-02
2.324767231441710e-02
3.151264030417877e-02
4.247842596451193e-02
5.695982121105195e-02
7.601618907744066e-02
1.007972193715205e-01
1.327292817581223e-01
1.735345891502139e-01
2.247833255336449e-01
2.880820086634558e-01
3.647358067577522e-01
4.542415784880700e-01
5.543486247606235e-01
6.592773345448227e-01
7.608564968631688e-01
8.593838074400828e-01
9.999999472319817e-01
1.000000000000000e+00
1.000000000000000e+00
1.000000000000000e+00
1.000000000000000e+00
1.000000000000000e+00
1.000000000000000e+00
1.000000000000000e+00
1.000000000000000e+00
1.000000000000000e+00
1.000000000000000e+00
###8.400000000000002e+00
8.697563050028808e-11
-7.892552990090602e-12
1.188820604880819e-10
4.673223705317937e-11
4.973556365015695e-11
1.356154060328985e-10
4.654206736386901e-11
1.390242078064587e-11
1.392546791452343e-10
1.089297746355096e-10
1.062190178565353e-10
1.432655601704593e-10
1.313167857173301e-10
1.710652917208266e-10
1.778570204003058e-10
2.192108858471255e-10
2.863960781922856e-10
3.254184297092167e-10
4.154456524849198e-10
5.197163009402359e-10
6.252979525863988e-10
8.091022765784580e-10
1.072109981487983e-09
1.388531195131867e-09
1.835237666805819e-09
2.425468789806415e-09
3.241950690942595e-09
4.355147211808968e-09
5.859470175868225e-09
7.930825734256323e-09
1.075833882599522e-08
1.469765616900152e-08
2.014465524969895e-08
2.769735754279263e-08
3.831345119810639e-08
5.309810585912458e-08
7.406300655041024e-08
1.037899753847356e-07
1.456427922764024e-07
2.048998812422235e-07
2.907283848919310e-07
4.124444274291749e-07
5.854380462811054e-07
8.355507239298483e-07
1.197579478937327e-06
1.716774682743804e-06
2.457420911527941e-06
3.525632390748696e-06
5.055033151132393e-06
7.260424949509407e-06
1.043501018739943e-05
1.499668341430531e-05
2.148329541401094e-05
3.082820007827569e-05
4.404630997114353e-05
6.292215409464449e-05
8.971562466023255e-05
1.279138660017971e-04
1.818627263075971e-04
2.577642738511507e-04
3.654116475406736e-04
5.158486415697152e-04
7.270760927321581e-04
1.023375980963162e-03
1.430790810390801e-03
1.998951702206059e-03
2.780917361672677e-03
3.857339470000301e-03
5.328220219594958e-03
7.357609522264906e-03
1.010541247875758e-02
1.382247735207198e-02
1.881521963073573e-02
2.551101206617459e-02
3.442168119858917e-02
4.617564304754639e-02
6.161436391837935e-02
8.178348114839609e-02
1.078329887409789e-01
1.411284282434836e-01
1.833256912586913e-01
2.358218601485220e-01
3.000135258149837e-01
3.769237913111073e-01
4.657700340567225e-01
5.641843664272306e-01
6.666473517820322e-01
7.657197532780148e-01
8.621726231351861e-01
9.999999472319817e-01
1.000000000000000e+00
1.000000000000000e+00
1.000000000000000e+00
1.000000000000000e+00
1.000000000000000e+00
1.000000000000000e+00
1.000000000000000e+00
1.000000000000000e+00
1.000000000000000e+00
1.000000000000000e+00
###8.800000000000002e+00
8.952002493860015e-11
2.232140352269042e-11
1.184552707315325e-10
3.653468272418637e-11
4.937942593364493e-11
1.335310221617279e-10
1.489880816515350e-11
6.695524043826232e-11
1.438669862893947e-10
1.020147364641024e-10
1.197341982201688e-10
1.772980630956858e-10
1.343813326528830e-10
1.844134627198897e-10
2.104744716704591e-10
2.401149697201232e-10
3.125157918799534e-10
3.584908392211735e-10
4.536547206779321e-10
5.697048248654263e-10
6.988388369235909e-10
9.028911494998232e-10
1.187223250550287e-09
1.543125534673677e-09
2.043384739277912e-09
2.710021635431721e-09
3.632288488910237e-09
4.891682458740136e-09
6.604651268502086e-09
8.966090210899009e-09
1.220950824829839e-08
1.674401052037243e-08
2.303985991831042e-08
3.179377516819491e-08
4.415886083243851e-08
6.141171820546790e-08
8.597131977631250e-08
1.208018892588897e-07
1.701487479833595e-07
2.399883390785547e-07
3.412014472749274e-07
4.848278160287466e-07
6.892673428018828e-07
9.845160094857048e-07
1.412119058499696e-06
2.024328844323136e-06
2.896634768043578e-06
4.153337909568137e-06
5.950129980616981e-06
8.539046219163778e-06
1.224874492898774e-05
1.757395251881747e-05
2.512655857684476e-05
3.597552567577271e-05
5.128617327431430e-05
7.308451015082422e-05
1.039172361546526e-04
1.478137407082912e-04
2.095671746930955e-04
2.961941478532980e-04
4.186408103107052e-04
5.891870777021084e-04
8.278621412057317e-04
1.161532883741168e-03
1.618703246102846e-03
2.253897965140963e-03
3.124853528818328e-03
4.319117261443410e-03
5.944238402712566e-03
8.178062931750059e-03
1.118962166004675e-02
1.524526384408760e-02
2.066713925282663e-02
2.790281706265048e-02
3.748187997364950e-02
5.004550480208177e-02
6.645253740465117e-02
8.775123644963274e-02
1.150674788395278e-01
1.497163941830367e-01
1.932651422020748e-01
2.469789788069050e-01
3.120239367564424e-01
3.891580414082926e-01
4.773633732937121e-01
5.741696233379991e-01
6.743079094476668e-01
7.709366733892635e-01
8.652390340998852e-01
9.999999472319817e-01
1.000000000000000e+00
1.000000000000000e+00
1.000000000000000e+00
1.000000000000000e+00
1.000000000000000e+00
1.000000000000000e+00
1.000000000000000e+00
1.000000000000000e+00
1.000000000000000e+00
1.000000000000000e+00
###9.200000000000003e+00
9.718029875183415e-11
1.909253904323301e-11
1.162824942922878e-10
5.006020613338146e-11
5.097905508830690e-11
1.325446360931858e-10
1.620445146462414e-11
7.080047607255557e-11
1.466649032879349e-10
1.070227149943029e-10
1.240914446301623e-10
1.718958788145215e-10
1.448268036869145e-10
1.968827533910170e-10
2.357153343082349e-10
2.676680378667761e-10
3.357298423557778e-10
3.951210968648011e-10
4.946332088593001e-10
6.367679178333164e-10
7.708361740544004e-10
9.980224668471342e-10
1.313963659161366e-09
1.713078716811889e-09
2.276855852438195e-09
3.029836864905534e-09
4.063125655216023e-09
5.501913185773761e-09
7.452054632074527e-09
1.015858762910012e-08
1.387543869056795e-08
1.909773179757803e-08
2.638191766856574e-08
3.654663467965151e-08
5.095044054672602e-08
7.109686677095832e-08
9.983841705186493e-08
1.406709338117439e-07
1.986696389964203e-07
2.807707210645158e-07
3.998291842965507e-07
5.690131964200003e-07
8.099145172526284e-07
1.157268981341060e-06
1.659798600075740e-06
2.378663516713508e-06
3.402410818152441e-06
4.874849187676996e-06
6.975576358942007e-06
9.996768836363008e-06
1.431885960001981e-05
2.050719864851227e-05
2.925958095989473e-05
4.180318704574720e-05
5.945588685888117e-05
8.451364210036493e-05
1.198468882952188e-04
1.700630836675773e-04
2.404493947155176e-04
3.389611992757759e-04
4.775933432531086e-04
6.702159125495965e-04
9.388918170644468e-04
1.313143787759508e-03
1.824192726626892e-03
2.531810316401422e-03
3.498412459900313e-03
4.818626328099910e-03
6.608838002672856e-03
9.059259824437609e-03
1.234925260143344e-02
1.676023155555341e-02
2.263094884095642e-02
3.042736916903615e-02
4.069544152034543e-02
5.409012611792596e-02
7.148074922544725e-02
9.392024642129880e-02
1.225046918138037e-01
1.584959475004884e-01
2.033655885970668e-01
2.582592596638651e-01
3.241130441932533e-01
4.014552370695641e-01
4.890271051966935e-01
5.843095952270977e-01
6.822152157425450e-01
7.764685952709302e-01
8.685774233715271e-01
9.999999472319817e-01
1.000000000000000e+00
1.000000000000000e+00
1.000000000000000e+00
1.000000000000000e+00
1.000000000000000e+00
1.000000000000000e+00
1.000000000000000e+00
1.000000000000000e+00
1.000000000000000e+00
1.000000000000000e+00
###9.600000000000003e+00
9.541545258761717e-11
1.019236925183514e-10
1.234796116539159e-10
5.350323013989611e-11
5.546120150159801e-11
1.329999572783965e-10
2.413892642449619e-11
7.885881941357859e-11
1.426627878587591e-10
1.208063407558055e-10
1.304860144903335e-10
1.835683620399970e-10
1.612451249435776e-10
2.103762967793370e-10
2.489934751152372e-10
2.896079754375537e-10
3.634600656130616e-10
4.255285296378568e-10
5.393905873790838e-10
6.944640968487277e-10
8.510261796258108e-10
1.103061053756275e-09
1.454779325831347e-09
1.904845447798022e-09
2.538945396787769e-09
3.389683767143916e-09
4.562754089379069e-09
6.185847734673143e-09
8.421347884420753e-09
1.152040257565320e-08
1.579631157486360e-08
2.181800978124589e-08
3.025000301027148e-08
4.204517319732791e-08
5.881119538301131e-08
8.235396877045810e-08
1.159307716741427e-07
1.637033239173919e-07
2.317573193878381e-07
3.281223131460376e-07
4.678635099060558e-07
6.664926227402131e-07
9.493754659192614e-07
1.356596575105843e-06
1.945364768956092e-06
2.786549041724404e-06
3.983119816674152e-06
5.700450055265261e-06
8.147264776512271e-06
1.164451378509107e-05
1.666971486148665e-05
2.383056635209783e-05
3.393193981978936e-05
4.837500907261552e-05
6.864356772163250e-05
9.733377074091916e-05
1.376733096470039e-04
1.948731763472971e-04
2.748133591866189e-04
3.863907512622520e-04
5.427552568520583e-04
7.595213658020387e-04
1.060798229796404e-03
1.479212928560446e-03
2.048498724865424e-03
2.833974118442723e-03
3.903230285109375e-03
5.358156790164893e-03
7.323511837259634e-03
1.000369508538066e-02
1.358793132361248e-02
1.837112562504403e-02
2.470945952958279e-02
3.308786940482654e-02
4.406613278790977e-02
5.831220759285224e-02
7.670377765890077e-02
1.002951015511768e-01
1.301444066522370e-01
1.674694728680185e-01
2.136377895688508e-01
2.696756581807500e-01
3.362923371454704e-01
4.138051499104899e-01
5.007635248704795e-01
5.945767945740602e-01
6.903621083022919e-01
7.822532988142359e-01
8.721038461899281e-01
9.999999472319817e-01
1.000000000000000e+00
1.000000000000000e+00
1.000000000000000e+00
1.000000000000000e+00
1.000000000000000e+00
1.000000000000000e+00
1.000000000000000e+00
1.000000000000000e+00
1.000000000000000e+00
1.000000000000000e+00
###1.000000000000000e+01
9.522083032192774e-11
1.036875929391764e-10
1.239845722907251e-10
4.919997826892872e-11
4.458308227061420e-11
1.289700133699615e-10
4.166445031660042e-11
7.841170110960086e-11
1.441943458474195e-10
1.243770850304802e-10
1.393467040899864e-10
1.935179400960491e-10
1.721073383792305e-10
2.238213755963659e-10
2.653418146487593e-10
3.141929607096696e-10
3.932948483936916e-10
4.654310474210472e-10
5.908140965025390e-10
7.589602148976716e-10
9.409624711638864e-10
1.222409995239324e-09
1.613107173152719e-09
2.121482375003082e-09
2.835574992378502e-09
3.796140467581768e-09
5.128137904554529e-09
6.971925721745943e-09
9.532442377250966e-09
1.308700915127167e-08
1.800778982865279e-08
2.496245227625775e-08
3.472950672991511e-08
4.842296199294773e-08
6.792174444503146e-08
9.540246953498847e-08
1.346017932861221e-07
1.904921848338127e-07
2.701180469420116e-07
3.829130268187227e-07
5.464359244567222e-07
7.790070781050026e-07
1.110487156151779e-06
1.586696892648950e-06
2.273127053748117e-06
3.254026651037832e-06
4.647561528405346e-06
6.643130645051247e-06
9.481650403926286e-06
1.353891201061849e-05
1.933450727971012e-05
2.758667934880535e-05
3.920513640347879e-05
5.576620267338160e-05
7.894443661053005e-05
1.116831057293657e-04
1.576233240237595e-04
2.224737217915643e-04
3.129145258995703e-04
4.388325363673397e-04
6.146058652360581e-04
8.576579739752023e-04
1.194398306018223e-03
1.660586351255339e-03
2.292622736447647e-03
3.161963039445726e-03
4.341081588327458e-03
5.939712598440334e-03
8.091074376590342e-03
1.101443286009553e-02
1.490741475443601e-02
2.008047849579943e-02
2.690627046308100e-02
3.588837617546185e-02
4.759896441266721e-02
6.271690009411326e-02
8.212631282123735e-02
1.068785266827571e-01
1.380017660297413e-01
1.766441915033748e-01
2.240870030561494e-01
2.812212645426639e-01
3.485644699264595e-01
4.262183764691562e-01
5.125683610573730e-01
6.049676860118659e-01
6.987007667870800e-01
7.882727006850309e-01
8.758072087416223e-01
9.999999472319817e-01
1.000000000000000e+00
1.000000000000000e+00
1.000000000000000e+00
1.000000000000000e+00
1.000000000000000e+00
1.000000000000000e+00
1.000000000000000e+00
1.000000000000000e+00
1.000000000000000e+00
1.000000000000000e+00
###1.040000000000000e+01
7.248089910298930e-11
1.087854652021847e-10
1.434215685648691e-10
4.874490127567317e-11
4.691298184245487e-11
9.521700330709095e-11
4.494323789879347e-11
8.232745651150403e-11
1.500512514577195e-10
1.289846078574738e-10
1.508853443758853e-10
2.017518299672082e-10
1.878578215464134e-10
2.332845793144660e-10
2.849093029800173e-10
3.345689177246641e-10
4.252439103414261e-10
5.077441269253240e-10
6.458335703494289e-10
8.307811747486525e-10
1.037934511901633e-09
1.353825208775112e-09
1.790366400757775e-09
2.365720497282072e-09
3.169806405581561e-09
4.261124019700959e-09
5.775598671784657e-09
7.879168020117264e-09
1.080187835817878e-08
1.489069250922673e-08
2.055974091857074e-08
2.859811315147407e-08
3.990708263136915e-08
5.581118032592023e-08
7.846272577038580e-08
1.105137556951733e-07
1.562239760398220e-07
2.214362239052981e-07
3.144932371755734e-07
4.462028112541217e-07
6.370506060600780e-07
9.085514504019577e-07
1.295789346592464e-06
1.850494259310359e-06
2.648737993040538e-06
3.787992365547780e-06
5.405575942622361e-06
7.715438124093176e-06
1.099639921624660e-05
1.567962915625500e-05
2.234706481320800e-05
3.182327738801708e-05
4.513300930070980e-05
6.405484213339452e-05
9.047386487792117e-05
1.277077882237553e-04
1.798245181819540e-04
2.530951561404180e-04
3.550787656561329e-04
4.966819632335533e-04
6.936606321630318e-04
9.652938617509334e-04
1.340472443164929e-03
1.858208781418016e-03
2.557859289825168e-03
3.517141703990301e-03
4.813606870850494e-03
6.565589472641471e-03
8.913937730958898e-03
1.209340529340980e-02
1.631104416143110e-02
2.189341077830496e-02
2.922610672046793e-02
3.883280165430835e-02
5.129733179693406e-02
6.730579339193009e-02
8.774867458062330e-02
1.136781173462315e-01
1.460694277613875e-01
1.860175331337036e-01
2.347070282601238e-01
2.929059873159652e-01
3.609401408977566e-01
4.387141658050628e-01
5.244485849827326e-01
6.154692899257089e-01
7.072051471858254e-01
7.944876494697994e-01
8.796586325434707e-01
9.999999472319817e-01
1.000000000000000e+00
1.000000000000000e+00
1.000000000000000e+00
1.000000000000000e+00
1.000000000000000e+00
1.000000000000000e+00
1.000000000000000e+00
1.000000000000000e+00
1.000000000000000e+00
1.000000000000000e+00
###1.080000000000000e+01
7.379754745685060e-11
1.086722750196561e-10
1.456990745787408e-10
4.992915250584940e-11
5.169844625037306e-11
1.015777808040520e-10
5.889789581032323e-11
8.856446740630175e-11
1.529379850946735e-10
1.362320012530851e-10
1.542336457728841e-10
2.113913846399772e-10
1.993019989068756e-10
2.497678500293289e-10
3.072688233467894e-10
3.615357860659098e-10
4.588458493632002e-10
5.595029440297224e-10
7.050339762181915e-10
9.098504303436804e-10
1.147385060989670e-09
1.500157363167746e-09
1.990234204100053e-09
2.641881355786686e-09
3.547985383344700e-09
4.789847239446345e-09
6.513835077354199e-09
8.919329922474378e-09
1.226623593463279e-08
1.696626157252330e-08
2.350604927809800e-08
3.278995823785707e-08
4.588974151234757e-08
6.433820434130556e-08
9.066502222975782e-08
1.279722672444793e-07
1.812481902053543e-07
2.571381874246614e-07
3.656466176943462e-07
5.191095270280650e-07
7.413793694695610e-07
1.057340134870933e-06
1.507925194147936e-06
2.152040675632812e-06
3.077593695012375e-06
4.396008840644465e-06
6.267151685827046e-06
8.932853616785626e-06
1.271053019819902e-05
1.810042697118929e-05
2.574094526030103e-05
3.658679031095502e-05
5.177418491819765e-05
7.332622813913329e-05
1.033348690139831e-04
1.455248420097688e-04
2.044372397316440e-04
2.869984177022733e-04
4.016073089111993e-04
5.603228556827496e-04
7.804397318031570e-04
1.083137992856197e-03
1.499864769827305e-03
2.073250683083385e-03
2.845529286538455e-03
3.901092035266444e-03
5.322789720447689e-03
7.237864856792800e-03
9.794789222854100e-03
1.324486466530779e-02
1.780272326266294e-02
2.381205512792279e-02
3.167286701808998e-02
4.192487222362735e-02
5.516534915566667e-02
7.208550684913868e-02
9.357791702024651e-02
1.206903629628374e-01
1.543509270231246e-01
1.955928102214592e-01
2.455125990017140e-01
3.047340771828472e-01
3.734192498521632e-01
4.512794530677902e-01
5.363967584308960e-01
6.260501916807446e-01
7.158427580044534e-01
8.008563040486175e-01
8.836428878913324e-01
9.999999472319817e-01
1.000000000000000e+00
1.000000000000000e+00
1.000000000000000e+00
1.000000000000000e+00
1.000000000000000e+00
1.000000000000000e+00
1.000000000000000e+00
1.000000000000000e+00
1.000000000000000e+00
1.000000000000000e+00
###1.120000000000000e+01
8.333154497863269e-11
1.023822962216557e-10
1.284486965102578e-10
4.131535474565984e-11
5.491759589788601e-11
1.035114988486872e-10
6.384048245919717e-11
8.415403223858161e-11
1.551264153932045e-10
1.414482134571993e-10
1.651060411739363e-10
2.214198644443168e-10
2.186992263513648e-10
2.728469507277059e-10
3.290594620043798e-10
3.919519507567896e-10
4.957442944627295e-10
6.098213275187301e-10
7.714453123851900e-10
9.977207988093843e-10
1.268765423178532e-09
1.663929080861002e-09
2.214989715788972e-09
2.952196634000613e-09
3.977340326688771e-09
5.391040324698943e-09
7.357887307943032e-09
1.010849743898890e-08
1.394987957135465e-08
1.935233723601340e-08
2.689870550056820e-08
3.762998524643872e-08
5.278376862135504e-08
7.417553735778174e-08
1.047492470829395e-07
1.481026048964957e-07
2.100206772277819e-07
2.983099266980463e-07
4.243067860086567e-07
6.028241168101498e-07
8.610558447194972e-07
1.227798514435159e-06
1.750640002670010e-06
2.496466296492583e-06
3.566419911643492e-06
5.087888714561061e-06
7.244012050202113e-06
1.031084896764742e-05
1.464729343064317e-05
2.082482645078447e-05
2.955608844427283e-05
4.192410450965413e-05
5.920540013806267e-05
8.366946633987422e-05
1.176458736686774e-04
1.652989217030570e-04
2.316792591410611e-04
3.244228800083266e-04
4.528377165591013e-04
6.302271929562786e-04
8.755042864499875e-04
1.211811072565537e-03
1.673427603229852e-03
2.306789748855721e-03
3.157093319565329e-03
4.315543863854961e-03
5.870661417001069e-03
7.958654950355115e-03
1.073622100952278e-02
1.447113557474667e-02
1.938670500906658e-02
2.584159938946870e-02
3.425123684730669e-02
4.516893999372496e-02
5.920716082794112e-02
7.705721160248166e-02
9.961746566429636e-02
1.279181223541611e-01
1.628411948279205e-01
2.053703918382073e-01
2.564939292246407e-01
3.167095905257504e-01
3.859904289676973e-01
4.639161885695633e-01
5.483976637233269e-01
6.367147239763969e-01
7.245727196217968e-01
8.073547960604519e-01
8.877196834332488e-01
9.999999472319817e-01
1.000000000000000e+00
1.000000000000000e+00
1.000000000000000e+00
1.000000000000000e+00
1.000000000000000e+00
1.000000000000000e+00
1.000000000000000e+00
1.000000000000000e+00
1.000000000000000e+00
1.000000000000000e+00
###1.160000000000000e+01
8.072761293108599e-11
1.047418626988148e-10
1.554767764991346e-10
4.176336283652510e-11
5.697674891535299e-11
9.574561927595577e-11
6.652181198033638e-11
8.715567234745883e-11
1.534963741006692e-10
1.473826874651832e-10
1.731867474585033e-10
2.304389895431016e-10
2.342954682494999e-10
2.872525262666510e-10
3.542595491864889e-10
4.275160180360073e-10
5.380701778298312e-10
6.649799288280331e-10
8.449788566999494e-10
1.096127190856933e-09
1.407446683901842e-09
1.848872926501711e-09
2.467020848522190e-09
3.303137576921562e-09
4.466939976304898e-09
6.077681018223909e-09
8.323170693223618e-09
1.147119158280147e-08
1.588098916036940e-08
2.209584504975178e-08
3.080678998582734e-08
4.319834414327523e-08
6.071603533985537e-08
8.550980373978664e-08
1.209668325073954e-07
1.712638512624124e-07
2.430779359297514e-07
3.455839599616262e-07
4.917887868105956e-07
6.988616881020936e-07
9.979921626704454e-07
1.422509458265653e-06
2.027233210097575e-06
2.888173357871707e-06
4.120927386733283e-06
5.871643198641271e-06
8.348370963768761e-06
1.186678438381204e-05
1.682785980362148e-05
2.388608556295876e-05
3.383224889987308e-05
4.789444385424572e-05
6.749751326900119e-05
9.517452250710522e-05
1.335348857212497e-04
1.871995265123309e-04
2.617749819566329e-04
3.656484746079687e-04
5.091471142632999e-04
7.068486236982574e-04
9.793672796602447e-04
1.352009607542489e-03
1.862090070499303e-03
2.559923313742744e-03
3.493795955167272e-03
4.762084905787759e-03
6.459162040399335e-03
8.730681239564025e-03
1.174118014917832e-02
1.577510132414324e-02
2.106502864466584e-02
2.798548670994319e-02
3.696361996680197e-02
4.857057333865925e-02
6.342845533594572e-02
8.222866515597793e-02
1.058672788563297e-01
1.353657099404441e-01
1.715531098706009e-01
2.153590368521285e-01
2.676555151783087e-01
3.288238844887899e-01
3.986748315367361e-01
4.766168617476573e-01
5.604518593937214e-01
6.474436503152942e-01
7.333898744971280e-01
8.139552243190697e-01
8.918526128350728e-01
9.999999472319817e-01
1.000000000000000e+00
1.000000000000000e+00
1.000000000000000e+00
1.000000000000000e+00
1.000000000000000e+00
1.000000000000000e+00
1.000000000000000e+00
1.000000000000000e+00
1.000000000000000e+00
1.000000000000000e+00
###1.200000000000001e+01
8.219016988593182e-11
1.042701315377232e-10
1.560454407668674e-10
2.923021545815240e-11
6.790935627568421e-11
1.617419361414293e-10
7.174134688554443e-11
9.310111851787508e-11
1.617952100992034e-10
1.585405138569375e-10
1.823597358834171e-10
2.402645539625153e-10
2.522492393504754e-10
3.103121431747678e-10
3.814787066298259e-10
4.650970939070146e-10
5.912973850688045e-10
7.267890499872486e-10
9.292454927361316e-10
1.206689817765984e-09
1.558967044064738e-09
2.057075605166243e-09
2.753143378853367e-09
3.702998580259516e-09
5.023127425030665e-09
6.867168684550746e-09
9.431063404019081e-09
1.303665569231980e-08
1.810174950707309e-08
2.525701675518922e-08
3.530451738301338e-08
4.961098424035782e-08
6.986382316757933e-08
9.855781480081299e-08
1.396178022105613e-07
1.978958138485639e-07
2.811067968554159e-07
3.998072133027057e-07
5.690031911751142e-07
8.086978100030056e-07
1.154272019559748e-06
1.644267776274604e-06
2.341405264245500e-06
3.332764604638941e-06
4.749494842365023e-06
6.757286307344313e-06
9.595168452180445e-06
1.361657753145099e-05
1.927564904624203e-05
2.731690030207495e-05
3.861468261036962e-05
5.455019078963990e-05
7.672369805303662e-05
1.079503529746999e-04
1.511476507118574e-04
2.114092377491708e-04
2.949499615634631e-04
4.109859211550182e-04
5.708862230752790e-04
7.906624387943844e-04
1.092688708346454e-03
1.504587168310206e-03
2.066744091933276e-03
2.833823797759407e-03
3.857035181945780e-03
5.242553403173725e-03
7.090618161432067e-03
9.556115010769741e-03
1.281256557695607e-02
1.716075579843335e-02
2.284279687391099e-02
3.024647096848565e-02
3.981448423910126e-02
5.213279741581288e-02
6.783103362474001e-02
8.760075219240809e-02
1.123350207023800e-01
1.430394326012948e-01
1.804871525254876e-01
2.255541096081461e-01
2.790014129516161e-01
3.410878155874961e-01
4.114567267648700e-01
4.893823678366815e-01
5.725582581454751e-01
6.582107202351710e-01
7.422702626280512e-01
8.206287254760071e-01
8.960524414611849e-01
9.999999472319817e-01
1.000000000000000e+00
1.000000000000000e+00
1.000000000000000e+00
1.000000000000000e+00
1.000000000000000e+00
1.000000000000000e+00
1.000000000000000e+00
1.000000000000000e+00
1.000000000000000e+00
1.000000000000000e+00
###1.240000000000001e+01
1.080950309165931e-10
1.190137929155078e-10
1.550681689138800e-10
2.844932175926521e-11
1.473817841403346e-10
1.625650568778472e-10
7.802660752851223e-11
1.034683687032539e-10
1.660790719416131e-10
1.673605900323922e-10
1.983981554037981e-10
2.526886927928909e-10
2.722679072777333e-10
3.334571791633576e-10
4.136186378843625e-10
4.844793710931297e-10
6.413828685659336e-10
7.976278813991232e-10
1.021795738557156e-09
1.331315634783595e-09
1.730120495359992e-09
2.291832262717958e-09
3.078372078356428e-09
4.157138264280370e-09
5.660435455115443e-09
7.760226012813027e-09
1.069600338192312e-08
1.483353906497433e-08
2.065187165364190e-08
2.888634930935293e-08
4.046837190630817e-08
5.697268802429772e-08
8.040004415220915e-08
1.135477465365046e-07
1.610085640351231e-07
2.284192119124994e-07
3.246205208926435e-07
4.617928159336393e-07
6.571748849228565e-07
9.337915521448591e-07
1.332072151504811e-06
1.896394474566016e-06
2.698258605100724e-06
3.837503057126399e-06
5.459967044775127e-06
7.756264223440234e-06
1.099789075937034e-05
1.558229139034988e-05
2.202277774792420e-05
3.115288412832764e-05
4.395033495888070e-05
6.195163871382111e-05
8.697369715156865e-05
1.221170410898498e-04
1.706282433953397e-04
2.381070123916111e-04
3.314369801989356e-04
4.607320457918205e-04
6.385125217224097e-04
8.821847732070596e-04
1.216154412780647e-03
1.670330123396259e-03
2.288540494552231e-03
3.129815568045668e-03
4.248512060482563e-03
5.758640210943846e-03
7.766831742748314e-03
1.043758096168352e-02
1.395286989822287e-02
1.863141023988146e-02
2.472287930206898e-02
3.263011322304754e-02
4.280992509827573e-02
5.586014173683006e-02
7.242028873925810e-02
9.318087390163117e-02
1.190235128930495e-01
1.509390141368868e-01
1.896475841394761e-01
2.359581393534001e-01
2.905260535366035e-01
3.534892635818980e-01
4.243440716381330e-01
5.022122431185565e-01
5.846829417286352e-01
6.690137121481180e-01
7.511918252627788e-01
8.273539274794347e-01
9.002749316089432e-01
9.999999472319817e-01
1.000000000000000e+00
1.000000000000000e+00
1.000000000000000e+00
1.000000000000000e+00
1.000000000000000e+00
1.000000000000000e+00
1.000000000000000e+00
1.000000000000000e+00
1.000000000000000e+00
1.000000000000000e+00
###1.280000000000001e+01
1.137488700427010e-10
1.222173671477570e-10
1.538070944672792e-10
2.762857327702829e-11
1.458545895032854e-10
1.676666893147231e-10
8.342374934677588e-11
1.086795075756363e-10
1.709379019049807e-10
1.777089471567367e-10
2.106606422034785e-10
2.644702663243396e-10
2.935776236456427e-10
3.584048912502913e-10
4.473947910242712e-10
5.237859625904783e-10
6.970899080703128e-10
8.740387551812266e-10
1.124166995504796e-09
1.469898722445121e-09
1.922743755383064e-09
2.558551870956781e-09
3.448406373873278e-09
4.675038202511621e-09
6.382359445575567e-09
8.787891492812465e-09
1.214780405995232e-08
1.688937868844981e-08
2.358277110265834e-08
3.305344167516298e-08
4.640221802731520e-08
6.543260465296556e-08
9.245703592477686e-08
1.307708661071231e-07
1.855577047768326e-07
2.633367880143563e-07
3.743334445812638e-07
5.325391613709248e-07
7.577418798630714e-07
1.075990253962857e-06
1.534080344419485e-06
2.182152629687820e-06
3.102139794147461e-06
4.407044554238669e-06
6.260651166229706e-06
8.880638712900442e-06
1.257205787534242e-05
1.778570224922147e-05
2.509579931186572e-05
3.543295714755737e-05
4.988937896608261e-05
7.017859238034202e-05
9.833727726998169e-05
1.377815661943485e-04
1.921129872828897e-04
2.674793140473830e-04
3.715167074681046e-04
5.152431725245444e-04
7.123995844544031e-04
9.819747136432817e-04
1.350379012492958e-03
1.850125202526007e-03
2.528482218286428e-03
3.449118037792142e-03
4.669599366012300e-03
6.312374696213198e-03
8.490075964400117e-03
1.137777432661971e-02
1.516557889708527e-02
2.019011228757112e-02
2.670908148406965e-02
3.514052252538057e-02
4.595232026622613e-02
5.975632335740084e-02
7.720024174440918e-02
9.896561022355181e-02
1.259327592407875e-01
1.590692245061750e-01
1.990328022465255e-01
2.465688203912085e-01
3.022321716401365e-01
3.660400572809872e-01
4.373251323864764e-01
5.150950935889967e-01
5.968350218778059e-01
6.798331671011688e-01
7.601431534609265e-01
8.341061294735965e-01
9.045014648568770e-01
9.999999472319817e-01
1.000000000000000e+00
1.000000000000000e+00
1.000000000000000e+00
1.000000000000000e+00
1.000000000000000e+00
1.000000000000000e+00
1.000000000000000e+00
1.000000000000000e+00
1.000000000000000e+00
1.000000000000000e+00
###1.320000000000001e+01
1.159166323915200e-10
1.154220787966120e-10
1.263128495847009e-10
3.036151724500048e-11
1.628320174105632e-10
1.711686244680132e-10
9.114399752930010e-11
1.157636581663462e-10
1.845097117716058e-10
1.868296448634212e-10
2.237281750337808e-10
2.796357557859069e-10
3.149498505435021e-10
3.788816516822576e-10
4.824634098156368e-10
5.720732687506155e-10
7.577944493906633e-10
9.595074048517424e-10
1.239730565016642e-09
1.626940795877175e-09
2.139527000526544e-09
2.858286973097920e-09
3.867449307699918e-09
5.269929753746826e-09
7.211821521825896e-09
9.958753557025986e-09
1.381163206753348e-08
1.924782526494921e-08
2.693602595133651e-08
3.782763668431238e-08
5.317301523764934e-08
7.511014490049554e-08
1.062700083902838e-07
1.504509961982362e-07
2.135657716117919e-07
3.032588260963965e-07
4.310737808817811e-07
6.130108576717951e-07
8.722851457980779e-07
1.237509362112792e-06
1.763036000330014e-06
2.505434675655144e-06
3.558226274276113e-06
5.049259421902699e-06
7.161846223261236e-06
1.014273890085616e-05
1.433716403965836e-05
2.024958561670446e-05
2.852182844773164e-05
4.019884676259083e-05
5.648839845744312e-05
7.930242809049641e-05
1.109058276260351e-04
1.550723815431123e-04
2.157824282571060e-04
2.997759820305435e-04
4.154598982366209e-04
5.748555463173109e-04
7.930537238481566e-04
1.090584836061298e-03
1.496151290955052e-03
2.044949090064414e-03
2.787704686102059e-03
3.793067398768454e-03
5.121829051373212e-03
6.905835596909594e-03
9.263181972901271e-03
1.237953644020158e-02
1.645353127578682e-02
2.184088708762072e-02
2.880538013189100e-02
3.778149415508406e-02
4.924630174496015e-02
6.382739682122901e-02
8.217363808464000e-02
1.049651361088996e-01
1.330685470004462e-01
1.674295182480938e-01
2.086452496291482e-01
2.573902484466269e-01
3.141190644956472e-01
3.787217245911085e-01
4.503980407157523e-01
5.280273921981740e-01
6.090093828681142e-01
6.906487506575675e-01
7.690937726693379e-01
8.408626727602323e-01
9.087228522086739e-01
9.999999472319817e-01
1.000000000000000e+00
1.000000000000000e+00
1.000000000000000e+00
1.000000000000000e+00
1.000000000000000e+00
1.000000000000000e+00
1.000000000000000e+00
1.000000000000000e+00
1.000000000000000e+00
1.000000000000000e+00
###1.360000000000001e+01
1.201495947480693e-10
1.146221656923009e-10
1.326723029072299e-10
3.446998634165352e-11
1.617943793269049e-10
1.673740096269412e-10
9.201006631947883e-11
1.268270792542715e-10
1.954429799019620e-10
1.976100525426414e-10
2.410124704122947e-10
2.978106224389798e-10
3.380217293009418e-10
4.091549907989944e-10
5.196935215849632e-10
6.256445334130472e-10
8.266496126236847e-10
1.054630039629870e-09
1.369100359464153e-09
1.803482472927527e-09
2.386241325886843e-09
3.200374265502619e-09
4.344190141268743e-09
5.942199393126243e-09
8.160327293893882e-09
1.129768025294045e-08
1.571243576960796e-08
2.194348106553216e-08
3.077610451087495e-08
4.329560506239818e-08
6.094172113773959e-08
8.620281238387799e-08
1.220448377169107e-07
1.729075557285742e-07
2.454973317117453e-07
3.486723531564957e-07
4.955515202407533e-07
7.045688556900471e-07
1.002125209707026e-06
1.420527968444925e-06
2.021841373209302e-06
2.870549070718048e-06
4.071807447420017e-06
5.771335245745171e-06
8.173312742163368e-06
1.155673818539071e-05
1.631153575528565e-05
2.299852342701524e-05
3.233798278942939e-05
4.549208787900550e-05
6.380527929190317e-05
8.940173147850299e-05
1.247834337992643e-04
1.741270085874164e-04
2.417905224999961e-04
3.351960596390771e-04
4.635309926535209e-04
6.399124944827194e-04
8.808516996949388e-04
1.208567836619234e-03
1.654163123611712e-03
2.255557657763840e-03
3.067140430602824e-03
4.162985381330002e-03
5.607279467863362e-03
7.540153273906519e-03
1.008799630882454e-02
1.344530542484965e-02
1.781995742286408e-02
2.358679588301367e-02
3.101613996936188e-02
4.055708696512084e-02
5.269732353559680e-02
6.807627455514766e-02
8.734605834112262e-02
1.111796284479047e-01
1.404326582551644e-01
1.760236582107109e-01
2.184827893676435e-01
2.684149522508208e-01
3.261825264166344e-01
3.915402706196675e-01
4.635569317977854e-01
5.409991557476086e-01
6.211869792617060e-01
7.014466570913744e-01
7.780121903431342e-01
8.475964131372101e-01
9.129274865178587e-01
9.999999472319817e-01
1.000000000000000e+00
1.000000000000000e+00
1.000000000000000e+00
1.000000000000000e+00
1.000000000000000e+00
1.000000000000000e+00
1.000000000000000e+00
1.000000000000000e+00
1.000000000000000e+00
1.000000000000000e+00
###1.400000000000001e+01
1.262089486118877e-10
1.133705409001210e-10
1.337733953012715e-10
4.411031541595452e-11
1.641301583927078e-10
1.669677356586101e-10
1.023413927655835e-10
1.353849108096535e-10
2.034203428073550e-10
2.086018847037105e-10
2.569966087376801e-10
3.165640637870002e-10
3.649043190459509e-10
4.502547801172159e-10
5.592668676222503e-10
6.865368464864141e-10
9.037655145156856e-10
1.161014820151927e-09
1.513649291232334e-09
2.003943960458863e-09
2.664166844965491e-09
3.588905886555381e-09
4.887851548105944e-09
6.708887330638601e-09
9.244550216902834e-09
1.283035172164000e-08
1.787919564414502e-08
2.503424919284888e-08
3.517020617579302e-08
4.954770301108387e-08
6.984816239807185e-08
9.886314925891157e-08
1.400783835080135e-07
1.985313585153356e-07
2.819122448203632e-07
4.003522320139868e-07
5.688089104603260e-07
8.083603506707395e-07
1.148890853548953e-06
1.627207822448216e-06
2.313898928405841e-06
3.281509418274409e-06
4.649209792967914e-06
6.581038883424160e-06
9.305610671077855e-06
1.313794256515741e-05
1.851444401045169e-05
2.606043657831193e-05
3.657967568199710e-05
5.136456153507407e-05
7.190180374392312e-05
1.005560842987065e-04
1.400844021855777e-04
1.950843022964325e-04
2.703391637202537e-04
3.739886562301619e-04
5.160430085470242e-04
7.108676013229360e-04
9.763516014505092e-04
1.336573284782322e-03
1.825112195350442e-03
2.482939276476524e-03
3.368248995165195e-03
4.560662579110821e-03
6.127573248106534e-03
8.218445781643310e-03
1.096730193172305e-02
1.457793379317221e-02
1.926812409183638e-02
2.543165550324675e-02
3.334458479469651e-02
4.347253877765386e-02
5.630932337910583e-02
7.250878661255639e-02
9.272232693403770e-02
1.176160600668502e-01
1.480288190817314e-01
1.848523193162983e-01
2.285493234147021e-01
2.796516536195152e-01
3.384237743030105e-01
4.044868179587877e-01
4.767968353117341e-01
5.540041835288758e-01
6.333654347391117e-01
7.122256078580114e-01
7.869066163207261e-01
8.542893038609654e-01
9.171179358168616e-01
9.999999472319817e-01
1.000000000000000e+00
1.000000000000000e+00
1.000000000000000e+00
1.000000000000000e+00
1.000000000000000e+00
1.000000000000000e+00
1.000000000000000e+00
1.000000000000000e+00
1.000000000000000e+00
1.000000000000000e+00
###1.440000000000001e+01
1.310196633708465e-10
1.151668892587298e-10
1.334557007413528e-10
4.697590442502034e-11
1.659461213367110e-10
1.703208168661565e-10
1.084896815841248e-10
1.421724338717005e-10
2.119753573960246e-10
2.239718025068134e-10
2.822957992663156e-10
3.370984780562815e-10
3.901264578767634e-10
4.862385458738476e-10
6.075254655808279e-10
7.521589675970720e-10
9.902631194496570e-10
1.279905472705044e-09
1.677637875478447e-09
2.230345826468441e-09
2.979018797243392e-09
4.031131098352635e-09
5.506966298623138e-09
7.582067709153096e-09
1.048817254399201e-08
1.457526069773052e-08
2.036074052241876e-08
2.856135357454142e-08
4.018736985486195e-08
5.670590993239357e-08
8.000991325295731e-08
1.133098097870229e-07
1.605926996948525e-07
2.276862815838263e-07
3.232833813439148e-07
4.590159858617013e-07
6.519120789374800e-07
9.258245058404161e-07
1.314915564506935e-06
1.860379865865029e-06
2.642980975761016e-06
3.743480005639065e-06
5.297396240337346e-06
7.487559634918932e-06
1.057125302044811e-05
1.490194795682744e-05
2.096685813903698e-05
2.946238514926739e-05
4.129036355513293e-05
5.786661949809757e-05
8.085049482687299e-05
1.128573463380912e-04
1.569152057736702e-04
2.180965533933993e-04
3.016254028419920e-04
4.163953874673151e-04
5.733233992512049e-04
7.881067941505660e-04
1.080051327550876e-03
1.475287811037066e-03
2.009980406900698e-03
2.728205168788069e-03
3.692221528317594e-03
4.987215662185014e-03
6.684412122877862e-03
8.942498744910786e-03
1.190361278243733e-02
1.578108211123440e-02
2.080190774583725e-02
2.737928742383246e-02
3.579547746967857e-02
4.652926318851117e-02
6.008649237348262e-02
7.712831390142252e-02
9.830756915245774e-02
1.242737745719889e-01
1.558607260991289e-01
1.939171503574622e-01
2.388449992264346e-01
2.910935355724266e-01
3.508321508333631e-01
4.175588043352599e-01
4.901097149778963e-01
5.670366026533450e-01
6.455236661082835e-01
7.229608038144587e-01
7.957464180488149e-01
8.609354845157011e-01
9.212708496987098e-01
9.999999472319817e-01
1.000000000000000e+00
1.000000000000000e+00
1.000000000000000e+00
1.000000000000000e+00
1.000000000000000e+00
1.000000000000000e+00
1.000000000000000e+00
1.000000000000000e+00
1.000000000000000e+00
1.000000000000000e+00
###1.480000000000001e+01
1.363444316799171e-10
1.285153897993828e-10
1.357470249985231e-10
4.976095983816722e-11
1.650509878614766e-10
1.729295216897293e-10
1.155098210152236e-10
1.564342712749142e-10
2.316441673563878e-10
2.349142757237866e-10
2.944746293549970e-10
3.591659049109475e-10
4.191437612482289e-10
5.264228844296029e-10
6.607147217556694e-10
8.218771264926821e-10
1.087128302394801e-09
1.412997839799957e-09
1.862244818292062e-09
2.486214333135167e-09
3.335287511153781e-09
4.532805203224277e-09
6.212013366431943e-09
8.576778305317868e-09
1.189743883398134e-08
1.657300019891120e-08
2.319648846174685e-08
3.258692357993650e-08
4.591688120487703e-08
6.483808655940790e-08
9.157692704339208e-08
1.297611755348974e-07
1.839277586002273e-07
2.607966372043575e-07
3.702023237683279e-07
5.254377789718816e-07
7.458762622999226e-07
1.058386110543679e-06
1.502158950713412e-06
2.122941656095481e-06
3.012816241611519e-06
4.262090254700321e-06
6.023009633375648e-06
8.501410935110640e-06
1.198393603927228e-05
1.686701094749021e-05
2.369284495379583e-05
3.323687606304347e-05
4.650249452023110e-05
6.505283477156409e-05
9.072314010858636e-05
1.263961389473125e-04
1.754087924616466e-04
2.433208720084369e-04
3.358452482455760e-04
4.626831541549339e-04
6.357430657446774e-04
8.720797396262100e-04
1.192572124993958e-03
1.625377807373805e-03
2.209579426425527e-03
2.992351362501164e-03
4.040425739723186e-03
5.444693967354032e-03
7.280086430502039e-03
9.714972131634589e-03
1.289942835619200e-02
1.705685742496389e-02
2.242414548461185e-02
2.943416989150237e-02
3.837414994859275e-02
4.973497706165762e-02
6.403377086021783e-02
8.194082314767041e-02
1.041011447983748e-01
1.311593920371544e-01
1.639271077981466e-01
2.032166349097903e-01
2.493650592710460e-01
3.027337547777502e-01
3.634005141437495e-01
4.307411169688705e-01
5.034818959512223e-01
5.800718776714090e-01
6.576572196916407e-01
7.336338315740073e-01
8.045070655317298e-01
8.675054675511342e-01
9.253500663322918e-01
9.999999472319817e-01
1.000000000000000e+00
1.000000000000000e+00
1.000000000000000e+00
1.000000000000000e+00
1.000000000000000e+00
1.000000000000000e+00
1.000000000000000e+00
1.000000000000000e+00
1.000000000000000e+00
1.000000000000000e+00
###1.520000000000001e+01
1.420649614530834e-10
1.297890427727284e-10
1.371684711731699e-10
5.414740244917040e-11
1.715522908018313e-10
1.777381578971185e-10
1.205646397752100e-10
1.673061762363917e-10
2.433810156239060e-10
2.508100192781800e-10
3.145374435078706e-10
3.843392811876222e-10
4.579943242427782e-10
5.705808084853454e-10
7.201566362110625e-10
9.033911507108892e-10
1.195576176294785e-09
1.562982593506010e-09
2.070783435688769e-09
2.776462491201789e-09
3.740774830709486e-09
5.101469187017649e-09
7.014827926466042e-09
9.709208972693555e-09
1.350513185478212e-08
1.884929831074446e-08
2.642570027021566e-08
3.716619907571816e-08
5.243943482299022e-08
7.410823220669934e-08
1.047159476365159e-07
1.484683936548829e-07
2.103996295894258e-07
2.982951532215102e-07
4.233493988465722e-07
6.005192095250190e-07
8.519027945609338e-07
1.207787953911045e-06
1.712571889740134e-06
2.418051982368743e-06
3.427360827121200e-06
4.842514622755977e-06
6.834770031951255e-06
9.632616618925459e-06
1.355755990689847e-05
1.905012973683061e-05
2.671908597222391e-05
3.741585053927564e-05
5.226727479935728e-05
7.297851511168640e-05
1.015939781128497e-04
1.412535063282620e-04
1.956855048678722e-04
2.709346080111597e-04
3.732292499381304e-04
5.131183776643965e-04
7.036201537350054e-04
9.631907435068189e-04
1.314420981761650e-03
1.787578749252315e-03
2.424805820958455e-03
3.276363776524878e-03
4.413836607914529e-03
5.934441885107777e-03
7.916106793721369e-03
1.053761845995166e-02
1.395697902792806e-02
1.840958249374682e-02
2.413874434668552e-02
3.159947224908726e-02
4.108407340974732e-02
5.309398967510129e-02
6.815523481700149e-02
8.694850991681009e-02
1.101105598623497e-01
1.382747651666981e-01
1.722335078680660e-01
2.127491625480743e-01
2.601067316616472e-01
3.145771933924507e-01
3.761265481777012e-01
4.440406273166710e-01
5.169131638064908e-01
5.931151751106655e-01
6.697381321090461e-01
7.442312181691149e-01
8.131801401220703e-01
8.739912074478405e-01
9.293675847403595e-01
9.999999472319817e-01
1.000000000000000e+00
1.000000000000000e+00
1.000000000000000e+00
1.000000000000000e+00
1.000000000000000e+00
1.000000000000000e+00
1.000000000000000e+00
1.000000000000000e+00
1.000000000000000e+00
1.000000000000000e+00
###1.560000000000001e+01
1.508532655429471e-10
1.350427808024931e-10
1.361562815034752e-10
5.859677005239469e-11
1.749402009914449e-10
1.802359810265357e-10
1.338026403961873e-10
1.734573121185353e-10
2.546317807610680e-10
2.674289649612376e-10
3.351079242635780e-10
4.151937385371022e-10
4.950320782850265e-10
6.196333691091081e-10
7.861845167484160e-10
9.936760623417608e-10
1.316396483049220e-09
1.732700234661085e-09
2.305571189147731e-09
3.102610967309207e-09
4.199975749288819e-09
5.749134230895711e-09
7.925050090565923e-09
1.099903426182604e-08
1.533426807500840e-08
2.144042634229772e-08
3.010664858423275e-08
4.239296475590361e-08
5.985164281444801e-08
8.464383547212605e-08
1.196650095814914e-07
1.696448844236862e-07
2.404158945817438e-07
3.407431735391305e-07
4.833704036308970e-07
6.852811377216154e-07
9.714085465663601e-07
1.376100044742083e-06
1.948702991063238e-06
2.749693457839196e-06
3.891268966459393e-06
5.491554256713540e-06
7.740067373218457e-06
1.089209577074051e-05
1.530727791398862e-05
2.147446939722637e-05
3.006925099403147e-05
4.203628005751566e-05
5.863040525449104e-05
8.170749774450468e-05
1.135358233039143e-04
1.575512918916180e-04
2.178924933484521e-04
3.011065991069382e-04
4.140221876639625e-04
5.680558938009713e-04
7.773660113165457e-04
1.062006726198172e-03
1.446216735867243e-03
1.962722792884913e-03
2.656607545161285e-03
3.581690511050384e-03
4.814653050195773e-03
6.458306303079731e-03
8.594767071485435e-03
1.141331896263096e-02
1.508066647851764e-02
1.984199084529801e-02
2.594988425873045e-02
3.387960369343121e-02
4.392742726874584e-02
5.660943936824527e-02
7.245646238967213e-02
9.215666463161802e-02
1.163391650126523e-01
1.456247816208396e-01
1.807799996031565e-01
2.225220224632232e-01
2.710686679346966e-01
3.266145735079962e-01
3.890161133770306e-01
4.574403217458219e-01
5.303895326393843e-01
6.061397119200255e-01
6.817599756459841e-01
7.547363722432385e-01
8.217435963789793e-01
8.803865165470232e-01
9.332964308267427e-01
9.999999472319817e-01
1.000000000000000e+00
1.000000000000000e+00
1.000000000000000e+00
1.000000000000000e+00
1.000000000000000e+00
1.000000000000000e+00
1.000000000000000e+00
1.000000000000000e+00
1.000000000000000e+00
1.000000000000000e+00
