# NLO BK equation solver 0.0-dev build  (build Oct 13 2025 12:18:44)
# Initial condition: MV model, Q_s0^2 = 0.0907111 GeV^2, \gamma = 2.30242, coefficient of E inside Log is 1, x0=0.01, \Lambda_QCD = 0.241 GeV
# # LO Kernel RC:  Parent dipole. NLO Kernel RC:  Parent dipole
# Nc=3, Nf=4
# Using RungeKutta method in K1
# Resumming double log
# Resumming single log, K_sub=0.65 resum rc: parent
# BK K1 integration relative accuracy: 0.02# NLO BK as^2 terms: MC integration method: Vegas, points=1000000
# Kinematical constraint: none
# Target kinematical constraint: disabled

###1.000000000000000e-05
###1.160836920850890e+00
###100
###1.000000000000000e+00
###0.000000000000000e+00
1.217920754884346e-25
2.392456892985068e-25
4.699050707434848e-25
9.228171561232376e-25
1.812004427523568e-24
3.557454961297749e-24
6.983201399551691e-24
1.370575951872483e-23
2.689573090195653e-23
5.277078501011755e-23
1.035218223167991e-22
2.030469782080409e-22
3.981855226697863e-22
7.807224718105254e-22
1.530481403054019e-21
2.999697029528769e-21
5.878173407933620e-21
1.151650412539687e-20
2.255847415832957e-20
4.417809175185540e-20
8.649871356229188e-20
1.693226173215818e-19
3.313751704210719e-19
6.483679297301075e-19
1.268283718400107e-18
2.480283079435445e-18
4.849226563673832e-18
9.478211021174893e-18
1.852077033351749e-17
3.617982029655975e-17
7.065520495426308e-17
1.379392331404944e-16
2.692108839653251e-16
5.252349396625967e-16
1.024390547818404e-15
1.997206528728741e-15
3.892423319763517e-15
7.583169054617925e-15
1.476755445163948e-14
2.874662349933302e-14
5.593432545168030e-14
1.087866944142261e-13
2.114808639478688e-13
4.109187714348368e-13
7.980346480588688e-13
1.549027652129040e-12
3.005097537395140e-12
5.826527334499666e-12
1.129021347334353e-11
2.186374230177117e-11
4.231215586066630e-11
8.182988591265137e-11
1.581438215394149e-10
3.054027301361782e-10
5.893326760791342e-10
1.136321565778972e-09
2.189178028449827e-09
4.213916431223161e-09
8.104043445183030e-09
1.557094347014303e-08
2.988906661782800e-08
5.731680005692825e-08
1.098026914387425e-07
2.101342033586006e-07
4.017233192782615e-07
7.671865911510658e-07
1.463591698666487e-06
2.789268274661855e-06
5.310368931984577e-06
1.010045499016954e-05
1.919419445517434e-05
3.644581234818478e-05
6.915463182466386e-05
1.311438369657747e-04
2.485957468536526e-04
4.711200807158145e-04
8.927627327141030e-04
1.691892844514764e-03
3.206864652613772e-03
6.079057433091561e-03
1.152101606333866e-02
2.180971337893245e-02
4.115760002664581e-02
7.711516440985022e-02
1.423363271866622e-01
2.550315693319446e-01
4.321079157979325e-01
6.637893041802994e-01
8.781392468176376e-01
9.829962897304294e-01
9.996310852001173e-01
9.999997890581453e-01
9.999999999999022e-01
1.000000000000000e+00
1.000000000000000e+00
1.000000000000000e+00
1.000000000000000e+00
1.000000000000000e+00
1.000000000000000e+00
1.000000000000000e+00
###4.000000000000000e-01
2.792742969631862e-11
3.510174276633724e-11
9.081968342020368e-13
-1.606191964872105e-12
3.268373411901090e-11
2.717791370170592e-13
-6.204799858573884e-12
-3.790752854390369e-12
3.368014015428796e-13
4.543337814268011e-12
2.399807190414780e-12
4.805668483205745e-12
-1.523508728741699e-11
-2.774619014463330e-12
8.720677959330752e-13
1.836794120945610e-12
1.153535806808694e-12
-2.239970299374216e-12
2.755238896510340e-12
4.970037534685817e-12
1.034759393369824e-11
8.960119039064061e-12
1.678339180418161e-11
2.020930018116611e-11
2.273958240547345e-11
3.039807821630410e-11
4.441797470633731e-11
6.090463048361670e-11
8.375419448849239e-11
1.140823772430504e-10
1.505182337498441e-10
1.995183569156479e-10
2.661940485265329e-10
3.565670206469030e-10
4.766108699294566e-10
6.231582920546337e-10
8.262375566921469e-10
1.095922814402732e-09
1.429226972841529e-09
1.880305633301415e-09
2.460513586671186e-09
3.203525131830733e-09
4.191641265871488e-09
5.473659716410381e-09
7.062305705190490e-09
9.229320208128708e-09
1.196662563457796e-08
1.568896572744148e-08
2.033451329812381e-08
2.690097515039463e-08
3.563142904849811e-08
4.769710102851476e-08
6.472989585651820e-08
8.885589875503581e-08
1.235962900890898e-07
1.750570831523719e-07
2.526985808920843e-07
3.705040755183564e-07
5.501036607443244e-07
8.293332348458379e-07
1.265208854582049e-06
1.934708559174324e-06
3.008192436732223e-06
4.658870687276252e-06
7.278334906902442e-06
1.136878202721062e-05
1.784629042745762e-05
2.808032425031035e-05
4.428042880337892e-05
7.019136773316280e-05
1.113436348651676e-04
1.772333801497649e-04
2.840369275065278e-04
4.591261728808757e-04
7.471846367397229e-04
1.224921576934345e-03
2.030121708057499e-03
3.398527993923453e-03
5.750941163837058e-03
9.852368242190962e-03
1.702932969257228e-02
2.968332337554908e-02
5.203591804785924e-02
9.126115947927423e-02
1.588205081329931e-01
2.704778287728005e-01
4.389772009790069e-01
6.534231849346630e-01
8.520695815276899e-01
9.592160216229867e-01
9.890485505947558e-01
9.999997890581453e-01
9.999999999999022e-01
1.000000000000000e+00
1.000000000000000e+00
1.000000000000000e+00
1.000000000000000e+00
1.000000000000000e+00
1.000000000000000e+00
1.000000000000000e+00
###8.000000000000000e-01
7.020708056647283e-11
4.319214798228814e-11
5.789812441992834e-13
4.394448055993865e-11
3.039079374336485e-11
3.976040384337693e-12
-5.095072448574928e-12
-1.410363462618716e-12
-1.411786608192095e-12
4.519254481344926e-12
-1.580306970404870e-12
3.125664330057387e-12
-1.749552871238395e-11
-2.105624838173686e-12
3.645743620281442e-12
1.872184564730823e-12
7.845689506673437e-12
2.507322827035010e-12
4.550180549431449e-12
9.173562908102692e-12
1.942939785362506e-11
1.905334102381872e-11
2.756707676179034e-11
4.167357998509599e-11
2.446821696638315e-11
7.193439647863752e-11
8.854706959241374e-11
1.316168482852473e-10
1.750463773615640e-10
2.325380698248356e-10
3.160728840819774e-10
4.373353477652481e-10
5.541606952641446e-10
7.372902819891463e-10
9.773362978516373e-10
1.269444150485181e-09
1.696477467921263e-09
2.244294035941538e-09
2.929544768336757e-09
3.851766946861035e-09
5.040500468087192e-09
6.539986941987214e-09
8.606346833312887e-09
1.131138685789589e-08
1.463736298069495e-08
1.925723795648137e-08
2.496822166580957e-08
3.312613154223416e-08
4.358501940656063e-08
5.816013140595255e-08
7.807702873812254e-08
1.059310315154842e-07
1.463678061531420e-07
2.035152509936445e-07
2.876816129344479e-07
4.129269311286825e-07
6.005559416102588e-07
8.870828792417095e-07
1.321491806701882e-06
1.988019186681047e-06
3.020217301197780e-06
4.575533407177377e-06
7.055347796288703e-06
1.081301031344721e-05
1.665735441874463e-05
2.560046094108113e-05
3.957017126562462e-05
6.100756271018998e-05
9.429389279104887e-05
1.460379046059252e-04
2.256373520171183e-04
3.497692944263928e-04
5.421525320469550e-04
8.456806943599069e-04
1.325082502282092e-03
2.083528804552226e-03
3.304495914140992e-03
5.276289526837947e-03
8.499987226459355e-03
1.383903570770356e-02
2.273055589234199e-02
3.765561312079439e-02
6.280348331253287e-02
1.049569375210748e-01
1.744409719982275e-01
2.848230435176458e-01
4.455069272411066e-01
6.450177697105348e-01
8.302506049079512e-01
9.385409758087513e-01
9.788093462470463e-01
9.999997890581453e-01
9.999999999999022e-01
1.000000000000000e+00
1.000000000000000e+00
1.000000000000000e+00
1.000000000000000e+00
1.000000000000000e+00
1.000000000000000e+00
1.000000000000000e+00
###1.200000000000000e+00
6.954500669403763e-11
4.031743151625538e-11
1.376763402831357e-11
4.453531552202888e-11
2.431963204874023e-11
6.954694363844658e-12
-1.912415411821030e-11
-2.448501573975774e-13
-5.620923083403333e-12
5.045896755112035e-12
-1.515363105181647e-12
6.436821555906289e-12
-7.852208461334831e-12
-1.251158483864529e-12
5.910122535550188e-12
5.625083870370835e-12
1.151638709934857e-11
9.636296105024758e-12
1.340827678795136e-11
1.699013510047898e-11
2.929644160246916e-11
3.568194824993784e-11
4.041012028670146e-11
6.679008452895754e-11
5.612230575409062e-11
1.099733285236723e-10
1.450482053261318e-10
2.038423189477184e-10
2.716448765612248e-10
3.587922814647219e-10
4.887449790674766e-10
6.629151403061106e-10
8.590845984506552e-10
1.138210432660585e-09
1.504235211020771e-09
1.973075406121943e-09
2.611295801407414e-09
3.448915182463467e-09
4.521195685085884e-09
5.922569768535898e-09
7.756945522504188e-09
1.012842763374124e-08
1.327564684111781e-08
1.759422780836762e-08
2.285902885605450e-08
3.029250518316410e-08
3.957622663998154e-08
5.306830922747782e-08
7.057225418057220e-08
9.535744234161867e-08
1.296961401925544e-07
1.783774257263714e-07
2.497589156884408e-07
3.523047081918854e-07
5.040014830906553e-07
7.295288396736189e-07
1.070335730656656e-06
1.587904423405427e-06
2.364248958060420e-06
3.556560965403862e-06
5.386038511865731e-06
8.143858906918434e-06
1.243430581840335e-05
1.892361811888193e-05
2.886346556990926e-05
4.392802991954895e-05
6.722565252788419e-05
1.023786112441229e-04
1.562179958657334e-04
2.385764877348644e-04
3.637227992877570e-04
5.549576382648017e-04
8.451614190962216e-04
1.293130387122030e-03
1.984211554533091e-03
3.047745090782404e-03
4.713681052554279e-03
7.320758401947843e-03
1.144113779774073e-02
1.803115208041558e-02
2.861196038853887e-02
4.571910342595943e-02
7.344157951181064e-02
1.182438088777899e-01
1.893198766416860e-01
2.982772331661290e-01
4.518659957811332e-01
6.383807056945011e-01
8.120533088796020e-01
9.205939997710492e-01
9.691531111376023e-01
9.999997890581453e-01
9.999999999999022e-01
1.000000000000000e+00
1.000000000000000e+00
1.000000000000000e+00
1.000000000000000e+00
1.000000000000000e+00
1.000000000000000e+00
1.000000000000000e+00
###1.600000000000000e+00
7.327456111154373e-11
4.217195308197995e-11
1.619651058242733e-11
4.143423824177808e-11
2.354817477391702e-11
3.212390286942302e-11
-1.954619570050231e-11
3.136117860851294e-12
-5.813305315764296e-12
1.865860712185594e-13
-6.032300959559123e-13
6.138804487925751e-12
-1.042409343629475e-11
-3.897240387672674e-12
1.085419972616816e-11
7.112272604319949e-12
8.552011981777184e-12
1.469730274494842e-11
2.176840837126664e-11
2.099945203747214e-11
4.011270307275426e-11
4.594015103434539e-11
6.381753461227148e-11
9.358981031691655e-11
9.250019360601342e-11
1.539660764512235e-10
2.057859949279099e-10
2.827131096907806e-10
3.778293099337738e-10
4.948569848440724e-10
6.729064914968260e-10
9.060483870435542e-10
1.183299340782819e-09
1.566208228351014e-09
2.062677554820845e-09
2.718231724132113e-09
3.582295918328182e-09
4.720831831657925e-09
6.225070841255966e-09
8.136133832349865e-09
1.067983632006649e-08
1.400841106073371e-08
1.842776674102424e-08
2.444142381639141e-08
3.204831851151386e-08
4.269934639957056e-08
5.634306276784915e-08
7.644370136253915e-08
1.027102812743673e-07
1.404037482160522e-07
1.936821678712941e-07
2.695208107204559e-07
3.816930246398362e-07
5.446016628286577e-07
7.857471048647816e-07
1.146172424885201e-06
1.689779440887977e-06
2.511363524338963e-06
3.742205913714125e-06
5.610885017829663e-06
8.468885942948963e-06
1.275721782436889e-05
1.915237724630426e-05
2.921030472601532e-05
4.453744941445327e-05
6.693050194070031e-05
1.014332362391846e-04
1.531855644320682e-04
2.311827263060111e-04
3.492666756979852e-04
5.270701540108085e-04
7.947452269827990e-04
1.195571644692779e-03
1.803324501004631e-03
2.726757201603632e-03
4.119288405350214e-03
6.259785448524919e-03
9.528913071303220e-03
1.457099930581634e-02
2.241739687419248e-02
3.466708248934165e-02
5.386701721305619e-02
8.400216062309301e-02
1.311741363696764e-01
2.035446590338242e-01
3.110072797483773e-01
4.581422748673433e-01
6.333267616279556e-01
7.969231341290789e-01
9.051089916053502e-01
9.602265680338185e-01
9.999997890581453e-01
9.999999999999022e-01
1.000000000000000e+00
1.000000000000000e+00
1.000000000000000e+00
1.000000000000000e+00
1.000000000000000e+00
1.000000000000000e+00
1.000000000000000e+00
###2.000000000000000e+00
7.491627267451643e-11
2.224216884274920e-11
1.570437858175451e-11
4.401909597828757e-11
2.635313130940501e-11
8.022148352852779e-13
-1.188416333161939e-11
-1.433189750626216e-11
-6.245566172411805e-12
2.258059668863831e-12
-3.837811782474807e-12
6.597773652682174e-12
-6.978374061415389e-12
-5.049564583425094e-14
1.212477212443152e-11
1.125881358435939e-11
1.469895152809581e-11
1.890573861248545e-11
2.680073613154161e-11
3.284249474539980e-11
5.024887795068513e-11
6.875411777171344e-11
8.673050149141993e-11
1.209136810849267e-10
1.284521342952999e-10
2.010444405293758e-10
2.678138299167033e-10
3.655704704967061e-10
4.906461161465575e-10
6.440873570687048e-10
8.698357267990015e-10
1.161357145869589e-09
1.530677305297260e-09
2.023190042335863e-09
2.649786072236319e-09
3.513142662605531e-09
4.616426138004497e-09
6.088527654998189e-09
8.050750354195468e-09
1.052809751351693e-08
1.385898378091643e-08
1.827477283840830e-08
2.415517166862092e-08
3.214256589599421e-08
4.262652134156402e-08
5.720425986738956e-08
7.631968877221727e-08
1.040939862820046e-07
1.415243474780769e-07
1.959122770636181e-07
2.734811203269303e-07
3.842398021755582e-07
5.497016751121892e-07
7.904427965232930e-07
1.146439426118860e-06
1.684593977902365e-06
2.488642225017638e-06
3.702293861277503e-06
5.500167027188254e-06
8.238067726284072e-06
1.238729351213866e-05
1.857823585872330e-05
2.782414283962725e-05
4.207782498801754e-05
6.353713836927723e-05
9.503259208451059e-05
1.428661225547148e-04
2.141435420418894e-04
3.202530659392115e-04
4.796104860171195e-04
7.172759738152656e-04
1.070949323062428e-03
1.594780411076911e-03
2.378779603246069e-03
3.554038285657129e-03
5.299553910811040e-03
7.941746843901322e-03
1.189857946749856e-02
1.788394410618772e-02
2.699311240288419e-02
4.090159337063462e-02
6.209525820848846e-02
9.448192873215623e-02
1.437918173266295e-01
2.172233956800846e-01
3.231521324905128e-01
4.644299619056597e-01
6.296796233813718e-01
7.844941863308476e-01
8.918320509892147e-01
9.521269386774088e-01
9.999997890581453e-01
9.999999999999022e-01
1.000000000000000e+00
1.000000000000000e+00
1.000000000000000e+00
1.000000000000000e+00
1.000000000000000e+00
1.000000000000000e+00
1.000000000000000e+00
###2.400000000000000e+00
9.009963414154048e-11
-4.023213474814548e-11
1.848517969573209e-12
-1.094166190999410e-11
3.474281010180800e-11
1.738135769505034e-12
-1.418923631652080e-11
-1.413072351427282e-11
-3.774658529440693e-12
1.564524574168234e-12
-2.540989478174844e-14
-7.502817222998593e-12
-7.034353480996327e-12
1.220308857794236e-12
1.254188377368884e-11
1.754338788969891e-11
1.924203779308231e-11
2.952004844615747e-11
3.774872646737003e-11
4.428569568246863e-11
6.322069652194736e-11
8.637356268778386e-11
1.096470040899510e-10
1.507035415964639e-10
1.710362550023451e-10
2.505434453305986e-10
3.340855363734004e-10
4.519501205649589e-10
6.066991231850578e-10
8.021220485859855e-10
1.080571466295368e-09
1.437551683473759e-09
1.900086921657784e-09
2.508278863285885e-09
3.283688104310789e-09
4.366468208114232e-09
5.731623994129934e-09
7.566376606243747e-09
1.003758426079958e-08
1.315801662488831e-08
1.737794198368536e-08
2.303833161532169e-08
3.061273067303589e-08
4.096398744093853e-08
5.481090284248515e-08
7.417492107809106e-08
1.002149586208227e-07
1.377285016849090e-07
1.890820491426908e-07
2.643823377649066e-07
3.733139250834167e-07
5.290582543132410e-07
7.619630522278178e-07
1.103982881152319e-06
1.608787099877611e-06
2.367755903159842e-06
3.501632509284972e-06
5.208341589601999e-06
7.781839662974186e-06
1.152766694746281e-05
1.726765054601150e-05
2.576711844835144e-05
3.846406428331712e-05
5.775729707882744e-05
8.655167523922718e-05
1.287946536631341e-04
1.921929866030238e-04
2.860035930939132e-04
4.245459989024141e-04
6.309533962868669e-04
9.361865976933468e-04
1.385682133315221e-03
2.045432356428177e-03
3.021515297947010e-03
4.468885659660066e-03
6.589813867761390e-03
9.759095552768904e-03
1.442927446623447e-02
2.137698517596100e-02
3.174793283826523e-02
4.729083517742089e-02
7.040795252655740e-02
1.049222176096759e-01
1.561391316621062e-01
2.304360356998028e-01
3.348380277398540e-01
4.708042005696070e-01
6.273285332127436e-01
7.744305059865167e-01
8.805523556940494e-01
9.448721988149608e-01
9.999997890581453e-01
9.999999999999022e-01
1.000000000000000e+00
1.000000000000000e+00
1.000000000000000e+00
1.000000000000000e+00
1.000000000000000e+00
1.000000000000000e+00
1.000000000000000e+00
###2.800000000000000e+00
8.661995797312465e-11
-4.177924274084540e-11
3.442140121702674e-12
-6.673389212568207e-12
3.257381616619480e-11
-4.562312687566704e-12
-1.351801819298119e-11
-1.081019147163864e-11
-2.181980783908005e-12
3.966522650371381e-12
2.654444533842170e-12
-4.395212975835561e-12
-1.139184127867269e-11
7.458954502768661e-12
1.742406515019713e-11
2.254114135719014e-11
1.910918592657776e-11
3.506396459318541e-11
3.986736454203940e-11
5.327983702430567e-11
7.593186441373815e-11
1.028567906396827e-10
1.343092721904905e-10
1.792215078168323e-10
2.137177575330371e-10
3.056613619282006e-10
4.081036800822113e-10
5.484782767391945e-10
7.347256062086491e-10
9.708377727587256e-10
1.302902864196782e-09
1.744907392257979e-09
2.290195409692880e-09
3.027427978385988e-09
3.972912408793967e-09
5.283817271172739e-09
6.946028144043250e-09
9.176406711656154e-09
1.222306748012274e-08
1.607962983009366e-08
2.135468118850951e-08
2.844003819319343e-08
3.803227256888613e-08
5.121018352653384e-08
6.917232862615122e-08
9.441368272720939e-08
1.289720269245805e-07
1.788605937216597e-07
2.476964288322397e-07
3.491740018114137e-07
4.973306759753996e-07
7.107125470729977e-07
1.028291655974815e-06
1.497258790273872e-06
2.188415385017310e-06
3.223592059838997e-06
4.766445634402322e-06
7.079400024357009e-06
1.052145036728084e-05
1.557457554785792e-05
2.324560331518125e-05
3.451644235128092e-05
5.134406481809170e-05
7.660708941045310e-05
1.139819756994906e-04
1.697178108460979e-04
2.501316536125396e-04
3.697902585522135e-04
5.451929915553538e-04
8.047922423829533e-04
1.185503961460412e-03
1.741176105534619e-03
2.550356062128504e-03
3.734307850146800e-03
5.473214508855441e-03
7.997265331033700e-03
1.171446613707497e-02
1.712179227856061e-02
2.504786815202732e-02
3.668727132662179e-02
5.383242761848916e-02
7.880000412780125e-02
1.153107540578085e-01
1.682666467305298e-01
2.432655744828431e-01
3.461699356797956e-01
4.773098366705923e-01
6.261315844769663e-01
7.664288553050518e-01
8.710546533678245e-01
9.385044858913733e-01
9.999997890581453e-01
9.999999999999022e-01
1.000000000000000e+00
1.000000000000000e+00
1.000000000000000e+00
1.000000000000000e+00
1.000000000000000e+00
1.000000000000000e+00
1.000000000000000e+00
###3.200000000000000e+00
1.293936228473638e-10
-4.530736987651958e-11
3.563467214510561e-12
-1.316520020506744e-11
3.599874359831268e-11
4.834434870963763e-14
-1.934322357283252e-11
-1.081785480223717e-11
1.240939873613353e-11
5.736932690506017e-12
8.144590141908690e-12
1.591019960479430e-12
-1.667329317795730e-11
4.061884329836266e-12
1.465959754811125e-11
2.687406231126727e-11
2.130238940748705e-11
4.142976792696868e-11
5.171823334514213e-11
6.378807872805607e-11
8.869075784833327e-11
1.245023294495158e-10
1.588342340127310e-10
2.127222566778765e-10
2.600262405097096e-10
3.639686670562909e-10
4.874033840293983e-10
6.581715088770805e-10
8.711063569365795e-10
1.151777681072207e-09
1.542290681903339e-09
2.061486754013545e-09
2.713624181241035e-09
3.584078212847867e-09
4.724105685180722e-09
6.282516884146275e-09
8.276556145847825e-09
1.095286930342688e-08
1.466413074893518e-08
1.936167857302913e-08
2.585518021626664e-08
3.466529936356665e-08
4.664781573894603e-08
6.332899390579363e-08
8.621425335500000e-08
1.188000626339618e-07
1.636901535917425e-07
2.289912273727780e-07
3.195617864454312e-07
4.539145056934923e-07
6.503350427107586e-07
9.354843498015883e-07
1.359129725882486e-06
1.983991730555177e-06
2.906835236286693e-06
4.279874490393587e-06
6.323736062073469e-06
9.375743555670451e-06
1.386927071002948e-05
2.048948030260154e-05
3.045966212475113e-05
4.502808287388305e-05
6.668776355892752e-05
9.895205327921756e-05
1.463229348247034e-04
2.163744451728990e-04
3.173659854150692e-04
4.664748040028653e-04
6.835440447739472e-04
1.002372861937740e-03
1.466821913962221e-03
2.138842362993105e-03
3.110853258455100e-03
4.519156506614714e-03
6.569883499920807e-03
9.519878705125745e-03
1.380851086031723e-02
1.997362058255988e-02
2.889434532369922e-02
4.180373585826926e-02
6.052181344716833e-02
8.727981727731668e-02
1.256672795954970e-01
1.802015667406527e-01
2.557695320516756e-01
3.572292331618743e-01
4.839854924263999e-01
6.259961530139673e-01
7.602137159031697e-01
8.631777977517615e-01
9.329655938632627e-01
9.999997890581453e-01
9.999999999999022e-01
1.000000000000000e+00
1.000000000000000e+00
1.000000000000000e+00
1.000000000000000e+00
1.000000000000000e+00
1.000000000000000e+00
1.000000000000000e+00
###3.600000000000000e+00
1.289784786968652e-10
-3.983745361128367e-11
1.766495808641964e-11
-1.379361551732226e-11
2.633248105876242e-11
5.919458400668181e-13
-1.931361521879769e-11
6.468260954918969e-13
1.148275127401040e-11
5.448815455858512e-12
8.675164209432986e-12
2.696011622417319e-12
-1.835331999725185e-11
7.762191140036116e-12
1.588788336392259e-11
3.243450527420544e-11
3.004841641673220e-11
4.673559794485537e-11
5.703028172725115e-11
8.396737764109948e-11
1.044976724119504e-10
1.451979093372369e-10
1.908980434149014e-10
2.479643855732749e-10
3.107885226516361e-10
4.274737103934622e-10
5.707716834824903e-10
7.684745827880647e-10
1.019445161072196e-09
1.349570380843589e-09
1.805475347119789e-09
2.400758857286672e-09
3.173272654628910e-09
4.196270308647647e-09
5.535283078538099e-09
7.388948188248047e-09
9.757454095715251e-09
1.294836203085823e-08
1.741898031501583e-08
2.311671766154919e-08
3.102901890151887e-08
4.190439287673553e-08
5.679682404018090e-08
7.766527760769051e-08
1.066755662119488e-07
1.481429492112903e-07
2.058621641622614e-07
2.901949392518481e-07
4.073645799651933e-07
5.826290043690774e-07
8.389457511454977e-07
1.211838518019973e-06
1.764702865245127e-06
2.581481048699584e-06
3.784578461435348e-06
5.568590717218720e-06
8.215782862804864e-06
1.214447989268543e-05
1.790431708288106e-05
2.639148606237399e-05
3.905894041526335e-05
5.749452382423445e-05
8.481801114013370e-05
1.251646560104683e-04
1.839682371151120e-04
2.704548466802268e-04
3.947215143081096e-04
5.771495090619666e-04
8.406683087160762e-04
1.225395879898160e-03
1.782123145675328e-03
2.581342735196289e-03
3.729670085679829e-03
5.381211975087467e-03
7.761034729279121e-03
1.115826922056227e-02
1.604182537411070e-02
2.298626766134151e-02
3.291621251243775e-02
4.709773353948702e-02
6.736113898600564e-02
9.584441048567384e-02
1.360058053048040e-01
1.919866579455494e-01
2.680358057987342e-01
3.680894249490124e-01
4.908611418455845e-01
6.268046159870778e-01
7.555895460339731e-01
8.567469901587563e-01
9.282545435644405e-01
9.999997890581453e-01
9.999999999999022e-01
1.000000000000000e+00
1.000000000000000e+00
1.000000000000000e+00
1.000000000000000e+00
1.000000000000000e+00
1.000000000000000e+00
1.000000000000000e+00
###4.000000000000000e+00
1.423694538130251e-10
-4.350925131940604e-11
1.807793960361764e-11
-1.023863114019519e-11
2.541308107921543e-11
-4.585096440025499e-12
-1.622324431258920e-11
2.673788729981997e-12
9.978512215569539e-12
-8.519445900467517e-12
7.912312776811293e-12
-5.131968359832298e-12
-1.554828919676013e-11
8.805925302498266e-12
1.871957013421016e-11
3.583681658404964e-11
3.835402357145595e-11
5.448790976738903e-11
7.002553735077203e-11
9.775640749448020e-11
1.222876113437775e-10
1.673289494202304e-10
2.200801171866936e-10
2.925668907622642e-10
3.642651293809228e-10
4.931511084136040e-10
6.611384502270352e-10
8.874007468169861e-10
1.179777404147866e-09
1.561530814589854e-09
2.085415719529340e-09
2.777445195976800e-09
3.706224269527761e-09
4.872845187431339e-09
6.435655318107293e-09
8.619256461234318e-09
1.141744689487211e-08
1.521313943621786e-08
2.055537022523430e-08
2.742157212540023e-08
3.703738194258536e-08
5.040901887658359e-08
6.881600009806017e-08
9.476625777742790e-08
1.311927791265893e-07
1.836058641935518e-07
2.570063135360397e-07
3.645100953865285e-07
5.144865432860796e-07
7.393023955746421e-07
1.068879437877478e-06
1.548907041478121e-06
2.259560040403085e-06
3.307324341741645e-06
4.843593071743030e-06
7.120688554891455e-06
1.049243022873758e-05
1.544285617596838e-05
2.272157930835660e-05
3.338975638977547e-05
4.922546657973399e-05
7.213802395672712e-05
1.060027944408607e-04
1.556245099709498e-04
2.275072595102034e-04
3.326442190346116e-04
4.831663065491730e-04
7.028115606534014e-04
1.017899740980645e-03
1.475479544671547e-03
2.133170836986819e-03
3.070719056055261e-03
4.409051268329531e-03
6.320911366267814e-03
9.049450731385786e-03
1.291527673054775e-02
1.840964355680356e-02
2.616081453355310e-02
3.711262977096352e-02
5.256516017020003e-02
7.434935608608079e-02
1.045006078157096e-01
1.463434979074237e-01
2.036502675020177e-01
2.800983783194311e-01
3.788060062403451e-01
4.979494900127343e-01
6.284655532081926e-01
7.523451693787551e-01
8.516384935828397e-01
9.243174880744096e-01
9.999997890581453e-01
9.999999999999022e-01
1.000000000000000e+00
1.000000000000000e+00
1.000000000000000e+00
1.000000000000000e+00
1.000000000000000e+00
1.000000000000000e+00
1.000000000000000e+00
###4.399999999999999e+00
1.397286552872520e-10
-4.491184547031993e-11
1.911457978209729e-11
8.813079287805151e-12
3.086641799467913e-11
-1.025317876218908e-11
-1.591485132155077e-11
4.299919330690732e-12
1.034488654468008e-11
-1.062912208381227e-11
3.175397162627012e-11
-1.263776881221352e-12
-1.137504181357044e-11
1.358037216720791e-11
2.323236656115145e-11
3.556111955827672e-11
4.413425440369842e-11
6.280544538425993e-11
6.989169923410144e-11
1.112799873291268e-10
1.406247826432820e-10
1.936911118197534e-10
2.518880159805289e-10
3.345378608772703e-10
4.200249953124286e-10
5.669162125921998e-10
7.574635111945387e-10
1.011320175824462e-09
1.353424754960575e-09
1.793050068448086e-09
2.391226430488385e-09
3.187743634081951e-09
4.259543473018234e-09
5.624011641370495e-09
7.436454012273718e-09
9.999178797647824e-09
1.329764851305071e-08
1.780143680471944e-08
2.418207397648278e-08
3.247953857630017e-08
4.412116230523920e-08
6.041688326958237e-08
8.304581673824961e-08
1.151916056021159e-07
1.606552815537554e-07
2.261086615723816e-07
3.188213689218216e-07
4.544907212723489e-07
6.464394534435594e-07
9.295415431237907e-07
1.347808968255480e-06
1.958914062478618e-06
2.856059944617138e-06
4.181624610733795e-06
6.116066132890718e-06
8.979602740590420e-06
1.320535876738612e-05
1.936603857131115e-05
2.841054129363385e-05
4.161024979346432e-05
6.110236206901668e-05
8.919926652658272e-05
1.305377065292398e-04
1.907424759353299e-04
2.774318026980615e-04
4.035850238854546e-04
5.836700489313252e-04
8.443913028652943e-04
1.216669437503670e-03
1.754181404280876e-03
2.521048164029541e-03
3.609280250512460e-03
5.151773447689118e-03
7.340223270924776e-03
1.043718291938375e-02
1.479326189667020e-02
2.091940098312765e-02
2.949786251318391e-02
4.148467205573654e-02
5.820431118836107e-02
8.148103377357915e-02
1.132559664023810e-01
1.566904572897478e-01
2.152240985074428e-01
2.919997440386688e-01
3.894342110410651e-01
5.052654205449295e-01
6.309203186712986e-01
7.503455168245142e-01
8.477030018836468e-01
9.211240359334317e-01
9.999997890581453e-01
9.999999999999022e-01
1.000000000000000e+00
1.000000000000000e+00
1.000000000000000e+00
1.000000000000000e+00
1.000000000000000e+00
1.000000000000000e+00
1.000000000000000e+00
###4.800000000000000e+00
1.431881710894960e-10
-4.246746363580159e-11
2.034261743534954e-11
1.228560704574546e-11
3.275981553820882e-11
2.044847170196083e-12
-1.264565479086338e-11
-4.558858199209979e-12
1.311756004548829e-11
-1.218563153839252e-11
3.333541971247900e-11
-4.533018004119880e-13
-1.343339205494898e-12
1.792936859913796e-11
3.087399411380545e-11
4.560506169274534e-11
5.263991021750471e-11
7.200416395914119e-11
7.947256626826078e-11
1.256164379602747e-10
1.667059375743052e-10
2.185082455303038e-10
2.834442839309020e-10
3.779242631269495e-10
4.825298219874629e-10
6.447644050307387e-10
8.645717214572734e-10
1.152647949433223e-09
1.539495306179712e-09
2.040864996505737e-09
2.766938241280007e-09
3.642094596368554e-09
4.867954020399973e-09
6.448009816756754e-09
8.578422487972814e-09
1.156593807520417e-08
1.544560732407361e-08
2.078961587142900e-08
2.834537927810053e-08
3.835371719262585e-08
5.251479344238787e-08
7.235804376565965e-08
1.000933360296258e-07
1.396543628576941e-07
1.960794415338992e-07
2.774324963265326e-07
3.934134518710444e-07
5.631221342913460e-07
8.045355515038204e-07
1.158603015688176e-06
1.685003450017941e-06
2.451384747754573e-06
3.573226470102663e-06
5.227434216172512e-06
7.634886182942429e-06
1.118417935618506e-05
1.640265242202800e-05
2.398976858522135e-05
3.508350918941531e-05
5.120699619464189e-05
7.487947751809237e-05
1.089521471547960e-04
1.587334626460104e-04
2.308607257344405e-04
3.343327120074144e-04
4.839747121054353e-04
6.969755866341527e-04
1.003254357795936e-03
1.438252521001569e-03
2.063148460669142e-03
2.948817448402220e-03
4.198937864497632e-03
5.959884060684618e-03
8.441862998700858e-03
1.192699743739700e-02
1.679318989198512e-02
2.357404196893129e-02
3.299733432738319e-02
4.602934385586045e-02
6.401768213111013e-02
8.873613583863953e-02
1.221073045539267e-01
1.670601458989129e-01
2.267320559574416e-01
3.037823692499291e-01
4.000063661190328e-01
5.128112714896865e-01
6.340916397719730e-01
7.494625610190290e-01
8.448465577919115e-01
9.186012221401585e-01
9.999997890581453e-01
9.999999999999022e-01
1.000000000000000e+00
1.000000000000000e+00
1.000000000000000e+00
1.000000000000000e+00
1.000000000000000e+00
1.000000000000000e+00
1.000000000000000e+00
###5.200000000000000e+00
1.384627102501818e-10
-4.715206260234510e-11
1.758369485686240e-11
5.331205745726466e-12
3.630477296079699e-11
-1.678059560491969e-11
-1.677190043235688e-11
-1.713409341356902e-12
9.527101282233662e-11
-1.164239168355256e-11
3.661929717240387e-11
6.618204593358611e-12
2.627883544242078e-12
2.300582292546844e-11
3.499343471593887e-11
5.223801609584726e-11
6.093955420676059e-11
8.254841054125169e-11
9.216780462082481e-11
1.418554998592210e-10
1.882602720252839e-10
2.482300229414422e-10
3.214450316426836e-10
4.272109812200651e-10
5.493371248898892e-10
7.318964973294561e-10
9.787756198045353e-10
1.305101681804426e-09
1.743607501583351e-09
2.312236427398808e-09
3.131020382585982e-09
4.146340910910155e-09
5.544978754564753e-09
7.379923203626721e-09
9.864859860876596e-09
1.333686409139437e-08
1.791219234475725e-08
2.428018724018475e-08
3.320171331665464e-08
4.528213175579890e-08
6.238908878300536e-08
8.650737327745337e-08
1.203903700342293e-07
1.688822257413526e-07
2.386114560252724e-07
3.392041558756117e-07
4.828691435466925e-07
6.933641512971424e-07
9.943867207714408e-07
1.433349211784501e-06
2.090391170845085e-06
3.039182920918743e-06
4.426084269554132e-06
6.468581259010714e-06
9.431423307688600e-06
1.378178001385845e-05
2.013734479937356e-05
2.939044882530308e-05
4.284230454297075e-05
6.232900465458845e-05
9.078056003697224e-05
1.316573394827616e-04
1.909874063609944e-04
2.766338045110595e-04
3.987848680418528e-04
5.745984312393403e-04
8.239905782212050e-04
1.180318905182792e-03
1.684177317360972e-03
2.404033208167307e-03
3.418197735099207e-03
4.842508932650531e-03
6.836041611981033e-03
9.628603623144456e-03
1.352159486853411e-02
1.891749456253649e-02
2.637515952801294e-02
3.666272076956924e-02
5.075207895491329e-02
7.000458414699692e-02
9.614703213894803e-02
1.310733042382505e-01
1.774728270254159e-01
2.382096911689162e-01
3.154822717273469e-01
4.105681367744724e-01
5.206046896409116e-01
6.379147892308088e-01
7.495518114724469e-01
8.429319034388729e-01
9.167111130040575e-01
9.999997890581453e-01
9.999999999999022e-01
1.000000000000000e+00
1.000000000000000e+00
1.000000000000000e+00
1.000000000000000e+00
1.000000000000000e+00
1.000000000000000e+00
1.000000000000000e+00
###5.600000000000001e+00
1.482883215225519e-10
-3.256544373647651e-11
7.704529348893740e-12
2.300278965650079e-12
3.297000992588370e-11
1.318337007160653e-12
-9.053670313247547e-12
4.664583669392208e-11
8.819523334975127e-11
-8.798266515876699e-12
4.018002035444380e-11
1.162062409951873e-11
1.289284280757293e-11
2.997901491839184e-11
4.174495102864570e-11
6.255311089067752e-11
7.278197579756923e-11
9.596132761624892e-11
1.109933529556427e-10
1.608427001349233e-10
2.139486709457901e-10
2.835420110390810e-10
3.653449894935966e-10
4.830071157802259e-10
6.210364620817254e-10
8.256879507571494e-10
1.105606007246596e-09
1.474916422433295e-09
1.970224313061291e-09
2.621218396324880e-09
3.541433863468132e-09
4.706399596043440e-09
6.315783484112151e-09
8.438205640436531e-09
1.133150696154673e-08
1.537508660936395e-08
2.078635718714475e-08
2.836756056981162e-08
3.891945874698728e-08
5.346216082344388e-08
7.411606237979569e-08
1.032697263657409e-07
1.445398290057184e-07
2.038597500227181e-07
2.893720494875221e-07
4.129831855909909e-07
5.901625305541283e-07
8.487704559303807e-07
1.221135218250424e-06
1.760829275054602e-06
2.568840492206436e-06
3.736047239880380e-06
5.435444071971961e-06
7.931267372714950e-06
1.154006164960129e-05
1.681754691592725e-05
2.450657938321645e-05
3.566268900454070e-05
5.181998381898316e-05
7.513828167381108e-05
1.090287007357852e-04
1.575693192706777e-04
2.276453470407725e-04
3.284524694433043e-04
4.713878414258768e-04
6.762476062623199e-04
9.657641848491694e-04
1.377012873843108e-03
1.955846552842006e-03
2.778762854106929e-03
3.931225822095476e-03
5.542059806566066e-03
7.783301151511605e-03
1.090352346582598e-02
1.522414394282902e-02
2.117217138116293e-02
2.932852851708196e-02
4.049422713005375e-02
5.565476175266307e-02
7.616151939596541e-02
1.037160553719089e-01
1.401521921392488e-01
1.879355910244239e-01
2.496670915483068e-01
3.271355272302721e-01
4.211422731132646e-01
5.286307184006662e-01
6.423216344014917e-01
7.505159863875142e-01
8.418906552400858e-01
9.154174950522261e-01
9.999997890581453e-01
9.999999999999022e-01
1.000000000000000e+00
1.000000000000000e+00
1.000000000000000e+00
1.000000000000000e+00
1.000000000000000e+00
1.000000000000000e+00
1.000000000000000e+00
###6.000000000000001e+00
1.581330275805348e-10
-3.115508952834296e-11
6.880555681226031e-12
5.975239481604696e-12
3.165006240892978e-11
-8.947784459002431e-14
-3.657139969813232e-12
4.948969747313881e-11
8.917760405586060e-11
7.738945363937310e-13
4.328217470656974e-11
2.028448584976208e-11
2.620316689949929e-11
3.673455768051346e-11
5.326944887988552e-11
7.431030387467553e-11
8.305781241171743e-11
1.156823882166983e-10
1.317012968644250e-10
1.831786879870805e-10
2.429255049694583e-10
3.166458231884022e-10
4.138175278646969e-10
5.370020810397041e-10
7.009974173137738e-10
9.309230693243857e-10
1.247151139531777e-09
1.661227507148557e-09
2.223206932954151e-09
2.964795283227014e-09
3.998542454766334e-09
5.352053284677086e-09
7.192457495655651e-09
9.646625227620317e-09
1.302244308075983e-08
1.772515928742728e-08
2.413329359669726e-08
3.313841318073606e-08
4.564092189688349e-08
6.310316711056753e-08
8.797003492547647e-08
1.233557097907282e-07
1.732939025808130e-07
2.455596537748995e-07
3.500410281698823e-07
5.009114948611198e-07
7.178577655863245e-07
1.033749152298531e-06
1.489605758006192e-06
2.148888964254758e-06
3.133470791239895e-06
4.555188263595524e-06
6.620132191023024e-06
9.642203328847120e-06
1.399800715178940e-05
2.034755164291207e-05
2.955294012323021e-05
4.289759940312197e-05
6.214580542778668e-05
8.981096182315905e-05
1.298413156619550e-04
1.870055773349629e-04
2.691170742758650e-04
3.867973887415847e-04
5.528209996861988e-04
7.897325629238845e-04
1.123250166892476e-03
1.594496459261676e-03
2.254858807912459e-03
3.188970056294170e-03
4.490223062514695e-03
6.299963718795870e-03
8.804440304680540e-03
1.226940884908425e-02
1.703729294241178e-02
2.355896067314586e-02
3.243685606638568e-02
4.449519998696373e-02
6.073890022165041e-02
8.250162083608777e-02
1.114481400900197e-01
1.493486314414526e-01
1.984649872311801e-01
2.611234917935202e-01
3.387538231320410e-01
4.317620914170090e-01
5.368939306466934e-01
6.472739385675776e-01
7.522635698368560e-01
8.416158507073542e-01
9.146436290818660e-01
9.999997890581453e-01
9.999999999999022e-01
1.000000000000000e+00
1.000000000000000e+00
1.000000000000000e+00
1.000000000000000e+00
1.000000000000000e+00
1.000000000000000e+00
1.000000000000000e+00
###6.400000000000001e+00
1.469614553223332e-10
-2.904698266495570e-11
1.905749419747787e-11
6.796300216460984e-12
4.048799379869260e-11
3.753300755766296e-12
2.636565415312201e-11
5.365969943939112e-11
9.016409487764632e-11
-1.627756671945948e-12
4.679469272915307e-11
3.060286855983661e-11
2.453946118910568e-11
4.812530856929463e-11
6.364581263737691e-11
8.525481427785867e-11
9.544895786318027e-11
1.305405427246416e-10
1.483789458546823e-10
2.082527967095598e-10
2.736027253067739e-10
3.553016559273288e-10
4.658290057667041e-10
6.013525890665960e-10
7.870479901295615e-10
1.045398043706179e-09
1.402598691580206e-09
1.868988614090806e-09
2.504353364386422e-09
3.347974466595721e-09
4.518443387008780e-09
6.076379640722894e-09
8.187001509635951e-09
1.103670377937737e-08
1.497002334913745e-08
2.049275518873802e-08
2.803935531667651e-08
3.873504948504984e-08
5.356549926962455e-08
7.447646213764778e-08
1.043997872132267e-07
1.471625469343386e-07
2.074615751658465e-07
2.950818959694717e-07
4.219655542298986e-07
6.055232055030016e-07
8.691824362392133e-07
1.252625303274951e-06
1.806779879574840e-06
2.605583448520426e-06
3.796823513783337e-06
5.516899302442739e-06
8.003269645278160e-06
1.163323268757577e-05
1.685079554112377e-05
2.443183570472521e-05
3.538886827459349e-05
5.120382320456132e-05
7.394440287995113e-05
1.065180174186760e-04
1.534657676282075e-04
2.202675377541252e-04
3.157909809601392e-04
4.521866159061617e-04
6.437428620655823e-04
9.159000705279096e-04
1.297624523261548e-03
1.834128830717141e-03
2.582694871466758e-03
3.636822495856707e-03
5.097336343062248e-03
7.119124009547318e-03
9.901684047713879e-03
1.372967147249877e-02
1.896389170748916e-02
2.607830542946977e-02
3.569899460667680e-02
4.866925508449746e-02
6.600446320475224e-02
8.902018523935934e-02
1.193475736803380e-01
1.586731642200522e-01
2.090698200795955e-01
2.726080278201394e-01
3.503786778947653e-01
4.424321834609121e-01
5.453958549122050e-01
6.527188271477773e-01
7.547057437409403e-01
8.420371865993624e-01
9.143655252445979e-01
9.999997890581453e-01
9.999999999999022e-01
1.000000000000000e+00
1.000000000000000e+00
1.000000000000000e+00
1.000000000000000e+00
1.000000000000000e+00
1.000000000000000e+00
1.000000000000000e+00
###6.800000000000002e+00
1.545696709181413e-10
-2.537655485557719e-11
3.081780910454903e-11
9.244868591983690e-12
2.685168824023920e-11
3.101577053419348e-11
3.381151438081998e-11
6.659552798728312e-11
8.961562299588052e-11
4.225985108775085e-12
4.714653572942582e-11
3.703171783005071e-11
3.080756029548946e-11
4.720697008332054e-11
6.893679473335553e-11
9.481835502848116e-11
1.077803679453914e-10
1.466112952622498e-10
1.671856215092768e-10
2.286530810401716e-10
3.080198001104430e-10
3.952668399765390e-10
5.137121514481977e-10
6.711729924206298e-10
8.812690663504188e-10
1.170501091184970e-09
1.573721642384935e-09
2.100190754288502e-09
2.818246255731948e-09
3.773206538080119e-09
5.106154534644107e-09
6.897741531076196e-09
9.333303251468191e-09
1.264099309106898e-08
1.723807620824574e-08
2.369961171648444e-08
3.261097362407928e-08
4.529149088854381e-08
6.291646568036675e-08
8.791827302201455e-08
1.238460628508550e-07
1.752338594739789e-07
2.478931274652877e-07
3.537102739333701e-07
5.070468819857374e-07
7.289145008707811e-07
1.047418712563684e-06
1.510202102921063e-06
2.179470382273790e-06
3.140542971156643e-06
4.572629501973877e-06
6.636520951880532e-06
9.610659432907755e-06
1.393961594965408e-05
2.014497761300866e-05
2.912890883774851e-05
4.208704231206778e-05
6.069834586705850e-05
8.738257020904480e-05
1.254669653809283e-04
1.801533518246816e-04
2.576889633683817e-04
3.681388874010348e-04
5.252423409866140e-04
7.448896191749681e-04
1.055669962020212e-03
1.489859609850744e-03
2.097298814892248e-03
2.941175171634733e-03
4.124116179609825e-03
5.754757795542542e-03
8.002109671663900e-03
1.107854530893504e-02
1.528701762515169e-02
2.100861368199242e-02
2.873754597081005e-02
3.911979529211813e-02
5.301806008924858e-02
7.145567495120637e-02
9.572002202007741e-02
1.274065448774443e-01
1.681312394846032e-01
2.197594164885338e-01
2.841351442250634e-01
3.620166672344954e-01
4.531856128495870e-01
5.541192748922726e-01
6.586156651397975e-01
7.577657092315377e-01
8.430709399631882e-01
9.145208938672741e-01
9.999997890581453e-01
9.999999999999022e-01
1.000000000000000e+00
1.000000000000000e+00
1.000000000000000e+00
1.000000000000000e+00
1.000000000000000e+00
1.000000000000000e+00
1.000000000000000e+00
###7.200000000000002e+00
7.959414336334170e-11
-2.283495121910799e-11
9.195427842319719e-12
4.909559841210845e-12
3.645024853528732e-11
3.020401305712348e-11
3.594250728286144e-11
6.742266450150354e-11
9.165006909215057e-11
9.340231879334459e-12
4.758434019960645e-11
4.195671654979984e-11
3.799715679170713e-11
5.379667777641885e-11
7.689259137230790e-11
1.057436712357951e-10
1.232452060904206e-10
1.604985943182287e-10
1.887502345183776e-10
2.529866830361543e-10
3.398329452910571e-10
4.390667849699535e-10
5.709503610119283e-10
7.466110768550810e-10
9.852180031506501e-10
1.310716947822676e-09
1.765540962879769e-09
2.358160952578281e-09
3.171317953056336e-09
4.253451513916306e-09
5.777663533944673e-09
7.845767225615490e-09
1.064586860543807e-08
1.449594036675190e-08
1.987086430551901e-08
2.743881573039185e-08
3.796551643271265e-08
5.303617772644039e-08
7.391745975060921e-08
1.037551226720634e-07
1.467305443612409e-07
2.082895616762334e-07
2.955844584985314e-07
4.227826042579290e-07
6.072106991008408e-07
8.741044502742557e-07
1.256830633828376e-06
1.812183841804034e-06
2.614878764465425e-06
3.764494705529169e-06
5.474438900333098e-06
7.935111036059832e-06
1.146968401854150e-05
1.659978462952475e-05
2.393014340719316e-05
3.451255429841606e-05
4.969376854254097e-05
7.149196153742345e-05
1.026174232517325e-04
1.468633135107667e-04
2.101889265510860e-04
2.996706069280217e-04
4.266300828676410e-04
6.065198431642701e-04
8.570075322594982e-04
1.209979344865869e-03
1.701237093422042e-03
2.385421872952881e-03
3.332115731256418e-03
4.653114104398164e-03
6.465322687945238e-03
8.951330854340307e-03
1.233746895641304e-02
1.694541771008736e-02
2.317416860778539e-02
3.153703565039128e-02
4.269535446047670e-02
5.754227541260304e-02
7.709034334407502e-02
1.026075682627398e-01
1.356472553953827e-01
1.777306310856519e-01
2.305437019290894e-01
2.957158632945782e-01
3.736773032772818e-01
4.640134014183557e-01
5.630528389839361e-01
6.649037663634786e-01
7.613760874703283e-01
8.446606536250457e-01
9.150750337615906e-01
9.999997890581453e-01
9.999999999999022e-01
1.000000000000000e+00
1.000000000000000e+00
1.000000000000000e+00
1.000000000000000e+00
1.000000000000000e+00
1.000000000000000e+00
1.000000000000000e+00
###7.600000000000002e+00
9.620275928355957e-11
-6.234164201494783e-12
8.003948934504052e-12
5.448689550561772e-12
3.737294651454434e-11
2.892325019788769e-11
3.749240969286678e-11
4.513924983465529e-11
8.584580115417976e-11
3.559286091161351e-11
5.305638791095854e-11
4.727215917190631e-11
3.823436975937785e-11
5.976734189588626e-11
7.683755462987226e-11
1.136260929467367e-10
1.372794159527627e-10
1.774987449256030e-10
2.106372281275377e-10
2.806234873010383e-10
3.754301476827069e-10
4.872524546428534e-10
6.353350571170621e-10
8.323457302871947e-10
1.099343246574010e-09
1.464600604941767e-09
1.989635567761251e-09
2.648307241537869e-09
3.571263643194134e-09
4.809796379959516e-09
6.551043356230984e-09
8.931843043971753e-09
1.216961328907121e-08
1.665208465768084e-08
2.294347205499656e-08
3.185563081194489e-08
4.424361350585673e-08
6.208696744341445e-08
8.687424919501900e-08
1.224823480426672e-07
1.736929810072262e-07
2.471718718886338e-07
3.517629034875132e-07
5.039047284073906e-07
7.246994572911787e-07
1.044242703909772e-06
1.501793480242984e-06
2.165012857419261e-06
3.121428718554752e-06
4.488630675215522e-06
6.518587603384489e-06
9.435157660490166e-06
1.360837608420998e-05
1.964939928285966e-05
2.826059850606371e-05
4.064714131449296e-05
5.834053366057294e-05
8.372463245125814e-05
1.198129248461533e-04
1.709415931136255e-04
2.438695282468323e-04
3.465523851245664e-04
4.917356517454709e-04
6.966905395029351e-04
9.808520156844136e-04
1.379838030211142e-03
1.932916590817500e-03
2.700128677639151e-03
3.757031795095422e-03
5.226060749627502e-03
7.231653681939313e-03
9.969895041358503e-03
1.368238222982134e-02
1.870743346652693e-02
2.546353980490311e-02
3.448162154360012e-02
4.643638845807791e-02
6.224954201464860e-02
8.291637495987454e-02
1.096866282592830e-01
1.440698109331641e-01
1.874756584427549e-01
2.414382590134260e-01
3.073614447135157e-01
3.853954064049026e-01
4.749272795956014e-01
5.721953584278483e-01
6.715779526878439e-01
7.654830157113668e-01
8.467546310283873e-01
9.159876751145608e-01
9.999997890581453e-01
9.999999999999022e-01
1.000000000000000e+00
1.000000000000000e+00
1.000000000000000e+00
1.000000000000000e+00
1.000000000000000e+00
1.000000000000000e+00
1.000000000000000e+00
###8.000000000000002e+00
9.593314923162814e-11
7.353269060493867e-11
7.228050277423512e-12
-4.100195136102716e-12
4.157642018931746e-11
3.380497447348483e-11
3.960526018081672e-11
4.651889309996924e-11
8.669157565003722e-11
3.637894636405892e-11
5.856102171793419e-11
5.513579479207467e-11
4.382679475285428e-11
6.522143982704152e-11
8.730883549682567e-11
1.235576155246119e-10
1.496342166671054e-10
1.932720339108164e-10
2.341283514009427e-10
3.119746903271329e-10
4.125813327615164e-10
5.404115050445903e-10
7.135309857146714e-10
9.278661055724515e-10
1.225867220751020e-09
1.638811107546551e-09
2.226412542739813e-09
2.977499225558617e-09
4.028209798309815e-09
5.443293973051707e-09
7.436335740657238e-09
1.018393689992828e-08
1.393448846163712e-08
1.916554710483664e-08
2.654217462892750e-08
3.696292399127039e-08
5.158914152265922e-08
7.271230107967074e-08
1.020898126009730e-07
1.443863581178942e-07
2.053936811013747e-07
2.928623622808743e-07
4.175614881112555e-07
5.988779516695667e-07
8.620714172685566e-07
1.242456150788700e-06
1.786385521423801e-06
2.574193430164706e-06
3.708677481843340e-06
5.325169538213403e-06
7.722369924017040e-06
1.115904685603316e-05
1.606021179245668e-05
2.313862612149209e-05
3.319318418881117e-05
4.760889873771015e-05
6.813089286142728e-05
9.752540301688556e-05
1.391534133647254e-04
1.979329775435816e-04
2.814927369411314e-04
3.987606924507075e-04
5.639706445750275e-04
7.963181250302647e-04
1.117236958802939e-03
1.566250353129560e-03
2.186206712359786e-03
3.042600520309857e-03
4.217950121771729e-03
5.844464928029593e-03
8.055610559721220e-03
1.106128130638196e-02
1.511539400855616e-02
2.057666462364039e-02
2.788079057168790e-02
3.757455224366344e-02
5.034683784461779e-02
6.713891318250034e-02
8.893638930968582e-02
1.169566553941679e-01
1.526669441116244e-01
1.973733236653304e-01
2.524423066425403e-01
3.190761522974391e-01
3.971726850945303e-01
4.859331212925939e-01
5.815256347290862e-01
6.785787243229890e-01
7.700276935684326e-01
8.492958290175763e-01
9.171891019684146e-01
9.999997890581453e-01
9.999999999999022e-01
1.000000000000000e+00
1.000000000000000e+00
1.000000000000000e+00
1.000000000000000e+00
1.000000000000000e+00
1.000000000000000e+00
1.000000000000000e+00
###8.400000000000002e+00
9.266023075754980e-11
6.890288334119490e-11
2.100077082022900e-11
-2.896877777153333e-12
4.206483646280481e-11
3.466119987910374e-11
4.697952114789274e-11
4.354901977684458e-11
6.946631455236417e-11
4.064249950064335e-11
5.929239740677623e-11
6.177211810156849e-11
5.338858990272113e-11
7.767737173871658e-11
9.829403046150423e-11
1.360734796882423e-10
1.745135117726610e-10
2.132576136022843e-10
2.646973315794106e-10
3.447591049491859e-10
4.557147234259611e-10
5.989431728728004e-10
7.908351712442244e-10
1.034584922240127e-09
1.371516968209830e-09
1.836439389272984e-09
2.496858037997267e-09
3.352054234928006e-09
4.550259931069032e-09
6.173997340465019e-09
8.459033577772969e-09
1.163568051251367e-08
1.598519369119114e-08
2.209122832421399e-08
3.073355177470391e-08
4.293805747687124e-08
6.019988715416158e-08
8.514988266275358e-08
1.198953094717438e-07
1.700300260575484e-07
2.425545812224198e-07
3.462652113549904e-07
4.944353019272252e-07
7.098080398664126e-07
1.021982439226796e-06
1.472961197316618e-06
2.116877385790087e-06
3.047960202014266e-06
4.386438029391727e-06
6.288684505581671e-06
9.104831565715180e-06
1.313208165938020e-05
1.885624424602969e-05
2.710455754562115e-05
3.878857797165627e-05
5.548604142608267e-05
7.917546779798383e-05
1.130376060619287e-04
1.608275901277175e-04
2.281007516879766e-04
3.234137810118321e-04
4.567267693268947e-04
6.438076790301336e-04
9.061296934977494e-04
1.267094407299962e-03
1.770274489516443e-03
2.462419724605041e-03
3.414785386503027e-03
4.716628415742551e-03
6.511072112264374e-03
8.940380860764945e-03
1.222754050282951e-02
1.664089031609358e-02
2.255678697519586e-02
3.042830603837963e-02
4.081950812237713e-02
5.442811537308340e-02
7.221586595067299e-02
9.515250091154911e-02
1.244277872763246e-01
1.614502675553758e-01
2.074281075597285e-01
2.635673352995435e-01
3.308822246385069e-01
4.090283468131097e-01
4.970409501385880e-01
5.910401888608154e-01
6.858577116485891e-01
7.749589252137465e-01
8.522223388079843e-01
9.186917156868043e-01
9.999997890581453e-01
9.999999999999022e-01
1.000000000000000e+00
1.000000000000000e+00
1.000000000000000e+00
1.000000000000000e+00
1.000000000000000e+00
1.000000000000000e+00
1.000000000000000e+00
###8.800000000000002e+00
1.278675651701070e-10
8.965099878863078e-11
2.028281545975989e-11
-7.243764947072100e-12
4.238714986562628e-11
3.001925155791651e-11
5.133619378895916e-11
4.483360657640492e-11
7.067164625450159e-11
4.628258769060486e-11
6.409399850059865e-11
6.828525747746243e-11
5.723854348605188e-11
8.629333008626786e-11
1.119674175529659e-10
1.495830886106919e-10
1.885514013972066e-10
2.323271551143106e-10
2.926328888636172e-10
3.816946743270268e-10
5.041432334701107e-10
6.641156944989429e-10
8.778106345189918e-10
1.154300530769037e-09
1.534007852025199e-09
2.065206036495969e-09
2.801781445556624e-09
3.777302092872807e-09
5.147929566261386e-09
7.014192076067862e-09
9.637974880195161e-09
1.330556724901880e-08
1.838530121134294e-08
2.549982829926508e-08
3.562477416750874e-08
4.991593812143279e-08
7.026034487147903e-08
9.966894063738113e-08
1.407423463207397e-07
2.000510038740425e-07
2.858833814247409e-07
4.085928550789405e-07
5.838373654905716e-07
8.387112776161132e-07
1.207700733628735e-06
1.739735878184103e-06
2.498657351012450e-06
3.594565870177033e-06
5.165357979860324e-06
7.395756595238507e-06
1.068671272033925e-05
1.538065422854397e-05
2.203776569482272e-05
3.160436336835717e-05
4.511901068924055e-05
6.437109260884922e-05
9.158846833315767e-05
1.304347893122714e-04
1.850608801674054e-04
2.616992377528005e-04
3.699301201458664e-04
5.208803436458697e-04
7.319260980405155e-04
1.026850481423062e-03
1.431286501923945e-03
1.993047189077278e-03
2.762830571962247e-03
3.818180206551522e-03
5.255204342995997e-03
7.228394397673010e-03
9.888419786540712e-03
1.347162725207951e-02
1.826085431612351e-02
2.465136314942315e-02
3.311028649004168e-02
4.421929675012364e-02
5.868592023355564e-02
7.748294168067139e-02
1.015671159641667e-01
1.320952817058807e-01
1.704217441049812e-01
2.176378576312492e-01
2.748220161895254e-01
3.427819853970208e-01
4.209621571352562e-01
5.082360685196182e-01
6.007161372709855e-01
6.934075281981990e-01
7.802297811931863e-01
8.554835820792865e-01
9.204430577154539e-01
9.999997890581453e-01
9.999999999999022e-01
1.000000000000000e+00
1.000000000000000e+00
1.000000000000000e+00
1.000000000000000e+00
1.000000000000000e+00
1.000000000000000e+00
1.000000000000000e+00
###9.200000000000003e+00
9.058662508702127e-11
1.106072048336058e-10
1.808557551490898e-11
-9.093770505422482e-12
3.773594142194173e-11
3.327612680712921e-11
5.422278759435681e-11
4.506075359598067e-11
6.506437072679187e-11
5.719772443241400e-11
6.863277390344701e-11
7.359721546004857e-11
6.847743934867288e-11
9.618886318629480e-11
1.209601006828728e-10
1.644526397539029e-10
2.050920253649434e-10
2.550192785127509e-10
3.229415790271623e-10
4.214505291897110e-10
5.569919361577346e-10
7.367044239338392e-10
9.745564754904713e-10
1.287151110279655e-09
1.715886441035790e-09
2.316373783835240e-09
3.147046507955877e-09
4.263547757999520e-09
5.827549447830040e-09
7.978305019404221e-09
1.100284667913527e-08
1.524671100600945e-08
2.115840450435632e-08
2.946100403175709e-08
4.130585977265442e-08
5.807395351823308e-08
8.201063806385696e-08
1.165176813321203e-07
1.650825651119732e-07
2.349072656222396e-07
3.362483489570526e-07
4.810503708792576e-07
6.881223830299503e-07
9.879916871069774e-07
1.422497958728778e-06
2.046937408694164e-06
2.938401052405487e-06
4.222217179824922e-06
6.057543961228396e-06
8.673597311187631e-06
1.248959313590104e-05
1.793874635128213e-05
2.564714283673323e-05
3.669242399317756e-05
5.225380691383169e-05
7.435990561277018e-05
1.055119185816098e-04
1.498713878385148e-04
2.120521132133365e-04
2.990086805924706e-04
4.214575959895623e-04
5.916261353172442e-04
8.288610203073026e-04
1.159225707995341e-03
1.610747833959492e-03
2.235566575140682e-03
3.089066364226289e-03
4.254606839352195e-03
5.835600819677513e-03
7.998209266436653e-03
1.090246481126297e-02
1.479653113866618e-02
1.997981099532833e-02
2.686452117335935e-02
3.593217325948784e-02
4.777828801739629e-02
6.312098486784178e-02
8.294435911140759e-02
1.081839913185701e-01
1.399639660030476e-01
1.795858283207460e-01
2.280229532222993e-01
2.862097686446732e-01
3.547822381051487e-01
4.329826403857391e-01
5.195381344084314e-01
6.105425274858985e-01
7.011880317801221e-01
7.857960552514157e-01
8.590400340133011e-01
9.223814500632104e-01
9.999997890581453e-01
9.999999999999022e-01
1.000000000000000e+00
1.000000000000000e+00
1.000000000000000e+00
1.000000000000000e+00
1.000000000000000e+00
1.000000000000000e+00
1.000000000000000e+00
###9.600000000000003e+00
8.155118096645432e-11
1.105517784794081e-10
2.025616140991204e-11
-6.784302105981622e-12
3.903157382630302e-11
3.364479073691554e-11
5.485214393919902e-11
4.576420174001752e-11
6.750251170463916e-11
5.928909031845510e-11
7.334873807883337e-11
7.392048581598689e-11
7.887959819303109e-11
1.081061204498241e-10
1.350471444137174e-10
1.771037767191526e-10
2.203217257325642e-10
2.806031500940675e-10
3.580186982636620e-10
4.681839138208721e-10
6.228714346323431e-10
8.164926094282107e-10
1.082948556332050e-09
1.440702368322381e-09
1.921848654860277e-09
2.602279295732520e-09
3.543963706076330e-09
4.821785179517949e-09
6.616314533401779e-09
9.091805262889187e-09
1.258130011502133e-08
1.749506476922761e-08
2.438065295446746e-08
3.406858769480010e-08
4.791983310673840e-08
6.755487566543274e-08
9.568646273181440e-08
1.361240183778801e-07
1.934170397731386e-07
2.755022618055661e-07
3.947337982949442e-07
5.649792886667891e-07
8.084499879937307e-07
1.160245772907173e-06
1.669789441191777e-06
2.401388680436811e-06
3.442772953469432e-06
4.940505032705693e-06
7.076650559676470e-06
1.010815367995905e-05
1.453800822796469e-05
2.083631657857781e-05
2.972479194626285e-05
4.242430104072766e-05
6.027381016615127e-05
8.555166354924152e-05
1.210677891075341e-04
1.715299088838851e-04
2.420375044100353e-04
3.403390530149030e-04
4.783647699045633e-04
6.694968788000561e-04
9.352738739217367e-04
1.304173143397101e-03
1.806506567704102e-03
2.499309589011816e-03
3.442484786741341e-03
4.725649532817250e-03
6.459840944013646e-03
8.823912839704084e-03
1.198530044306036e-02
1.620707626656923e-02
2.180143063125912e-02
2.919959884299001e-02
3.889704753843569e-02
5.150149242737054e-02
6.773953428112049e-02
8.860456296953546e-02
1.150065957468750e-01
1.480361150458115e-01
1.889405472386781e-01
2.385711379567837e-01
2.977346404270272e-01
3.668888551792691e-01
4.450808863211293e-01
5.309394175941726e-01
6.205082203981706e-01
7.091823187744889e-01
7.916141044333468e-01
8.628722136855391e-01
9.245118145082040e-01
9.999997890581453e-01
9.999999999999022e-01
1.000000000000000e+00
1.000000000000000e+00
1.000000000000000e+00
1.000000000000000e+00
1.000000000000000e+00
1.000000000000000e+00
1.000000000000000e+00
###1.000000000000000e+01
8.182688674656486e-11
1.042632206363893e-10
2.500630842860152e-11
-6.577704696895838e-12
4.947519508796879e-11
3.830318669107221e-11
4.940535530377354e-11
4.735440213537762e-11
6.688864896894428e-11
5.951845959297456e-11
8.199431756655140e-11
8.008313408427574e-11
9.010337411681167e-11
1.194967462149822e-10
1.484033625760413e-10
1.920264146686007e-10
2.420381945111003e-10
3.086394154823179e-10
3.940604098694471e-10
5.170584675565646e-10
6.919170924228968e-10
9.056155392206010e-10
1.205170366920312e-09
1.609425599482909e-09
2.155247052277258e-09
2.927120664932700e-09
3.997567136215739e-09
5.464710024407463e-09
7.522225631652343e-09
1.037658538418025e-08
1.441146448023317e-08
2.009724866636748e-08
2.811755514310811e-08
3.941955814558222e-08
5.561370043685217e-08
7.860132601124855e-08
1.115633422811544e-07
1.589260995308001e-07
2.262721071926122e-07
3.225459411085198e-07
4.623792184984138e-07
6.619881781966262e-07
9.476555858681564e-07
1.358678722444895e-06
1.953703765831590e-06
2.806215521484306e-06
4.019219463251938e-06
5.759614394639957e-06
8.235561957851980e-06
1.174088344048273e-05
1.685734040125177e-05
2.411001840634405e-05
3.431825210885757e-05
4.886694670330673e-05
6.925776407508774e-05
9.806019263006954e-05
1.384060360084463e-04
1.955895957415440e-04
2.752624653921114e-04
3.860106932540100e-04
5.410380401147140e-04
7.551148203793796e-04
1.051852499103435e-03
1.462396013081144e-03
2.019535492654558e-03
2.785478920270183e-03
3.824614659856464e-03
5.233589245136304e-03
7.130541084404052e-03
9.707498347595990e-03
1.313963159770465e-02
1.770510956613135e-02
2.372958276238538e-02
3.166032240299983e-02
4.200843747658323e-02
5.539440879220148e-02
7.254363708945878e-02
9.446705579535829e-02
1.220372388524864e-01
1.563202306930024e-01
1.984904282694355e-01
2.492937026251918e-01
3.093898115605873e-01
3.790983221676971e-01
4.572742932244004e-01
5.424265156375225e-01
6.306121852434144e-01
7.173619035050943e-01
7.976647636289022e-01
8.669118736424496e-01
9.268010568521646e-01
9.999997890581453e-01
9.999999999999022e-01
1.000000000000000e+00
1.000000000000000e+00
1.000000000000000e+00
1.000000000000000e+00
1.000000000000000e+00
1.000000000000000e+00
1.000000000000000e+00
###1.040000000000000e+01
1.131132373979251e-10
1.050440050411812e-10
2.662098441765695e-11
-6.749360814758436e-12
4.981069887282438e-11
4.529566274155474e-11
4.995181106736325e-11
5.363131189091098e-11
7.269159058896194e-11
6.765456430038819e-11
8.728589192632279e-11
9.032798236227617e-11
1.005056464429277e-10
1.326804042619364e-10
1.662684693738929e-10
2.118828873840342e-10
2.669112235876735e-10
3.545251611998489e-10
4.370089893641904e-10
5.750600245800089e-10
7.655673490935111e-10
1.007283010370252e-09
1.344041931742093e-09
1.801576322119768e-09
2.424177375373344e-09
3.299473979576223e-09
4.520228234816857e-09
6.204735153276609e-09
8.563274811762636e-09
1.187008600319710e-08
1.653043811919901e-08
2.312968921615417e-08
3.245414787662391e-08
4.563232308295097e-08
6.454096196960900e-08
9.142351076305037e-08
1.300098857081723e-07
1.854233137705133e-07
2.643041002675284e-07
3.769484982571079e-07
5.404740762000808e-07
7.737193477967014e-07
1.107644389171097e-06
1.587183627655085e-06
2.278976087753828e-06
3.268975242792612e-06
4.676409860423774e-06
6.691101322877551e-06
9.550785203036836e-06
1.360989794966160e-05
1.947454870127496e-05
2.779593691809796e-05
3.947778739329260e-05
5.608690031312999e-05
7.929821174280745e-05
1.120013886878141e-04
1.577008284574811e-04
2.222602698469654e-04
3.120014313416117e-04
4.364409241726650e-04
6.099341858069894e-04
8.489603618836615e-04
1.179238848282900e-03
1.634760266033086e-03
2.250987048366706e-03
3.095356480011515e-03
4.237220743516096e-03
5.780077120319698e-03
7.849827513095091e-03
1.065159276671815e-02
1.436924547707401e-02
1.929447791901709e-02
2.576759773524851e-02
3.425141043148286e-02
4.527083097227941e-02
5.945743356015683e-02
7.753894513863312e-02
1.005324803398265e-01
1.292878458545897e-01
1.648149512557302e-01
2.082379403115229e-01
2.601901712689562e-01
3.211997545709350e-01
3.914182824821292e-01
4.695449046760501e-01
5.540013702951494e-01
6.408269325270336e-01
7.256923798593400e-01
8.038994121164923e-01
8.711363597805802e-01
9.292275246517611e-01
9.999997890581453e-01
9.999999999999022e-01
1.000000000000000e+00
1.000000000000000e+00
1.000000000000000e+00
1.000000000000000e+00
1.000000000000000e+00
1.000000000000000e+00
1.000000000000000e+00
###1.080000000000000e+01
1.176598871643021e-10
1.050008857442612e-10
3.799466336671143e-11
2.246640141567321e-11
5.162742073552190e-11
4.779060108177643e-11
5.833404739194963e-11
8.113289570894222e-11
6.501073549710087e-11
7.544699206121622e-11
8.380585919006624e-11
9.792933012365728e-11
1.137393059080560e-10
1.385208413316141e-10
1.807470073284938e-10
2.308346373765635e-10
2.921374099814990e-10
3.878241084239667e-10
4.847630345126347e-10
6.366878881164660e-10
8.475103229141854e-10
1.119595755751166e-09
1.498567526762828e-09
2.018521592630954e-09
2.727991086928326e-09
3.723826343964405e-09
5.118266332968094e-09
7.052250104009694e-09
9.771302439969752e-09
1.359031998186373e-08
1.897744576865199e-08
2.663020251536226e-08
3.748001488059790e-08
5.284098296496855e-08
7.488901469617455e-08
1.062901336267566e-07
1.513178687005814e-07
2.160284454025190e-07
3.082508104131329e-07
4.396343107023938e-07
6.302552395667906e-07
9.021171038469386e-07
1.290969171852703e-06
1.848360457707881e-06
2.650434190382720e-06
3.796113737995863e-06
5.423520895455475e-06
7.747751682954771e-06
1.104166763319258e-05
1.571713344448975e-05
2.242370092531552e-05
3.193654762944228e-05
4.525856937829422e-05
6.415461934689749e-05
9.049016001426748e-05
1.274989319424531e-04
1.791413890599439e-04
2.517664319468306e-04
3.525035213166003e-04
4.918995994772929e-04
6.855141879434633e-04
9.516144493891855e-04
1.318121681373123e-03
1.822269591121664e-03
2.501889042368971e-03
3.430366250184518e-03
4.681761461769339e-03
6.366996664903305e-03
8.619825153108556e-03
1.165911479435198e-02
1.567671717550535e-02
2.097873126432697e-02
2.791856271496276e-02
3.697671987304969e-02
4.868859988876795e-02
6.369726412575635e-02
8.272900916698672e-02
1.068079996548126e-01
1.367524072619098e-01
1.735250885029835e-01
2.181871356792346e-01
2.712641936148438e-01
3.331420042582651e-01
4.038419977859256e-01
4.819054079402930e-01
5.656526149020709e-01
6.511254110406400e-01
7.341526644616785e-01
8.102963244125423e-01
8.755085085438238e-01
9.317401253343504e-01
9.999997890581453e-01
9.999999999999022e-01
1.000000000000000e+00
1.000000000000000e+00
1.000000000000000e+00
1.000000000000000e+00
1.000000000000000e+00
1.000000000000000e+00
1.000000000000000e+00
###1.120000000000000e+01
1.161065691665205e-10
9.489109654142544e-11
3.527187679808805e-11
2.342420541094396e-11
5.364674362235170e-11
5.322945616039092e-11
5.980539534657589e-11
8.394530143600123e-11
6.858648443001366e-11
8.006181585927218e-11
9.260392692948847e-11
1.094482224987542e-10
1.277607148409555e-10
1.515528735138167e-10
1.966061804378175e-10
2.516132709201117e-10
3.199148248180779e-10
4.250389486891765e-10
5.353460926393951e-10
7.051863778423202e-10
9.396915554569256e-10
1.246878037502029e-09
1.677447109951488e-09
2.264969352559294e-09
3.073965111007034e-09
4.210645364597263e-09
5.806535589176434e-09
8.030052788998758e-09
1.116763948292564e-08
1.557982657894610e-08
2.180927977055894e-08
3.069124204635698e-08
4.329053573880066e-08
6.117990077461643e-08
8.685241024265627e-08
1.234632090343092e-07
1.759376284046228e-07
2.512598208433770e-07
3.587286698417143e-07
5.116679568035804e-07
7.333043682992025e-07
1.049083391243155e-06
1.500680770097191e-06
2.146046911006024e-06
3.073616990279063e-06
4.395204739790320e-06
6.270748654220141e-06
8.943776375792235e-06
1.272398392420564e-05
1.808725077488726e-05
2.573840059162918e-05
3.657638111678185e-05
5.171793125438275e-05
7.314686818709019e-05
1.029372888902721e-04
1.447005072731377e-04
2.028803599156919e-04
2.843298716904199e-04
3.971187089790948e-04
5.527851516160758e-04
7.682350192497699e-04
1.063660540051075e-03
1.469355021612519e-03
2.025863853562563e-03
2.773498222099258e-03
3.791977176446814e-03
5.160075299401995e-03
6.996582549104222e-03
9.443114265666771e-03
1.273271833037404e-02
1.706547805994372e-02
2.276155102652451e-02
3.018718329130107e-02
3.983898061237134e-02
5.226545603966358e-02
6.811698739564552e-02
8.811876151161809e-02
1.132960190740431e-01
1.444355432445592e-01
1.824521420054576e-01
2.283410203025503e-01
2.825150417488030e-01
3.452387737926922e-01
4.163803657498666e-01
4.943419055813666e-01
5.773708318728336e-01
6.614975093666876e-01
7.427184504399248e-01
8.168090024787367e-01
8.800064470569643e-01
9.343463968530294e-01
9.999997890581453e-01
9.999999999999022e-01
1.000000000000000e+00
1.000000000000000e+00
1.000000000000000e+00
1.000000000000000e+00
1.000000000000000e+00
1.000000000000000e+00
1.000000000000000e+00
###1.160000000000000e+01
9.936106051510736e-11
8.989575594162979e-11
3.301158085428380e-11
2.648553409036104e-11
5.200375644530595e-11
5.329641616702053e-11
6.240062825947875e-11
8.323713891218919e-11
7.160700168881125e-11
9.024326092224324e-11
1.041520229981840e-10
1.169410837470550e-10
1.404818619051324e-10
1.640680784017873e-10
2.133923682319782e-10
2.758688021556805e-10
3.505514664161122e-10
4.657510957630661e-10
5.902150351639065e-10
8.040376178519638e-10
1.045855088123296e-09
1.391869843345821e-09
1.877421838334590e-09
2.545694787301410e-09
3.469408603553757e-09
4.770972125111921e-09
6.597131815370733e-09
9.157167724948364e-09
1.277281863901843e-08
1.787210120728625e-08
2.508851425479202e-08
3.538282599357999e-08
5.002059541345587e-08
7.080447556182010e-08
1.006809681851257e-07
1.432494754547702e-07
2.042809794354404e-07
2.917936883074988e-07
4.167607574520997e-07
5.943247325215606e-07
8.513299058861610e-07
1.217100167423538e-06
1.739641713379113e-06
2.483982025087812e-06
3.553752024632073e-06
5.073654043054050e-06
7.228433582780433e-06
1.029205139452881e-05
1.461535898170273e-05
2.074910313139572e-05
2.945594757817373e-05
4.176461307852776e-05
5.891979000954051e-05
8.315413550332786e-05
1.167501250232512e-04
1.637462008181637e-04
2.290584448027958e-04
3.201915155241465e-04
4.461115143014317e-04
6.194705078316218e-04
8.586212893096453e-04
1.185801696276144e-03
1.633750547472393e-03
2.246442673244288e-03
3.067097499630027e-03
4.181675097859812e-03
5.674029387131635e-03
7.670879404628498e-03
1.032248616464084e-02
1.387546673227001e-02
1.853900383417759e-02
2.464602931735499e-02
3.257748088453324e-02
4.284503263834025e-02
5.600754749984332e-02
7.272092813049537e-02
9.371076513518163e-02
1.199999151813762e-01
1.523393737992967e-01
1.915980584099718e-01
2.386984443589037e-01
2.939446674659403e-01
3.574830178895884e-01
4.290202895756354e-01
5.068632270177632e-01
5.891497362275604e-01
6.719439713509033e-01
7.513681278632659e-01
8.234224935207154e-01
8.845976596609424e-01
9.370331896564545e-01
9.999997890581453e-01
9.999999999999022e-01
1.000000000000000e+00
1.000000000000000e+00
1.000000000000000e+00
1.000000000000000e+00
1.000000000000000e+00
1.000000000000000e+00
1.000000000000000e+00
###1.200000000000001e+01
1.113178034036255e-10
8.070208587841274e-11
3.859116995019802e-11
2.650125247716237e-11
5.511182283241870e-11
5.470229399626851e-11
5.752371680514966e-11
8.229577854978567e-11
7.757514081014073e-11
9.994286236245251e-11
1.122084169942200e-10
1.254985966085794e-10
1.517246976752109e-10
1.814683364470205e-10
2.317276261079407e-10
3.002404186337426e-10
3.848148174491207e-10
5.108018670105226e-10
6.533789464890415e-10
8.880803171691207e-10
1.159432792601770e-09
1.555897750718127e-09
2.106676560209421e-09
2.866860341020243e-09
3.923069236059406e-09
5.412630014676844e-09
7.508025581297729e-09
1.045267246364902e-08
1.462127259749495e-08
2.051311937471624e-08
2.886477543343983e-08
4.078963208712765e-08
5.779493450471344e-08
8.189295881955378e-08
1.165679766969495e-07
1.659864317664260e-07
2.368280456248352e-07
3.382442961889015e-07
4.832250421641430e-07
6.886341300214509e-07
9.859409099450918e-07
1.408455724633181e-06
2.011184553011679e-06
2.868362899973835e-06
4.097872678686659e-06
5.840751473706889e-06
8.308156409481208e-06
1.180964511128673e-05
1.673914783127027e-05
2.373252210816590e-05
3.360882057630202e-05
4.755033091200901e-05
6.693294043565009e-05
9.425518095603691e-05
1.320424451591587e-04
1.847786596445301e-04
2.578999490340840e-04
3.596132578558453e-04
4.998184521476020e-04
6.924218449292619e-04
9.572619461986173e-04
1.318619304458975e-03
1.812065805545470e-03
2.485004864564511e-03
3.383924478945052e-03
4.600929333458704e-03
6.225432631315717e-03
8.392315710080291e-03
1.126039219163218e-02
1.509039880320014e-02
2.010005904933710e-02
2.663683457059382e-02
3.509361863318900e-02
4.599724323248612e-02
5.991735032454458e-02
7.751192894259158e-02
9.950747040380695e-02
1.269199603725447e-01
1.604652113290430e-01
2.009616310975566e-01
2.492584893303019e-01
3.055474090824940e-01
3.698685718725777e-01
4.417648299500604e-01
5.194492924972236e-01
6.009822075292067e-01
6.824294814979629e-01
7.600669735075022e-01
8.300968081739600e-01
8.892656940308185e-01
9.397561084482385e-01
9.999997890581453e-01
9.999999999999022e-01
1.000000000000000e+00
1.000000000000000e+00
1.000000000000000e+00
1.000000000000000e+00
1.000000000000000e+00
1.000000000000000e+00
1.000000000000000e+00
###1.240000000000001e+01
1.168037615190909e-10
7.800487270558979e-11
3.914844856322006e-11
2.731835908495103e-11
5.449917951809955e-11
5.141454675664556e-11
5.913252265597598e-11
8.603049382322995e-11
8.073625877158178e-11
1.028381034837825e-10
1.186674438941974e-10
1.410283020787647e-10
1.652623898868363e-10
1.983274938270513e-10
2.535716951409513e-10
3.291466207607892e-10
4.247721410081212e-10
5.628617260986538e-10
7.232990823017493e-10
9.846996847785249e-10
1.291929272957818e-09
1.742422344342597e-09
2.365247481777496e-09
3.234780886008871e-09
4.442290112894885e-09
6.151971253003623e-09
8.557764161902379e-09
1.193798381932134e-08
1.675118490699608e-08
2.356245543863119e-08
3.320396998789540e-08
4.702744263836702e-08
6.670544329183663e-08
9.463721200906277e-08
1.348394751605286e-07
1.921723991061658e-07
2.741560943891541e-07
3.914525346514545e-07
5.590529172256562e-07
7.962918157325490e-07
1.139219669484420e-06
1.626097155344192e-06
2.319548475404709e-06
3.303631383209602e-06
4.712098742078453e-06
6.705776750165763e-06
9.523486662445608e-06
1.351254605911127e-05
1.911910034951499e-05
2.706204897813498e-05
3.823813242688135e-05
5.398399249497919e-05
7.583204213392127e-05
1.065536128988708e-04
1.489466780807540e-04
2.079718356510104e-04
2.896133663832578e-04
4.028579972528680e-04
5.585914354928662e-04
7.720524445400828e-04
1.064654016792288e-03
1.462881375880892e-03
2.005289541104368e-03
2.742976191040032e-03
3.725170128084299e-03
5.051347342804421e-03
6.816269721239094e-03
9.163761862371562e-03
1.225927699221738e-02
1.638076551649832e-02
2.175323438873527e-02
2.873721336776370e-02
3.773967708810867e-02
4.930145911390926e-02
6.399868604485637e-02
8.249690529551319e-02
1.055147311354180e-01
1.340651148430167e-01
1.688212717529015e-01
2.105446198450837e-01
2.600243583962160e-01
3.173345324857897e-01
3.823873240849727e-01
4.546134790487682e-01
5.320984661680025e-01
6.128515456266255e-01
6.929543806044695e-01
7.688037882779950e-01
8.368194387364069e-01
8.939829642494302e-01
9.425205766030057e-01
9.999997890581453e-01
9.999999999999022e-01
1.000000000000000e+00
1.000000000000000e+00
1.000000000000000e+00
1.000000000000000e+00
1.000000000000000e+00
1.000000000000000e+00
1.000000000000000e+00
###1.280000000000001e+01
1.195103228899216e-10
7.863882755680740e-11
4.107573383506224e-11
2.731887364968858e-11
5.520012316641855e-11
5.297091713277920e-11
6.724468169451542e-11
9.083096958512556e-11
8.137278944540118e-11
1.066937488454938e-10
1.227794604102577e-10
1.520398834950021e-10
1.808219588656945e-10
2.168654066686888e-10
2.769212507594478e-10
3.614945039741466e-10
4.675750729883158e-10
6.200712234880510e-10
8.005646476997288e-10
1.091999442292288e-09
1.443995399769584e-09
1.954763582161570e-09
2.663196150624101e-09
3.655499368518127e-09
5.037468248372328e-09
6.997565004750122e-09
9.760918184486460e-09
1.364871650807780e-08
1.919884619535720e-08
2.706150398859548e-08
3.821036123799868e-08
5.418988335231208e-08
7.695149530636910e-08
1.092620504872670e-07
1.557506050176864e-07
2.220626176057593e-07
3.168045683427966e-07
4.522371654836261e-07
6.455290868595064e-07
9.188121113831221e-07
1.313363739048671e-06
1.872313731481149e-06
2.668059762714328e-06
3.795189841687767e-06
5.404509908412683e-06
7.678172134075801e-06
1.088762408506215e-05
1.542083767651524e-05
2.177791782680036e-05
3.077358513345138e-05
4.338883729776358e-05
6.112114810706422e-05
8.568729000344481e-05
1.201446170420853e-04
1.675880959672322e-04
2.334907514969167e-04
3.244260485553569e-04
4.502109556979409e-04
6.228209548474491e-04
8.588154976979098e-04
1.181401030954069e-03
1.619421251999536e-03
2.214181118029549e-03
3.021239357782078e-03
4.092299394748945e-03
5.534680478329490e-03
7.448666733229074e-03
9.986948590191365e-03
1.332216392240388e-02
1.774961063318884e-02
2.350057096686851e-02
3.095107949601035e-02
4.051836349429783e-02
5.275989929640507e-02
6.825777509727529e-02
8.768079086697116e-02
1.117354284615298e-01
1.414310473942847e-01
1.774053986423130e-01
2.203506315786669e-01
2.709889049140917e-01
3.292873414727366e-01
3.950450055835294e-01
4.675496262359957e-01
5.448041730256105e-01
6.247435085717058e-01
7.034836518439562e-01
7.775563237437569e-01
8.435588397162135e-01
8.987059576534190e-01
9.452841901282002e-01
9.999997890581453e-01
9.999999999999022e-01
1.000000000000000e+00
1.000000000000000e+00
1.000000000000000e+00
1.000000000000000e+00
1.000000000000000e+00
1.000000000000000e+00
1.000000000000000e+00
###1.320000000000001e+01
1.225183660954045e-10
7.866234239549899e-11
5.107081738257859e-11
3.228034039302234e-11
5.511073406275833e-11
5.768345712859381e-11
6.990308024576545e-11
9.311790824167870e-11
8.683784214392233e-11
1.156836512432140e-10
1.299781707382788e-10
1.634482085876194e-10
1.948845731560665e-10
2.380055411768459e-10
3.032418733370377e-10
3.963827853366244e-10
5.139167973939925e-10
6.831839978519416e-10
8.932324189732954e-10
1.214486052643887e-09
1.616295429902097e-09
2.199156744940227e-09
3.004073765301580e-09
4.135426689079800e-09
5.721924924717431e-09
7.967883022491825e-09
1.113894681991610e-08
1.562165493971580e-08
2.201543468290575e-08
3.109102023256605e-08
4.396356495507505e-08
6.240862412059943e-08
8.869926212682029e-08
1.260293671401305e-07
1.796795437817120e-07
2.562120309594474e-07
3.654817819374195e-07
5.214128988974506e-07
7.438980572952938e-07
1.057789444019435e-06
1.510669297732493e-06
2.151169070851203e-06
3.061333782628378e-06
4.349022714437595e-06
6.182724385621383e-06
8.769510601807563e-06
1.241414011683896e-05
1.755249435613350e-05
2.474378206886314e-05
3.490288940795084e-05
4.910402344198456e-05
6.903001764609019e-05
9.658223969781642e-05
1.351465520285948e-04
1.881253679937779e-04
2.615051488027467e-04
3.625826526161069e-04
5.019823347955346e-04
6.928633938903816e-04
9.532178896863271e-04
1.308173586496778e-03
1.788883632885716e-03
2.439826426361633e-03
3.321071227497794e-03
4.486943603336164e-03
6.052819765261898e-03
8.124540994660177e-03
1.086432375984632e-02
1.445156072069226e-02
1.919970275720286e-02
2.534604922313867e-02
3.328254472991936e-02
4.343610443657574e-02
5.637773952362832e-02
7.269754551427886e-02
9.306166656172395e-02
1.181726376459060e-01
1.490266156280845e-01
1.862182751825396e-01
2.303798476537001e-01
2.821562064160049e-01
3.414133830637516e-01
4.078313421603954e-01
4.805755629893785e-01
5.575513912265235e-01
6.366453517414247e-01
7.140173888365201e-01
7.863006260874179e-01
8.502965525002858e-01
9.034361094599763e-01
9.480502935606399e-01
9.999997890581453e-01
9.999999999999022e-01
1.000000000000000e+00
1.000000000000000e+00
1.000000000000000e+00
1.000000000000000e+00
1.000000000000000e+00
1.000000000000000e+00
1.000000000000000e+00
###1.360000000000001e+01
1.258825820331118e-10
5.765626171625711e-11
4.491797146583610e-11
2.268747776800608e-11
5.197757129487638e-11
6.061715537797594e-11
7.755459510870896e-11
9.563550437639221e-11
9.312033191919502e-11
1.221298594206192e-10
1.403053819508093e-10
1.767260398179608e-10
2.065328067235579e-10
2.581086688470947e-10
3.325256188930858e-10
4.352145616230331e-10
5.671004281651779e-10
7.553013567290454e-10
9.939090806896397e-10
1.352955595681644e-09
1.817054519252033e-09
2.474914505883143e-09
3.392756326629412e-09
4.685672266447677e-09
6.504530901391712e-09
9.080631540227000e-09
1.272517576662116e-08
1.788772111414910e-08
2.524647460604932e-08
3.570980143352370e-08
5.055705277828725e-08
7.183213309860166e-08
1.021373155738770e-07
1.452168786771104e-07
2.069929725609743e-07
2.951196388793730e-07
4.208364122312013e-07
5.999707826247438e-07
8.553666529981732e-07
1.215317066335698e-06
1.733603657277093e-06
2.465791587260352e-06
3.504706645947951e-06
4.973109449458815e-06
7.056236991136756e-06
9.991455746775090e-06
1.412039866513001e-05
1.992965387586269e-05
2.804688337224650e-05
3.948860320447349e-05
5.544195240973626e-05
7.777411745586801e-05
1.086094488004036e-04
1.516617598088655e-04
2.106867468422301e-04
2.922281639800278e-04
4.043223525617130e-04
5.584982659063850e-04
7.691249811482289e-04
1.055736811787347e-03
1.445584354687595e-03
1.972109266609545e-03
2.683278279112984e-03
3.643537963069381e-03
4.910565638300945e-03
6.607188295214938e-03
8.846135474982525e-03
1.179831513522950e-02
1.565065625875353e-02
2.073489788033824e-02
2.729464415434359e-02
3.573588576177866e-02
4.649640960299860e-02
6.015901817866258e-02
7.732186445165812e-02
9.865030592998465e-02
1.248323970190574e-01
1.568570062732401e-01
1.952635141346377e-01
2.406322606546061e-01
2.935278570191201e-01
3.537132503819520e-01
4.207412536198910e-01
4.936792920880914e-01
5.703394477841083e-01
6.485421333207561e-01
7.245194621368036e-01
7.950165053629723e-01
8.570292008993946e-01
9.081472886608916e-01
9.508033314032046e-01
9.999997890581453e-01
9.999999999999022e-01
1.000000000000000e+00
1.000000000000000e+00
1.000000000000000e+00
1.000000000000000e+00
1.000000000000000e+00
1.000000000000000e+00
1.000000000000000e+00
###1.400000000000001e+01
1.462257840417524e-10
5.980967644860450e-11
4.336054873460968e-11
2.674068205113662e-11
5.338855222368798e-11
6.542449477305667e-11
8.493761426389552e-11
9.928882582435938e-11
1.012974712604114e-10
1.225338334518215e-10
1.469545155781347e-10
1.905684447769598e-10
2.247833382737771e-10
2.821055651323274e-10
3.643238935148549e-10
4.779580435960088e-10
6.263722857125366e-10
8.370246410325335e-10
1.108176631536571e-09
1.510314174642280e-09
2.040612765703507e-09
2.788729260814355e-09
3.836057941670303e-09
5.316123570761817e-09
7.399425660892326e-09
1.035611263055328e-08
1.454244566978245e-08
2.048124839658647e-08
2.894800477509523e-08
4.099972017416020e-08
5.809506779930768e-08
8.258953845028662e-08
1.174942893394897e-07
1.670889687768335e-07
2.381152152209521e-07
3.393667605667024e-07
4.837144440064299e-07
6.890786795317205e-07
9.816929138292449e-07
1.393289602825727e-06
1.985304860006890e-06
2.820022597636271e-06
4.002932190418964e-06
5.672209059187100e-06
8.034270887387581e-06
1.135756860986033e-05
1.602297044065829e-05
2.257453575866370e-05
3.171705925969026e-05
4.456935729837005e-05
6.245338733788616e-05
8.743084544297776e-05
1.218624641621730e-04
1.698178994209979e-04
2.354352877830735e-04
3.258682973642406e-04
4.498853273384433e-04
6.200868652113570e-04
8.520580461173915e-04
1.167008662315876e-03
1.594285104571948e-03
2.169981105074626e-03
2.945454139094146e-03
3.990235881789930e-03
5.364733285813813e-03
7.200117103036286e-03
9.615402035276546e-03
1.279168550829003e-02
1.692317120721554e-02
2.235911918854643e-02
2.935052819543514e-02
3.831528362609701e-02
4.970346987138484e-02
6.411008060754893e-02
8.213501909891179e-02
1.044470885026233e-01
1.317173295832838e-01
1.649164956674789e-01
2.045438456655386e-01
2.511075939573564e-01
3.051000641923333e-01
3.661731448210078e-01
4.337741006441426e-01
5.068589336763507e-01
5.831319965480347e-01
6.604157631268365e-01
7.349852035116163e-01
8.036859830847524e-01
8.637118672161498e-01
9.128237209062713e-01
9.535281157141571e-01
9.999997890581453e-01
9.999999999999022e-01
1.000000000000000e+00
1.000000000000000e+00
1.000000000000000e+00
1.000000000000000e+00
1.000000000000000e+00
1.000000000000000e+00
1.000000000000000e+00
###1.440000000000001e+01
1.505788353695910e-10
5.957575306722797e-11
4.044595948329511e-11
2.880043854963073e-11
5.698715070905093e-11
6.497538150604212e-11
8.323102707844089e-11
1.033872967387047e-10
1.065245417072046e-10
1.326003775808297e-10
1.592905193591343e-10
2.042167150028053e-10
2.447044603024600e-10
3.089479494105167e-10
4.000444875012854e-10
5.259531663868115e-10
6.938931192697884e-10
9.287694131912431e-10
1.236620980103951e-09
1.689242739744954e-09
2.294909816659206e-09
3.147155291797749e-09
4.344324872996715e-09
6.038594510054556e-09
8.426052965180513e-09
1.181808457282334e-08
1.662339041937379e-08
2.345077322829735e-08
3.319208535815839e-08
4.704608454330897e-08
6.671588547669760e-08
9.489386305394144e-08
1.349827812864498e-07
1.920090480133920e-07
2.735437455263252e-07
3.896541749539813e-07
5.550195727190587e-07
7.899296305613807e-07
1.124387645780862e-06
1.594140039379399e-06
2.268653633905068e-06
3.218264147741933e-06
4.561592995618182e-06
6.455310857702697e-06
9.127278843280584e-06
1.288097181740309e-05
1.814178864949857e-05
2.551443489407958e-05
3.578488303392158e-05
5.019449444185121e-05
7.019887514863444e-05
9.807133869724354e-05
1.364355943768141e-04
1.897487882699390e-04
2.625474094769632e-04
3.626248764502017e-04
4.995894669044099e-04
6.871152689155549e-04
9.421503921212532e-04
1.287578251541534e-03
1.755052387038658e-03
2.383417734758770e-03
3.227569267364812e-03
4.362331963067310e-03
5.850865774511082e-03
7.833201166771967e-03
1.043489595841569e-02
1.384686530650983e-02
1.827146556015284e-02
2.407477494099387e-02
3.151531325014413e-02
4.102413335424190e-02
5.306175212841834e-02
6.823273524106648e-02
8.714386286708431e-02
1.104563629390751e-01
1.388264663429134e-01
1.732129266723083e-01
2.140520906689339e-01
2.618078985598467e-01
3.168697194132297e-01
3.787910999706135e-01
4.469205020543864e-01
5.200923957569259e-01
5.959417374152205e-01
6.722564484607153e-01
7.453978009016015e-01
8.122844669596916e-01
8.703226780642285e-01
9.174453043913822e-01
9.562174899518953e-01
9.999997890581453e-01
9.999999999999022e-01
1.000000000000000e+00
1.000000000000000e+00
1.000000000000000e+00
1.000000000000000e+00
1.000000000000000e+00
1.000000000000000e+00
1.000000000000000e+00
###1.480000000000001e+01
1.542155591247274e-10
6.325113191799527e-11
3.951046920973283e-11
3.106820976381698e-11
5.678888205867839e-11
7.190812873723560e-11
8.609201858350857e-11
1.048855278115879e-10
1.109067608608315e-10
1.428293725072694e-10
1.721380605916766e-10
2.207001977305854e-10
2.659360907833794e-10
3.389636970168348e-10
4.372416360354752e-10
5.806772487642504e-10
7.694291676641010e-10
1.032632197565425e-09
1.382437224437426e-09
1.893305219293982e-09
2.584302204547038e-09
3.557275758489925e-09
4.923436600116172e-09
6.863331109326764e-09
9.597517938741232e-09
1.348999602356555e-08
1.900789449063393e-08
2.684837245514618e-08
3.803636490035234e-08
5.394860328775070e-08
7.655347423506517e-08
1.088881644939002e-07
1.549167839227559e-07
2.203546003018856e-07
3.137514643566868e-07
4.466227208728898e-07
6.356281442426302e-07
9.039548602525434e-07
1.285225501000467e-06
1.820025599547664e-06
2.586774246418040e-06
3.664693940717915e-06
5.187159739071074e-06
7.329974823600466e-06
1.034632597730192e-05
1.457665362007687e-05
2.049570238769713e-05
2.877602733516502e-05
4.028963163702139e-05
5.640583222834054e-05
7.873788205012278e-05
1.097889460480211e-04
1.524424566084260e-04
2.115982338954095e-04
2.922024144699694e-04
4.027274052034707e-04
5.537272935618831e-04
7.599714567799119e-04
1.039876240924403e-03
1.417966226232568e-03
1.928571501745851e-03
2.613230685920591e-03
3.531059502808798e-03
4.761361710984104e-03
6.371014195385089e-03
8.508637359524623e-03
1.130718219431669e-02
1.496667430855187e-02
1.969847128716155e-02
2.588632485540099e-02
3.379438703678510e-02
4.386647239507875e-02
5.657546699161754e-02
7.253358030047082e-02
9.234970826691132e-02
1.166808189204619e-01
1.461643551484548e-01
1.817410950215430e-01
2.237964632160655e-01
2.727210194713588e-01
3.288358201064199e-01
3.915619731671527e-01
4.601726663632269e-01
5.333754464776626e-01
6.087460015687016e-01
6.840583212308557e-01
7.557539806759486e-01
8.208026721179603e-01
8.768455270563292e-01
9.219991661774903e-01
9.588517014611655e-01
9.999997890581453e-01
9.999999999999022e-01
1.000000000000000e+00
1.000000000000000e+00
1.000000000000000e+00
1.000000000000000e+00
1.000000000000000e+00
1.000000000000000e+00
1.000000000000000e+00
###1.520000000000001e+01
1.589526674652031e-10
6.333028484294093e-11
4.421948980280852e-11
3.358288632607208e-11
6.074774741321916e-11
7.167229843728291e-11
9.000351928072423e-11
1.095919135822898e-10
1.166692449674931e-10
1.532055060436937e-10
1.855805022495011e-10
2.398498935758223e-10
2.905199011013884e-10
3.733983017309694e-10
4.818366076899703e-10
6.436767695654093e-10
8.544386758199659e-10
1.150670477922007e-09
1.548449473232086e-09
2.126099581293085e-09
2.913566336701136e-09
4.024175582118042e-09
5.584983221400968e-09
7.804047766176749e-09
1.093947344509289e-08
1.539887521905839e-08
2.173036943648155e-08
3.071773571479926e-08
4.355367199362590e-08
6.182848405860716e-08
8.774423421324340e-08
1.248107330142052e-07
1.775207443544946e-07
2.524866257867213e-07
3.592608349272000e-07
5.110068246061973e-07
7.266192248871886e-07
1.032311265305484e-06
1.466295943066612e-06
2.073793154138907e-06
2.943602333274658e-06
4.164166460095381e-06
5.886143105105118e-06
8.305324864390415e-06
1.170360368150777e-05
1.646084819274164e-05
2.310714374017177e-05
3.238531110089336e-05
4.526683054392180e-05
6.325912068202984e-05
8.813791686934778e-05
1.226536336689627e-04
1.699910227020871e-04
2.354976711411650e-04
3.245805861054540e-04
4.464383616858153e-04
6.126093586999815e-04
8.390180629599985e-04
1.145647002655213e-03
1.558913063498358e-03
2.115750727675977e-03
2.860604313687864e-03
3.856639290607452e-03
5.188510471384194e-03
6.926956223065792e-03
9.228583159005422e-03
1.223477296934503e-02
1.615423555653261e-02
2.120736735210933e-02
2.779707552278834e-02
3.619095412124795e-02
4.684793627855686e-02
6.024774901695074e-02
7.701583240664520e-02
9.775859928458643e-02
1.231253163629003e-01
1.537370657947473e-01
1.905123901935974e-01
2.337770924633764e-01
2.838563396285229e-01
3.409840620042788e-01
4.044837708743667e-01
4.735126496680996e-01
5.467009050728284e-01
6.215317464809178e-01
6.958045226593604e-01
7.659942689096512e-01
8.292174972562603e-01
8.832679580930628e-01
9.264740101388264e-01
9.614293368295409e-01
9.999997890581453e-01
9.999999999999022e-01
1.000000000000000e+00
1.000000000000000e+00
1.000000000000000e+00
1.000000000000000e+00
1.000000000000000e+00
1.000000000000000e+00
1.000000000000000e+00
###1.560000000000001e+01
1.634283471355709e-10
6.509671189329403e-11
4.535796946109537e-11
3.639145273936847e-11
5.322083813490033e-11
7.964439003033471e-11
9.259512718109118e-11
1.159766251490530e-10
1.225809953588948e-10
1.641596944120231e-10
2.022749474873982e-10
2.563403071851724e-10
3.177126196701408e-10
4.096015398660219e-10
5.328308989976288e-10
7.115170118458164e-10
9.505211230321424e-10
1.285255242368284e-09
1.737637854534021e-09
2.392081907919994e-09
3.289278719757763e-09
4.557479908135990e-09
6.339186467171687e-09
8.877943122436221e-09
1.246774450853183e-08
1.757401293823840e-08
2.483171493704183e-08
3.513243061210388e-08
4.984310697314104e-08
7.077687177751004e-08
1.004602935477801e-07
1.428811205587879e-07
2.031598320209272e-07
2.888427477062537e-07
4.106966214963580e-07
5.836345461673195e-07
8.292106044712368e-07
1.176775545443305e-06
1.669516002893729e-06
2.358401255810479e-06
3.343168061148549e-06
4.722697356983634e-06
6.665750903162080e-06
9.390790897612648e-06
1.321160190911778e-05
1.855160355265765e-05
2.599975550355322e-05
3.637743150929906e-05
5.075929515628953e-05
7.080524947711072e-05
9.846770621590393e-05
1.367407007435953e-04
1.892098702144696e-04
2.616167899462069e-04
3.598841705307272e-04
4.940344229960743e-04
6.765556603863782e-04
9.247374573759508e-04
1.260077119808294e-03
1.711070485623189e-03
2.317355281854109e-03
3.126407671089735e-03
4.205832989316803e-03
5.645518217377507e-03
7.519985400563076e-03
9.995360171206939e-03
1.322010748236728e-02
1.741289961418352e-02
2.280184523816185e-02
2.981066167768341e-02
3.870980268404665e-02
4.997289893373945e-02
6.408568510137247e-02
8.168372933973909e-02
1.033747758505080e-01
1.297955789471999e-01
1.615422343091101e-01
1.995225597939178e-01
2.439909655670502e-01
2.952011561902111e-01
3.533123131813664e-01
4.175406107219960e-01
4.869421164069745e-01
5.600558892674141e-01
6.342955030017692e-01
7.074736026476410e-01
7.761380035896684e-01
8.375123193970491e-01
8.895672370524377e-01
9.308501613875034e-01
9.639382434751749e-01
9.999997890581453e-01
9.999999999999022e-01
1.000000000000000e+00
1.000000000000000e+00
1.000000000000000e+00
1.000000000000000e+00
1.000000000000000e+00
1.000000000000000e+00
1.000000000000000e+00
