# NLO BK equation solver 0.0-dev build  (build Oct 13 2025 12:18:44)
# Initial condition: MV model, Q_s0^2 = 0.106245 GeV^2, \gamma = 3.85735, coefficient of E inside Log is 1, x0=0.01, \Lambda_QCD = 0.241 GeV
# # LO Kernel RC:  Parent dipole. NLO Kernel RC:  Parent dipole
# Nc=3, Nf=4
# Using RungeKutta method in K1
# Resumming double log
# Resumming single log, K_sub=0.65 resum rc: parent
# BK K1 integration relative accuracy: 0.02# NLO BK as^2 terms: MC integration method: Vegas, points=1000000
# Kinematical constraint: none
# Target kinematical constraint: disabled

###1.000000000000000e-05
###1.160836920850890e+00
###100
###1.000000000000000e+00
###0.000000000000000e+00
1.514704163351482e-42
4.731323102320020e-42
1.477672921994589e-41
4.614381965775783e-41
1.440744047354032e-40
4.497764245860149e-40
1.403917355080978e-39
4.381469376279640e-39
1.367192672179378e-38
4.265496832177958e-38
1.330569840787686e-37
4.149846144008165e-37
1.294048723267454e-36
4.034516916198436e-36
1.257629209050160e-35
3.919508852266829e-35
1.221311223849382e-34
3.804821788611241e-34
1.185094742054655e-33
3.690455739968255e-33
1.148979803404733e-32
3.576410960565232e-32
1.112966535415600e-31
3.462688026374180e-31
1.077055183545580e-30
3.349287945732092e-30
1.041246151759627e-29
3.236212308080882e-29
1.005540057065167e-28
3.123463483908778e-28
9.699378028087860e-28
3.011044893421239e-27
9.344406771463006e-27
2.898961367390850e-26
8.990504852569020e-26
2.787219631493351e-25
8.637697267292883e-25
2.675828955810559e-24
8.286018333076142e-24
2.564802024780985e-23
7.935514870920724e-23
2.454156100531924e-22
7.586250456177821e-22
2.343914575121854e-21
7.238311082613677e-21
2.234109035553110e-20
6.891812683498027e-20
2.124781999855244e-19
6.546911071528006e-19
2.015990522383545e-18
6.203814991068946e-18
1.907810908736921e-17
5.862803106131332e-17
1.800344817992948e-16
5.524245841640020e-16
1.693727047043405e-15
5.188632987403244e-15
1.588135260324885e-14
4.856607745208594e-14
1.483801799649916e-13
4.529007255352593e-13
1.381027407258761e-12
4.206908291847139e-12
1.280196115486353e-11
3.891674400236154e-11
1.181789580736826e-10
3.584996933530056e-10
1.086397696413264e-09
3.288917207810178e-09
9.947205169607563e-09
3.005811218281020e-08
9.075548658587207e-08
2.738314519627358e-07
8.257585925948611e-07
2.489167466115826e-06
7.501879268721179e-06
2.260949731469619e-05
6.815868926712820e-05
2.055694189033730e-04
6.204114744677858e-04
1.873622461631919e-03
5.658640985727881e-03
1.705136869166435e-02
5.087840468685445e-02
1.468903213429799e-01
3.839240688931408e-01
7.724261991588883e-01
9.892673324150928e-01
9.999991023731376e-01
1.000000000000000e+00
1.000000000000000e+00
1.000000000000000e+00
1.000000000000000e+00
1.000000000000000e+00
1.000000000000000e+00
1.000000000000000e+00
1.000000000000000e+00
1.000000000000000e+00
1.000000000000000e+00
1.000000000000000e+00
###4.000000000000000e-01
6.980105009035097e-12
-2.650588854637664e-12
6.953492527889664e-13
-3.104282404336748e-11
6.012712801309892e-13
-6.113625469967458e-12
3.300933819985023e-12
-8.869557727835257e-12
-2.191276347082329e-11
-3.872625924900984e-12
-1.273313997108530e-11
1.442952709243243e-12
3.885515824340879e-12
-1.939792457878149e-12
1.624344891993239e-12
2.514516042846728e-12
3.276587083653348e-12
-2.149967145228342e-12
4.926563671257344e-12
6.494383486364675e-12
1.085096104727839e-11
1.612826370515138e-11
1.560011706660025e-11
3.104499316665464e-11
3.133238831073109e-11
4.224885227395588e-11
5.879825707198886e-11
7.556447279300105e-11
9.959390856723930e-11
1.375760665969787e-10
1.853934953784021e-10
2.483709031457236e-10
3.317449538458188e-10
4.462306114195340e-10
5.941441131462804e-10
7.879425289072969e-10
1.047975935988305e-09
1.391505236177712e-09
1.834652368470817e-09
2.419994440161962e-09
3.197694699905018e-09
4.166804012528630e-09
5.484848725980282e-09
7.192366759930369e-09
9.325712182670152e-09
1.216858461353443e-08
1.577011780748863e-08
2.051454644583016e-08
2.664012963673629e-08
3.479519455338961e-08
4.541251793803310e-08
5.938776423690076e-08
7.812506531648301e-08
1.034979721613990e-07
1.387125224447795e-07
1.894072445956190e-07
2.591809499455195e-07
3.624558027586716e-07
5.165254990635959e-07
7.462379138597101e-07
1.091842081429807e-06
1.620759419686021e-06
2.451237324934247e-06
3.729941228007213e-06
5.695468488090397e-06
8.747307922917981e-06
1.350883975467397e-05
2.088206523764369e-05
3.234439112552834e-05
5.020186476568513e-05
7.776367866497622e-05
1.203050810558530e-04
1.864617140486433e-04
2.893650840125130e-04
4.494122116036893e-04
7.018583061500548e-04
1.104855948482736e-03
1.759698840871487e-03
2.862239117150737e-03
4.817802870283295e-03
8.530667639033771e-03
1.616448780257897e-02
3.332203842224445e-02
7.432937504888847e-02
1.741234907609336e-01
3.957339194174462e-01
7.377881395833055e-01
9.440204780294427e-01
9.999991023731376e-01
1.000000000000000e+00
1.000000000000000e+00
1.000000000000000e+00
1.000000000000000e+00
1.000000000000000e+00
1.000000000000000e+00
1.000000000000000e+00
1.000000000000000e+00
1.000000000000000e+00
1.000000000000000e+00
1.000000000000000e+00
###8.000000000000000e-01
4.778447291710234e-12
-1.614554777111900e-11
-2.627889408845942e-11
-1.658016152046413e-11
-4.782992834210911e-12
-4.766280948434873e-12
1.681580389754291e-12
-1.689579008509669e-11
-1.013707641288725e-11
-6.687689016785762e-11
-1.167546964510043e-11
1.067344085132512e-12
4.512001504862805e-12
1.302970508890898e-11
2.122099945915010e-12
7.082113653962060e-12
9.746147736650611e-12
3.354524531989085e-12
1.216356605876151e-11
1.312468468403039e-11
3.432314205523753e-11
2.710687211766974e-11
3.048754386548645e-11
5.646164994499464e-11
6.559891560422540e-11
8.915621522452352e-11
1.216165883758054e-10
1.591409596762985e-10
2.110968788309466e-10
2.856310447381046e-10
3.882050158278324e-10
5.184159933885510e-10
6.900416114069432e-10
9.235170923800560e-10
1.227414652944722e-09
1.635087884930295e-09
2.164050233012629e-09
2.870092772773600e-09
3.780976224917259e-09
4.995412330371875e-09
6.567410379009369e-09
8.585416724820005e-09
1.130922339943575e-08
1.490219312256607e-08
1.929741116801210e-08
2.536019549643545e-08
3.288054860861963e-08
4.324910782259430e-08
5.638948409922562e-08
7.425570422020015e-08
9.787228798555871e-08
1.297900528766520e-07
1.731228644076923e-07
2.338374105924527e-07
3.197055455181742e-07
4.422049136470055e-07
6.176806190145020e-07
8.757717700945285e-07
1.261303553049699e-06
1.842441227332015e-06
2.720430297671984e-06
4.033577115710486e-06
6.104035732754755e-06
9.245890056256942e-06
1.405421031788607e-05
2.140034935494465e-05
3.281382490898125e-05
5.019142699399359e-05
7.702272077849422e-05
1.183629651885789e-04
1.812527810708439e-04
2.769025618975967e-04
4.239292380613589e-04
6.502638077720596e-04
9.974724329329407e-04
1.532399082731909e-03
2.368153174138913e-03
3.685467979333697e-03
5.801748985264006e-03
9.332664275773861e-03
1.545675976676361e-02
2.672367189936843e-02
4.904655291526682e-02
9.606489511870840e-02
1.983286274127111e-01
4.059917637881757e-01
7.100534116458052e-01
9.071274293540948e-01
9.999991023731376e-01
1.000000000000000e+00
1.000000000000000e+00
1.000000000000000e+00
1.000000000000000e+00
1.000000000000000e+00
1.000000000000000e+00
1.000000000000000e+00
1.000000000000000e+00
1.000000000000000e+00
1.000000000000000e+00
1.000000000000000e+00
###1.200000000000000e+00
-3.159219488558969e-12
-1.795232572524807e-11
2.827307154121630e-11
-1.530249279523620e-11
-5.872720328406936e-12
-3.606006577346190e-12
3.198482657497536e-12
-1.600526064420248e-11
-7.470315929702935e-12
-7.219672771747634e-11
-1.438016941330951e-13
4.555154081596739e-12
6.672880340043140e-12
1.602111242006558e-11
3.138091567280363e-12
1.054479489484077e-11
1.057011186812558e-11
8.465953000451102e-12
1.929870638668156e-11
2.130450158039086e-11
4.490858366885662e-11
4.304027331671598e-11
5.160974256597292e-11
8.198778882852946e-11
1.051709959125369e-10
1.344124879504897e-10
1.850133353017092e-10
2.474660175353932e-10
3.272719268252795e-10
4.503747231363286e-10
6.059130515119547e-10
8.090103027845642e-10
1.078107576774561e-09
1.439837366695289e-09
1.910014320880640e-09
2.545794835273643e-09
3.357342312110387e-09
4.450731642780735e-09
5.879573564881070e-09
7.735977520436155e-09
1.018940076756101e-08
1.335089401953926e-08
1.758352643110412e-08
2.316507268138981e-08
3.015776797831325e-08
3.977857158313580e-08
5.182120667211661e-08
6.872376487353333e-08
9.027642732848934e-08
1.199679385324383e-07
1.598376592926340e-07
2.146085200520440e-07
2.911117976598447e-07
3.990945591698586e-07
5.524953670669551e-07
7.750516929357576e-07
1.097199346319771e-06
1.575347357409465e-06
2.287513028075231e-06
3.359001778586158e-06
4.979063612494249e-06
7.392027556895680e-06
1.115715289636068e-05
1.681669838345435e-05
2.544511553030075e-05
3.846613661978333e-05
5.856662176885911e-05
8.882304907051826e-05
1.350592881203695e-04
2.055134752251488e-04
3.119431666281980e-04
4.723530156354764e-04
7.151562154998644e-04
1.084980491583030e-03
1.646655069365328e-03
2.498333770364783e-03
3.810318154733352e-03
5.833319843973374e-03
9.006814636995540e-03
1.413364115732357e-02
2.262078584545749e-02
3.730710020800267e-02
6.426399167334197e-02
1.163309080702613e-01
2.200753510753322e-01
4.151883245227537e-01
6.880666744480144e-01
8.772022786328472e-01
9.999991023731376e-01
1.000000000000000e+00
1.000000000000000e+00
1.000000000000000e+00
1.000000000000000e+00
1.000000000000000e+00
1.000000000000000e+00
1.000000000000000e+00
1.000000000000000e+00
1.000000000000000e+00
1.000000000000000e+00
1.000000000000000e+00
###1.600000000000000e+00
5.537902290620989e-14
-3.221569965821164e-11
3.321386218417814e-11
-1.846524064934865e-11
-2.530801396246294e-12
-2.213324665933653e-13
3.214626605108645e-12
-1.162996576747254e-11
-5.668629272509052e-12
-7.229073136414263e-11
3.818599224185839e-12
1.081872969132603e-11
7.779344646018516e-12
1.296579169536629e-11
4.353083172662691e-12
1.155116293605323e-11
1.371099460526689e-11
1.809085165046791e-11
2.289696892763540e-11
3.030675087861993e-11
5.537314163136274e-11
6.157102980552661e-11
7.353040066569323e-11
1.351044866103637e-10
1.488102929736038e-10
1.943116390039170e-10
2.597840400666400e-10
3.453443029878586e-10
4.631094876119057e-10
6.307586542861106e-10
8.407803667241142e-10
1.121164676772067e-09
1.497694364806037e-09
1.995093842421865e-09
2.641866829607929e-09
3.522402984319439e-09
4.646463905147535e-09
6.147976762206050e-09
8.131256510598009e-09
1.067859253889263e-08
1.408359664957322e-08
1.851218257880211e-08
2.443698851833368e-08
3.222176007540144e-08
4.225588224545456e-08
5.580456956332097e-08
7.316843452637486e-08
9.795466447428497e-08
1.297440161059253e-07
1.741696013922069e-07
2.345465072455167e-07
3.184839167317536e-07
4.379299083347478e-07
6.074891120163327e-07
8.511541983250213e-07
1.208551869594064e-06
1.728768267776731e-06
2.505092736681369e-06
3.651037877158273e-06
5.376548156176926e-06
7.980201723099662e-06
1.186314592069003e-05
1.780458204855200e-05
2.673847355290568e-05
4.019372276218892e-05
6.053131185418547e-05
9.143400009463026e-05
1.376582394815509e-04
2.076152348166086e-04
3.130724472652859e-04
4.714970944477501e-04
7.083457837462118e-04
1.061956752335391e-03
1.595657950518525e-03
2.398123207548146e-03
3.599540970551202e-03
5.427703236540256e-03
8.202596395616895e-03
1.247408909637182e-02
1.920276379767817e-02
2.999408572617624e-02
4.790296503527647e-02
7.900276597482582e-02
1.353128386254795e-01
2.398041003347581e-01
4.236992128980006e-01
6.708724338784869e-01
8.531107681775510e-01
9.999991023731376e-01
1.000000000000000e+00
1.000000000000000e+00
1.000000000000000e+00
1.000000000000000e+00
1.000000000000000e+00
1.000000000000000e+00
1.000000000000000e+00
1.000000000000000e+00
1.000000000000000e+00
1.000000000000000e+00
1.000000000000000e+00
###2.000000000000000e+00
-7.488747460066322e-13
-2.564429991099550e-11
3.663236231178019e-11
-1.991717502038448e-11
-3.440888894284771e-12
-2.577900185851294e-13
9.454830626000835e-12
-1.391479204419344e-11
-7.746826064835782e-12
-7.059592726930915e-11
6.403774416594598e-12
6.899146178622633e-12
4.014899097278590e-12
1.186875598785348e-11
1.675750127897654e-11
1.430720460673446e-11
1.546817008275131e-11
2.325769536743415e-11
2.841341078123780e-11
3.244702312341541e-11
6.810695990689269e-11
8.018819832181273e-11
1.055161911600210e-10
1.663197146870913e-10
1.943071421083687e-10
2.657085534319607e-10
3.389647827161494e-10
4.534894351913248e-10
6.029726694730345e-10
8.247348957695112e-10
1.100939425629472e-09
1.461645907986580e-09
1.948653700711946e-09
2.592706980327650e-09
3.427695590270833e-09
4.569867057854141e-09
6.031131520872003e-09
7.973511600718117e-09
1.056759271538080e-08
1.386561954878465e-08
1.832604836533251e-08
2.416167752581753e-08
3.194534844327688e-08
4.227029726389974e-08
5.580332738062638e-08
7.410095838318503e-08
9.812604961272514e-08
1.319848777963290e-07
1.762436875828978e-07
2.389828037229314e-07
3.254973672689913e-07
4.464733033649266e-07
6.213571945412922e-07
8.705456223550885e-07
1.232845709034801e-06
1.764826986054896e-06
2.545307223920052e-06
3.706658823153858e-06
5.413353481025086e-06
7.985387980066030e-06
1.185127355172147e-05
1.759878424781700e-05
2.627742944505137e-05
3.935705794756617e-05
5.888623559208850e-05
8.814936341785030e-05
1.322057171740090e-04
1.978808256743680e-04
2.958312423329041e-04
4.428184893000997e-04
6.617964485087602e-04
9.864260689896813e-04
1.466768037369952e-03
2.184102166391166e-03
3.253332240083655e-03
4.839031449324087e-03
7.219657073582492e-03
1.078414402074328e-02
1.618624754326441e-02
2.473603555892176e-02
3.755858750776854e-02
5.849404542985989e-02
9.329699525053105e-02
1.531937874391973e-01
2.578662328303845e-01
4.317819356052989e-01
6.576998112325133e-01
8.338520389310337e-01
9.999991023731376e-01
1.000000000000000e+00
1.000000000000000e+00
1.000000000000000e+00
1.000000000000000e+00
1.000000000000000e+00
1.000000000000000e+00
1.000000000000000e+00
1.000000000000000e+00
1.000000000000000e+00
1.000000000000000e+00
1.000000000000000e+00
###2.400000000000000e+00
4.222281911606371e-12
-1.573716645223215e-11
2.469687946636305e-11
7.715460018901200e-12
-1.054645951593654e-11
-7.505447713716281e-12
8.088271669508249e-12
-1.262790126042190e-11
1.462675404716060e-11
-7.257204901828016e-11
1.007152296981781e-11
8.181203898514547e-12
3.553134214587539e-12
1.096845271463028e-11
1.850427707200386e-11
1.435849212718145e-11
1.892751603666098e-11
2.881277064292991e-11
3.960831039156968e-11
4.917727333376035e-11
8.372143502371342e-11
1.023304933067778e-10
1.359476214327179e-10
1.993593440768873e-10
2.421967729161502e-10
3.304268885706101e-10
4.269148908576780e-10
5.696525327384624e-10
7.603024821267880e-10
1.031073069598831e-09
1.376710998107031e-09
1.830711250004476e-09
2.437257016742975e-09
3.237027112483721e-09
4.275104144605750e-09
5.704761976307797e-09
7.523957044998400e-09
9.948029834878647e-09
1.321494019126797e-08
1.736204540598836e-08
2.297895924775692e-08
3.042589870158920e-08
4.032314507019565e-08
5.357073620097964e-08
7.117770969237539e-08
9.517132805002681e-08
1.271165486565150e-07
1.721084786732874e-07
2.318563387704005e-07
3.173287089701388e-07
4.366591715042925e-07
6.053219674995100e-07
8.504802278920708e-07
1.203693157826806e-06
1.716318794531351e-06
2.471054883335435e-06
3.583405483262794e-06
5.236466754599660e-06
7.650458082056023e-06
1.128879711843742e-05
1.673470042195807e-05
2.478217089860190e-05
3.687818760805185e-05
5.501004424142234e-05
8.192209010834692e-05
1.219510898360845e-04
1.817536172667248e-04
2.703269096099199e-04
4.010931102928441e-04
5.963628048409748e-04
8.848964660505323e-04
1.313989393188645e-03
1.952381089785189e-03
2.853707811545722e-03
4.215592072675866e-03
6.216418463688166e-03
9.184552866593821e-03
1.357516349062774e-02
2.014194090517293e-02
3.025215891969803e-02
4.530808118647978e-02
6.907984212006155e-02
1.072222276798226e-01
1.701377442357680e-01
2.746011493449046e-01
4.396729155804404e-01
6.479040176490219e-01
8.186648016636107e-01
9.999991023731376e-01
1.000000000000000e+00
1.000000000000000e+00
1.000000000000000e+00
1.000000000000000e+00
1.000000000000000e+00
1.000000000000000e+00
1.000000000000000e+00
1.000000000000000e+00
1.000000000000000e+00
1.000000000000000e+00
1.000000000000000e+00
###2.800000000000000e+00
-3.404854047005992e-11
-2.956479073065868e-11
2.661841908980219e-11
-1.264954979041040e-11
-1.024270706179280e-11
-1.699962628001183e-11
5.153758666005541e-12
-1.089101815181744e-11
1.378318244610893e-11
-6.322536030571448e-11
9.689664726888943e-12
1.072728120256041e-11
8.549111090762203e-12
1.316961586608609e-11
2.273553541801959e-11
2.055137745405763e-11
2.301927947966352e-11
3.851277785312452e-11
4.781611271956944e-11
6.373774261122869e-11
9.896221909020072e-11
1.248189173832720e-10
1.637604813473848e-10
2.603595089109842e-10
2.981386209089328e-10
4.012749333554533e-10
5.247507810226495e-10
6.972574750660745e-10
9.341419982662785e-10
1.253361006589946e-09
1.674349806425143e-09
2.224725647223082e-09
2.958618651932306e-09
3.927777042486269e-09
5.198508316623233e-09
6.929353210906239e-09
9.144267858629705e-09
1.209771452311639e-08
1.612453932789251e-08
2.120834481790212e-08
2.817584016431463e-08
3.743058128561819e-08
4.978735273121132e-08
6.644430983271321e-08
8.888270691503479e-08
1.197313685717012e-07
1.612735461797554e-07
2.198838759202940e-07
2.986884593255177e-07
4.127202906501137e-07
5.733129479227560e-07
8.024140454994334e-07
1.135788335936679e-06
1.619296486090122e-06
2.322339761824420e-06
3.357434989326445e-06
4.883910136895572e-06
7.145705829377838e-06
1.045080880397945e-05
1.539436102719197e-05
2.278636992885505e-05
3.364141423468757e-05
4.986819935792892e-05
7.408307631471118e-05
1.097703088797284e-04
1.625442729107482e-04
2.407324883160706e-04
3.559316409283285e-04
5.248258363246182e-04
7.752558757209051e-04
1.142859081393682e-03
1.683713716842978e-03
2.477548780360779e-03
3.606407009803259e-03
5.285372577581087e-03
7.730766761271955e-03
1.132001575297599e-02
1.656778141461653e-02
2.432088400327382e-02
3.599656521759760e-02
5.322220288527670e-02
7.965883487338417e-02
1.208346583373148e-01
1.862727882471745e-01
2.902533870095739e-01
4.474995630498215e-01
6.409422787564041e-01
8.069314084397523e-01
9.999991023731376e-01
1.000000000000000e+00
1.000000000000000e+00
1.000000000000000e+00
1.000000000000000e+00
1.000000000000000e+00
1.000000000000000e+00
1.000000000000000e+00
1.000000000000000e+00
1.000000000000000e+00
1.000000000000000e+00
1.000000000000000e+00
###3.200000000000000e+00
-3.651621527387820e-11
-3.970540965812420e-11
2.605531175830162e-11
-3.432164827160815e-11
-3.190016385298268e-12
-2.322836264808993e-11
9.073940187864078e-11
-1.503422927350529e-11
1.810480027042797e-11
-6.324806402607186e-11
1.138472529854227e-11
-5.451131410028335e-12
1.314754680281823e-11
1.944962807326494e-11
2.933987748423439e-11
2.765896218996663e-11
3.182324464267031e-11
4.655871417465009e-11
5.734359262654284e-11
7.528680182841469e-11
1.183465678803353e-10
1.501744729724415e-10
2.052506095911039e-10
2.997506705816300e-10
3.565623294309034e-10
4.780850234495161e-10
6.273673589537704e-10
8.329212661312582e-10
1.115968190256313e-09
1.495543450264064e-09
1.996044442923363e-09
2.650538074231228e-09
3.525555700955796e-09
4.680099836624798e-09
6.191896490693634e-09
8.261094845058461e-09
1.091741404029529e-08
1.445877370414594e-08
1.932321030985069e-08
2.549301966671882e-08
3.396598956015263e-08
4.530224559557678e-08
6.055318797439190e-08
8.129401465556439e-08
1.095508758414253e-07
1.487026478660792e-07
2.017556635940532e-07
2.771946748296070e-07
3.794761349029898e-07
5.284438061637210e-07
7.406179911165400e-07
1.044031888438841e-06
1.487364512284400e-06
2.133761960133580e-06
3.072582279727192e-06
4.453720922640696e-06
6.491167376276777e-06
9.504718041438071e-06
1.388750437317061e-05
2.042802403151539e-05
3.016297617484453e-05
4.437743180196368e-05
6.554679222975601e-05
9.693944860070254e-05
1.428894078608417e-04
2.106150204866142e-04
3.100584554461367e-04
4.558671783958224e-04
6.683157819142231e-04
9.810203797099664e-04
1.437322158512570e-03
2.102269672957544e-03
3.068224861461932e-03
4.444090631611900e-03
6.464901494922328e-03
9.383466160297586e-03
1.362476442690068e-02
1.975909286882482e-02
2.871364076888805e-02
4.195476408646282e-02
6.130164982170061e-02
9.023816181982640e-02
1.341574039519871e-01
2.017231811598058e-01
3.050382481523046e-01
4.553489963930251e-01
6.363754934411894e-01
7.980090001284598e-01
9.999991023731376e-01
1.000000000000000e+00
1.000000000000000e+00
1.000000000000000e+00
1.000000000000000e+00
1.000000000000000e+00
1.000000000000000e+00
1.000000000000000e+00
1.000000000000000e+00
1.000000000000000e+00
1.000000000000000e+00
1.000000000000000e+00
###3.600000000000000e+00
-3.743206344954156e-11
-1.222436528902205e-11
3.253366528764537e-11
-3.244497863476694e-11
-2.855325467509402e-11
-2.019101581289268e-11
8.558607805346264e-11
-2.595547800057369e-12
2.393500299186464e-11
-6.137749760752567e-11
1.223509908869874e-11
-1.107898432029357e-12
1.793736116933582e-11
2.270568838446152e-11
3.330309092469402e-11
3.488567099939137e-11
4.251368000489427e-11
5.736029037587925e-11
6.585281067681663e-11
9.172883997626538e-11
1.369468052430592e-10
1.764185231106025e-10
2.432682037436630e-10
3.516421633867443e-10
4.203508804805679e-10
5.610860764892483e-10
7.403832441824347e-10
9.812349495469125e-10
1.306671906122152e-09
1.756254390629542e-09
2.344504114813753e-09
3.111358175176261e-09
4.139608142303515e-09
5.502341667910748e-09
7.274916240047570e-09
9.724183943431339e-09
1.286706584125120e-08
1.706695680156797e-08
2.290217900400868e-08
3.030086812099150e-08
4.052693099365513e-08
5.429954396920862e-08
7.296343983116239e-08
9.856192650892845e-08
1.338048600392526e-07
1.829426485135689e-07
2.501291071029049e-07
3.460359595178179e-07
4.770367224306508e-07
6.690675840955968e-07
9.445681232675050e-07
1.340676163557794e-06
1.917939797757882e-06
2.764262180486299e-06
3.990154427426891e-06
5.793511730686268e-06
8.451051911584764e-06
1.237830222996728e-05
1.805657328535296e-05
2.650033015119515e-05
3.902803566520056e-05
5.722805995454300e-05
8.420010552494168e-05
1.239824246538838e-04
1.818821972253407e-04
2.668454346752739e-04
3.904817309158722e-04
5.713415797384796e-04
8.328500248911127e-04
1.215567282341976e-03
1.770390258723832e-03
2.571568203574560e-03
3.727088020848626e-03
5.371588155434303e-03
7.756415868123268e-03
1.117609029337623e-02
1.609817642563672e-02
2.314483782757365e-02
3.331624189998055e-02
4.812373229306607e-02
6.951795216110630e-02
1.008111172695296e-01
1.472311392279748e-01
2.165945355889671e-01
3.191353123747125e-01
4.633107639394367e-01
6.338452350670787e-01
7.914850306452696e-01
9.999991023731376e-01
1.000000000000000e+00
1.000000000000000e+00
1.000000000000000e+00
1.000000000000000e+00
1.000000000000000e+00
1.000000000000000e+00
1.000000000000000e+00
1.000000000000000e+00
1.000000000000000e+00
1.000000000000000e+00
1.000000000000000e+00
###4.000000000000000e+00
-3.609777437365497e-11
-2.376540788225729e-11
3.429289152341465e-11
-3.325398704753538e-11
-3.318399966077194e-11
-3.393730357234215e-11
6.928669435714068e-11
-3.125294621067474e-12
1.535648050330073e-11
-6.084232471857417e-11
-5.692082288356064e-12
9.142560160100518e-13
1.914840475820961e-11
2.631383568841512e-11
3.684650935979923e-11
3.937029619275490e-11
5.450538771460361e-11
7.113077828731527e-11
8.166642965634322e-11
1.121297841100334e-10
1.567985700715540e-10
2.050728972857339e-10
2.913608084293001e-10
3.991368487458217e-10
4.877233346674088e-10
6.509843679353271e-10
8.611909226938594e-10
1.139869227306384e-09
1.520004951475410e-09
2.042126420501385e-09
2.733960400685561e-09
3.614934125575403e-09
4.808603898134404e-09
6.396135997759165e-09
8.466963930096942e-09
1.133500472406777e-08
1.502837749156923e-08
1.997710485453280e-08
2.690125426683268e-08
3.575674216782521e-08
4.802335686427569e-08
6.470037104661216e-08
8.738317797910339e-08
1.188129887462929e-07
1.624045320060539e-07
2.233933441721531e-07
3.078096700376683e-07
4.285848392232280e-07
5.950980186341269e-07
8.395607006239457e-07
1.192201275154665e-06
1.700825025370333e-06
2.442281294715408e-06
3.529879346613332e-06
5.102114797624366e-06
7.415447306938174e-06
1.076165146140573e-05
1.582045005377424e-05
2.305971827743517e-05
3.376765370727219e-05
4.958958042494162e-05
7.243705478315579e-05
1.062108221190355e-04
1.556845101317391e-04
2.273234474170816e-04
3.319856322745768e-04
4.831922364657720e-04
7.035190204970115e-04
1.020057222511905e-03
1.480665990424415e-03
2.143480852647453e-03
3.094992005257309e-03
4.456608162983590e-03
6.388638669755384e-03
9.161758298033599e-03
1.310961076000092e-02
1.873905342236367e-02
2.672528363782925e-02
3.812597479529180e-02
5.449124464332864e-02
7.787054113692050e-02
1.113960128182424e-01
1.600920802908521e-01
2.309879592956719e-01
3.326782497305635e-01
4.714327329078498e-01
6.330354403926055e-01
7.869832172207197e-01
9.999991023731376e-01
1.000000000000000e+00
1.000000000000000e+00
1.000000000000000e+00
1.000000000000000e+00
1.000000000000000e+00
1.000000000000000e+00
1.000000000000000e+00
1.000000000000000e+00
1.000000000000000e+00
1.000000000000000e+00
1.000000000000000e+00
###4.399999999999999e+00
-3.931360967224180e-11
-2.156499046143382e-11
4.073883518278380e-11
-8.335930118701774e-11
-3.733613610724716e-11
-3.572478694024741e-11
1.096222319381265e-10
-4.455445989896471e-12
3.060039250727001e-11
-6.150072374818624e-11
-4.783183711867620e-12
5.292672708598402e-12
1.900919618533308e-11
1.510483405347761e-11
3.915610151720687e-11
4.914286828438559e-11
5.803928486815738e-11
8.027297571694366e-11
9.851833303672526e-11
1.312948298828743e-10
1.798999044032366e-10
2.366645339320903e-10
3.325642248568877e-10
4.516863699900688e-10
5.589483769036952e-10
7.266642893020276e-10
9.899873738609165e-10
1.312243090734957e-09
1.749405270003614e-09
2.341998240343349e-09
3.138537959241286e-09
4.161659750458433e-09
5.540960463572347e-09
7.377466865737146e-09
9.784863204550905e-09
1.313358173368351e-08
1.745192199980819e-08
2.326953672114860e-08
3.145793186286486e-08
4.199395335239609e-08
5.667117252654613e-08
7.677740448546019e-08
1.042807409719423e-07
1.427163216408827e-07
1.963677294121565e-07
2.716174061580721e-07
3.769612563965250e-07
5.282519367713670e-07
7.392808855889549e-07
1.045806396298428e-06
1.491563868651115e-06
2.137926951010018e-06
3.076248587561713e-06
4.453678274819830e-06
6.440837063503518e-06
9.361054944694743e-06
1.360821755531862e-05
1.990102695608444e-05
2.900453045389010e-05
4.235654226357321e-05
6.200686118187199e-05
9.027497724185045e-05
1.318997842469559e-04
1.924893018688834e-04
2.798212244948092e-04
4.067227306927507e-04
5.893234594831125e-04
8.537405715126717e-04
1.231347894819357e-03
1.778021555936471e-03
2.559362190569801e-03
3.674432784729165e-03
5.258922785002975e-03
7.498395463678335e-03
1.068401961212321e-02
1.518651041493724e-02
2.154318869963521e-02
3.049761637937941e-02
4.313740904428892e-02
6.105273423551939e-02
8.635696751842580e-02
1.219994885365132e-01
1.727775707143114e-01
2.449853629380401e-01
3.457883119386819e-01
4.797319075817857e-01
6.336777832410635e-01
7.841605962991169e-01
9.999991023731376e-01
1.000000000000000e+00
1.000000000000000e+00
1.000000000000000e+00
1.000000000000000e+00
1.000000000000000e+00
1.000000000000000e+00
1.000000000000000e+00
1.000000000000000e+00
1.000000000000000e+00
1.000000000000000e+00
1.000000000000000e+00
###4.800000000000000e+00
-4.036534527353734e-11
-3.651731192355455e-11
3.088425572192034e-11
-8.264648955381915e-11
-3.860243367537150e-11
-4.565500446456578e-11
9.960075989131003e-11
-2.064634288101207e-13
7.002267116050570e-11
-6.113447049502526e-11
-7.810657371721393e-12
8.559402880415964e-12
2.490471199969789e-11
2.086440876231241e-11
4.095754385495727e-11
5.917195153212552e-11
5.155616663846037e-11
8.609644300528906e-11
1.129815935916327e-10
1.572278112493419e-10
2.058809639605230e-10
2.707834959496749e-10
3.769204475869757e-10
5.079275975110128e-10
6.374177983442957e-10
8.345270178012185e-10
1.130103606880466e-09
1.496271013669899e-09
1.999674239404544e-09
2.669483075899710e-09
3.579744553686900e-09
4.757524326162221e-09
6.353152904497755e-09
8.452325693088926e-09
1.126092230792124e-08
1.511679171828534e-08
2.017721303885162e-08
2.704821143805277e-08
3.661453994265417e-08
4.918568251959455e-08
6.672183490356021e-08
9.087950757839581e-08
1.241305058822630e-07
1.709322834567339e-07
2.366613320801924e-07
3.289281494537010e-07
4.598505346437706e-07
6.471397814353322e-07
9.117314976176861e-07
1.293421201416233e-06
1.853177868313559e-06
2.662712007591259e-06
3.837022284030457e-06
5.559475774445898e-06
8.038377936776082e-06
1.167996486807738e-05
1.698120171015754e-05
2.474650969921092e-05
3.600732807325418e-05
5.243333109644361e-05
7.649916854936767e-05
1.110428852060571e-04
1.616331760475325e-04
2.348960660902859e-04
3.399816094722013e-04
4.920605479003166e-04
7.097333466279688e-04
1.023153608866950e-03
1.468387989826332e-03
2.109601655902012e-03
3.020314713966550e-03
4.312700423747523e-03
6.137090516308327e-03
8.704210142272734e-03
1.232541950961319e-02
1.740791329777558e-02
2.451708139904490e-02
3.446038289804647e-02
4.835295345773228e-02
6.780133702302060e-02
9.497639532567703e-02
1.326275677668242e-01
1.853089420165718e-01
2.586523999759448e-01
3.585609493248947e-01
4.882280514869925e-01
6.355631345682720e-01
7.827605094537166e-01
9.999991023731376e-01
1.000000000000000e+00
1.000000000000000e+00
1.000000000000000e+00
1.000000000000000e+00
1.000000000000000e+00
1.000000000000000e+00
1.000000000000000e+00
1.000000000000000e+00
1.000000000000000e+00
1.000000000000000e+00
1.000000000000000e+00
###5.200000000000000e+00
-3.352810065402158e-11
-8.039840218831197e-11
2.984730808543027e-11
-8.358661827972629e-11
-1.791434260983258e-11
-4.543176404602226e-11
8.923390735333164e-11
-1.056125317507392e-12
6.856099576494709e-11
-6.113999209648660e-11
-3.152369391229039e-12
1.292464311095645e-11
2.908578373339271e-11
2.383547899712485e-11
4.455178363737292e-11
6.475095113139888e-11
5.881369522891024e-11
1.016505045318431e-10
1.376776846789312e-10
1.757812892537982e-10
2.330127547530090e-10
3.080762310048708e-10
4.229549011364788e-10
5.705555460957325e-10
7.230114216067257e-10
9.492204446236981e-10
1.280307199318675e-09
1.700339389901135e-09
2.270509945778377e-09
3.034342763336415e-09
4.068358953237775e-09
5.416034954350761e-09
7.237253691603331e-09
9.654148787490337e-09
1.290552361652187e-08
1.738502346457841e-08
2.327435127769025e-08
3.131473347953004e-08
4.253306896835030e-08
5.746665016528593e-08
7.843937160448013e-08
1.074629500276639e-07
1.474579158192042e-07
2.042304162785551e-07
2.843634182120550e-07
3.974050059404551e-07
5.586161469397173e-07
7.898514780541802e-07
1.117421660277054e-06
1.588981990705323e-06
2.283669110733704e-06
3.289489164142128e-06
4.743027331864306e-06
6.873436407022770e-06
9.933452776717203e-06
1.442272612161058e-05
2.095374059170409e-05
3.044106289261429e-05
4.419723128119745e-05
6.417524011709933e-05
9.332795077014374e-05
1.350414674557204e-04
1.958176091625341e-04
2.834453709626494e-04
4.085865929073939e-04
5.887411750034136e-04
8.455469343392501e-04
1.212909275917247e-03
1.732702541660836e-03
2.477385195429678e-03
3.528761957335771e-03
5.012137143704128e-03
7.093722040527929e-03
1.000783286539669e-02
1.408877091892893e-02
1.977435776381399e-02
2.766302491826015e-02
3.861491337249289e-02
5.376179306926932e-02
7.473663389710650e-02
1.036914102628505e-01
1.432882520297944e-01
1.977310333149905e-01
2.720468744205365e-01
3.710749462987175e-01
4.969150955141324e-01
6.385076467136385e-01
7.825575617091194e-01
9.999991023731376e-01
1.000000000000000e+00
1.000000000000000e+00
1.000000000000000e+00
1.000000000000000e+00
1.000000000000000e+00
1.000000000000000e+00
1.000000000000000e+00
1.000000000000000e+00
1.000000000000000e+00
1.000000000000000e+00
1.000000000000000e+00
###5.600000000000001e+00
-3.308709420569329e-11
-6.423430075327806e-11
3.188092402087776e-11
-8.331708180493163e-11
2.064166342548300e-11
-4.539786189731902e-11
8.890021174359266e-11
-1.724478183189425e-12
6.368993060109428e-11
-6.655109913891028e-11
-4.019486092490648e-12
1.246458708350357e-11
2.844917622864390e-11
2.118157136182101e-11
5.204981299103910e-11
7.238694637024643e-11
7.668854775022662e-11
1.158546873898562e-10
1.534820535888576e-10
1.995523607839300e-10
2.653952024308511e-10
3.480985384940274e-10
4.747381893013614e-10
6.349089125457126e-10
8.152860319422014e-10
1.072839181078121e-09
1.443593350152140e-09
1.921789163430240e-09
2.566243150932199e-09
3.433443760448264e-09
4.603963928611986e-09
6.143492292090364e-09
8.227197731486240e-09
1.099937989053093e-08
1.475913594258422e-08
1.993459981821139e-08
2.680543397605743e-08
3.625790846327168e-08
4.940902014905326e-08
6.712742626109322e-08
9.213822193459508e-08
1.268591889324613e-07
1.751257391953057e-07
2.436378646506733e-07
3.409767092898875e-07
4.790896454572125e-07
6.762247984216185e-07
9.593054740926764e-07
1.361953188400030e-06
1.943916430764735e-06
2.797321044422176e-06
4.033889099506004e-06
5.816341731524417e-06
8.425056288932205e-06
1.216958563165784e-05
1.764114543582879e-05
2.557241456290879e-05
3.708002988813537e-05
5.371102574681540e-05
7.776399437734077e-05
1.126795037981597e-04
1.625955500716779e-04
2.348241838685279e-04
3.386406576185759e-04
4.861568219103674e-04
6.976504415874021e-04
9.977500573950999e-04
1.424694810530925e-03
2.026120131321268e-03
2.883182374329056e-03
4.086590968326705e-03
5.775437808207771e-03
8.131886678180336e-03
1.141285021146422e-02
1.597605562969391e-02
2.228810441717781e-02
3.098046278294312e-02
4.295771913911274e-02
5.936921782646280e-02
8.185435522886818e-02
1.125381208759129e-01
1.539883216313208e-01
2.100598492818381e-01
2.852241806623942e-01
3.834011494741985e-01
5.058151570202596e-01
6.423461736581013e-01
7.833676791091897e-01
9.999991023731376e-01
1.000000000000000e+00
1.000000000000000e+00
1.000000000000000e+00
1.000000000000000e+00
1.000000000000000e+00
1.000000000000000e+00
1.000000000000000e+00
1.000000000000000e+00
1.000000000000000e+00
1.000000000000000e+00
1.000000000000000e+00
###6.000000000000001e+00
-4.566338520113818e-11
-6.267644576856846e-11
3.518801010199278e-11
-8.212035491711962e-11
1.949418469361757e-11
-4.136314671576819e-11
8.895454861987813e-11
1.489868610439106e-10
6.811556894103217e-11
-5.851588415810521e-11
-1.929563917199655e-12
1.844924250999267e-11
3.319256075365964e-11
2.842417415155753e-11
6.033262415316719e-11
8.250302574642110e-11
8.843752459534272e-11
1.303099151729858e-10
1.741233829212759e-10
2.394596103213605e-10
2.972590109478044e-10
3.963160513849370e-10
5.317937945477389e-10
7.098245596791260e-10
9.161303950071836e-10
1.207706303487302e-09
1.625683329448590e-09
2.162755528283762e-09
2.891176048794914e-09
3.873609310973077e-09
5.195879094607834e-09
6.956034601919863e-09
9.337817156265343e-09
1.252512488009344e-08
1.685331208782414e-08
2.283910494265900e-08
3.086518979762667e-08
4.194872201234774e-08
5.739248634336339e-08
7.841688558099422e-08
1.081904886691526e-07
1.496614976702926e-07
2.076605432073523e-07
2.902812454109770e-07
4.081804583139204e-07
5.760763297168747e-07
8.158008901382068e-07
1.160772392581741e-06
1.652478146811295e-06
2.361175587014143e-06
3.403788879815538e-06
4.911134524475988e-06
7.079927853320222e-06
1.024705781763982e-05
1.478600723479889e-05
2.139401644029955e-05
3.095490168858742e-05
4.477804079814233e-05
6.470165574964606e-05
9.339096950105744e-05
1.348561122678442e-04
1.939976893918039e-04
2.791196599782475e-04
4.010934225821906e-04
5.735277630876334e-04
8.197979085870933e-04
1.167575098761587e-03
1.659831741895018e-03
2.350318688636049e-03
3.329553361463531e-03
4.697020157010619e-03
6.605848109649902e-03
9.254258424101401e-03
1.292267290476661e-02
1.799110513403590e-02
2.495659732205390e-02
3.447522686876679e-02
4.749109335181546e-02
6.517185804920145e-02
8.915477567126039e-02
1.215174569410799e-01
1.647393252341579e-01
2.223185100111626e-01
2.982325276312686e-01
3.955797435915491e-01
5.149187149665321e-01
6.469551640062016e-01
7.850454126362836e-01
9.999991023731376e-01
1.000000000000000e+00
1.000000000000000e+00
1.000000000000000e+00
1.000000000000000e+00
1.000000000000000e+00
1.000000000000000e+00
1.000000000000000e+00
1.000000000000000e+00
1.000000000000000e+00
1.000000000000000e+00
1.000000000000000e+00
###6.400000000000001e+00
-3.836855112826224e-11
-7.394931934731797e-11
4.612770944851468e-11
-9.317279259856404e-11
1.801948635738768e-11
-4.416486574925985e-11
8.971617355268226e-11
1.474227075709982e-10
6.627635701226050e-11
-5.485832141079735e-11
1.267637032185724e-11
2.657008191919388e-11
3.832494138010534e-11
3.418546359333734e-11
6.989339255006541e-11
9.489356422078011e-11
1.052178075662734e-10
1.517445852904072e-10
2.027850995930779e-10
2.644381729704828e-10
3.372850921416243e-10
4.427132305115300e-10
6.007291898112136e-10
7.956730962546986e-10
1.028166453496784e-09
1.359544089764639e-09
1.823997111441137e-09
2.432602531265835e-09
3.255417892435500e-09
4.368047231051877e-09
5.862395932819201e-09
7.872472250646382e-09
1.059058676221213e-08
1.425223359789850e-08
1.925531204056553e-08
2.616745293859982e-08
3.555163363029272e-08
4.852638479129327e-08
6.671018379021768e-08
9.161804065083312e-08
1.269871505463684e-07
1.765115133293300e-07
2.462333481837653e-07
3.453997129906837e-07
4.875713627766831e-07
6.903842474346925e-07
9.807436081119845e-07
1.398531076994471e-06
1.995305555306416e-06
2.857872520882269e-06
4.122652065493558e-06
5.941000198941394e-06
8.560454967950458e-06
1.237337978681711e-05
1.783362719272164e-05
2.575305540290752e-05
3.717828077969235e-05
5.364231623444429e-05
7.731052796425855e-05
1.112688206313850e-04
1.601238669750169e-04
2.296345113337865e-04
3.292230195337089e-04
4.714371600930348e-04
6.715694684442260e-04
9.561084284225008e-04
1.356191634779752e-03
1.919787950698279e-03
2.707008520172678e-03
3.818394481126081e-03
5.361878639077818e-03
7.505557560693121e-03
1.046340341401503e-02
1.453914989584151e-02
2.013493821932005e-02
2.777937881290373e-02
3.814074540590352e-02
5.221540037560100e-02
7.117033001402583e-02
9.663261022845880e-02
1.306425515852457e-01
1.755506653881157e-01
2.345335420954573e-01
3.111011830625097e-01
4.076511151105249e-01
5.242076844394855e-01
6.522347697515918e-01
7.874367759765345e-01
9.999991023731376e-01
1.000000000000000e+00
1.000000000000000e+00
1.000000000000000e+00
1.000000000000000e+00
1.000000000000000e+00
1.000000000000000e+00
1.000000000000000e+00
1.000000000000000e+00
1.000000000000000e+00
1.000000000000000e+00
1.000000000000000e+00
###6.800000000000002e+00
4.526137530806690e-10
-7.258552473593872e-11
4.240455053939118e-11
-8.554775175499801e-11
7.607396389154610e-12
-4.289960531949087e-11
8.603974700568097e-11
1.305216270289046e-10
6.589094279686550e-11
-4.535681210439222e-11
2.163198853683068e-11
3.994218039290966e-11
4.839035386936563e-11
4.053001275337529e-11
8.006810287660860e-11
9.940354043367544e-11
1.227167685415833e-10
1.735334973895345e-10
2.289912065366953e-10
2.949709986183329e-10
3.812148364672436e-10
4.975018244038545e-10
6.719202870561798e-10
8.909143778247867e-10
1.152357518463267e-09
1.525059820706183e-09
2.046205890771303e-09
2.731224458851215e-09
3.652210646710928e-09
4.917877390154976e-09
6.611350629734674e-09
8.904390506380832e-09
1.201357794749701e-08
1.622991002743818e-08
2.201230769152237e-08
3.001799608338214e-08
4.096843777060883e-08
5.619146826347999e-08
7.758212848843988e-08
1.070355226020571e-07
1.490437910180873e-07
2.080622202413551e-07
2.916696734263224e-07
4.104148609889802e-07
5.812452830391856e-07
8.253191408950625e-07
1.175122972246944e-06
1.678436445253344e-06
2.398359913633697e-06
3.440299933284766e-06
4.956319357373786e-06
7.143503475885719e-06
1.028221442060749e-05
1.484292471674894e-05
2.136063242563133e-05
3.077849276136190e-05
4.431934660745967e-05
6.380696209859902e-05
9.171879161485727e-05
1.316218320671418e-04
1.887790639880980e-04
2.698861166312317e-04
3.855905052639862e-04
5.502283878654781e-04
7.808992351220456e-04
1.107536247098006e-03
1.564981077427728e-03
2.206245761476486e-03
3.098421126287793e-03
4.351872199645348e-03
6.084174899697577e-03
8.477828441724407e-03
1.176303758891020e-02
1.626680510853249e-02
2.241276721836419e-02
3.075655353663759e-02
4.198429981023681e-02
5.713192154500926e-02
7.736794722307207e-02
1.042977115863228e-01
1.399121479355084e-01
1.864295809263946e-01
2.467246176116029e-01
3.238746705108966e-01
4.196546550268682e-01
5.336724110983858e-01
6.580660003576615e-01
7.904172992581466e-01
9.999991023731376e-01
1.000000000000000e+00
1.000000000000000e+00
1.000000000000000e+00
1.000000000000000e+00
1.000000000000000e+00
1.000000000000000e+00
1.000000000000000e+00
1.000000000000000e+00
1.000000000000000e+00
1.000000000000000e+00
1.000000000000000e+00
###7.200000000000002e+00
4.440313047566260e-10
-4.532762142546933e-11
3.778824642741071e-11
-8.213581383341529e-11
1.036424982471752e-11
-3.807688783942681e-11
7.653635336847753e-11
1.464657206200399e-10
7.370968058425883e-11
-3.291993181002118e-11
3.135012803249561e-11
4.893900263454777e-11
5.845062391817734e-11
5.186962058436196e-11
8.536295293253931e-11
1.136550836476974e-10
1.443822934414049e-10
2.008165560950940e-10
2.566178233744232e-10
3.290413627340142e-10
4.289995008167399e-10
5.545719370502170e-10
7.494035839502903e-10
9.953805528682530e-10
1.287941022253937e-09
1.704448535157912e-09
2.291084905821745e-09
3.063190394693316e-09
4.104917904883132e-09
5.534432791788783e-09
7.457184188532409e-09
1.007454006800985e-08
1.363441007312984e-08
1.849138436331835e-08
2.518227789821777e-08
3.446349270699703e-08
4.724510932149426e-08
6.511683872706331e-08
9.023881652307935e-08
1.250731586673281e-07
1.749205453554202e-07
2.451053044516124e-07
3.449578003942157e-07
4.866969260493039e-07
6.913146411872469e-07
9.839020959379559e-07
1.402994509054490e-06
2.006215165676147e-06
2.869701178418517e-06
4.119061427630903e-06
5.928493714853999e-06
8.539613744693614e-06
1.227633768686320e-05
1.769724402743408e-05
2.542357369082456e-05
3.655048110514309e-05
5.248503025133812e-05
7.539886811725050e-05
1.081013943275363e-04
1.546720335273192e-04
2.211531825546940e-04
3.151891753505438e-04
4.487601089680946e-04
6.382159725506670e-04
9.025195530291329e-04
1.275283013406073e-03
1.795246570823466e-03
2.520603147010279e-03
3.526035342481957e-03
4.932119795696086e-03
6.866400654638180e-03
9.525495699184001e-03
1.315608481822348e-02
1.810863610362076e-02
2.482661319760827e-02
3.388880175964776e-02
4.600644755808236e-02
6.224273479480211e-02
8.376663899421675e-02
1.121461804655814e-01
1.493209661861856e-01
1.973922579041779e-01
2.589145756456535e-01
3.365718620057800e-01
4.316191363841604e-01
5.432938232218295e-01
6.643728782100534e-01
7.939011272680980e-01
9.999991023731376e-01
1.000000000000000e+00
1.000000000000000e+00
1.000000000000000e+00
1.000000000000000e+00
1.000000000000000e+00
1.000000000000000e+00
1.000000000000000e+00
1.000000000000000e+00
1.000000000000000e+00
1.000000000000000e+00
1.000000000000000e+00
###7.600000000000002e+00
4.461345430389522e-10
-6.821220483057284e-11
3.727896067063677e-11
-8.307832283517468e-11
1.762378810972826e-11
-3.352095711869960e-11
7.697836266987332e-11
1.573163897779694e-10
7.823164641223647e-11
-2.144734724771329e-11
4.262438064338032e-11
5.779375549998109e-11
6.741236056382860e-11
6.888374508899614e-11
9.808602575802824e-11
1.286679472748170e-10
1.626647236026106e-10
2.190780270535380e-10
2.864483352910572e-10
3.669184813052970e-10
4.771830981299304e-10
6.223865457453000e-10
8.340443553520501e-10
1.104827419946060e-09
1.437018817365427e-09
1.906909041964233e-09
2.563694328568837e-09
3.434230393237936e-09
4.613966540251595e-09
6.229792339353006e-09
8.418305100124068e-09
1.140274558841533e-08
1.548942644811710e-08
2.108727383202306e-08
2.883048802329436e-08
3.960800833215961e-08
5.454521198541310e-08
7.553218755496682e-08
1.050650979108474e-07
1.461702666670609e-07
2.052616699739284e-07
2.885969199454428e-07
4.071102611098768e-07
5.760824263050334e-07
8.202196331359904e-07
1.169714846058717e-06
1.669337484892708e-06
2.388562883488343e-06
3.418215789117241e-06
4.908059469873442e-06
7.054965993876898e-06
1.015430349629109e-05
1.457826185471793e-05
2.097673235308588e-05
3.007947551897661e-05
4.314931897628404e-05
6.179626426066827e-05
8.857428929838358e-05
1.266430120222162e-04
1.806429773364916e-04
2.575236342562881e-04
3.659488971964649e-04
5.193241154873147e-04
7.359827815792281e-04
1.037181138145545e-03
1.460316221453119e-03
2.048192786228065e-03
2.864908536102550e-03
3.992062820354225e-03
5.561421282970412e-03
7.710960687114671e-03
1.065107382979337e-02
1.464530868768880e-02
2.006696578334877e-02
2.737951789059882e-02
3.718293400427781e-02
5.021118976704152e-02
6.754983435056813e-02
9.036192698009313e-02
1.201809183134371e-01
1.588946915006710e-01
2.084418751062020e-01
2.711198007929037e-01
3.492285215985960e-01
4.435585549791011e-01
5.530818769702608e-01
6.710711430006395e-01
7.978335765125851e-01
9.999991023731376e-01
1.000000000000000e+00
1.000000000000000e+00
1.000000000000000e+00
1.000000000000000e+00
1.000000000000000e+00
1.000000000000000e+00
1.000000000000000e+00
1.000000000000000e+00
1.000000000000000e+00
1.000000000000000e+00
1.000000000000000e+00
###8.000000000000002e+00
4.168509246589908e-10
-6.504639548712166e-11
3.949439238816012e-11
-8.191656130956897e-11
2.122967860927719e-11
-2.849096827742541e-11
8.026820170513574e-11
1.558197829030377e-10
7.156011478198596e-11
-1.036173282655761e-11
5.558162925933288e-11
6.508641328076029e-11
8.172370828624971e-11
8.073389541633087e-11
1.030331219847267e-10
1.386028688657933e-10
1.836851811918002e-10
2.444960245425796e-10
3.183957206035087e-10
4.067799014258361e-10
5.345667748173559e-10
6.965701871133923e-10
9.257812764775260e-10
1.227005250461616e-09
1.601793625678996e-09
2.130525711349116e-09
2.866479305520100e-09
3.849590212370552e-09
5.185528667634495e-09
7.016424770666143e-09
9.503914837437560e-09
1.291903567866532e-08
1.760734285607457e-08
2.405869422665660e-08
3.304998126716281e-08
4.556598348059359e-08
6.302174558974167e-08
8.761837359592733e-08
1.223408052474248e-07
1.708570298765861e-07
2.407117420865910e-07
3.393753869361958e-07
4.798514817285289e-07
6.807083937508273e-07
9.708919891147054e-07
1.386323654287508e-06
1.979485936687652e-06
2.833184004983115e-06
4.053831228493660e-06
5.813443678360704e-06
8.357125424128030e-06
1.201391599404934e-05
1.722206907789570e-05
2.473631197738189e-05
3.539896336144415e-05
5.066155112077314e-05
7.240118591179773e-05
1.034832923441001e-04
1.475454186688342e-04
2.098902685121349e-04
2.983029801375795e-04
4.225476648615052e-04
5.977403164564707e-04
8.440138542684433e-04
1.185974086369351e-03
1.663761684279604e-03
2.325277648872116e-03
3.240877827332978e-03
4.498306960408726e-03
6.242688103866652e-03
8.620400410183481e-03
1.185757539378323e-02
1.623448391289109e-02
2.214543818779095e-02
3.007557391090868e-02
4.064218583239577e-02
5.459999827033334e-02
7.305562155237294e-02
9.715979823043504e-02
1.284039356159352e-01
1.686194016133263e-01
2.195826296708915e-01
2.833456724378638e-01
3.618575365801973e-01
4.554914250206609e-01
5.630102856107200e-01
6.781289235614051e-01
8.020924525110317e-01
9.999991023731376e-01
1.000000000000000e+00
1.000000000000000e+00
1.000000000000000e+00
1.000000000000000e+00
1.000000000000000e+00
1.000000000000000e+00
1.000000000000000e+00
1.000000000000000e+00
1.000000000000000e+00
1.000000000000000e+00
1.000000000000000e+00
###8.400000000000002e+00
4.020389244924570e-10
-8.623117382415656e-11
4.583282529088918e-11
-7.866957769277318e-11
3.191911899038891e-11
-5.088663716055403e-11
8.120791886684477e-11
1.480346261683292e-10
7.481480230346009e-11
2.712071262494704e-12
6.338371328411182e-11
7.594240235200087e-11
9.464964202646470e-11
9.189446761611217e-11
1.182089511020314e-10
1.520086630387360e-10
2.066659471950242e-10
2.694584748247861e-10
3.577259551949404e-10
4.535598581133946e-10
5.920394549823612e-10
7.731832954050777e-10
1.027480291461247e-09
1.362045564864309e-09
1.842849584560110e-09
2.381388955453999e-09
3.222427627503858e-09
4.311352350798490e-09
5.831898271388397e-09
7.908457453084244e-09
1.074352339800514e-08
1.465834410680456e-08
2.005042185708614e-08
2.749952909291115e-08
3.793317938877068e-08
5.249422285411633e-08
7.287747652863295e-08
1.017030656244854e-07
1.425082186506101e-07
1.996407660950880e-07
2.821201920339625e-07
3.987005443660476e-07
5.650090333051283e-07
8.024210136194440e-07
1.145887328007612e-06
1.637791850025846e-06
2.339135267764003e-06
3.347616917225837e-06
4.788866012383520e-06
6.866908051208503e-06
9.854930210601049e-06
1.414725848513171e-05
2.024565957641238e-05
2.902549268719571e-05
4.145630818133123e-05
5.918730170247756e-05
8.438850912496180e-05
1.202881152568195e-04
1.710489254569496e-04
2.426376441826945e-04
3.437969133676088e-04
4.855686465248466e-04
6.846919042301763e-04
9.633869499307056e-04
1.349774030509255e-03
1.886909740872321e-03
2.628069431256704e-03
3.649834847137159e-03
5.047953587090966e-03
6.978009985761060e-03
9.598041868188164e-03
1.314898731586164e-02
1.792730496601055e-02
2.434836278716785e-02
3.291695329851301e-02
4.426820211353424e-02
5.918229202063809e-02
7.876112455952619e-02
1.041584838947478e-01
1.368176988188166e-01
1.784916568705321e-01
2.308221905863481e-01
2.956109227795073e-01
3.744803379372578e-01
4.674293704188677e-01
5.730595677613292e-01
6.854628485065746e-01
8.066577488482510e-01
9.999991023731376e-01
1.000000000000000e+00
1.000000000000000e+00
1.000000000000000e+00
1.000000000000000e+00
1.000000000000000e+00
1.000000000000000e+00
1.000000000000000e+00
1.000000000000000e+00
1.000000000000000e+00
1.000000000000000e+00
1.000000000000000e+00
###8.800000000000002e+00
4.047445203344369e-10
-8.351181331369373e-11
4.729499558249456e-11
-7.233414175687415e-11
3.224680217452906e-11
-5.305204964851058e-11
8.180125110614415e-11
1.486355905809206e-10
7.091408098686161e-11
1.164005761387923e-11
7.296794304794057e-11
8.389298205684371e-11
1.026329228919536e-10
1.047563488508892e-10
1.352935327322768e-10
1.699519890241232e-10
2.285411748142644e-10
2.975479058937010e-10
3.934412144289387e-10
4.998299811170585e-10
6.538998490222919e-10
8.561682420668348e-10
1.144408711885888e-09
1.512147992539830e-09
2.043196532194017e-09
2.661829559125901e-09
3.609958502558676e-09
4.839166559287290e-09
6.563357315492611e-09
8.923835121351775e-09
1.216303056208038e-08
1.665315917106721e-08
2.286383380420646e-08
3.147116372136061e-08
4.358684022695697e-08
6.051793007157337e-08
8.435850471533365e-08
1.180841503543959e-07
1.659424192458011e-07
2.331564406183393e-07
3.302102990468566e-07
4.676823412909265e-07
6.639676396093187e-07
9.442438484293654e-07
1.349204015152528e-06
1.928456890512695e-06
2.754770920026157e-06
3.941625974060279e-06
5.636064187771478e-06
8.077110015185183e-06
1.157163109289798e-05
1.658127499831990e-05
2.369212403292430e-05
3.389782065465181e-05
4.831851937980812e-05
6.882284347364903e-05
9.788746508078617e-05
1.391628217634083e-04
1.973702707486439e-04
2.792213874066074e-04
3.944317707243750e-04
5.554236540485781e-04
7.808013998949986e-04
1.094934721766107e-03
1.529439664471401e-03
2.130928315126094e-03
2.958108679589691e-03
4.094036791930604e-03
5.644244662932036e-03
7.769773109073225e-03
1.064651800513038e-02
1.452510138139404e-02
1.972686861583198e-02
2.667924079149498e-02
3.590882919198045e-02
4.806757803463865e-02
6.395462898566893e-02
8.466847483665703e-02
1.113605013501253e-01
1.454182798148811e-01
1.885292756936416e-01
2.421728807021800e-01
3.079299094583349e-01
3.871004393143627e-01
4.793847848749817e-01
5.832409640324706e-01
6.930515866799366e-01
8.114599321176781e-01
9.999991023731376e-01
1.000000000000000e+00
1.000000000000000e+00
1.000000000000000e+00
1.000000000000000e+00
1.000000000000000e+00
1.000000000000000e+00
1.000000000000000e+00
1.000000000000000e+00
1.000000000000000e+00
1.000000000000000e+00
1.000000000000000e+00
###9.200000000000003e+00
4.018662253346868e-10
-8.979586746595619e-11
5.097000983356488e-11
-6.827727568717951e-11
3.511355590762899e-11
-4.702031002178630e-11
6.607671921029315e-11
1.493466012653120e-10
7.702458533706805e-11
1.912967757673900e-11
8.191924773678408e-11
9.672218055823895e-11
1.135025491554235e-10
1.177435529408557e-10
1.504481086096098e-10
1.912496681989422e-10
2.529170673983042e-10
3.288299374345945e-10
4.331685885154493e-10
5.508279126290553e-10
7.215120516514835e-10
9.491465519542590e-10
1.267504831133211e-09
1.679482496640448e-09
2.268283380920223e-09
2.977768559713655e-09
4.058865355171497e-09
5.438522557666194e-09
7.390146991255411e-09
1.008784755732129e-08
1.378564436376426e-08
1.895021533888983e-08
2.610765027131953e-08
3.605652398946248e-08
5.012759668600378e-08
6.983057909896912e-08
9.766604654000744e-08
1.371144667842450e-07
1.931930172226614e-07
2.720743571423888e-07
3.860716777123123e-07
5.477871105421851e-07
7.786837082000340e-07
1.108458536154440e-06
1.584147370062838e-06
2.263623273756765e-06
3.233639318657210e-06
4.624344309941843e-06
6.607931126093561e-06
9.458566345191967e-06
1.352976203460551e-05
1.935167854370610e-05
2.760641014744834e-05
3.941958883066561e-05
5.606962631172231e-05
7.968085295284075e-05
1.130524969120584e-04
1.602954509881697e-04
2.267552685687581e-04
3.199196728216476e-04
4.506211911715173e-04
6.327395960615007e-04
8.867678353905122e-04
1.239505196151866e-03
1.726417480776104e-03
2.397287157526403e-03
3.316993839781322e-03
4.575290236210954e-03
6.287250783792629e-03
8.621041019832803e-03
1.176887761640215e-02
1.599125378790297e-02
2.163581040304255e-02
2.914152107799214e-02
3.905439844161764e-02
5.204091311334127e-02
6.892165898633916e-02
9.077964746827244e-02
1.187694996655369e-01
1.542109598138355e-01
1.987179644594400e-01
2.536320607314942e-01
3.202886770609484e-01
3.997323280884284e-01
4.913561143352073e-01
5.935188167911308e-01
7.008470364625854e-01
8.164615276682952e-01
9.999991023731376e-01
1.000000000000000e+00
1.000000000000000e+00
1.000000000000000e+00
1.000000000000000e+00
1.000000000000000e+00
1.000000000000000e+00
1.000000000000000e+00
1.000000000000000e+00
1.000000000000000e+00
1.000000000000000e+00
1.000000000000000e+00
###9.600000000000003e+00
4.037667606331586e-10
-8.847116293040951e-11
6.761135107035573e-11
-7.061781140027780e-11
3.625191886231086e-11
-3.823133604092873e-11
6.260127892971081e-11
1.421281140507915e-10
8.393075858403776e-11
1.595105731410495e-11
9.016734585535977e-11
1.059517061031072e-10
1.146092867120210e-10
1.329027357514111e-10
1.689732015688744e-10
2.122719822445390e-10
2.776994109882937e-10
3.615883192526505e-10
4.745971608270850e-10
6.051107822346104e-10
7.969677944622554e-10
1.051010074326939e-09
1.403670969036963e-09
1.865774019859039e-09
2.519477640476127e-09
3.331617572873800e-09
4.543487191568759e-09
6.118674353499535e-09
8.339125853922834e-09
1.141338026035559e-08
1.565777069084464e-08
2.158880029032359e-08
2.984775505150836e-08
4.137566731958817e-08
5.769989941851062e-08
8.062715567001647e-08
1.130986016311962e-07
1.591977957026510e-07
2.247461529448346e-07
3.171838604292231e-07
4.507421287882063e-07
6.404628070002725e-07
9.112427722356479e-07
1.298289594441450e-06
1.854648440070559e-06
2.649420585998952e-06
3.783249203732132e-06
5.406453565306549e-06
7.717024265652022e-06
1.103566169878396e-05
1.575618513333555e-05
2.250013623419902e-05
3.203832830477588e-05
4.565398287444908e-05
6.479917438790422e-05
9.187435089852278e-05
1.300243019154376e-04
1.839001749944515e-04
2.594688912613977e-04
3.651009433654658e-04
5.128061435423862e-04
7.179721699380322e-04
1.003239063776957e-03
1.397958131047565e-03
1.941489919806902e-03
2.687332185112420e-03
3.706332984530612e-03
5.095429363939924e-03
6.979530147397377e-03
9.534392957272755e-03
1.296808983403190e-02
1.755405025397732e-02
2.365961705979342e-02
3.173845218018451e-02
4.235606557329132e-02
5.618720321022205e-02
7.408161862006082e-02
9.709618563613440e-02
1.263785970272417e-01
1.631986584874380e-01
2.090806860298312e-01
2.652067516361926e-01
3.327129371984871e-01
4.123812652675965e-01
5.033528139961729e-01
6.038767276923248e-01
7.088093805646385e-01
8.216189835908593e-01
9.999991023731376e-01
1.000000000000000e+00
1.000000000000000e+00
1.000000000000000e+00
1.000000000000000e+00
1.000000000000000e+00
1.000000000000000e+00
1.000000000000000e+00
1.000000000000000e+00
1.000000000000000e+00
1.000000000000000e+00
1.000000000000000e+00
###1.000000000000000e+01
3.964283846553263e-10
-8.766402543523024e-11
7.316904200969160e-11
-6.922347166420294e-11
4.139532442370704e-11
-3.377765622871049e-11
7.132470210371266e-11
1.616220575678217e-10
8.726390559729766e-11
2.475484620062937e-11
1.027048834398410e-10
1.161760020226205e-10
1.233052540488049e-10
1.579675909238165e-10
1.860449245539852e-10
2.346579889868523e-10
3.052637578171738e-10
3.975990604425981e-10
5.201004620501917e-10
6.676452990881780e-10
8.793164272391075e-10
1.162802644840362e-09
1.555958221599243e-09
2.075594778275187e-09
2.804589049236299e-09
3.730547432373094e-09
5.092616434141276e-09
6.893010489301877e-09
9.423157221184385e-09
1.293658933341765e-08
1.780149722614415e-08
2.462854936049418e-08
3.416635629211698e-08
4.751343013621028e-08
6.646394369987299e-08
9.313988742127418e-08
1.309824850047382e-07
1.847775334314399e-07
2.613313880684065e-07
3.693349174161575e-07
5.254890264051386e-07
7.474478147548212e-07
1.064201254127730e-06
1.516540461750954e-06
2.165705449381897e-06
3.092187980855391e-06
4.412908066574469e-06
6.299905645905097e-06
8.982918871637444e-06
1.282756184075843e-05
1.828479800853247e-05
2.606217853088362e-05
3.704038649902512e-05
5.267447226644225e-05
7.459654877915949e-05
1.055236068616746e-04
1.489810595766369e-04
2.101802087305826e-04
2.957749858639753e-04
4.151087662228485e-04
5.814330642912415e-04
8.117745797875095e-04
1.131053590781161e-03
1.571294374177789e-03
2.175863461604788e-03
3.002390887436451e-03
4.127834769602313e-03
5.656608314377609e-03
7.723734180731850e-03
1.051288732651620e-02
1.424746974611192e-02
1.921471449369969e-02
2.580012903785283e-02
3.447558116851880e-02
4.581592087081689e-02
6.051581614750701e-02
7.943985658994852e-02
1.036248221012582e-01
1.341962768926790e-01
1.723841004380239e-01
2.196118346927782e-01
2.769069992605105e-01
3.452127256685030e-01
4.250569859524232e-01
5.153758333610151e-01
6.143006415101284e-01
7.169223436617932e-01
8.269093182026175e-01
9.999991023731376e-01
1.000000000000000e+00
1.000000000000000e+00
1.000000000000000e+00
1.000000000000000e+00
1.000000000000000e+00
1.000000000000000e+00
1.000000000000000e+00
1.000000000000000e+00
1.000000000000000e+00
1.000000000000000e+00
1.000000000000000e+00
###1.040000000000000e+01
3.962175783464085e-10
-7.759466931487001e-11
7.792757399511676e-11
-7.089273660634381e-11
4.920233042123443e-11
-2.396793766790980e-11
7.504366282031520e-11
1.612596564316494e-10
9.048104075272565e-11
3.470807741145854e-11
1.123967683218421e-10
1.220883378637856e-10
1.369306298589220e-10
1.701453184135202e-10
1.990118361283054e-10
2.593162569054276e-10
3.412996627906315e-10
4.360327603454577e-10
5.705739391401370e-10
7.376372389304204e-10
9.718148045927821e-10
1.288823870789422e-09
1.728305693381037e-09
2.310338009370303e-09
3.127634930789431e-09
4.182649905571737e-09
5.745694833736503e-09
7.773513098555601e-09
1.065870346110414e-08
1.467685809701495e-08
2.026225981350938e-08
2.812752819806749e-08
3.913462142808647e-08
5.459377311050088e-08
7.657490993961117e-08
1.075951687398055e-07
1.516205641109264e-07
2.142950020853503e-07
3.036368532491190e-07
4.295312811721266e-07
6.117200372679222e-07
8.706324683510880e-07
1.240312967501034e-06
1.765919228899019e-06
2.521999614778381e-06
3.600416416379163e-06
5.131601442460390e-06
7.317492719799310e-06
1.041918484151972e-05
1.485531825284976e-05
2.114249460766348e-05
3.007963151816199e-05
4.266715962110038e-05
6.054758305598212e-05
8.556666905041162e-05
1.207573139998388e-04
1.700906611912453e-04
2.393626690918103e-04
3.359885510520606e-04
4.703121742991159e-04
6.570007808318256e-04
9.147907306372191e-04
1.271020417170277e-03
1.760448570825516e-03
2.430547470012974e-03
3.344083967028880e-03
4.583257792081953e-03
6.260882695800633e-03
8.522007513443661e-03
1.155895311283235e-02
1.561082329095768e-02
2.097563451263533e-02
2.806313472821254e-02
3.735535468619074e-02
4.944024361593054e-02
6.503030816057498e-02
8.499885942894476e-02
1.103656355953526e-01
1.422285249394918e-01
1.817642502939159e-01
2.303161185999793e-01
2.887348353467752e-01
3.577830141306847e-01
4.377777364527045e-01
5.274292065502554e-01
6.247837528919135e-01
7.251431745620729e-01
8.323077964852305e-01
9.999991023731376e-01
1.000000000000000e+00
1.000000000000000e+00
1.000000000000000e+00
1.000000000000000e+00
1.000000000000000e+00
1.000000000000000e+00
1.000000000000000e+00
1.000000000000000e+00
1.000000000000000e+00
1.000000000000000e+00
1.000000000000000e+00
###1.080000000000000e+01
3.974213913100091e-10
-6.876663096653006e-11
5.731974997538378e-11
-6.116641665440503e-11
5.128095048352750e-11
-1.987886966290730e-11
7.726731403891435e-11
1.626116309782403e-10
9.633656565788790e-11
4.503104598867554e-11
1.188694801073790e-10
1.328117099430057e-10
1.568739152469326e-10
1.941523752221416e-10
2.194966981811091e-10
2.843187534871461e-10
3.742806429760600e-10
4.809792356400863e-10
6.279233141677794e-10
8.147951220513399e-10
1.075324485588088e-09
1.426575564311310e-09
1.920295542383147e-09
2.575786769777715e-09
3.493058512425954e-09
4.697231449070705e-09
6.464321338217555e-09
8.780936197302601e-09
1.207499894130935e-08
1.668030786062883e-08
2.309794089552620e-08
3.215989987139367e-08
4.487776503939681e-08
6.276701329036337e-08
8.826094883627183e-08
1.242604035213607e-07
1.754274110195800e-07
2.483860607816269e-07
3.523508745641386e-07
4.989255804862895e-07
7.108885149909240e-07
1.011893113509325e-06
1.442047582483368e-06
2.051261134667844e-06
2.928950373430686e-06
4.177775526947072e-06
5.949492307550194e-06
8.472404687080160e-06
1.204521817368569e-05
1.714831716699750e-05
2.436344721601674e-05
3.460165329746545e-05
4.898204677507963e-05
6.936720880234385e-05
9.781049615836303e-05
1.377213619589354e-04
1.935388173338808e-04
2.717040871340176e-04
3.804138867176448e-04
5.311376231844405e-04
7.400117134986455e-04
1.027619506758519e-03
1.423745828733151e-03
1.966600452801424e-03
2.707083600358919e-03
3.713753791794508e-03
5.074509097955379e-03
6.910547005325511e-03
9.373305770359485e-03
1.267538702976310e-02
1.706004827482524e-02
2.284124766601121e-02
3.045034875631447e-02
4.038106118617844e-02
5.323545031090249e-02
6.973272872773119e-02
9.076424308191480e-02
1.173198504908071e-01
1.504784831250251e-01
1.913454357993134e-01
2.411852373713254e-01
3.006817574690985e-01
3.704305929202085e-01
4.505228394034389e-01
5.394984402642842e-01
6.353251915393339e-01
7.334372578390186e-01
8.377768598269104e-01
9.999991023731376e-01
1.000000000000000e+00
1.000000000000000e+00
1.000000000000000e+00
1.000000000000000e+00
1.000000000000000e+00
1.000000000000000e+00
1.000000000000000e+00
1.000000000000000e+00
1.000000000000000e+00
1.000000000000000e+00
1.000000000000000e+00
###1.120000000000000e+01
3.968110392350641e-10
-6.679316594162509e-11
5.695094782168697e-11
-5.731137126200368e-11
5.268490369575420e-11
-1.595994613719695e-11
8.194637320029254e-11
1.624755947448921e-10
7.691094686621122e-11
5.786893927691806e-11
1.302242782927395e-10
1.454970291343131e-10
1.703789467630123e-10
2.114767598327125e-10
2.423515807644596e-10
3.130081716232698e-10
4.129063335228139e-10
5.291851169093587e-10
6.912314579918573e-10
8.986103088203856e-10
1.190828852246954e-09
1.585119013056736e-09
2.136281582769657e-09
2.876163697172157e-09
3.908107408873239e-09
5.281559565092223e-09
7.279791093642325e-09
9.932751231607149e-09
1.370040143332154e-08
1.898047168775411e-08
2.636570189867442e-08
3.680504330871140e-08
5.149810605731141e-08
7.218716819769427e-08
1.017280991406467e-07
1.434757504457978e-07
2.029138628414453e-07
2.876043153639622e-07
4.083665193806923e-07
5.786643261440918e-07
8.246660186465699e-07
1.173822335311970e-06
1.672113197477824e-06
2.378147665690281e-06
3.392643995668891e-06
4.833539085908103e-06
6.876140440267536e-06
9.780259785421273e-06
1.388447794761377e-05
1.973716190912361e-05
2.798656555152633e-05
3.967181246645739e-05
5.604996244330573e-05
7.920745585215366e-05
1.114475211340195e-04
1.565654136698460e-04
2.195141714681979e-04
3.074393045977347e-04
4.293936365442043e-04
5.979877136380242e-04
8.309972702503348e-04
1.150926376007351e-03
1.590289897375964e-03
2.190596970869821e-03
3.006641673196822e-03
4.113020914478980e-03
5.603575343881682e-03
7.607585674886284e-03
1.028343735100749e-02
1.386504935240918e-02
1.859930773036403e-02
2.481560884943744e-02
3.296517103382426e-02
4.355709765733192e-02
5.720412733507395e-02
7.463032537524374e-02
9.673427556082762e-02
1.244920726189260e-01
1.589448508076813e-01
2.011337826334281e-01
2.522249883087130e-01
3.127660303887704e-01
3.831586813514795e-01
4.633112640077663e-01
5.515892494910637e-01
6.458863012133486e-01
7.417905666578294e-01
8.433059304061723e-01
9.999991023731376e-01
1.000000000000000e+00
1.000000000000000e+00
1.000000000000000e+00
1.000000000000000e+00
1.000000000000000e+00
1.000000000000000e+00
1.000000000000000e+00
1.000000000000000e+00
1.000000000000000e+00
1.000000000000000e+00
1.000000000000000e+00
###1.160000000000000e+01
3.989574322186694e-10
-6.710828769874928e-11
5.329400905451365e-11
-5.507168067429260e-11
5.563646387642706e-11
-1.275729731272859e-11
8.451687857427327e-11
1.650503160156592e-10
8.210150628386416e-11
7.200828305440959e-11
1.431743149533985e-10
1.566457260840796e-10
1.887159066140621e-10
2.312274105723248e-10
2.669503402616818e-10
3.441823767128033e-10
4.536237406036602e-10
5.816271990254217e-10
7.609340689120310e-10
9.932811815839599e-10
1.319175967028958e-09
1.762887659188868e-09
2.382171232236041e-09
3.216255610628889e-09
4.378319103166193e-09
5.944968795757291e-09
8.209578441790199e-09
1.124874669336060e-08
1.556288723954072e-08
2.162200221329799e-08
3.011988377220915e-08
4.214577591498793e-08
5.911561512332418e-08
8.302284405604113e-08
1.172284053680629e-07
1.655754432633319e-07
2.344875049147306e-07
3.326439874058052e-07
4.725257956198502e-07
6.699639535418878e-07
9.547234935065112e-07
1.358801571199652e-06
1.934692806469775e-06
2.750784294423729e-06
3.919644038177253e-06
5.577645271037520e-06
7.925972033304677e-06
1.125728970009901e-05
1.595793758072803e-05
2.264662741070333e-05
3.205149263818981e-05
4.534792718394749e-05
6.394366198619560e-05
9.017404351905700e-05
1.265954765966576e-04
1.774518895967831e-04
2.482375498558994e-04
3.468417927997608e-04
4.832543546686854e-04
6.713297728011740e-04
9.305433981450669e-04
1.285465260723141e-03
1.771496892426663e-03
2.434543418198858e-03
3.330775677396182e-03
4.543638398142453e-03
6.171949206497307e-03
8.354483654168540e-03
1.125579614232676e-02
1.513160722618702e-02
2.023170876838790e-02
2.690235684359717e-02
3.561482654329906e-02
4.688823921538759e-02
6.135165015695199e-02
7.972322052359279e-02
1.029095938130987e-01
1.318835805351565e-01
1.676297439659102e-01
2.111197304590751e-01
2.634387154189817e-01
3.249721693700116e-01
3.959673846225104e-01
4.761427343964069e-01
5.636874591172748e-01
6.564904834392750e-01
7.501882075616082e-01
8.488492175613408e-01
9.999991023731376e-01
1.000000000000000e+00
1.000000000000000e+00
1.000000000000000e+00
1.000000000000000e+00
1.000000000000000e+00
1.000000000000000e+00
1.000000000000000e+00
1.000000000000000e+00
1.000000000000000e+00
1.000000000000000e+00
1.000000000000000e+00
###1.200000000000001e+01
4.043228485520017e-10
-6.695535826843522e-11
5.472183970494256e-11
-6.140084177216651e-11
5.917053939025854e-11
-2.495184585124065e-11
9.325249428184323e-11
1.670257699756207e-10
9.065506104246027e-11
7.865857223665120e-11
1.510693617047483e-10
1.715794288445359e-10
2.040952533054824e-10
2.515851708418420e-10
2.890191037934426e-10
3.786172987933655e-10
4.979499646508194e-10
6.397649304866354e-10
8.386679100056818e-10
1.100220339997464e-09
1.465315698373892e-09
1.962863546041170e-09
2.658103506195357e-09
3.601905112766801e-09
4.915115390149807e-09
6.704144963824650e-09
9.273989804232745e-09
1.275551428241866e-08
1.769996449490072e-08
2.465970595741668e-08
3.443406272913196e-08
4.830073651449987e-08
6.787280511409042e-08
9.551839812681434e-08
1.350298066160063e-07
1.909996213410143e-07
2.707650566825939e-07
3.842115067656143e-07
5.460521838180920e-07
7.742056378838204e-07
1.103292523009107e-06
1.569483626077452e-06
2.233307564452234e-06
3.173474334171569e-06
4.516742555366526e-06
6.418966440925891e-06
9.110193219236046e-06
1.292286625658253e-05
1.828861524373814e-05
2.590898010168372e-05
3.660153993026176e-05
5.168620993752602e-05
7.273502072567710e-05
1.023553919783505e-04
1.433900018170110e-04
2.005566413465018e-04
2.799243021190663e-04
3.901919241091201e-04
5.423756196191172e-04
7.516326498397845e-04
1.039208337572129e-03
1.431965363944720e-03
1.968350564501447e-03
2.698612134522424e-03
3.680795176023951e-03
5.006954807340273e-03
6.782275331409598e-03
9.153293116602054e-03
1.229324996412314e-02
1.647778963390307e-02
2.196232730780179e-02
2.910511945243193e-02
3.840120852267404e-02
5.037843951209893e-02
6.567778658406620e-02
8.501451581190608e-02
1.092960965651796e-01
1.394987193314727e-01
1.765331231082450e-01
2.213081242846851e-01
2.748195129360981e-01
3.373119109714138e-01
4.088534277217750e-01
4.890049020689414e-01
5.758043929915397e-01
6.670830552202509e-01
7.585998564285629e-01
8.543961580466840e-01
9.999991023731376e-01
1.000000000000000e+00
1.000000000000000e+00
1.000000000000000e+00
1.000000000000000e+00
1.000000000000000e+00
1.000000000000000e+00
1.000000000000000e+00
1.000000000000000e+00
1.000000000000000e+00
1.000000000000000e+00
1.000000000000000e+00
###1.240000000000001e+01
3.910708298597620e-10
-6.374436136044551e-11
5.681690273870027e-11
-5.314426073207405e-11
5.977909996749720e-11
-1.694313699289526e-11
9.589625131602146e-11
1.607739543299985e-10
9.467706841455635e-11
8.990396242490532e-11
1.566696820332237e-10
1.859908070526538e-10
2.198738597132940e-10
2.705955416252899e-10
3.024808467680612e-10
4.156331910366919e-10
5.469219543889418e-10
7.069205603127243e-10
9.250859051741578e-10
1.219463744365485e-09
1.628603166314319e-09
2.188392121982993e-09
2.970918153154565e-09
4.041264595033918e-09
5.526454319332321e-09
7.569072904688524e-09
1.049064530300054e-08
1.448158166709373e-08
2.015326498424364e-08
2.814123354116305e-08
3.939273628695700e-08
5.535400101090737e-08
7.792660999682713e-08
1.098299474652733e-07
1.554525562747823e-07
2.200853276085178e-07
3.121857224918827e-07
4.432194420224075e-07
6.300151682202921e-07
8.930393283924375e-07
1.272342037873162e-06
1.808903553980666e-06
2.572236020367348e-06
3.651618894553416e-06
5.191748081635601e-06
7.368989933953713e-06
1.044380635521893e-05
1.479215027997956e-05
2.090119557555385e-05
2.956100200059979e-05
4.168206271984579e-05
5.875092793862561e-05
8.250822807373982e-05
1.158738718920713e-04
1.619819688533007e-04
2.260563140009183e-04
3.148162363672154e-04
4.378052689301372e-04
6.071339008594921e-04
8.393519656248764e-04
1.157664876553217e-03
1.591258227873231e-03
2.181751217387708e-03
2.983961578969073e-03
4.058073698672403e-03
5.505323740407834e-03
7.436394413108619e-03
1.000695769140700e-02
1.339860760569176e-02
1.790630373329665e-02
2.379311754361782e-02
3.142855804038636e-02
4.132891864721012e-02
5.403211059718566e-02
7.018846227185335e-02
9.051069800887675e-02
1.159039006494846e-01
1.473334011048500e-01
1.856540823601710e-01
2.317010951067891e-01
2.863739279780023e-01
3.497804222932298e-01
4.218201101944503e-01
5.018971957406798e-01
5.879211036001247e-01
6.776591505676502e-01
7.670188694051001e-01
8.599579770688182e-01
9.999991023731376e-01
1.000000000000000e+00
1.000000000000000e+00
1.000000000000000e+00
1.000000000000000e+00
1.000000000000000e+00
1.000000000000000e+00
1.000000000000000e+00
1.000000000000000e+00
1.000000000000000e+00
1.000000000000000e+00
1.000000000000000e+00
###1.280000000000001e+01
3.893510587592516e-10
-5.995326719021223e-11
5.795391919515427e-11
-4.931842308888441e-11
6.301628457515540e-11
-1.351705474487419e-11
1.006826184434420e-10
1.624911417354225e-10
1.038047403129879e-10
1.034364486726036e-10
1.671486959295082e-10
2.004010891572803e-10
2.356275465557568e-10
2.942283974079708e-10
3.349667089161407e-10
4.563061985118605e-10
5.996802232460072e-10
7.783946204148061e-10
1.022074266893553e-09
1.354307045523734e-09
1.812614893434155e-09
2.443700996446444e-09
3.325967040796700e-09
4.539100635849347e-09
6.223683096828809e-09
8.553836641117204e-09
1.188309466458604e-08
1.645856028947543e-08
2.296007716549027e-08
3.213941403022897e-08
4.507149686201155e-08
6.343097606775170e-08
8.945235709894583e-08
1.262194833203246e-07
1.788395038071289e-07
2.533886306556365e-07
3.595767618854445e-07
5.105965868510801e-07
7.257818790073140e-07
1.028386709756035e-06
1.464402004215050e-06
2.080529810978903e-06
2.955824852621365e-06
4.191941711699072e-06
5.952944646469205e-06
8.438805123721476e-06
1.194276956688106e-05
1.688763901628232e-05
2.382277067077024e-05
3.363916366549441e-05
4.734246499862028e-05
6.659948758456524e-05
9.335008982987911e-05
1.308287827084879e-04
1.825090318537656e-04
2.541450536853583e-04
3.531443125214959e-04
4.899969260768246e-04
6.779479301120202e-04
9.350024797405252e-04
1.286538330598835e-03
1.764185543211442e-03
2.412768187069694e-03
3.291989009083184e-03
4.464322981098354e-03
6.040231333114899e-03
8.136387184875206e-03
1.091828306108735e-02
1.457451715359633e-02
1.942202078878249e-02
2.572783927313902e-02
3.387713872121081e-02
4.440184177996710e-02
5.785525764154533e-02
7.488766062737402e-02
9.621369650224126e-02
1.227330618563448e-01
1.553970811086786e-01
1.949954939841141e-01
2.422980813479626e-01
2.981030545848922e-01
3.623709523636431e-01
4.348582292817956e-01
5.148174581610145e-01
6.000308414397313e-01
6.882207855126229e-01
7.754143183993398e-01
8.655045340291930e-01
9.999991023731376e-01
1.000000000000000e+00
1.000000000000000e+00
1.000000000000000e+00
1.000000000000000e+00
1.000000000000000e+00
1.000000000000000e+00
1.000000000000000e+00
1.000000000000000e+00
1.000000000000000e+00
1.000000000000000e+00
1.000000000000000e+00
###1.320000000000001e+01
4.070795159225533e-10
-5.582592754296664e-11
5.957588097335793e-11
-5.648078864885040e-11
6.368975156399691e-11
-9.035717905904559e-12
1.045470809614167e-10
1.675451960548716e-10
1.118825274445577e-10
1.089185809357646e-10
1.805853127948970e-10
2.178339306388797e-10
2.573760252204104e-10
3.163802007788714e-10
3.715399297325239e-10
5.005771689868780e-10
6.581857318444088e-10
8.572202662843437e-10
1.131519313216991e-09
1.504708764929295e-09
2.021910862261732e-09
2.734347335654615e-09
3.729963535358200e-09
5.107082483413281e-09
7.019809525910284e-09
9.678769954631686e-09
1.347561975199371e-08
1.872170758575325e-08
2.617661255500540e-08
3.671395100544079e-08
5.158015683210988e-08
7.269090025151143e-08
1.026336675753999e-07
1.449832731596130e-07
2.055428931939478e-07
2.914175227030981e-07
4.135660005784776e-07
5.872787868290235e-07
8.345782553289444e-07
1.181966503297618e-06
1.681984496087927e-06
2.387769749145004e-06
3.388966141541891e-06
4.801412661920640e-06
6.809760802811438e-06
9.639544880565855e-06
1.362299145654219e-05
1.923188921345775e-05
2.708429300227916e-05
3.817788966847757e-05
5.363174797665674e-05
7.530706886352537e-05
1.053538839340554e-04
1.473524616117409e-04
2.051208915400513e-04
2.850187092889598e-04
3.951836120378912e-04
5.471274745079946e-04
7.552372234878235e-04
1.039210406177005e-03
1.426600490467223e-03
1.951553125351102e-03
2.662318876625944e-03
3.624049948189616e-03
4.901123927040904e-03
6.613611022699379e-03
8.884923516482198e-03
1.188932315852525e-02
1.582478319950548e-02
2.102816920600293e-02
2.777136863098601e-02
3.646077998079841e-02
4.762427198326055e-02
6.184776433739111e-02
7.978042050747571e-02
1.021267040266381e-01
1.297834439478588e-01
1.636865359471884e-01
2.045579724491552e-01
2.530948111395185e-01
3.099957040166185e-01
3.750923665508853e-01
4.479736555242420e-01
5.277641204422270e-01
6.121247872020051e-01
6.987611168613144e-01
7.837713731065271e-01
8.710166199200619e-01
9.999991023731376e-01
1.000000000000000e+00
1.000000000000000e+00
1.000000000000000e+00
1.000000000000000e+00
1.000000000000000e+00
1.000000000000000e+00
1.000000000000000e+00
1.000000000000000e+00
1.000000000000000e+00
1.000000000000000e+00
1.000000000000000e+00
###1.360000000000001e+01
4.061174080262991e-10
-5.158378448472463e-11
6.213238720600570e-11
-5.177088600722832e-11
6.831686000070045e-11
-3.498950136368454e-12
1.083709745495092e-10
1.702667000281437e-10
1.199096866997812e-10
1.298895183226797e-10
1.949698264656298e-10
2.341810280982445e-10
2.798959690443748e-10
3.409490283279738e-10
4.072393545963569e-10
5.502866061840265e-10
7.239073327056836e-10
9.462221553859286e-10
1.253782254085474e-09
1.672720251425678e-09
2.255468458597732e-09
3.062445754506835e-09
4.186180165927840e-09
5.751552930099259e-09
7.929382830460546e-09
1.096635314996512e-08
1.529486955676577e-08
2.131205224936301e-08
2.985552828197039e-08
4.195011697037665e-08
5.901561356642735e-08
8.328408593135480e-08
1.177204064812640e-07
1.664547630534038e-07
2.359973325471849e-07
3.346803845296930e-07
4.750558232028786e-07
6.743891822346412e-07
9.580117387828401e-07
1.356096749928359e-06
1.928336808406235e-06
2.734889678739869e-06
3.877714040163135e-06
5.488341435075505e-06
7.772193057359229e-06
1.098549415036209e-05
1.550187400974894e-05
2.184880468286105e-05
3.072172870519045e-05
4.322366821582299e-05
6.061451053121711e-05
8.495177213098202e-05
1.186094749241388e-04
1.655593509643084e-04
2.300011977327909e-04
3.189198720419752e-04
4.412427167368389e-04
6.095351676648205e-04
8.394896432272907e-04
1.152544982908691e-03
1.578522573609848e-03
2.154199065832758e-03
2.931704935180337e-03
3.981353099170689e-03
5.370023076591816e-03
7.227674001586160e-03
9.684226097152065e-03
1.292372712485273e-02
1.715187637066032e-02
2.272748476786693e-02
2.992656546520005e-02
3.917598628486164e-02
5.100308413731464e-02
6.601764879743351e-02
8.486919686048831e-02
1.082571304696316e-01
1.370614298443737e-01
1.722036338441650e-01
2.143438670824165e-01
2.640933767821715e-01
3.220536488182730e-01
3.879269933371158e-01
4.611591373578455e-01
5.407251170899752e-01
6.241986088001621e-01
7.092582145696443e-01
7.921069183324468e-01
8.764795350604754e-01
9.999991023731376e-01
1.000000000000000e+00
1.000000000000000e+00
1.000000000000000e+00
1.000000000000000e+00
1.000000000000000e+00
1.000000000000000e+00
1.000000000000000e+00
1.000000000000000e+00
1.000000000000000e+00
1.000000000000000e+00
1.000000000000000e+00
###1.400000000000001e+01
4.039472281123713e-10
-5.131033531051342e-11
-3.956015117078241e-14
-4.579774356777485e-11
7.198136535451330e-11
2.480557694882745e-12
1.142724210467601e-10
1.758009254828911e-10
1.268980978431488e-10
1.414004738444212e-10
2.103491036987331e-10
2.508730640950049e-10
3.040773765961969e-10
3.684436548537699e-10
4.497823204589521e-10
6.054685165489062e-10
7.964774629315427e-10
1.046762615731221e-09
1.391249662327023e-09
1.863918116817123e-09
2.519701647897050e-09
3.434098947669381e-09
4.705704108805045e-09
6.485841387661958e-09
8.963834369550344e-09
1.243535618582635e-08
1.737810353605823e-08
2.427357264056444e-08
3.405835188552365e-08
4.793567402050654e-08
6.750663494677444e-08
9.538074665007712e-08
1.349039883468185e-07
1.908996700986610e-07
2.707154855176554e-07
3.838866474546808e-07
5.449490758376251e-07
7.732418052159234e-07
1.097780539956438e-06
1.552829490005897e-06
2.206275508810234e-06
3.126229342790862e-06
4.427000448552760e-06
6.259747301546491e-06
8.850327454137404e-06
1.249079872194322e-05
1.759976847242650e-05
2.476593330984689e-05
3.476516423958588e-05
4.882755941342606e-05
6.834471062971407e-05
9.560110850860172e-05
1.332304110828329e-04
1.855959093425416e-04
2.573165433931765e-04
3.560694586628855e-04
4.915960586028773e-04
6.775976457793213e-04
9.312131750399026e-04
1.275640028806975e-03
1.743077656839351e-03
2.373187016416731e-03
3.222129908995047e-03
4.365422829253176e-03
5.873042694692510e-03
7.884493316090060e-03
1.053667519100210e-02
1.402321072131865e-02
1.855995939188285e-02
2.452419690038192e-02
3.219819538564414e-02
4.202804386482840e-02
5.453935139649761e-02
7.036829884480762e-02
9.015724173135135e-02
1.146033398862155e-01
1.445686311703811e-01
1.809550922852976e-01
2.243454857401214e-01
2.752929352125891e-01
3.342606344153665e-01
4.008787225191917e-01
4.744071984169259e-01
5.536932357956321e-01
6.362214003218023e-01
7.197120101722373e-01
8.003637638757614e-01
8.818902664421374e-01
9.999991023731376e-01
1.000000000000000e+00
1.000000000000000e+00
1.000000000000000e+00
1.000000000000000e+00
1.000000000000000e+00
1.000000000000000e+00
1.000000000000000e+00
1.000000000000000e+00
1.000000000000000e+00
1.000000000000000e+00
1.000000000000000e+00
###1.440000000000001e+01
4.069797097646971e-10
-9.940085004082330e-11
2.115518767850190e-12
-4.318506911308420e-11
7.259588290661438e-11
5.707137441935463e-12
1.123750971524523e-10
1.837154577651374e-10
1.410218029856418e-10
1.525236793927108e-10
2.228252405872878e-10
2.673463514892992e-10
3.278588006911175e-10
4.001695187945835e-10
4.939779129105811e-10
6.637456191643913e-10
8.760318750269880e-10
1.157160083339415e-09
1.545184998866493e-09
2.077088775927091e-09
2.819109150770012e-09
3.853527253581388e-09
5.294285898995206e-09
7.318009777922942e-09
1.014238244128599e-08
1.411094878144681e-08
1.974924346282120e-08
2.764590724102323e-08
3.884878066801256e-08
5.475626745861914e-08
7.719141356222936e-08
1.091498164417072e-07
1.544714244709444e-07
2.186938711120540e-07
3.101163996295962e-07
4.397501118967500e-07
6.239888148193801e-07
8.850293050679352e-07
1.255660673422126e-06
1.774708684884208e-06
2.519441755161030e-06
3.566174546509036e-06
5.043797329634010e-06
7.123865640018104e-06
1.005618003801408e-05
1.417129068957747e-05
1.993761917305259e-05
2.800916211343046e-05
3.925297734696811e-05
5.503027076951391e-05
7.688963874743240e-05
1.073489574886777e-04
1.493219173236762e-04
2.076135455116129e-04
2.872679612570478e-04
3.966983014971590e-04
5.465531988433648e-04
7.517577581847684e-04
1.030887502969701e-03
1.409075096069808e-03
1.921110149188543e-03
2.609537283136600e-03
3.534762110228918e-03
4.777881380718697e-03
6.411492483338365e-03
8.585874689058913e-03
1.144452962123954e-02
1.519157973414176e-02
2.005169122563728e-02
2.642126059267462e-02
3.459066037747352e-02
4.501978465652615e-02
5.823930661113380e-02
7.490411998082286e-02
9.565172392617906e-02
1.211705803446333e-01
1.523091807869664e-01
1.899397692594026e-01
2.345642952496171e-01
2.866913405642738e-01
3.466327204158262e-01
4.139369432938126e-01
4.877085246526266e-01
5.666654091612823e-01
6.482096633061067e-01
7.300820543811261e-01
8.085540927487593e-01
8.872293075352620e-01
9.999991023731376e-01
1.000000000000000e+00
1.000000000000000e+00
1.000000000000000e+00
1.000000000000000e+00
1.000000000000000e+00
1.000000000000000e+00
1.000000000000000e+00
1.000000000000000e+00
1.000000000000000e+00
1.000000000000000e+00
1.000000000000000e+00
###1.480000000000001e+01
4.092693886206750e-10
-1.095853745213468e-10
5.431248942121949e-12
-4.338243691828258e-11
7.101175365701575e-11
4.775711790479261e-12
1.153185040321486e-10
1.888884398030843e-10
1.524708730215186e-10
1.616054931710259e-10
2.374035350621401e-10
2.860794470699972e-10
3.542762485183739e-10
4.358633177345525e-10
5.438433392431134e-10
7.289714531610285e-10
9.654946240333960e-10
1.281895066107718e-09
1.718109189720028e-09
2.318238265848220e-09
3.158001726524293e-09
4.329940092955426e-09
5.966943959163321e-09
8.267333543880253e-09
1.148669538666075e-08
1.601801687443263e-08
2.245370292928363e-08
3.148613272666240e-08
4.431096823615813e-08
6.251977077282666e-08
8.823020431460389e-08
1.248143068034782e-07
1.766891447861492e-07
2.502407555664361e-07
3.548207926614467e-07
5.030360405773353e-07
7.133921121140383e-07
1.011276468082811e-06
1.433799447065038e-06
2.024752817184600e-06
2.871487446886846e-06
4.059867319575382e-06
5.734986396115195e-06
8.089854447059544e-06
1.140289768754278e-05
1.604427176635944e-05
2.253783885857728e-05
3.160738099373070e-05
4.422694313430156e-05
6.189147500124500e-05
8.631942428805154e-05
1.202742622491660e-04
1.670091479640309e-04
2.317517589399446e-04
3.200593099235581e-04
4.410883937152793e-04
6.064574269189751e-04
8.323787129597548e-04
1.139041231192446e-03
1.553501410663884e-03
2.113452327674001e-03
2.864143523947132e-03
3.870870666513439e-03
5.220075740599873e-03
6.987800948742794e-03
9.334249047765300e-03
1.241092112903045e-02
1.643132865780212e-02
2.162930301109062e-02
2.842452846800707e-02
3.710677764679899e-02
4.815739926160299e-02
6.210658785789185e-02
7.962889277298973e-02
1.013550861570825e-01
1.279637543928973e-01
1.602825259800575e-01
1.991590931585830e-01
2.450063116057846e-01
2.982808893211634e-01
3.591567495808340e-01
4.271000723152788e-01
5.010563613910971e-01
5.796281594995838e-01
6.601455682689159e-01
7.403728756340797e-01
8.166578397214737e-01
8.925002235338014e-01
9.999991023731376e-01
1.000000000000000e+00
1.000000000000000e+00
1.000000000000000e+00
1.000000000000000e+00
1.000000000000000e+00
1.000000000000000e+00
1.000000000000000e+00
1.000000000000000e+00
1.000000000000000e+00
1.000000000000000e+00
1.000000000000000e+00
###1.520000000000001e+01
4.149270827910421e-10
-1.096594154256313e-10
4.645415730319803e-12
-4.465628766900818e-11
7.296607345084446e-11
1.134606178935830e-11
1.192724239520628e-10
1.918258907370963e-10
1.616136137092160e-10
1.755222710286337e-10
2.541232016511101e-10
3.133819313247774e-10
3.812060714053870e-10
4.745670955228912e-10
6.063403483693959e-10
8.024583298697656e-10
1.065413863248938e-09
1.422063254644616e-09
1.914320000515276e-09
2.591282311203401e-09
3.542470873790573e-09
4.872069137645116e-09
6.730297273632752e-09
9.347298863835914e-09
1.301835134935424e-08
1.818838503661271e-08
2.553153040074600e-08
3.586803912156719e-08
5.053291385176001e-08
7.135405332974149e-08
1.007752005237932e-07
1.426150088910004e-07
2.019175306599868e-07
2.859968874552485e-07
4.053944922831516e-07
5.745443063626539e-07
8.144140401249470e-07
1.153484162492408e-06
1.634243621506699e-06
2.305814165379787e-06
3.266214622812318e-06
4.612684737518110e-06
6.507198387068663e-06
9.167591573466595e-06
1.290226736383009e-05
1.812684212448409e-05
2.542370488284935e-05
3.559700635407548e-05
4.973314883020146e-05
6.946241272092988e-05
9.670854693856865e-05
1.344873027622545e-04
1.864160580789584e-04
2.581984023087710e-04
3.558917435208810e-04
4.894942737809161e-04
6.716440770901317e-04
9.199381460104906e-04
1.256229247307526e-03
1.709700412348124e-03
2.320755373950078e-03
3.138333693671718e-03
4.231820502333075e-03
5.693721237995861e-03
7.603526573366177e-03
1.013205116737378e-02
1.343817401828380e-02
1.774573305920573e-02
2.329816704467836e-02
3.053563605928059e-02
3.975318429622025e-02
5.144431555762219e-02
6.614463866413867e-02
8.454545993236152e-02
1.072698519280130e-01
1.349829210625110e-01
1.684930292152592e-01
2.086064762105081e-01
2.556705625072382e-01
3.100605021557242e-01
3.718406961220296e-01
4.403657049260658e-01
5.144509578739518e-01
5.925801600011639e-01
6.720289557406963e-01
7.505762411982920e-01
8.246513290433609e-01
8.976915581427650e-01
9.999991023731376e-01
1.000000000000000e+00
1.000000000000000e+00
1.000000000000000e+00
1.000000000000000e+00
1.000000000000000e+00
1.000000000000000e+00
1.000000000000000e+00
1.000000000000000e+00
1.000000000000000e+00
1.000000000000000e+00
1.000000000000000e+00
###1.560000000000001e+01
4.514187769133191e-10
-1.097707631524890e-10
1.360489589865435e-11
-4.195524031573533e-11
6.952841906391934e-11
1.383236594943897e-11
1.238258354940322e-10
1.960005392258298e-10
1.714866961990982e-10
1.930659426357232e-10
2.687989217578511e-10
3.351603205300193e-10
4.120416147176392e-10
5.183132163747174e-10
6.657010273655804e-10
8.850882629194650e-10
1.179206527203029e-09
1.579769855940207e-09
2.135150704727480e-09
2.900916285091314e-09
3.980768266122439e-09
5.486625191953540e-09
7.599285745049101e-09
1.057609537372405e-08
1.476303322527907e-08
2.066392788982185e-08
2.903996150154441e-08
4.085859406748784e-08
5.760851892330367e-08
8.140255023785347e-08
1.150268587575646e-07
1.628231378439690e-07
2.305243128011640e-07
3.264458741772576e-07
4.625837089132231e-07
6.552750939254187e-07
9.282309367124635e-07
1.313623809331587e-06
1.859511828799802e-06
2.621900143896770e-06
3.708220090913279e-06
5.230975077152941e-06
7.369960273897830e-06
1.036875435022672e-05
1.457008724902239e-05
2.043985275421062e-05
2.862183399911028e-05
4.001117338421947e-05
5.581486205108724e-05
7.781276230296978e-05
1.081416217887896e-04
1.500975842489369e-04
2.076808360086553e-04
2.871261485103223e-04
3.949968855998018e-04
5.422035199677644e-04
7.424858653205192e-04
1.014912387930118e-03
1.383061644616359e-03
1.878427349408164e-03
2.544251087769552e-03
3.433028793646627e-03
4.618818603915043e-03
6.200712734032616e-03
8.260768411765367e-03
1.098164447005216e-02
1.452904621731190e-02
1.913835355783107e-02
2.506061584010625e-02
3.275908917575261e-02
4.253173312176031e-02
5.488473052953340e-02
7.035981506472438e-02
8.965966730870913e-02
1.134007062782066e-01
1.422310383279937e-01
1.769367399442108e-01
2.182878896711775e-01
2.665465374075079e-01
3.220303119454917e-01
3.846678896793522e-01
4.537248397079443e-01
5.278657209535531e-01
6.054988501254013e-01
6.838337830543644e-01
7.606832728193320e-01
8.325409642190619e-01
9.027845710838923e-01
9.999991023731376e-01
1.000000000000000e+00
1.000000000000000e+00
1.000000000000000e+00
1.000000000000000e+00
1.000000000000000e+00
1.000000000000000e+00
1.000000000000000e+00
1.000000000000000e+00
1.000000000000000e+00
1.000000000000000e+00
1.000000000000000e+00
