# NLO BK equation solver 0.0-dev build  (build Oct 13 2025 12:18:44)
# Initial condition: MV model, Q_s0^2 = 0.0929637 GeV^2, \gamma = 2.33288, coefficient of E inside Log is 1, x0=0.01, \Lambda_QCD = 0.241 GeV
# # LO Kernel RC:  Parent dipole. NLO Kernel RC:  Parent dipole
# Nc=3, Nf=4
# Using RungeKutta method in K1
# Resumming double log
# Resumming single log, K_sub=0.65 resum rc: parent
# BK K1 integration relative accuracy: 0.02# NLO BK as^2 terms: MC integration method: Vegas, points=1000000
# Kinematical constraint: none
# Target kinematical constraint: disabled

###1.000000000000000e-05
###1.160836920850890e+00
###100
###1.000000000000000e+00
###0.000000000000000e+00
5.945023862726697e-26
1.178485325109297e-25
2.335800116303200e-25
4.628994778066859e-25
9.172247651606420e-25
1.817194505071309e-24
3.599664779000953e-24
7.129450948240131e-24
1.411828080642564e-23
2.795358453742584e-23
5.533773082627390e-23
1.095295883663838e-22
2.167533794781583e-22
4.288669491367083e-22
8.483976208734857e-22
1.678008919177007e-21
3.318216758469325e-21
6.560372702724148e-21
1.296770293180801e-20
2.562747223602239e-20
5.063536607822741e-20
1.000241260235951e-19
1.975400881279373e-19
3.900338419880037e-19
7.699148030114141e-19
1.519403035928031e-18
2.997710586164613e-18
5.912744139945489e-18
1.165915956112394e-17
2.298370780155960e-17
4.529427719228073e-17
8.923443270617887e-17
1.757449120004553e-16
3.460104711027372e-16
6.809993267262471e-16
1.339829648364263e-15
2.635070016128486e-15
5.180459922748749e-15
1.018055953293543e-14
1.999840663052889e-14
3.926742704149756e-14
7.706821632425667e-14
1.511875710856253e-13
2.964466054615596e-13
5.809753882839862e-13
1.137995762100026e-12
2.227847880821815e-12
4.358953498127140e-12
8.523541656749522e-12
1.665666000616103e-11
3.252925085952298e-11
6.348430074318197e-11
1.238089700323318e-10
2.412783105615666e-10
4.698415023399408e-10
9.141923666843326e-10
1.777308873239299e-09
3.452337405000950e-09
6.699996293724552e-09
1.299071983491813e-08
2.516379441394841e-08
4.869576560166688e-08
9.413859978854305e-08
1.818012996227717e-07
3.507298784981407e-07
6.759151996284418e-07
1.301237688109152e-06
2.502490685889303e-06
4.807866095576933e-06
9.228184886849857e-06
1.769656022088117e-05
3.390879175846351e-05
6.492796745494189e-05
1.242523140366769e-04
2.376821975959009e-04
4.545496125005766e-04
8.692260450786637e-04
1.662326517911650e-03
3.179575259766865e-03
6.082240312073051e-03
1.163161561704906e-02
2.221666836066838e-02
4.229210205288847e-02
7.989218165799161e-02
1.485061717972070e-01
2.673376438548123e-01
4.529921799188749e-01
6.905019813763584e-01
8.982675761017775e-01
9.884854788422993e-01
9.998399969603442e-01
9.999999644110582e-01
9.999999999999978e-01
1.000000000000000e+00
1.000000000000000e+00
1.000000000000000e+00
1.000000000000000e+00
1.000000000000000e+00
1.000000000000000e+00
1.000000000000000e+00
###4.000000000000000e-01
-7.360940653428712e-11
-7.375754908060694e-12
2.068805461592096e-12
-7.222375734227396e-12
-2.176834844307521e-11
2.488382421188156e-12
-7.635397118425236e-13
3.764900443443735e-12
-4.639215201253960e-12
1.422473420328238e-11
-3.307938117857210e-12
8.051261945506941e-12
1.353828171018180e-11
1.099769365361019e-12
1.674493886200367e-13
9.862020719066240e-13
1.458352305995730e-12
3.646921613464795e-12
2.514702387809415e-13
4.076379897450030e-12
8.510588806498756e-12
1.023233865199115e-11
1.600014760099191e-11
2.035886303884641e-11
2.628167953373850e-11
3.284443820918702e-11
5.046477066028286e-11
6.027618231909760e-11
8.299741559067305e-11
1.118699164275995e-10
1.479206239729756e-10
1.898645305501239e-10
2.619303426355926e-10
3.479064834927351e-10
4.632389081824731e-10
6.040147083477489e-10
8.052755660335136e-10
1.063155808554140e-09
1.387203385761012e-09
1.817002625967063e-09
2.376703368218504e-09
3.069868615741349e-09
4.017386863844200e-09
5.222631483645360e-09
6.757963007551571e-09
8.816008923914366e-09
1.134982083608731e-08
1.475939858107115e-08
1.934378975641505e-08
2.550359469424772e-08
3.279479485280586e-08
4.513018706883541e-08
6.145962735637866e-08
8.471815421290409e-08
1.193865375967252e-07
1.700352536028003e-07
2.474090676313950e-07
3.646230227765262e-07
5.455865904456936e-07
8.257934905222662e-07
1.262278371837704e-06
1.936327326277651e-06
3.009711393611943e-06
4.675898743846392e-06
7.298586917567165e-06
1.138075293837088e-05
1.789651415227703e-05
2.808554484261637e-05
4.424704773221241e-05
6.994026923462025e-05
1.107474919025525e-04
1.759048441901576e-04
2.816033439571634e-04
4.543046259180934e-04
7.389663476650735e-04
1.211829682890307e-03
2.011053035245456e-03
3.375900224647237e-03
5.732523357440513e-03
9.865603560952098e-03
1.715168921049524e-02
3.009625969129371e-02
5.315737272627975e-02
9.395846906981860e-02
1.646892009378467e-01
2.819571168184904e-01
4.582098446841888e-01
6.781199271292999e-01
8.718105185311220e-01
9.666953063791014e-01
9.908638191249298e-01
9.999999644110582e-01
9.999999999999978e-01
1.000000000000000e+00
1.000000000000000e+00
1.000000000000000e+00
1.000000000000000e+00
1.000000000000000e+00
1.000000000000000e+00
1.000000000000000e+00
###8.000000000000000e-01
-7.018319397610388e-11
-1.368252798995291e-11
-1.713826313161719e-12
-2.801974331132351e-12
-1.641374183049432e-11
-1.885136515678193e-12
-7.199808377183875e-12
1.826533250648052e-12
-5.681103663511560e-12
2.083888044747620e-11
-1.009446797264847e-11
9.754392021324749e-12
1.473853434106782e-11
6.317469272991740e-12
2.305471254098415e-12
4.771382375603760e-12
6.595893081071071e-12
7.444846319970906e-12
5.123200576713921e-12
9.022945405434412e-12
1.883119042995762e-11
1.998929019813093e-11
3.386476561071616e-11
3.093119426297088e-11
5.423536522821599e-11
7.323697926084791e-11
1.003402580268754e-10
1.316792681154845e-10
1.717736612990208e-10
2.303300119906100e-10
3.024033719056599e-10
3.973618473487489e-10
5.397035472217113e-10
7.145246514044465e-10
9.578660086771861e-10
1.244158500105208e-09
1.648721708918538e-09
2.170107034065154e-09
2.826041767290873e-09
3.710059032490104e-09
4.868820378859223e-09
6.284593918408210e-09
8.248373706639988e-09
1.075086570307830e-08
1.393509689258561e-08
1.829111778996521e-08
2.377174843357621e-08
3.136345460003668e-08
4.130614744644831e-08
5.532717076591100e-08
7.339531369881575e-08
1.011242794619549e-07
1.398588298243178e-07
1.961582121700954e-07
2.796716472275173e-07
4.037021660353883e-07
5.919952026798108e-07
8.768814960484823e-07
1.314565868993524e-06
1.986154888060224e-06
3.020428954038391e-06
4.590163175759243e-06
7.078291006159783e-06
1.087676251065690e-05
1.674140785929364e-05
2.572038890243437e-05
3.977172861986739e-05
6.123687458537269e-05
9.449006211852553e-05
1.461288523274116e-04
2.254790473581797e-04
3.487711869396507e-04
5.402340414686579e-04
8.416866450275542e-04
1.317612433008744e-03
2.070640238702978e-03
3.284983969118901e-03
5.250993442307577e-03
8.479458575922650e-03
1.385105938957504e-02
2.284896329354560e-02
3.806011624642350e-02
6.389228179138549e-02
1.075498895621543e-01
1.800145630837643e-01
2.955455162798777e-01
4.632718511648652e-01
6.678899328331688e-01
8.494441288853212e-01
9.474532672916826e-01
9.819456780520033e-01
9.999999644110582e-01
9.999999999999978e-01
1.000000000000000e+00
1.000000000000000e+00
1.000000000000000e+00
1.000000000000000e+00
1.000000000000000e+00
1.000000000000000e+00
1.000000000000000e+00
###1.200000000000000e+00
-6.862109467791390e-11
-1.531493097006917e-11
7.174252650720960e-12
-1.132300286327010e-12
-1.705126883357783e-11
-4.714679159791953e-12
-1.375657040982666e-11
1.780658708508280e-12
-2.449202320417594e-11
1.749791572180027e-11
-6.278932744953295e-12
1.077581967873102e-11
2.041826797726447e-11
8.010201529358698e-12
4.428471861488898e-12
2.697419372553733e-12
1.315510201622643e-12
9.972082701199928e-12
1.373440286858093e-11
1.443916328511616e-11
3.045850054597776e-11
3.504479053122165e-11
5.083443036824029e-11
5.747103535171746e-11
8.207019256557384e-11
1.169084643277805e-10
1.536517879611225e-10
2.016709392045639e-10
2.639668303354879e-10
3.475172076102405e-10
4.765265712891056e-10
6.209224218367832e-10
8.334512638752592e-10
1.105760975266173e-09
1.468422069152129e-09
1.930503640077326e-09
2.533252280063383e-09
3.328144936479460e-09
4.353885591717813e-09
5.702135341906640e-09
7.461972011264665e-09
9.712281099704637e-09
1.274396563506942e-08
1.673767820115743e-08
2.177346586940741e-08
2.883989127295782e-08
3.777915986849003e-08
5.057940360097450e-08
6.717826081023204e-08
9.116791589836129e-08
1.235550957092543e-07
1.717219186506015e-07
2.408258231141499e-07
3.420279887472469e-07
4.929726015294828e-07
7.183886064863047e-07
1.058773453407402e-06
1.574906520188460e-06
2.357478623621665e-06
3.556921342361675e-06
5.385983897928476e-06
8.164174483096818e-06
1.247467854002890e-05
1.901411147454467e-05
2.897859966349821e-05
4.413452346346555e-05
6.749194790586161e-05
1.026847365918356e-04
1.565539482485686e-04
2.387704071352402e-04
3.635421109122839e-04
5.551479353512704e-04
8.428570948996238e-04
1.288086864337351e-03
1.974677100588524e-03
3.031655783132295e-03
4.689796750031788e-03
7.287289285754018e-03
1.141018886324278e-02
1.802777275901146e-02
2.871254646824350e-02
4.609566812719292e-02
7.448224610508072e-02
1.207192198894911e-01
1.945918229592046e-01
3.082979038067697e-01
4.682900690562815e-01
6.595762707212688e-01
8.305897339493944e-01
9.305170240025205e-01
9.733439733179231e-01
9.999999644110582e-01
9.999999999999978e-01
1.000000000000000e+00
1.000000000000000e+00
1.000000000000000e+00
1.000000000000000e+00
1.000000000000000e+00
1.000000000000000e+00
1.000000000000000e+00
###1.600000000000000e+00
-7.653895594069079e-11
-3.230929228740649e-11
1.431513304643017e-11
-1.090145075851635e-12
-1.796190883036886e-11
-2.534778496788630e-11
-1.262995919914371e-11
7.172046658532665e-12
-2.139148340788756e-11
1.263906164807634e-11
-2.910419920874671e-12
1.381320653604683e-11
2.177696905060157e-11
7.897742744541835e-12
1.742536692287591e-12
5.216620723092640e-12
3.960682150769909e-12
1.555809117681131e-11
2.374575883424293e-11
1.967329840970090e-11
4.327324282030131e-11
4.771675668989420e-11
6.690331603500027e-11
8.815156161831353e-11
1.152375867082900e-10
1.588682792134134e-10
2.112864243394437e-10
2.774571083057740e-10
3.659637248844567e-10
4.864542010182879e-10
6.544088005601813e-10
8.585298395653286e-10
1.145363064613455e-09
1.521542283916411e-09
2.008198126988713e-09
2.651233527184302e-09
3.468998991102642e-09
4.559836277923768e-09
5.977991683010021e-09
7.823225462896287e-09
1.027388830402389e-08
1.342106270016057e-08
1.770088725587548e-08
2.332519214656100e-08
3.065856473708811e-08
4.073257819861629e-08
5.387933296655094e-08
7.311738941864846e-08
9.832478260564399e-08
1.348119783288706e-07
1.859168601967472e-07
2.608609598918244e-07
3.701273246667028e-07
5.307732333097996e-07
7.715601300872585e-07
1.130917460525459e-06
1.674846953345579e-06
2.495918897093535e-06
3.730167345260413e-06
5.608292754247323e-06
8.468914486068198e-06
1.278446979257091e-05
1.935970761036341e-05
2.935326151535932e-05
4.440947423279176e-05
6.712925133202374e-05
1.016376299894302e-04
1.534488540623860e-04
2.313597533418618e-04
3.491864112648850e-04
5.263803025920291e-04
7.936748262167506e-04
1.191361593881642e-03
1.795723763335995e-03
2.712763650056839e-03
4.096440735661257e-03
6.227568474553300e-03
9.481536313894409e-03
1.452127685057064e-02
2.238981289277080e-02
3.473160934895221e-02
5.420107002871001e-02
8.497371729547976e-02
1.335188557849959e-01
2.085198870813216e-01
3.203665776831852e-01
4.733368598566480e-01
6.529853778747333e-01
8.147707713074352e-01
9.156904234799900e-01
9.652418448533480e-01
9.999999644110582e-01
9.999999999999978e-01
1.000000000000000e+00
1.000000000000000e+00
1.000000000000000e+00
1.000000000000000e+00
1.000000000000000e+00
1.000000000000000e+00
1.000000000000000e+00
###2.000000000000000e+00
-5.675437581551632e-11
-2.745076916930860e-11
1.486338116498882e-11
-1.727469405551784e-12
-1.382650475349925e-11
-2.658567640354158e-11
-1.342377982079666e-11
4.826558826966939e-12
-1.989309856520884e-11
-4.588054355342219e-11
-4.777928479191113e-12
1.407154889460632e-11
2.559767206892115e-11
1.227684428288788e-11
-9.547122794862695e-12
8.455046830833696e-12
3.983457983303310e-11
2.163307467597123e-11
3.331731685417969e-11
3.119512933290949e-11
5.643025916205691e-11
6.655866774038162e-11
8.740019767931430e-11
1.123992385560015e-10
1.481176166720516e-10
2.268069253547409e-10
2.722522259334334e-10
3.555406385431287e-10
4.751162433777756e-10
6.289213452180005e-10
8.429117642472596e-10
1.107339755339942e-09
1.478188363482499e-09
1.958041732649694e-09
2.579697834335800e-09
3.406647088004350e-09
4.465974301608717e-09
5.867529507723393e-09
7.720636675008525e-09
1.011625620066309e-08
1.333125095306146e-08
1.752922388018065e-08
2.319942054147458e-08
3.073887392156541e-08
4.081022260655213e-08
5.466884648197295e-08
7.332679897411763e-08
1.001353023974615e-07
1.361704400370487e-07
1.889865030291868e-07
2.639339401501142e-07
3.735783571029466e-07
5.355624666771105e-07
7.740754091523637e-07
1.130481691814154e-06
1.665386661531460e-06
2.468405932916106e-06
3.682418046556641e-06
5.481875284142296e-06
8.225705864032856e-06
1.237400649537879e-05
1.858539184324532e-05
2.797322528092125e-05
4.215597840097029e-05
6.336852598196920e-05
9.513356105175105e-05
1.428884640458083e-04
2.141128065744351e-04
3.199444827811372e-04
4.787653634884187e-04
7.153359428364846e-04
1.067693486594791e-03
1.587492756328825e-03
2.366381914740234e-03
3.532974218028499e-03
5.266050332270366e-03
7.893798094931327e-03
1.183097873503750e-02
1.780744582125329e-02
2.692838512700722e-02
4.091993872073673e-02
6.237532410082479e-02
9.537337818455550e-02
1.459908993419272e-01
2.218874921299843e-01
3.318816988235840e-01
4.785172521102980e-01
6.479339870807135e-01
8.015671538263642e-01
9.027829136667370e-01
9.577367599078721e-01
9.999999644110582e-01
9.999999999999978e-01
1.000000000000000e+00
1.000000000000000e+00
1.000000000000000e+00
1.000000000000000e+00
1.000000000000000e+00
1.000000000000000e+00
1.000000000000000e+00
###2.400000000000000e+00
-5.080578512354752e-11
-2.778097020364182e-11
9.010028568311499e-12
-8.732725098851889e-12
-1.109944646020280e-11
-3.260577467560887e-11
-1.332451926569855e-11
3.776707797216135e-12
-2.331713143463381e-11
-4.247055159064896e-11
1.980309833680281e-12
1.790474206064271e-11
2.058331032150986e-11
8.436952192892136e-12
-6.878760195744593e-12
1.216573272012489e-11
4.259157922873333e-11
2.253991137705740e-11
4.361891823841250e-11
4.363928243194493e-11
6.495887739442613e-11
8.799533937351979e-11
1.089721866159453e-10
1.399254888265844e-10
1.855774127089600e-10
2.816274373341518e-10
3.387721586583126e-10
4.431637456011411e-10
5.911493310571196e-10
7.782192761953877e-10
1.048399054154431e-09
1.376184501460631e-09
1.834069105259203e-09
2.422192276431828e-09
3.188928118815950e-09
4.216921911839647e-09
5.540183418151982e-09
7.283876154180139e-09
9.621190972102911e-09
1.264698923918995e-08
1.671759103403959e-08
2.210667655786567e-08
2.941498880276641e-08
3.926673542895799e-08
5.258111836928818e-08
7.111065494735551e-08
9.647488208696124e-08
1.329336208491378e-07
1.828032959946740e-07
2.561673408155497e-07
3.619038121345653e-07
5.159312485156890e-07
7.453823211487708e-07
1.084154335271283e-06
1.588008232572301e-06
2.343407172427470e-06
3.477847628000620e-06
5.179407863472385e-06
7.683474864925840e-06
1.149644556448429e-05
1.723501547575654e-05
2.574264466461868e-05
3.854242723361024e-05
5.774390420207443e-05
8.629816158954713e-05
1.286712459328440e-04
1.918791966637018e-04
2.854611521217830e-04
4.234263462850117e-04
6.286990963186621e-04
9.321186370768227e-04
1.379134557247131e-03
2.033341001023391e-03
3.002195009723194e-03
4.437384441526873e-03
6.542039002679653e-03
9.690951235997681e-03
1.433542615048832e-02
2.126511234059120e-02
3.163593053922139e-02
4.725168354669597e-02
7.061402875834499e-02
1.056987775376021e-01
1.581765034446136e-01
2.347942893380094e-01
3.429741643520810e-01
4.838528484130142e-01
6.442627758857109e-01
7.906536683057264e-01
8.916400856585881e-01
9.509026709741976e-01
9.999999644110582e-01
9.999999999999978e-01
1.000000000000000e+00
1.000000000000000e+00
1.000000000000000e+00
1.000000000000000e+00
1.000000000000000e+00
1.000000000000000e+00
1.000000000000000e+00
###2.800000000000000e+00
-5.288628519310118e-11
-2.448736644246806e-11
-7.368918091043033e-12
-7.166171376813027e-12
-1.062790649948919e-11
-2.994573842086029e-11
-1.301943217241062e-11
6.102461935500346e-12
-2.312929268467339e-11
-4.065602040261556e-11
4.562282682641207e-12
2.380339858834134e-11
2.027219880636241e-11
1.105543403935565e-11
-1.236050410126834e-12
1.705343949812131e-11
4.644344754498498e-11
3.170934229311764e-11
5.164717979895164e-11
5.283924020786182e-11
7.900345998566631e-11
1.082456120601246e-10
1.323409116142617e-10
1.711099886456443e-10
2.274589222720025e-10
3.355518912591075e-10
4.094834628194499e-10
5.346457871161778e-10
7.146057407481528e-10
9.440192768841392e-10
1.261792143301557e-09
1.663963057715546e-09
2.211627522744772e-09
2.921967078647671e-09
3.846169886683986e-09
5.094993661309860e-09
6.702967735344763e-09
8.831722120515859e-09
1.172242851598122e-08
1.545925001604791e-08
2.052881028337642e-08
2.731581453963457e-08
3.655770445050593e-08
4.918765061775787e-08
6.646723915650740e-08
9.073489432904376e-08
1.244066661744520e-07
1.729471978593531e-07
2.408669168285117e-07
3.394492604809667e-07
4.840877913718867e-07
6.943633286557627e-07
1.008714438804130e-06
1.473754434457737e-06
2.162275151396956e-06
3.190349617827471e-06
4.731457189804630e-06
7.037113150010576e-06
1.033860453162514e-05
1.551515591196874e-05
2.316653770994041e-05
3.442167320318706e-05
5.127923148727524e-05
7.641481223831546e-05
1.134836873191588e-04
1.682695624424851e-04
2.492151035535621e-04
3.683379179633898e-04
5.427125208449387e-04
8.003998885597807e-04
1.178173652786542e-03
1.729978620388228e-03
2.530919623448680e-03
3.705432133531548e-03
5.428301355803212e-03
7.926539706202424e-03
1.161966141701406e-02
1.699272555696051e-02
2.489063264286843e-02
3.651471218725810e-02
5.372286281975640e-02
7.891922521648070e-02
1.159792382286400e-01
1.701258010713136e-01
2.473046735925563e-01
3.537305207015563e-01
4.893846964067370e-01
6.418420389181708e-01
7.817881722359573e-01
8.820986320132888e-01
9.447630515450882e-01
9.999999644110582e-01
9.999999999999978e-01
1.000000000000000e+00
1.000000000000000e+00
1.000000000000000e+00
1.000000000000000e+00
1.000000000000000e+00
1.000000000000000e+00
1.000000000000000e+00
###3.200000000000000e+00
-4.927738062931390e-11
-2.879494481415140e-11
4.450217770113103e-12
-1.093200882150553e-11
-1.117391453623042e-11
-2.984905519152227e-11
-8.700790753460668e-11
1.052719888554597e-11
-2.443883885290093e-11
-4.121372221977781e-11
8.464719469211610e-12
2.473030045473384e-11
2.139175524655502e-11
1.896326569875411e-11
3.761012052458442e-12
1.971738850135603e-11
5.034963505252883e-11
4.483716057566670e-11
6.011695464996441e-11
6.338094435966954e-11
7.026202146456007e-11
1.219183991589105e-10
1.575859745913956e-10
2.003154480381663e-10
2.720680041716744e-10
3.902702791115536e-10
4.815719553322271e-10
6.367621672712238e-10
8.465721003647294e-10
1.118210725531825e-09
1.491844455297469e-09
1.971912266933216e-09
2.618182787089919e-09
3.459700281166251e-09
4.561187666746221e-09
6.058261639500965e-09
7.981199662371956e-09
1.055082862025608e-08
1.407302158815563e-08
1.863353739170538e-08
2.487989665314488e-08
3.331744517685471e-08
4.489209320614518e-08
6.085593096504423e-08
8.307336185017394e-08
1.143161355582800e-07
1.583247801987173e-07
2.219515507454845e-07
3.121193475156927e-07
4.424505395702451e-07
6.349383261781745e-07
9.162125688031264e-07
1.334494868873175e-06
1.955007957319157e-06
2.872152297101981e-06
4.236431248221942e-06
6.268478948170008e-06
9.307948223526471e-06
1.367144522782556e-05
2.037425801995891e-05
3.030595263473922e-05
4.481100536943005e-05
6.645105083664076e-05
9.848453762560097e-05
1.454323935460697e-04
2.144651954403480e-04
3.155477217791126e-04
4.637814465634075e-04
6.791552806792635e-04
9.952348866642481e-04
1.455423756013108e-03
2.121343846373865e-03
3.082979641987147e-03
4.478129465295359e-03
6.507458443555131e-03
9.425731290563387e-03
1.368153771375543e-02
1.980345167240356e-02
2.868363807184025e-02
4.156529346194052e-02
6.033310559010144e-02
8.729639138869084e-02
1.262097745528786e-01
1.818673017381484e-01
2.595058423267345e-01
3.642296946563865e-01
4.951471611068971e-01
6.405264810344105e-01
7.746888975080833e-01
8.740293931848381e-01
9.393305375642957e-01
9.999999644110582e-01
9.999999999999978e-01
1.000000000000000e+00
1.000000000000000e+00
1.000000000000000e+00
1.000000000000000e+00
1.000000000000000e+00
1.000000000000000e+00
1.000000000000000e+00
###3.600000000000000e+00
-5.714082052235498e-11
-3.138472117159146e-11
-1.904921875311468e-11
-1.031803058609812e-13
-8.625468649128397e-12
-3.610204033601652e-11
-8.048153725212089e-11
-2.443342627722060e-11
-3.556216883654426e-11
-3.393427987097622e-11
1.057182943388206e-11
2.320019498888989e-11
3.496099281478103e-11
1.899706106093898e-11
9.660619474989337e-12
2.513783852923751e-11
5.524371803514828e-11
5.294738924960112e-11
7.034412697653786e-11
7.431567148708703e-11
8.649914222312413e-11
1.410578352503028e-10
1.891141467094892e-10
2.343753892202564e-10
3.137080679334237e-10
4.496014609845131e-10
5.629648781275626e-10
7.428534487755410e-10
9.903171804524353e-10
1.312643734941633e-09
1.739999447088032e-09
2.304114750971433e-09
3.062901783451940e-09
4.045956835497528e-09
5.338416200700116e-09
7.118823440021066e-09
9.399779328304118e-09
1.246946138465028e-08
1.673436897445367e-08
2.224342997659887e-08
2.988235274108730e-08
4.032991448451119e-08
5.471337703236128e-08
7.477706503806365e-08
1.028901948685074e-07
1.428072946590859e-07
1.995974322836427e-07
2.817532500094974e-07
3.994488589865209e-07
5.689111898913853e-07
8.203686692823226e-07
1.188885889727519e-06
1.734427522398936e-06
2.545644877918565e-06
3.739933486435930e-06
5.507743547613685e-06
8.139949821998999e-06
1.204830471672965e-05
1.766836921977333e-05
2.619781969398781e-05
3.879993291875914e-05
5.711738549530814e-05
8.433101993067323e-05
1.243307947718435e-04
1.825731102375055e-04
2.678633541977518e-04
3.917298207391000e-04
5.727727294649751e-04
8.336815535984224e-04
1.214667216551185e-03
1.765375148427499e-03
2.555912246893432e-03
3.691115529222782e-03
5.322902991000713e-03
7.677716606160598e-03
1.103631996472989e-02
1.587749994647401e-02
2.276796613845284e-02
3.264258149463949e-02
4.678195650378934e-02
6.707855130330480e-02
9.574759428581206e-02
1.364074267952254e-01
1.934500422284919e-01
2.714499159502908e-01
3.745405613379685e-01
5.011436539558943e-01
6.402355310585230e-01
7.691768231953345e-01
8.672960617732786e-01
9.346082746618416e-01
9.999999644110582e-01
9.999999999999978e-01
1.000000000000000e+00
1.000000000000000e+00
1.000000000000000e+00
1.000000000000000e+00
1.000000000000000e+00
1.000000000000000e+00
1.000000000000000e+00
###4.000000000000000e+00
-4.325900002083490e-11
-1.940153667995077e-11
-1.064167073320468e-11
-4.249444212269389e-12
-1.026018862093935e-11
-3.411864183879147e-11
-8.214110642340137e-11
-2.256275620582689e-11
-3.749985259178584e-11
-3.428054866196405e-11
1.205632078965735e-11
2.510433683087894e-11
3.466218425841323e-11
2.113695088548245e-11
1.246070840276623e-11
3.027423522643930e-11
5.992080129123517e-11
6.109186234112993e-11
7.844710599170539e-11
8.646779190278586e-11
1.065134191748223e-10
1.625714646108303e-10
2.160878406772881e-10
2.683996592224141e-10
3.595601118514620e-10
5.117693193371461e-10
6.465129067325402e-10
8.581498241928186e-10
1.143535399019176e-09
1.514562016210776e-09
2.007320350169238e-09
2.664901172885015e-09
3.544359190219330e-09
4.690657601913280e-09
6.205651361229162e-09
8.320156099966919e-09
1.099327014505198e-08
1.464575179444813e-08
1.976238313757480e-08
2.641508741381625e-08
3.570190283783156e-08
4.855493113121705e-08
6.638554973120092e-08
9.144074154489835e-08
1.268221754142897e-07
1.772653331720938e-07
2.496449290901915e-07
3.545766748366069e-07
5.059758811366425e-07
7.230959796025066e-07
1.046604907674016e-06
1.521415641710127e-06
2.221506926447843e-06
3.262345260196025e-06
4.787036766784319e-06
7.041524447648225e-06
1.038538982993138e-05
1.531946471569676e-05
2.243105513897348e-05
3.309833927269525e-05
4.881650038781263e-05
7.154772614757501e-05
1.051899972016881e-04
1.543079455780973e-04
2.254299355283468e-04
3.290863098633492e-04
4.785458259373591e-04
6.960752862868795e-04
1.007662984704909e-03
1.460047932474837e-03
2.109822743096387e-03
3.035809116221818e-03
4.357352103578940e-03
6.244106583280114e-03
8.940866481244042e-03
1.275965008629928e-02
1.820678126327365e-02
2.588611577341664e-02
3.676868290368437e-02
5.216240852599820e-02
7.396325503649530e-02
1.042773553679442e-01
1.465889785341857e-01
2.048982811158344e-01
2.831722984033174e-01
3.847141121159106e-01
5.074025401827209e-01
6.408632378425713e-01
7.650720586409164e-01
8.617646406038807e-01
9.305753315453706e-01
9.999999644110582e-01
9.999999999999978e-01
1.000000000000000e+00
1.000000000000000e+00
1.000000000000000e+00
1.000000000000000e+00
1.000000000000000e+00
1.000000000000000e+00
1.000000000000000e+00
###4.399999999999999e+00
-4.658486132394869e-11
3.903646470036440e-12
-1.224902256053983e-11
-5.414968446569094e-12
-1.058250083915239e-11
-3.393229391561645e-11
-8.121669697819128e-11
-1.483014581723515e-11
-3.453717899287070e-11
-3.071193057703742e-11
7.880686709545036e-12
2.878257737029601e-11
3.411739196893994e-11
2.524448394232158e-11
1.486047722797118e-11
3.267594975268936e-11
6.431498406269755e-11
6.992281303152728e-11
8.789731616261173e-11
9.997079274307049e-11
1.250548799282793e-10
1.848357090541841e-10
2.448914693990511e-10
3.055674878593503e-10
4.145893759110571e-10
5.784205375048542e-10
7.395660338303966e-10
9.812204956820479e-10
1.303587425247997e-09
1.730118187179793e-09
2.307431697719259e-09
3.059137242029967e-09
4.071549709372298e-09
5.402826998943881e-09
7.170240611366679e-09
9.644776089736311e-09
1.279847995600948e-08
1.712223968241574e-08
2.322876062172686e-08
3.127570860619907e-08
4.258769093425952e-08
5.828568860490162e-08
8.025168975114165e-08
1.113786203459451e-07
1.555903224274728e-07
2.189456079907243e-07
3.103676358670554e-07
4.429674338536779e-07
6.343414375046932e-07
9.103129579388604e-07
1.320979802300023e-06
1.925246820654614e-06
2.809588135609811e-06
4.124101467157914e-06
6.041050593523656e-06
8.872202271294719e-06
1.305642555529420e-05
1.916966393547162e-05
2.804276734784061e-05
4.117891686071131e-05
6.051083600743121e-05
8.832694450008213e-05
1.292993759648760e-04
1.887954734428486e-04
2.744845959471231e-04
3.987427233897742e-04
5.769282761400065e-04
8.349906885416502e-04
1.202406818132913e-03
1.732961386606408e-03
2.490364626011747e-03
3.562786409755203e-03
5.084211614454080e-03
7.242381882392105e-03
1.029975697897063e-02
1.459941228161514e-02
2.066551392630003e-02
2.915960910459300e-02
4.106027860761049e-02
5.770630484513763e-02
8.098193937962635e-02
1.128914012415457e-01
1.567661866051102e-01
2.162451584036038e-01
2.947328790555663e-01
3.948058174043293e-01
5.139116357766413e-01
6.423156150662921e-01
7.621935858662442e-01
8.573629650088055e-01
9.272108693489842e-01
9.999999644110582e-01
9.999999999999978e-01
1.000000000000000e+00
1.000000000000000e+00
1.000000000000000e+00
1.000000000000000e+00
1.000000000000000e+00
1.000000000000000e+00
1.000000000000000e+00
###4.800000000000000e+00
-4.442995062874431e-11
8.438093902725008e-12
-3.065506595284238e-11
-6.966871370635435e-12
-1.542811386144155e-11
-3.841515710324134e-11
-8.379494366441009e-11
-1.335903610595764e-11
-2.725017632919203e-11
-2.583103137065619e-11
7.102517275426345e-12
2.695996361026373e-11
3.344880536603021e-11
2.668160088126836e-11
2.077440594828209e-11
3.886870237126332e-11
6.855879117720085e-11
8.268277112941645e-11
9.831427152793435e-11
1.142567551509954e-10
1.481167683044887e-10
2.093337509254272e-10
2.804558387741340e-10
3.192312908319336e-10
4.733449390355731e-10
6.544712871977755e-10
8.407121267506781e-10
1.105780068572971e-09
1.475072678032242e-09
1.966372403216459e-09
2.636679599857768e-09
3.513480627661722e-09
4.706319084202506e-09
6.285442733959550e-09
8.263335192287190e-09
1.115084226580300e-08
1.486917966535786e-08
2.001111587764361e-08
2.725526793146537e-08
3.699714079201205e-08
5.071691059636850e-08
6.989800472854800e-08
9.684385328449052e-08
1.352955427437816e-07
1.899496174708629e-07
2.691724637505680e-07
3.835621071633259e-07
5.496991979882148e-07
7.894230443309301e-07
1.135826117605464e-06
1.651321362958536e-06
2.409721270246166e-06
3.515340035987832e-06
5.151738539030886e-06
7.532308654489337e-06
1.104035523004839e-05
1.620633038410278e-05
2.371093007952874e-05
3.460479589479986e-05
5.060765570174577e-05
7.405924002008721e-05
1.076977256093962e-04
1.569702520364040e-04
2.281890876247368e-04
3.302523109505380e-04
4.775617641833798e-04
6.878963013876283e-04
9.903187052071134e-04
1.419221517965571e-03
2.035010219622736e-03
2.908209079985297e-03
4.139171625113272e-03
5.874373603655175e-03
8.319173226884014e-03
1.175641127196099e-02
1.655677880131482e-02
2.326342831034858e-02
3.258955319194137e-02
4.551779044428712e-02
6.341313518335230e-02
8.811038547284150e-02
1.215973281015658e-01
1.669532397610099e-01
2.275091402850660e-01
3.061643788529206e-01
4.048505453595040e-01
5.206894684751096e-01
6.445183882539427e-01
7.604387021418116e-01
8.539709165227747e-01
9.244552014122605e-01
9.999999644110582e-01
9.999999999999978e-01
1.000000000000000e+00
1.000000000000000e+00
1.000000000000000e+00
1.000000000000000e+00
1.000000000000000e+00
1.000000000000000e+00
1.000000000000000e+00
###5.200000000000000e+00
-4.800617397737830e-11
-2.543779422915807e-10
-3.161490315448042e-11
-1.374420335609995e-11
-3.358825330673059e-11
-3.877821707975144e-11
-9.210220686506462e-11
-1.249437546939797e-11
-2.492918777661797e-11
-2.779034925453358e-11
8.039437818003722e-12
2.494566340614519e-11
3.772040534761295e-11
2.924945664867922e-11
1.745094658479856e-11
4.596013278135141e-11
7.490754229955093e-11
9.609798119984469e-11
9.468529744715780e-11
1.313835721375312e-10
1.660046261125702e-10
2.363208685949966e-10
3.151761095279528e-10
3.736231623330851e-10
5.344632543235883e-10
7.353099840798897e-10
9.545366498345302e-10
1.252327854270339e-09
1.672384749098993e-09
2.230132346711283e-09
2.977430122290290e-09
3.996362853895296e-09
5.355385830783993e-09
7.174323425103442e-09
9.504440759159842e-09
1.286906377077894e-08
1.725744312705896e-08
2.334592082341611e-08
3.196198583098584e-08
4.370663496528066e-08
6.031894787540310e-08
8.371298542995712e-08
1.165990075656897e-07
1.638966644034530e-07
2.315787823492304e-07
3.296066481903548e-07
4.714488184011771e-07
6.775218675046520e-07
9.755250774718959e-07
1.406237178775822e-06
2.048522304202392e-06
2.987526919530360e-06
4.353899308196742e-06
6.369763887581586e-06
9.295954770885269e-06
1.358797779201514e-05
1.987341703050109e-05
2.900838945064601e-05
4.222666386162087e-05
6.151806754496076e-05
8.963655318542651e-05
1.299255356981773e-04
1.885247935032182e-04
2.729284280098494e-04
3.933076094870452e-04
5.662364605813342e-04
8.120167440068670e-04
1.163310514271106e-03
1.659320874355365e-03
2.367690187845076e-03
3.366254510546932e-03
4.767168188263288e-03
6.729600354755327e-03
9.477638407349668e-03
1.331330459665590e-02
1.863447138663075e-02
2.600197320472241e-02
3.617418517804105e-02
5.014156401013091e-02
6.928204440917470e-02
9.538065711753441e-02
1.303940330513914e-01
1.771669568893869e-01
2.387238972725135e-01
3.175031704787047e-01
4.148870327183895e-01
5.277318575987381e-01
6.474145541286290e-01
7.596653015280276e-01
8.514926423979207e-01
9.222764751550397e-01
9.999999644110582e-01
9.999999999999978e-01
1.000000000000000e+00
1.000000000000000e+00
1.000000000000000e+00
1.000000000000000e+00
1.000000000000000e+00
1.000000000000000e+00
1.000000000000000e+00
###5.600000000000001e+00
-4.640518799068398e-11
-2.475720788265533e-10
-3.159915508563755e-11
-1.361774503886797e-11
-2.378131709666202e-11
-2.938184015896985e-11
-9.818487130208353e-11
-1.086239169754647e-11
-2.315956170567938e-11
-2.604492649799631e-11
9.674901425447495e-12
2.522486962246695e-11
3.461545770963015e-11
3.183027987891488e-11
2.424765237110669e-11
5.189852903153061e-11
7.872631957169365e-11
1.049616405815585e-10
1.061671444341558e-10
1.475013927873254e-10
1.894365666090686e-10
2.624350691725095e-10
3.526075264060293e-10
4.272052105665051e-10
6.021404616083596e-10
8.232011505660128e-10
1.074758935846520e-09
1.412139319812961e-09
1.888184004933763e-09
2.519954149769814e-09
3.371343768071230e-09
4.533300339628654e-09
6.092550952292248e-09
8.186063915962531e-09
1.092269507180315e-08
1.483007894572162e-08
2.003090810931488e-08
2.727539520140437e-08
3.750557590629015e-08
5.164135618860701e-08
7.169309683723734e-08
1.000990388084892e-07
1.401751335762823e-07
1.979041486645178e-07
2.812665400217320e-07
4.019219737042180e-07
5.765296173328153e-07
8.302018315310637e-07
1.197429293001331e-06
1.729281642148170e-06
2.518499677583895e-06
3.671352437924607e-06
5.343240900857560e-06
7.803222222009580e-06
1.136786635113438e-05
1.656526203371566e-05
2.414160584955616e-05
3.514732575220066e-05
5.102692162434180e-05
7.405089451752971e-05
1.074673223629229e-04
1.552690632292636e-04
2.243297164576763e-04
3.235162093446032e-04
4.641447061399388e-04
6.654663455326799e-04
9.503033934978795e-04
1.355065230933809e-03
1.924090037990217e-03
2.732733887287966e-03
3.866214373466090e-03
5.448827273130785e-03
7.652135652454971e-03
1.072069298005955e-02
1.497280575242772e-02
2.083247309545743e-02
2.888331010022236e-02
3.991776930974542e-02
5.493598591614640e-02
7.531277698982716e-02
1.027986680803808e-01
1.392925151847157e-01
1.874130481316813e-01
2.499064916416245e-01
3.287833176091502e-01
4.249379262812122e-01
5.350285423958692e-01
6.509480686139060e-01
7.597836836947883e-01
8.498494397069002e-01
9.206517632278439e-01
9.999999644110582e-01
9.999999999999978e-01
1.000000000000000e+00
1.000000000000000e+00
1.000000000000000e+00
1.000000000000000e+00
1.000000000000000e+00
1.000000000000000e+00
1.000000000000000e+00
###6.000000000000001e+00
-4.656284101338598e-11
-2.442126528071597e-10
-2.437671070502970e-11
-2.355034575470884e-11
-2.387357465698983e-11
-2.828537953693764e-11
-9.809037831976289e-11
-9.493954558055486e-12
-2.730159503810203e-11
-2.399600005758081e-11
9.903333328524702e-12
2.629496197575673e-11
3.767025561777394e-11
3.787219324425350e-11
3.076636792990925e-11
5.280567446727253e-11
7.804316422577347e-11
1.133424036210759e-10
1.100048945555525e-10
1.653193667304619e-10
2.122506615423063e-10
2.918967749638591e-10
4.007987283691081e-10
4.848670068979042e-10
6.731892720455020e-10
9.176995980727602e-10
1.204629483784703e-09
1.587777645962173e-09
2.127233001693831e-09
2.841718399359585e-09
3.811808505109049e-09
5.138476725844740e-09
6.927371210588422e-09
9.344415301871027e-09
1.255127904545420e-08
1.710004046986282e-08
2.325531295634288e-08
3.190569687395460e-08
4.403664557851539e-08
6.099798559055189e-08
8.519354492033448e-08
1.195595879298880e-07
1.682257280782848e-07
2.386325976051073e-07
3.405803415401435e-07
4.881124422480339e-07
7.014126641318246e-07
1.011434541640576e-06
1.460434154395126e-06
2.108897382804907e-06
3.072559880710113e-06
4.474894311722362e-06
6.504419391567206e-06
9.478611730747115e-06
1.377548322240013e-05
2.002100848721666e-05
2.908094216448443e-05
4.222544635000375e-05
6.111807259902341e-05
8.838688054521148e-05
1.277948193256001e-04
1.839933549108118e-04
2.647692691036980e-04
3.803722014436407e-04
5.435229185622686e-04
7.760990660077338e-04
1.103682217181299e-03
1.566735682432817e-03
2.215005421799698e-03
3.131900171830052e-03
4.410027592091622e-03
6.186426425089789e-03
8.645446023034600e-03
1.205028023988450e-02
1.673843933855403e-02
2.315650989941348e-02
3.191039377537933e-02
4.382051728980604e-02
5.990202084205171e-02
8.150874491429498e-02
1.103644785872614e-01
1.482946241597707e-01
1.977100011766501e-01
2.610841827530415e-01
3.400261382377429e-01
4.350305605408676e-01
5.425878607504394e-01
6.550363878230816e-01
7.607052318899875e-01
8.489715837450740e-01
9.195401711587238e-01
9.999999644110582e-01
9.999999999999978e-01
1.000000000000000e+00
1.000000000000000e+00
1.000000000000000e+00
1.000000000000000e+00
1.000000000000000e+00
1.000000000000000e+00
1.000000000000000e+00
###6.400000000000001e+00
-4.106889366579589e-11
-2.450502793578032e-10
-1.720380995725063e-11
-2.332153008286459e-11
-3.132149399729904e-11
-3.177192255716672e-11
-9.612849733536360e-11
-2.177420927452288e-12
-2.476451701693346e-11
-2.244815426319634e-11
1.251364296853706e-11
2.235098619649507e-11
3.691508766669108e-11
3.086543990279422e-11
3.699725706105277e-11
5.433505340212891e-11
8.555790273464948e-11
1.223191914936202e-10
1.286656755415513e-10
1.831861077704602e-10
2.378605519705865e-10
3.242688983703689e-10
4.429002095034575e-10
5.427470585285172e-10
7.528942370043521e-10
1.020820336137154e-09
1.348359136904291e-09
1.782969433349172e-09
2.390621360894432e-09
3.205051499253703e-09
4.310904342668357e-09
5.829919393622595e-09
7.881936887039658e-09
1.067783561283574e-08
1.443380539918249e-08
1.976503677402503e-08
2.703194649111699e-08
3.732924114992820e-08
5.174462134650060e-08
7.207003747651469e-08
1.011654365265508e-07
1.426552578342992e-07
2.015651919079776e-07
2.869550836016750e-07
4.108409532337771e-07
5.902690070107943e-07
8.493413257348584e-07
1.225369961117076e-06
1.770695485228607e-06
2.555445882220011e-06
3.722324019534721e-06
5.415418912570887e-06
7.858158497078125e-06
1.142582916373053e-05
1.656362407509395e-05
2.400938641491849e-05
3.476070678019509e-05
5.033731312214771e-05
7.264617682116429e-05
1.046833571843362e-04
1.508142292318871e-04
2.163826744229616e-04
3.102254249643785e-04
4.440314814881937e-04
6.320049081824813e-04
8.988496064568415e-04
1.273261731110591e-03
1.799682232709754e-03
2.533679978502131e-03
3.566975236135895e-03
4.999897377129598e-03
6.982345216784705e-03
9.711493386065403e-03
1.346951421567691e-02
1.861293552694031e-02
2.560970069815209e-02
3.508814531901684e-02
4.788819202662060e-02
6.504026140524742e-02
8.787468078190121e-02
1.180853226074618e-01
1.574090208877366e-01
2.080663360762638e-01
2.722672464678617e-01
3.512642950284163e-01
4.451746593520503e-01
5.503852360556155e-01
6.596410702519028e-01
7.623385764385778e-01
8.487820925660757e-01
9.188794647929758e-01
9.999999644110582e-01
9.999999999999978e-01
1.000000000000000e+00
1.000000000000000e+00
1.000000000000000e+00
1.000000000000000e+00
1.000000000000000e+00
1.000000000000000e+00
1.000000000000000e+00
###6.800000000000002e+00
-3.873889522733605e-11
-2.444758701848231e-10
-1.998218793859254e-11
-3.027816608337390e-12
-2.685954567589552e-11
-2.559491907700534e-11
-9.550553598548707e-11
-2.134086788858652e-13
-2.627469188685010e-11
-2.418594533429610e-11
1.236066278530185e-11
2.740414244715656e-11
3.660601824755211e-11
7.849067454052948e-12
3.922922013819556e-11
6.101494280422268e-11
9.695968010032322e-11
1.343240550741828e-10
1.441276065247197e-10
2.032807849883788e-10
2.699237995783427e-10
3.666247162500628e-10
4.890262290338581e-10
6.082124025569997e-10
8.394284099579171e-10
1.136638417033820e-09
1.507782937387245e-09
1.999837167749913e-09
2.689299263216908e-09
3.612351298935071e-09
4.875747629853019e-09
6.626625321791913e-09
8.983258088844251e-09
1.222398758570402e-08
1.662282489620336e-08
2.288762140513827e-08
3.144895101058978e-08
4.369566081968129e-08
6.082324973096703e-08
8.514371318821087e-08
1.200749120973194e-07
1.699682632683502e-07
2.409897356950695e-07
3.440995052734908e-07
4.938735662349476e-07
7.107403389739569e-07
1.023720951991887e-06
1.477570511830366e-06
2.134908222822990e-06
3.077603046397431e-06
4.480902185596187e-06
6.509470247454538e-06
9.428274448849247e-06
1.367659460068630e-05
1.977992857267470e-05
2.859456280829112e-05
4.128271520210280e-05
5.958625749546527e-05
8.573575724405922e-05
1.231305617877741e-04
1.767708890854675e-04
2.528012784070666e-04
3.611013819527679e-04
5.150012630994124e-04
7.302436598271840e-04
1.034559302488578e-03
1.459949007006218e-03
2.055127717292665e-03
2.881503423533808e-03
4.039806394300580e-03
5.637794581221505e-03
7.839127537964355e-03
1.085367816342404e-02
1.498163659155456e-02
2.059870735021603e-02
2.819475851332789e-02
3.841584748796580e-02
5.212175234389892e-02
7.035190875690911e-02
9.441314558203248e-02
1.259602440132367e-01
1.666501052745417e-01
2.185028926241760e-01
2.834804203371894e-01
3.625122254122973e-01
4.553895332885554e-01
5.584157417236371e-01
6.647258166491157e-01
7.646074723304856e-01
8.492047830135454e-01
9.186497406890530e-01
9.999999644110582e-01
9.999999999999978e-01
1.000000000000000e+00
1.000000000000000e+00
1.000000000000000e+00
1.000000000000000e+00
1.000000000000000e+00
1.000000000000000e+00
1.000000000000000e+00
###7.200000000000002e+00
-4.374919750865244e-11
-2.423424127461465e-10
-1.615538554821874e-11
-8.956971859880371e-12
-2.637016653070466e-11
-2.596564216193436e-11
-9.167026171451155e-11
-1.491199907467696e-14
-2.721784427476682e-11
-1.657945516176761e-11
1.356413354503417e-11
2.160288521889771e-11
3.639080102029252e-11
1.204575165167523e-11
3.851801823230222e-11
6.585630120940202e-11
1.036947319579165e-10
1.445015398433340e-10
1.613650526337558e-10
2.252277823865614e-10
2.993896196741548e-10
4.065997034295825e-10
5.396279827572574e-10
6.812965543580597e-10
9.347557433007605e-10
1.265666036098719e-09
1.683550230492966e-09
2.245436999802982e-09
3.026256613363418e-09
4.075706773663343e-09
5.519461158018154e-09
7.530798773053817e-09
1.025270189281746e-08
1.400757096506684e-08
1.917073550793287e-08
2.656263659156330e-08
3.663835459358285e-08
5.118981970748398e-08
7.152514908863362e-08
1.005746723928341e-07
1.423895317415901e-07
2.021487305776325e-07
2.875268549230723e-07
4.115012081659852e-07
5.915937877575579e-07
8.524346934095358e-07
1.228020538136630e-06
1.772274931598096e-06
2.559532954855746e-06
3.686347114958577e-06
5.360084079622696e-06
7.776347465514097e-06
1.124038026572147e-05
1.626791059915887e-05
2.346650129116216e-05
3.383140516529033e-05
4.869000908610099e-05
7.008567941674001e-05
1.005517583524764e-04
1.439334856283596e-04
2.059557633577564e-04
2.935690531912290e-04
4.178692677883720e-04
5.938533095676506e-04
8.389708605883378e-04
1.184187672091257e-03
1.664743226165676e-03
2.334464155412362e-03
3.260082648935621e-03
4.552429400165087e-03
6.326421507655470e-03
8.758820927188455e-03
1.207418366109600e-02
1.658964215843432e-02
2.269894693685760e-02
3.091314924090398e-02
4.189297460562184e-02
5.652437654336369e-02
7.584064975791906e-02
1.011253397329329e-01
1.339895322944020e-01
1.760140246849648e-01
2.290206444805321e-01
2.947346704828792e-01
3.737693529724794e-01
4.656827863851740e-01
5.666836508824792e-01
6.702400121137589e-01
7.674524085245842e-01
8.501870310272941e-01
9.188111964386092e-01
9.999999644110582e-01
9.999999999999978e-01
1.000000000000000e+00
1.000000000000000e+00
1.000000000000000e+00
1.000000000000000e+00
1.000000000000000e+00
1.000000000000000e+00
1.000000000000000e+00
###7.600000000000002e+00
-6.370477717000723e-11
-2.475511430788428e-10
-2.317458145918922e-11
-1.433770101101475e-11
-4.074748696415376e-11
-3.451320380383184e-11
-1.009755652102196e-10
3.079026283812302e-12
-2.785004416298154e-11
-2.060540926119662e-11
7.482512617496469e-12
2.809641842106140e-11
4.112344398559631e-11
1.730202488598922e-11
4.530486343470565e-11
7.691019333297901e-11
1.127311803751807e-10
1.564835105667332e-10
1.793128029485879e-10
2.507271182060652e-10
3.313142663230966e-10
4.469732258777585e-10
5.975988303741267e-10
7.605683913628683e-10
1.042408177066905e-09
1.409636815813175e-09
1.882859744991872e-09
2.522827619998566e-09
3.408491683658349e-09
4.607256822261981e-09
6.255361406778214e-09
8.573111942612922e-09
1.171982004856722e-08
1.609054745767251e-08
2.213840098294361e-08
3.084065670741917e-08
4.271502552762729e-08
5.996386067879348e-08
8.410813736789577e-08
1.186988406314174e-07
1.686865519013652e-07
2.401029769734547e-07
3.422094290809245e-07
4.906315808095154e-07
7.062488942825058e-07
1.018414713692769e-06
1.466660927635369e-06
2.116033917980577e-06
3.052965807983494e-06
4.393502273551304e-06
6.378272319049238e-06
9.236457392968907e-06
1.332236413869667e-05
1.923523778771840e-05
2.767577624433914e-05
3.979085812087816e-05
5.709564149478644e-05
8.196197866573947e-05
1.172430561921424e-04
1.672925554405981e-04
2.386135256770665e-04
3.390231080477203e-04
4.809100660176371e-04
6.811919334656460e-04
9.588869981768793e-04
1.348611647698341e-03
1.888941433568837e-03
2.638807413496406e-03
3.671212984448050e-03
5.106403738470240e-03
7.067791693909617e-03
9.744668242244859e-03
1.337581163485180e-02
1.829609521211273e-02
2.491753041474338e-02
3.376814071439350e-02
4.552497473581006e-02
6.109637276564347e-02
8.150826889321369e-02
1.080190751252262e-01
1.421930533945407e-01
1.855092718098832e-01
2.396259035604301e-01
3.060421129687222e-01
3.850662241826875e-01
4.760746052045386e-01
5.751621048867580e-01
6.761500842475396e-01
7.708099173640046e-01
8.516656545734466e-01
9.193084313186678e-01
9.999999644110582e-01
9.999999999999978e-01
1.000000000000000e+00
1.000000000000000e+00
1.000000000000000e+00
1.000000000000000e+00
1.000000000000000e+00
1.000000000000000e+00
1.000000000000000e+00
###8.000000000000002e+00
-6.394211856499920e-11
-2.423656699886933e-10
-7.700777590469533e-12
-1.527121580710738e-11
-3.980758858121232e-11
-3.698008160629404e-11
-1.092461812673715e-10
2.647916367031610e-12
-2.668891756794154e-11
-1.391405816133486e-11
1.046534295959294e-11
4.147676693834286e-11
4.386910211083959e-11
2.009628547802900e-11
5.403907252822246e-11
8.649557806635858e-11
1.220829124939079e-10
1.709198430009154e-10
2.001970523842487e-10
2.798441616642923e-10
3.629320807689797e-10
4.950736486772167e-10
6.591879694754582e-10
8.499555076515504e-10
1.161823832196123e-09
1.571188441451420e-09
2.108166108735781e-09
2.832799136321004e-09
3.842860061471223e-09
5.213924228732693e-09
7.102771825204999e-09
9.775073542055269e-09
1.341942906465396e-08
1.851268855264756e-08
2.560601820241785e-08
3.582627600016251e-08
4.985422965943829e-08
7.027757130216920e-08
9.886497741403290e-08
1.399649482241817e-07
1.995059847497485e-07
2.845591566564313e-07
4.062628932002976e-07
5.830759466997526e-07
8.401872382779322e-07
1.211675230673736e-06
1.744094479609155e-06
2.514828058903714e-06
3.624028575689427e-06
5.209244861894216e-06
7.550036042368302e-06
1.091129556649453e-05
1.570606001163671e-05
2.262097055864271e-05
3.246307760800246e-05
4.654978543255738e-05
6.659962917396928e-05
9.534374067437097e-05
1.359843826989740e-04
1.934467432810350e-04
2.750386030721967e-04
3.895427183856495e-04
5.507746027466906e-04
7.775833783837897e-04
1.090870098510050e-03
1.528804486068770e-03
2.133778865684657e-03
2.969901493635278e-03
4.116427917863142e-03
5.704254088138445e-03
7.864290133459259e-03
1.079902375741030e-02
1.476198517138858e-02
2.010502229500320e-02
2.725777327757693e-02
3.676465314627601e-02
4.931617772173637e-02
6.584105738143911e-02
8.735716519912316e-02
1.150894097963978e-01
1.505638149516554e-01
1.951464305834215e-01
2.503277463093153e-01
3.174081324709987e-01
3.964265663197230e-01
4.865579082820104e-01
5.838494286817740e-01
6.824210123146401e-01
7.746204785647512e-01
8.536053870805826e-01
9.201279765252403e-01
9.999999644110582e-01
9.999999999999978e-01
1.000000000000000e+00
1.000000000000000e+00
1.000000000000000e+00
1.000000000000000e+00
1.000000000000000e+00
1.000000000000000e+00
1.000000000000000e+00
###8.400000000000002e+00
-5.684190219836397e-11
-2.369462017750262e-10
2.730884201866285e-12
-2.264581124528202e-11
-3.172567705915997e-11
-3.345554801059531e-11
-1.159713037856277e-10
1.119498371230453e-12
-1.961838952970060e-11
-1.577919503881589e-11
1.350577892866789e-11
4.134815654455861e-11
2.663491034134996e-11
2.730727319897927e-11
5.673009890858811e-11
9.162055184408491e-11
1.371431804340860e-10
1.848632098396154e-10
2.232484352014109e-10
3.076488682183199e-10
4.019901689706191e-10
5.460288067082477e-10
7.311109863748737e-10
9.482262792479614e-10
1.295306121712619e-09
1.754271737622303e-09
2.361723947051205e-09
3.186030166146406e-09
4.339868386650940e-09
5.910379120548648e-09
8.083423476352463e-09
1.116215038716691e-08
1.539303817598235e-08
2.133465541182528e-08
2.965669428324114e-08
4.159212116934277e-08
5.819693019727312e-08
8.234031748116524e-08
1.161368749694345e-07
1.649114055701618e-07
2.355868329734324e-07
3.364642486699232e-07
4.810450112101640e-07
6.908245338008329e-07
9.958554756438924e-07
1.436180523080015e-06
2.065642844534753e-06
2.975854592106773e-06
4.282915986325728e-06
6.145266218608638e-06
8.892832122243034e-06
1.282717553328509e-05
1.842121245123097e-05
2.647033062700621e-05
3.789033510775722e-05
5.419253103874652e-05
7.729920240944606e-05
1.103696030911151e-04
1.569656884593485e-04
2.226027100337382e-04
3.155432092788048e-04
4.455514568824705e-04
6.279426840516998e-04
8.836655389364767e-04
1.235534995149043e-03
1.725761888554150e-03
2.400380303931518e-03
3.328972831996477e-03
4.597770908876598e-03
6.347708135042779e-03
8.718193749151015e-03
1.192506107657296e-02
1.623508131284106e-02
2.201896834092341e-02
2.972174896383269e-02
3.990505351513822e-02
5.326896657028328e-02
7.076433902079597e-02
9.338727348930340e-02
1.223449917373954e-01
1.591030734847080e-01
2.049216876993554e-01
2.611416628880773e-01
3.288512148446378e-01
4.078458750734990e-01
4.971404673062062e-01
5.927219822146739e-01
6.890080317595787e-01
7.788579013098235e-01
8.559432263729289e-01
9.212402395221263e-01
9.999999644110582e-01
9.999999999999978e-01
1.000000000000000e+00
1.000000000000000e+00
1.000000000000000e+00
1.000000000000000e+00
1.000000000000000e+00
1.000000000000000e+00
1.000000000000000e+00
###8.800000000000002e+00
-5.360403237824026e-11
-2.364981305547958e-10
7.961893981860652e-12
-2.714156833876296e-11
-6.173194569942091e-11
-3.060543831584444e-11
-9.357102572524293e-11
3.899882665766272e-12
-1.828872339272784e-11
-1.803924431096537e-11
1.148118898610644e-11
3.893950742339461e-11
2.572747461554760e-11
2.966684508823350e-11
6.004773532876143e-11
1.006223379653156e-10
1.482141263174757e-10
1.956092668024921e-10
2.494315749804645e-10
3.391554147638603e-10
4.430763728035601e-10
6.188253867345290e-10
8.097771816421166e-10
1.058178399640273e-09
1.446174246855749e-09
1.961049719560544e-09
2.648402501827328e-09
3.590169168477729e-09
4.908660965844886e-09
6.711957356208685e-09
9.214741188692433e-09
1.277068926226690e-08
1.769446120009630e-08
2.461292870097750e-08
3.437850098891728e-08
4.833694772698764e-08
6.794262300391905e-08
9.643793860397522e-08
1.363680892420578e-07
1.940188573855752e-07
2.776324922334205e-07
3.970080185232749e-07
5.680417449007651e-07
8.161659113629922e-07
1.176248771954275e-06
1.695629108836779e-06
2.436187342717442e-06
3.506065486087355e-06
5.038678180619812e-06
7.215961750426027e-06
1.042685122522729e-05
1.500898797248042e-05
2.150558781074308e-05
3.082924831434191e-05
4.401428587460743e-05
6.278849365682971e-05
8.931638889168662e-05
1.271791048659697e-04
1.803761851160975e-04
2.550525213004396e-04
3.604653948494810e-04
5.074285757725438e-04
7.129746789590902e-04
1.000116632970087e-03
1.393855638034071e-03
1.940500223219163e-03
2.690051284322139e-03
3.717777985867362e-03
5.116926415742959e-03
7.039100601202546e-03
9.631990896852042e-03
1.312521907513443e-02
1.779892342743332e-02
2.404158672862481e-02
3.231407712197878e-02
4.319254715060999e-02
5.738754952942356e-02
7.586672730995897e-02
9.960343670786055e-02
1.297871752413434e-01
1.678176173102832e-01
2.148420059283327e-01
2.720676938070581e-01
3.403743451970961e-01
4.193403151485577e-01
5.078210009125176e-01
6.017791488790207e-01
6.958688731188317e-01
7.834532593613363e-01
8.586321477466246e-01
9.226034476010029e-01
9.999999644110582e-01
9.999999999999978e-01
1.000000000000000e+00
1.000000000000000e+00
1.000000000000000e+00
1.000000000000000e+00
1.000000000000000e+00
1.000000000000000e+00
1.000000000000000e+00
###9.200000000000003e+00
-1.055532433145079e-10
-2.376143090861382e-10
5.651335169526728e-12
-1.001660469636126e-11
-6.160463431228838e-11
-3.138854058193223e-11
-8.659177449691969e-11
1.439802569494375e-12
-1.533595769449400e-11
-2.144985317577669e-11
1.477459591291762e-11
3.842758132275436e-11
3.210586342170383e-11
3.555881568423473e-11
6.350221578604946e-11
1.111838026073541e-10
1.595037997219003e-10
2.116361532997155e-10
2.744060213743712e-10
3.725875161567477e-10
4.898479322663785e-10
6.809921510280895e-10
8.971924720356728e-10
1.181127057350366e-09
1.614874485813589e-09
2.194524611510030e-09
2.976010848102581e-09
4.051538046018633e-09
5.561045311221729e-09
7.631852129292194e-09
1.052667695517881e-08
1.463388142279544e-08
2.036158690352500e-08
2.843044683586631e-08
3.987756698418583e-08
5.622597731155758e-08
7.932087651582735e-08
1.127709573281646e-07
1.600149101837312e-07
2.279057857667292e-07
3.265625477386155e-07
4.673484823344974e-07
6.689121663223597e-07
9.611417516827081e-07
1.384610257298859e-06
1.994144171232295e-06
2.862418485596208e-06
4.114174005449509e-06
5.903476875586319e-06
8.451968953479058e-06
1.217238817194148e-05
1.748476729576470e-05
2.499586206334265e-05
3.574907736062459e-05
5.091129544140069e-05
7.243468442817962e-05
1.027585458497620e-04
1.459343726683022e-04
2.064020259386439e-04
2.910358464851978e-04
4.101311415264315e-04
5.756516575975032e-04
8.063241166755888e-04
1.127669313340885e-03
1.566673349333395e-03
2.174165547848348e-03
3.004088843383118e-03
4.137999943948098e-03
5.675706139249248e-03
7.780817386835320e-03
1.060871104558430e-02
1.440232365583947e-02
1.945669204497190e-02
2.617575282243751e-02
3.503678457932052e-02
4.663143957644853e-02
6.167445713092294e-02
8.115155908251141e-02
1.060144326147294e-01
1.374182312950385e-01
1.767037947948795e-01
2.249173981655613e-01
2.831152692928460e-01
3.519882485280268e-01
4.309109230754050e-01
5.186024266440237e-01
6.110021651576314e-01
7.029828902242873e-01
7.883641773829657e-01
8.616491281280640e-01
9.241825633648935e-01
9.999999644110582e-01
9.999999999999978e-01
1.000000000000000e+00
1.000000000000000e+00
1.000000000000000e+00
1.000000000000000e+00
1.000000000000000e+00
1.000000000000000e+00
1.000000000000000e+00
###9.600000000000003e+00
-9.531346463082792e-11
-2.356366114555541e-10
6.109470347825206e-12
8.855882078785425e-13
-6.002495530853524e-11
-2.969741387311031e-11
-8.553765689859570e-11
5.409858907866419e-12
-1.563294568202343e-11
-2.360967509178618e-11
1.637448330470002e-11
3.867514789751469e-11
3.825018348793574e-11
4.292422310448706e-11
7.295085700142863e-11
1.187492859500804e-10
1.736341663005446e-10
2.293578229510241e-10
2.995879394123999e-10
4.088458405649334e-10
5.427877930624218e-10
7.510341487105040e-10
9.949721046426595e-10
1.320758575775830e-09
1.805808818216559e-09
2.459967775688423e-09
3.352080135788120e-09
4.584884340048552e-09
6.311192774211949e-09
8.697943430031460e-09
1.204309387090040e-08
1.679752045756698e-08
2.346694145717304e-08
3.286696958803022e-08
4.628155142608958e-08
6.541371690650152e-08
9.255565969090630e-08
1.317765588296540e-07
1.874480204888397e-07
2.672290778907116e-07
3.832213131297979e-07
5.486990071718938e-07
7.859746391913455e-07
1.128658918497799e-06
1.624411191638312e-06
2.337138046468016e-06
3.350861658716305e-06
4.809692453813155e-06
6.889971440575821e-06
9.855015628848404e-06
1.415160963786826e-05
2.028561475221478e-05
2.893327586313552e-05
4.128557696251967e-05
5.864944192268974e-05
8.323288997691785e-05
1.177641992484017e-04
1.668007837178729e-04
2.352961715344729e-04
3.308473074802093e-04
4.649078023027318e-04
6.506513010146981e-04
9.087118363757283e-04
1.267062802094714e-03
1.754934726785068e-03
2.427786506991743e-03
3.343951765213040e-03
4.591252005928212e-03
6.276190480434627e-03
8.574722288817359e-03
1.165001591514138e-02
1.575926614286705e-02
2.121087810670440e-02
2.842580237338883e-02
3.789493027326672e-02
5.022377459334889e-02
6.613616305200672e-02
8.662487585033046e-02
1.126156279765161e-01
1.452414013635776e-01
1.857750695850070e-01
2.351518919144092e-01
2.942847886321712e-01
3.636963139296940e-01
4.425590467265266e-01
5.294721474295074e-01
6.203805604480527e-01
7.103282106903906e-01
7.935572705912894e-01
8.649424378860379e-01
9.259674058249160e-01
9.999999644110582e-01
9.999999999999978e-01
1.000000000000000e+00
1.000000000000000e+00
1.000000000000000e+00
1.000000000000000e+00
1.000000000000000e+00
1.000000000000000e+00
1.000000000000000e+00
###1.000000000000000e+01
-1.129119063403102e-10
-2.350520357941317e-10
5.944766972342456e-12
8.176802295048765e-13
-5.374465747102999e-11
-2.630540871582252e-11
-8.365326143075578e-11
6.032407424674706e-12
-1.856933539513883e-11
-2.028158058226356e-11
2.001934629708707e-11
4.655033003899786e-11
3.850664682405035e-11
4.798222511686170e-11
8.412388899359964e-11
1.305433639032935e-10
1.892583333552643e-10
2.515845855471755e-10
3.306945894189374e-10
4.504152988700959e-10
6.012154407356182e-10
8.300712456849410e-10
1.105373953271679e-09
1.477758525226224e-09
2.024581706208314e-09
2.762254647180605e-09
3.781283822162180e-09
5.194268943020928e-09
7.177754642285533e-09
9.929850520948386e-09
1.380054825297968e-08
1.931134906675747e-08
2.706880859620882e-08
3.803446652543390e-08
5.371325515677468e-08
7.605582744783709e-08
1.079440150664468e-07
1.538657622336287e-07
2.192333713013692e-07
3.127787528293107e-07
4.487081328928577e-07
6.427099351154973e-07
9.203491885596540e-07
1.320483094225243e-06
1.899321874216265e-06
2.729420415996206e-06
3.908548653953064e-06
5.600868264777444e-06
8.009938974156321e-06
1.142707311351699e-05
1.639069984424856e-05
2.344515585429152e-05
3.336396242784710e-05
4.749464270240904e-05
6.730780235754129e-05
9.528272695083805e-05
1.344512844777014e-04
1.899572858854707e-04
2.672700949922804e-04
3.747608849471220e-04
5.251645206585698e-04
7.329443301501288e-04
1.020676719346683e-03
1.418996498582821e-03
1.959611583770984e-03
2.702715316442331e-03
3.711025560154150e-03
5.079066718070899e-03
6.920583106447827e-03
9.423785882719839e-03
1.275990179700149e-02
1.719947804992077e-02
2.306596172261562e-02
3.079433320188864e-02
4.089181652331227e-02
5.397588968317840e-02
7.077314497240866e-02
9.228716254442600e-02
1.194190225022127e-01
1.532619073728751e-01
1.950261112531543e-01
2.455434401392741e-01
3.055813824053332e-01
3.754964592385997e-01
4.542944892668358e-01
5.404424114142509e-01
6.298880326105386e-01
7.178803513541636e-01
7.990055737594399e-01
8.684652693874881e-01
9.279195492211737e-01
9.999999644110582e-01
9.999999999999978e-01
1.000000000000000e+00
1.000000000000000e+00
1.000000000000000e+00
1.000000000000000e+00
1.000000000000000e+00
1.000000000000000e+00
1.000000000000000e+00
###1.040000000000000e+01
-1.175951836809718e-10
-2.354747359372012e-10
5.635080742847483e-12
8.273744017337469e-12
-5.301821168377804e-11
-2.592354089507623e-11
-8.237869789942920e-11
7.139042406126711e-12
-1.678542272416148e-11
-1.790294150965267e-11
1.934008660244583e-11
5.022726887813223e-11
4.173428427038381e-11
5.605290158465988e-11
9.520156200091039e-11
1.401871620368194e-10
2.028318796256773e-10
2.757200382853394e-10
3.646647791447153e-10
4.973027015416776e-10
6.700576863148090e-10
9.172055957917316e-10
1.230391906726388e-09
1.655532596509590e-09
2.272720064802413e-09
3.111649310287938e-09
4.275099245680479e-09
5.894985249617805e-09
8.174507355209180e-09
1.135522694786833e-08
1.583423974067355e-08
2.222456507423897e-08
3.123951943493561e-08
4.402363044355799e-08
6.232136237881116e-08
8.844840051787311e-08
1.257767694399676e-07
1.794592278439744e-07
2.559739633038403e-07
3.653255518744043e-07
5.241020821582499e-07
7.507811267593873e-07
1.075202614042647e-06
1.540759296851985e-06
2.213666100385899e-06
3.176149055310540e-06
4.543411743763585e-06
6.500035910777867e-06
9.278981940610334e-06
1.322567381067032e-05
1.891458150951327e-05
2.699451331376015e-05
3.832952866200411e-05
5.444628721148869e-05
7.696898686877715e-05
1.086902163704001e-04
1.529859858066207e-04
2.155887384374502e-04
3.025567473950492e-04
4.231747703883418e-04
5.913200184096402e-04
8.230032820216669e-04
1.142889936982995e-03
1.584414311223169e-03
2.181599681268056e-03
2.999949279512734e-03
4.106854146998604e-03
5.602911340596739e-03
7.610851788105786e-03
1.032972400987906e-02
1.394080202760091e-02
1.872620536267807e-02
2.502400175973482e-02
3.328567241658754e-02
4.403259265853533e-02
5.789003544223945e-02
7.558888924271452e-02
9.814358269764645e-02
1.264251762248421e-01
1.614784204113993e-01
2.044661780902519e-01
2.560961504812675e-01
3.170129958937477e-01
3.874075957718271e-01
4.661077961277960e-01
5.514993064775801e-01
6.395279899002962e-01
7.256096386658618e-01
8.046609479170813e-01
8.722078924827190e-01
9.300291748749854e-01
9.999999644110582e-01
9.999999999999978e-01
1.000000000000000e+00
1.000000000000000e+00
1.000000000000000e+00
1.000000000000000e+00
1.000000000000000e+00
1.000000000000000e+00
1.000000000000000e+00
###1.080000000000000e+01
-1.026065176454605e-10
-2.372589023563532e-10
1.936647698172961e-12
1.060992275293135e-11
-5.088381037340896e-11
-2.785233227001178e-11
-8.062747894148322e-11
7.079851250137146e-12
-3.316267559640711e-11
-1.509671006032749e-11
2.348477944919005e-11
5.420002671715706e-11
4.869161806414105e-11
6.437383865635872e-11
1.052280624817874e-10
1.491885321282792e-10
2.224523108605745e-10
3.029500195019678e-10
4.033842255140939e-10
5.510273831286322e-10
7.422893188938881e-10
1.018816271667085e-09
1.379146051567539e-09
1.858236712381807e-09
2.555334037951896e-09
3.510696515782765e-09
4.844151414728692e-09
6.703142328938099e-09
9.325742797901715e-09
1.300523070662548e-08
1.819249785229997e-08
2.559800804154677e-08
3.607590059121023e-08
5.096229218586929e-08
7.229199224304694e-08
1.027837242560413e-07
1.463528729595728e-07
2.089506084990657e-07
2.983554702303397e-07
4.258864947098549e-07
6.108470626747418e-07
8.747500755469538e-07
1.252198263671572e-06
1.792994458925897e-06
2.572181521885201e-06
3.684332497365516e-06
5.263949803732021e-06
7.518756760522367e-06
1.071318319956275e-05
1.525550081562802e-05
2.175337719530630e-05
3.097793445577152e-05
4.389229913154279e-05
6.220204869545651e-05
8.772050268258355e-05
1.235731760689814e-04
1.735215707863581e-04
2.439141361567220e-04
3.414272201472008e-04
4.763564519004189e-04
6.637870566630023e-04
9.214084708211054e-04
1.276049271333308e-03
1.764119915777924e-03
2.422045591715645e-03
3.321048870728464e-03
4.532851516590058e-03
6.165432095971676e-03
8.349024902717592e-03
1.129583729246941e-02
1.519495333560425e-02
2.034253898752977e-02
2.708938067351921e-02
3.590364267508021e-02
4.731730459893495e-02
6.197002313710970e-02
8.058892050871905e-02
1.041944379959512e-01
1.336326013157878e-01
1.698957679344477e-01
2.140869681070965e-01
2.668161860301517e-01
3.285777682087135e-01
3.994203426599118e-01
4.780142271380118e-01
5.626438069362734e-01
6.492742072149003e-01
7.334888679270523e-01
8.104992430298109e-01
8.761190202952628e-01
9.322427430825120e-01
9.999999644110582e-01
9.999999999999978e-01
1.000000000000000e+00
1.000000000000000e+00
1.000000000000000e+00
1.000000000000000e+00
1.000000000000000e+00
1.000000000000000e+00
1.000000000000000e+00
###1.120000000000000e+01
-9.960109569722232e-11
-2.390072446691486e-10
3.615617668357039e-12
-1.094223788277642e-11
-5.335323516278444e-11
-2.844643079259813e-11
-8.059301054667281e-11
5.627378219589997e-12
-3.211174033975502e-11
-1.156050025883348e-11
2.559700393367623e-11
5.698188404844880e-11
5.605803837280855e-11
7.414708613885498e-11
1.240845989502839e-10
1.676370064594669e-10
2.435245987542803e-10
3.333278792560175e-10
4.464003819483910e-10
6.133397717145806e-10
8.251238745821655e-10
1.135103250660350e-09
1.540813303891609e-09
2.088486721224860e-09
2.878974493171635e-09
3.970488086085096e-09
5.497948656280538e-09
7.638707895872461e-09
1.065867601957086e-08
1.490558211638099e-08
2.091860316616062e-08
2.950514626545736e-08
4.167696063580074e-08
5.898952938758592e-08
8.384339109031636e-08
1.193248821507616e-07
1.700993634392352e-07
2.429539554576756e-07
3.471638222751762e-07
4.953630167991709e-07
7.102762737280817e-07
1.016469474669111e-06
1.454381236661949e-06
2.080028016277269e-06
2.979725482690140e-06
4.261188519645877e-06
6.078575585006401e-06
8.668522390921821e-06
1.233143863317009e-05
1.753435499535386e-05
2.494128470497623e-05
3.543635117377114e-05
5.009812235569502e-05
7.083831916829150e-05
9.966336495999679e-05
1.400764323823800e-04
1.962964647475593e-04
2.751318631929282e-04
3.841689593142875e-04
5.346882307202549e-04
7.430389040756270e-04
1.028681655663838e-03
1.420856916996993e-03
1.958928158302179e-03
2.682086612580973e-03
3.667248096588696e-03
4.990784366253700e-03
6.767973055551156e-03
9.137391927309089e-03
1.232423196714615e-02
1.652536320952912e-02
2.205206760731071e-02
2.926598719258637e-02
3.865197459909774e-02
5.075466024919464e-02
6.621919339790562e-02
8.577800242419510e-02
1.104455742958312e-01
1.410469749302190e-01
1.785181456788918e-01
2.239002743121414e-01
2.776983370871990e-01
3.402729102426578e-01
4.115300687619934e-01
4.899900069647181e-01
5.738646329179996e-01
6.591095761392324e-01
7.415000734756819e-01
8.164938280832447e-01
8.801834093796955e-01
9.345661596364928e-01
9.999999644110582e-01
9.999999999999978e-01
1.000000000000000e+00
1.000000000000000e+00
1.000000000000000e+00
1.000000000000000e+00
1.000000000000000e+00
1.000000000000000e+00
1.000000000000000e+00
###1.160000000000000e+01
-9.740996262218794e-11
-2.389668746089199e-10
4.102497439094835e-12
-2.330299556598912e-11
-5.250287775649677e-11
-2.553245296823129e-11
-7.683357649020534e-11
8.242343435955282e-12
-3.159918500258770e-11
-7.996039405764133e-12
2.896067479065480e-11
6.168540982576756e-11
6.421075327941655e-11
8.417231786679715e-11
1.376412687619840e-10
1.854265917067946e-10
2.686058867187408e-10
3.673990413019241e-10
4.935310264529720e-10
6.795670269668732e-10
9.189459409577235e-10
1.263518613052945e-09
1.725093385282672e-09
2.352231108178116e-09
3.250532541436003e-09
4.500072509485377e-09
6.251044031741025e-09
8.706582244778250e-09
1.219014540695551e-08
1.710287287660052e-08
2.405871109521645e-08
3.401657795059116e-08
4.814986209344598e-08
6.825676372389862e-08
9.716855198192259e-08
1.383764852960755e-07
1.974037402341634e-07
2.820473238053849e-07
4.030248534383698e-07
5.748766818218473e-07
8.239618366180504e-07
1.178285227606791e-06
1.684426328000306e-06
2.406172094490464e-06
3.441654420139545e-06
4.913748904960788e-06
6.999737682012557e-06
9.964209657128370e-06
1.415165251154772e-05
2.008765305289090e-05
2.850791377102744e-05
4.041118878323734e-05
5.700885477299314e-05
8.042757076441168e-05
1.129047588156377e-04
1.583141844815548e-04
2.213805536670237e-04
3.094669147874545e-04
4.310424909725878e-04
5.984748888564668e-04
8.295005628527364e-04
1.145475831151061e-03
1.578027834511764e-03
2.169799410064906e-03
2.962755239302809e-03
4.039783581324637e-03
5.482247965081864e-03
7.413045424626620e-03
9.978574748063247e-03
1.341812674860262e-02
1.793567586328711e-02
2.385725348816480e-02
3.155633708945955e-02
4.153528911949551e-02
5.434599500516147e-02
7.064333946694761e-02
9.115630113275902e-02
1.169021518817213e-01
1.486685536538394e-01
1.873442089971697e-01
2.339073006601193e-01
2.887503912354289e-01
3.521093682729649e-01
4.237437202695865e-01
5.020450278589829e-01
5.851584438776681e-01
6.690310806417152e-01
7.496169508411413e-01
8.226205497403911e-01
8.843624498520546e-01
9.369741008664040e-01
9.999999644110582e-01
9.999999999999978e-01
1.000000000000000e+00
1.000000000000000e+00
1.000000000000000e+00
1.000000000000000e+00
1.000000000000000e+00
1.000000000000000e+00
1.000000000000000e+00
###1.200000000000001e+01
-1.130456399328008e-10
-2.404424909955755e-10
4.632020563491656e-12
-2.288946789661426e-11
-5.112194718367174e-11
-2.519310230798284e-11
-7.898277684973740e-11
8.096172680844314e-12
-2.906404250476760e-11
-1.209478702962041e-11
2.921053786511446e-11
6.346150193583747e-11
7.117609393841228e-11
9.727562246351261e-11
1.518194404273257e-10
2.045459058940515e-10
2.981857446049247e-10
4.064376720569384e-10
5.460419454692258e-10
7.640231548278451e-10
1.025559821907358e-09
1.412840170929985e-09
1.936586096407806e-09
2.654659088470765e-09
3.677526595654484e-09
5.107174442691475e-09
7.115949589572000e-09
9.943432022569820e-09
1.395718160935711e-08
1.964253487100587e-08
2.768447214989070e-08
3.921132281706798e-08
5.560187161025498e-08
7.889861557560691e-08
1.124606028821244e-07
1.602791671076234e-07
2.287362410610629e-07
3.267544444366049e-07
4.669772610611764e-07
6.657049110368043e-07
9.534899806937060e-07
1.362236409661415e-06
1.945763998929099e-06
2.775712286631661e-06
3.964463433308509e-06
5.650649627400303e-06
8.036475584808926e-06
1.142057233536956e-05
1.619065280470630e-05
2.294365281290803e-05
3.248933212207503e-05
4.595713772588183e-05
6.468292964252030e-05
9.105735572387782e-05
1.275406878561556e-04
1.784426522726583e-04
2.489774000004029e-04
3.471654215485275e-04
4.823844800543403e-04
6.681550960095784e-04
9.237567008572925e-04
1.272399343117165e-03
1.748378895945132e-03
2.397722797387299e-03
3.265228633419711e-03
4.440150459345123e-03
6.008982186367804e-03
8.102294868771454e-03
1.087471580753159e-02
1.457950271049792e-02
1.942860102939961e-02
2.576205788582817e-02
3.396520251011206e-02
4.455586011578342e-02
5.809548016128786e-02
7.524483093403327e-02
9.673014086885182e-02
1.235638284750273e-01
1.564981143748491e-01
1.963821692662792e-01
2.441112377298593e-01
2.999718859625060e-01
3.640733069598230e-01
4.360513705842322e-01
5.141764484226378e-01
5.965060984999409e-01
6.790298937001107e-01
7.578177619521452e-01
8.288321961525167e-01
8.886453554402709e-01
9.394525301934298e-01
9.999999644110582e-01
9.999999999999978e-01
1.000000000000000e+00
1.000000000000000e+00
1.000000000000000e+00
1.000000000000000e+00
1.000000000000000e+00
1.000000000000000e+00
1.000000000000000e+00
###1.240000000000001e+01
-1.082998088700049e-10
-2.382791365674031e-10
6.279126074359804e-12
-2.255727814130181e-11
-4.815332504555783e-11
-2.498728618104972e-11
-8.249439292546127e-11
7.562376726504009e-12
-2.367338266230569e-11
-5.108995386424844e-12
3.360804730020260e-11
7.346735999212512e-11
7.999771737179195e-11
1.092581257109300e-10
1.678178585123462e-10
2.264886059561786e-10
3.283600813096864e-10
4.478643404068396e-10
6.062512512124984e-10
8.476189576389199e-10
1.149154942016834e-09
1.584322070274294e-09
2.176605945325551e-09
3.000459495622092e-09
4.166414970693485e-09
5.805512352941876e-09
8.114193897242363e-09
1.136929693331351e-08
1.599629171227865e-08
2.256109998426597e-08
3.186191825709643e-08
4.520133779863658e-08
6.416703399188221e-08
9.115666854423759e-08
1.300315389511294e-07
1.853694204604536e-07
2.646432496045477e-07
3.778627799824620e-07
5.399278150678310e-07
7.693007520450268e-07
1.100817569146076e-06
1.571355686539227e-06
2.241544295481134e-06
3.193458606387270e-06
4.554000218940598e-06
6.480052156764811e-06
9.201158982978601e-06
1.305354722049378e-05
1.847324403281011e-05
2.613102508811818e-05
3.692046814025744e-05
5.211620357221295e-05
7.319379358890954e-05
1.028168786844744e-04
1.436943869118926e-04
2.006069915668948e-04
2.792797868877821e-04
3.884615039835484e-04
5.385269834810052e-04
7.441382826473572e-04
1.026261318476959e-03
1.410071183484401e-03
1.932769357979640e-03
2.643770283508375e-03
3.590907003066087e-03
4.869981550328773e-03
6.572897675972378e-03
8.838047594604544e-03
1.182867610540405e-02
1.581198183156120e-02
2.100832730236019e-02
2.777072896618399e-02
3.649635595342290e-02
4.771815920860781e-02
6.200927658300073e-02
8.002930170047790e-02
1.025024564294075e-01
1.304369825067718e-01
1.645435871290779e-01
2.056233381263224e-01
2.545000847854565e-01
3.113562767598729e-01
3.761748165160382e-01
4.484567094138399e-01
5.263813526690255e-01
6.078985807529216e-01
6.890718054625801e-01
7.660782751120817e-01
8.351284483754563e-01
8.929891723829807e-01
9.419756724245725e-01
9.999999644110582e-01
9.999999999999978e-01
1.000000000000000e+00
1.000000000000000e+00
1.000000000000000e+00
1.000000000000000e+00
1.000000000000000e+00
1.000000000000000e+00
1.000000000000000e+00
###1.280000000000001e+01
-1.003680257748866e-10
-2.452929591304015e-10
1.091464753169494e-11
-2.184491775829555e-11
-4.806738091029011e-11
-2.789515118879536e-11
-8.045234354698082e-11
1.255438485491749e-11
-1.924820980574808e-11
7.988682824081408e-13
3.573795064945571e-11
8.191600096822175e-11
9.378943424546858e-11
1.233023420502300e-10
1.857970898378071e-10
2.553181818178227e-10
3.625685340370959e-10
4.975951317770410e-10
6.755061826693894e-10
9.439221199306704e-10
1.286338767330529e-09
1.779084258470624e-09
2.453340076148564e-09
3.418524411980714e-09
4.728391355292818e-09
6.606995076041932e-09
9.259930073251316e-09
1.300862545307376e-08
1.833802854375140e-08
2.592786930133484e-08
3.667638990333124e-08
5.207534700625994e-08
7.399758917243366e-08
1.052016327853268e-07
1.501423801415657e-07
2.140858500068414e-07
3.056117346821618e-07
4.361685287512440e-07
6.230091587955247e-07
8.869213352183257e-07
1.267936882543227e-06
1.807961587866598e-06
2.576168318946132e-06
3.664680923618706e-06
5.217658391038721e-06
7.412345462023726e-06
1.050725264290054e-05
1.487908133877956e-05
2.101766477462138e-05
2.968130168423298e-05
4.184416697777695e-05
5.894362569266353e-05
8.260763267813699e-05
1.158019119668505e-04
1.614997363283511e-04
2.249537741419512e-04
3.124990753950586e-04
4.336085693955351e-04
5.997548964099595e-04
8.268749025112522e-04
1.137535009033038e-03
1.559239848764473e-03
2.131987214873780e-03
2.908981664494877e-03
3.940956701022241e-03
5.330829535249871e-03
7.175818216141756e-03
9.623011912686311e-03
1.284231441861512e-02
1.711812462876230e-02
2.267679078928334e-02
2.988608797064323e-02
3.915335332576812e-02
5.102666501256099e-02
6.608891128058314e-02
8.499841659751152e-02
1.084773425191909e-01
1.375204562651958e-01
1.728065892742472e-01
2.150749019863172e-01
2.650880965973672e-01
3.229065755087207e-01
3.884057747701978e-01
4.609559035685023e-01
5.386319787219129e-01
6.193243126736855e-01
6.991418856565759e-01
7.743811904831208e-01
8.414582826951722e-01
8.973905598141761e-01
9.445335331372348e-01
9.999999644110582e-01
9.999999999999978e-01
1.000000000000000e+00
1.000000000000000e+00
1.000000000000000e+00
1.000000000000000e+00
1.000000000000000e+00
1.000000000000000e+00
1.000000000000000e+00
###1.320000000000001e+01
-9.432000085502041e-11
-2.189878286001220e-10
1.065589445389036e-11
-1.980146040635092e-11
-4.455537740556052e-11
-2.886664997645093e-11
-7.243062560459168e-11
1.722095725597246e-11
-1.417392974875456e-11
1.011246056902404e-11
3.895928983683936e-11
8.857598624657131e-11
1.037163301117163e-10
1.387431075238480e-10
2.046598417051994e-10
2.835729515497489e-10
4.045927257994122e-10
5.535941453826418e-10
7.542695013559211e-10
1.053378450920261e-09
1.443569453107191e-09
2.003118661979717e-09
2.771959853250273e-09
3.871755411393350e-09
5.372514055278560e-09
7.528014053577642e-09
1.057680499456577e-08
1.489548560406044e-08
2.103040389562354e-08
2.978035816938730e-08
4.219089054453186e-08
5.997304734990986e-08
8.526861853653039e-08
1.212893505856866e-07
1.731352219241254e-07
2.468513915127645e-07
3.523123199352562e-07
5.025212324504640e-07
7.173091043344733e-07
1.020338087722452e-06
1.457010120982317e-06
2.075276615293747e-06
2.952997609841208e-06
4.194832458948214e-06
5.963479317300602e-06
8.456843935200745e-06
1.196745554259463e-05
1.691724807695908e-05
2.385143532360374e-05
3.362755320307038e-05
4.730445220326303e-05
6.649486778950817e-05
9.300687992417547e-05
1.301084969370556e-04
1.810795621715202e-04
2.516834453193544e-04
3.488503495711768e-04
4.829555290053226e-04
6.664918606186041e-04
9.167911117708620e-04
1.258265639693548e-03
1.720532603436296e-03
2.346891657707097e-03
3.194470857583189e-03
4.316792754082630e-03
5.824310382250136e-03
7.819696058080269e-03
1.045903155584140e-02
1.391915787345163e-02
1.850106810205762e-02
2.443843246052708e-02
3.211170196183218e-02
4.194022494800849e-02
5.448763092334859e-02
7.033913141225784e-02
9.015547763471789e-02
1.146551244313968e-01
1.448187614584275e-01
1.812877657110471e-01
2.247405442528629e-01
2.758689342089971e-01
3.346281693726990e-01
4.007675915919139e-01
4.735470487723193e-01
5.509345037606042e-01
6.307867038941165e-01
7.092333380559080e-01
7.827002256260375e-01
8.478184378600253e-01
9.018221083497231e-01
9.471021442562244e-01
9.999999644110582e-01
9.999999999999978e-01
1.000000000000000e+00
1.000000000000000e+00
1.000000000000000e+00
1.000000000000000e+00
1.000000000000000e+00
1.000000000000000e+00
1.000000000000000e+00
###1.360000000000001e+01
-9.947614397586454e-11
-2.271918951075062e-10
1.253617547601151e-11
-2.093885330203527e-11
-4.152276513913729e-11
-3.271648902312012e-11
-6.869408872532974e-11
2.047983315124594e-11
-9.507814214352577e-12
1.662776314715239e-11
4.736006106179938e-11
1.020141161594491e-10
1.177394560172474e-10
1.557832037516367e-10
2.280353415468889e-10
3.154741790011816e-10
4.503969660020578e-10
6.163224468432847e-10
8.442369296186815e-10
1.179481552508003e-09
1.623170360141487e-09
2.258621281711094e-09
3.134794544723851e-09
4.388336803428355e-09
6.115264674199730e-09
8.583109440060953e-09
1.208872295434828e-08
1.705694153970021e-08
2.411854658520280e-08
3.420137785426654e-08
4.849712621189607e-08
6.899471527365219e-08
9.815594554265646e-08
1.396965892215348e-07
1.993288058833453e-07
2.841631470573378e-07
4.053459661773075e-07
5.778161789012629e-07
8.242174274119887e-07
1.171184380631494e-06
1.670620350362193e-06
2.376484757379890e-06
3.377167854976365e-06
4.790321927056064e-06
6.798648836454742e-06
9.624691831767936e-06
1.359864020635935e-05
1.918822328570025e-05
2.700366864732512e-05
3.800358363645029e-05
5.334671879474270e-05
7.483034780953692e-05
1.044737660016981e-04
1.458445990518412e-04
2.025714731040848e-04
2.809326282962561e-04
3.885780765901294e-04
5.367358537284233e-04
7.390877560052415e-04
1.014368197184519e-03
1.388948422304001e-03
1.894845272683982e-03
2.578447941848264e-03
3.501162771141330e-03
4.719847671190604e-03
6.352035989909650e-03
8.506496662284844e-03
1.134834922347394e-02
1.506082301880560e-02
1.996346181200866e-02
2.629635207387927e-02
3.445141725275817e-02
4.486149312749026e-02
5.810142322154718e-02
7.476331495435225e-02
9.550694007400974e-02
1.210398820041783e-01
1.523349604177064e-01
1.899872592490580e-01
2.346158990052319e-01
2.868391638505728e-01
3.465023240409154e-01
4.132471067580143e-01
4.862120716298706e-01
5.632596375940615e-01
6.422602540787716e-01
7.193167804303150e-01
7.910191549063669e-01
8.542030298416842e-01
9.062663851539274e-01
9.496847830768003e-01
9.999999644110582e-01
9.999999999999978e-01
1.000000000000000e+00
1.000000000000000e+00
1.000000000000000e+00
1.000000000000000e+00
1.000000000000000e+00
1.000000000000000e+00
1.000000000000000e+00
###1.400000000000001e+01
-9.477628771204350e-11
-2.282485958019989e-10
1.283570158145256e-11
-2.262794497792597e-11
-4.238828940772298e-11
-3.187182100555662e-11
-6.378423041516909e-11
2.261442797944534e-11
-6.603280039149492e-12
2.248809502279388e-11
5.722174795255084e-11
1.109157929493040e-10
1.311265588977202e-10
1.761682802060087e-10
2.541339954973228e-10
3.519636697435780e-10
4.997322708785462e-10
6.887891554410162e-10
9.464741841224733e-10
1.324277436479388e-09
1.827666595949037e-09
2.550574346153031e-09
3.550344959117650e-09
4.981071737463697e-09
6.962500361848564e-09
9.793670648129230e-09
1.382336985779417e-08
1.953696494562029e-08
2.765659730355706e-08
3.926035461377864e-08
5.571242406095630e-08
7.929774648395773e-08
1.128545596320557e-07
1.606281001553945e-07
2.291171894186744e-07
3.265509352204754e-07
4.655529976603942e-07
6.631643457703915e-07
9.450784274072770e-07
1.341389034835469e-06
1.911052614509684e-06
2.715108115610870e-06
3.853296521537274e-06
5.458239614697055e-06
7.732459506578073e-06
1.092856419089229e-05
1.541503181112595e-05
2.171348906607455e-05
3.050332411573606e-05
4.284794587676299e-05
6.002697020105364e-05
8.402869292296685e-05
1.170907897245301e-04
1.631285986098676e-04
2.261289891068693e-04
3.129169763761649e-04
4.319154255685341e-04
5.952954225043531e-04
8.179141358499033e-04
1.120085235306704e-03
1.530240432307579e-03
2.082838539141638e-03
2.827622522605775e-03
3.830583795924796e-03
5.151420569367860e-03
6.915794795713595e-03
9.237916849114153e-03
1.229331335092758e-02
1.627165583038537e-02
2.150916803545107e-02
2.825298664039683e-02
3.690969217821852e-02
4.792068673777251e-02
6.187383870140090e-02
7.936598239729484e-02
1.010569084627441e-01
1.276369867496879e-01
1.600700408966804e-01
1.989070862374746e-01
2.446999308482677e-01
2.980006284204870e-01
3.585328746979966e-01
4.258423629488738e-01
4.989576887893761e-01
5.756260693918253e-01
6.537196586708174e-01
7.293875426686426e-01
7.993197279301401e-01
8.605677966246369e-01
9.106983923607146e-01
9.522681451928086e-01
9.999999644110582e-01
9.999999999999978e-01
1.000000000000000e+00
1.000000000000000e+00
1.000000000000000e+00
1.000000000000000e+00
1.000000000000000e+00
1.000000000000000e+00
1.000000000000000e+00
###1.440000000000001e+01
-9.258404772942394e-11
-2.284607011881944e-10
1.184080154525073e-11
-1.573549625146121e-11
-4.053396643910947e-11
-3.221292409682318e-11
-6.315249387724955e-11
2.531476296922299e-11
-3.369295254634363e-12
2.975559844186368e-11
6.205286447175036e-11
1.265572533913807e-10
1.417429389519359e-10
1.986049195821141e-10
2.800715569069407e-10
3.934045820634030e-10
5.566681313149873e-10
7.710268127705061e-10
1.063328731358991e-09
1.487999363154343e-09
2.062664885774946e-09
2.885126552982132e-09
4.027213925899423e-09
5.659955904946183e-09
7.935423041800362e-09
1.118104445731628e-08
1.580281871485788e-08
2.237066626776777e-08
3.169930021232367e-08
4.503963553572105e-08
6.395641591297623e-08
9.105132319260120e-08
1.295864733752166e-07
1.844620893441539e-07
2.629760127478151e-07
3.746076397503354e-07
5.337108189648133e-07
7.596453450300726e-07
1.081403445417615e-06
1.533117460924595e-06
2.181553478522400e-06
3.095159252757380e-06
4.386788553920222e-06
6.205007134582209e-06
8.774922517279177e-06
1.238121061605089e-05
1.743416540045263e-05
2.451396231172093e-05
3.437683852559218e-05
4.820264799058848e-05
6.739735544981026e-05
9.415485998803752e-05
1.309475405804194e-04
1.820749722502460e-04
2.518822923330252e-04
3.478348095737815e-04
4.791307069770413e-04
6.589422395544084e-04
9.034509184752233e-04
1.234545778645626e-03
1.682886445186872e-03
2.285431696861881e-03
3.095538519768878e-03
4.183845262046590e-03
5.613085247703990e-03
7.517400014352476e-03
1.001658357806445e-02
1.329607722499337e-02
1.755323964319004e-02
2.314096032037384e-02
3.031340728035206e-02
3.949021263168411e-02
5.112268954021041e-02
6.580896418633067e-02
8.415211794368534e-02
1.068060887074102e-01
1.344487349384527e-01
1.680312405765622e-01
2.080495610118653e-01
2.550008672058801e-01
3.093473431483077e-01
3.707212970272958e-01
4.385542609760938e-01
5.117673357905934e-01
5.880190741270800e-01
6.651639840816583e-01
7.394267727779087e-01
8.075811595143589e-01
8.668871850668879e-01
9.150991954738019e-01
9.548153844946768e-01
9.999999644110582e-01
9.999999999999978e-01
1.000000000000000e+00
1.000000000000000e+00
1.000000000000000e+00
1.000000000000000e+00
1.000000000000000e+00
1.000000000000000e+00
1.000000000000000e+00
###1.480000000000001e+01
-8.780426850196359e-11
-2.373873733608132e-10
1.154045650614029e-11
-1.304347429643282e-11
-4.478751425826311e-11
-2.961964440048209e-11
-5.852397851143744e-11
2.773772889598477e-11
1.857962959391045e-12
3.516940344842639e-11
7.274006789117883e-11
1.347736596481259e-10
1.571250734086940e-10
2.215801107442628e-10
3.129196563662050e-10
4.395424198520700e-10
6.206865657176741e-10
8.639293078929252e-10
1.195537532265068e-09
1.675799174633469e-09
2.330207903115728e-09
3.266667754325992e-09
4.571759714455099e-09
6.438855175949407e-09
9.036335316640642e-09
1.276686934731326e-08
1.807055438723536e-08
2.560625820982730e-08
3.631599523289258e-08
5.162024731996906e-08
7.334670789505937e-08
1.044339059023432e-07
1.485899622264164e-07
2.115237550932282e-07
3.013631805970542e-07
4.290371760670119e-07
6.106485793672261e-07
8.684369131238411e-07
1.234924204429492e-06
1.748512079202612e-06
2.485222745212156e-06
3.520945333154798e-06
4.982936113295497e-06
7.038258847121948e-06
9.936322699473999e-06
1.399649937593452e-05
1.967590632675192e-05
2.761868502084699e-05
3.866118488246772e-05
5.411280547004641e-05
7.551920793518430e-05
1.052857664475238e-04
1.461519011027960e-04
2.028135389806551e-04
2.800240566852312e-04
3.859132919774860e-04
5.304982551535195e-04
7.280807408191273e-04
9.960985325322563e-04
1.358274947786536e-03
1.847489713424475e-03
2.503469393000081e-03
3.383151574693448e-03
4.562165004125026e-03
6.106413656795710e-03
8.158054183527164e-03
1.084462344561298e-02
1.435951965533176e-02
1.890910963603195e-02
2.486285872763946e-02
3.248113145445355e-02
4.219724243402658e-02
5.446942417522849e-02
6.991145632665868e-02
8.912429510082837e-02
1.127592502626563e-01
1.414795090918250e-01
1.762154707418088e-01
2.174161026848791e-01
2.655078876170064e-01
3.208823298454095e-01
3.830569306930339e-01
4.513696380708510e-01
5.246250273791025e-01
6.004227713239504e-01
6.765872106725510e-01
7.494180301270577e-01
8.157927557962941e-01
8.731608078758482e-01
9.194591197085736e-01
9.573363022836808e-01
9.999999644110582e-01
9.999999999999978e-01
1.000000000000000e+00
1.000000000000000e+00
1.000000000000000e+00
1.000000000000000e+00
1.000000000000000e+00
1.000000000000000e+00
1.000000000000000e+00
###1.520000000000001e+01
-8.558598086458784e-11
-2.388591763813800e-10
1.716898613539973e-11
-1.416864289352805e-11
-4.570028356055297e-11
-2.998910002783833e-11
-5.862176900898186e-11
3.181438411413210e-11
8.179228453964690e-12
3.846043369642979e-11
8.308697961743055e-11
1.470789239354398e-10
1.767484079200674e-10
2.478088609009174e-10
3.497657985740670e-10
4.924622706514045e-10
6.952755037759890e-10
9.702976247216642e-10
1.346759149906608e-09
1.890239350001181e-09
2.635788625973276e-09
3.702607561823468e-09
5.193511713552209e-09
7.326375083146543e-09
1.030702764200849e-08
1.457542962879496e-08
2.065560856087781e-08
2.929628108928211e-08
4.157894782153093e-08
5.911958662536780e-08
8.403036010170525e-08
1.196192154753570e-07
1.701835830667727e-07
2.421885592703220e-07
3.447739284729520e-07
4.904392416165917e-07
6.974518321439191e-07
9.908097502058228e-07
1.407460335245234e-06
1.990376583410265e-06
2.825589484117988e-06
3.997220155145837e-06
5.648251693296338e-06
7.966945883863823e-06
1.122791536122072e-05
1.578906196954991e-05
2.215911753956721e-05
3.104961582642105e-05
4.339086493100881e-05
6.062068212382177e-05
8.444412743932967e-05
1.174989770319866e-04
1.627955100127199e-04
2.254884158421592e-04
3.107289987746439e-04
4.273800794875809e-04
5.863225888951966e-04
8.029997069824175e-04
1.096335579598490e-03
1.491865182336121e-03
2.024820558858016e-03
2.737842727869273e-03
3.691679458532785e-03
4.967012794231476e-03
6.632851160530761e-03
8.840510579494866e-03
1.172445551493394e-02
1.548655061257339e-02
2.034186299906537e-02
2.667773169931462e-02
3.475997907696936e-02
4.503382700781267e-02
5.796796456114691e-02
7.418560735795368e-02
9.428854336207486e-02
1.189215664317225e-01
1.487291870319764e-01
1.846261420380054e-01
2.270009385000895e-01
2.762193474563678e-01
3.325973047058715e-01
3.955313032975859e-01
4.642790726672835e-01
5.375333748579183e-01
6.128289637861012e-01
6.879741196297007e-01
7.593447867965376e-01
8.239215912360660e-01
8.793503597161637e-01
9.237575381443843e-01
9.598107686909010e-01
9.999999644110582e-01
9.999999999999978e-01
1.000000000000000e+00
1.000000000000000e+00
1.000000000000000e+00
1.000000000000000e+00
1.000000000000000e+00
1.000000000000000e+00
1.000000000000000e+00
###1.560000000000001e+01
-8.237938861065232e-11
-2.286036466487056e-10
1.812368991890531e-11
-1.460683224267122e-11
-4.458525457733323e-11
-2.425461887498699e-11
-5.478426420968049e-11
3.123410576168866e-11
1.475910969186294e-11
4.716207426619309e-11
9.412490336528996e-11
1.601467927215486e-10
1.975470447791917e-10
2.984170116909337e-10
3.917336992919701e-10
5.505579177591023e-10
7.788343336291765e-10
1.091880105605346e-09
1.517970312350096e-09
2.135422448501078e-09
2.985162043027534e-09
4.196195747408810e-09
5.902762902103935e-09
8.339209909644842e-09
1.175616858928462e-08
1.664280714841002e-08
2.359934775106901e-08
3.349725896439426e-08
4.757400640628970e-08
6.765262527867559e-08
9.615710430872315e-08
1.368494222933480e-07
1.946358163300905e-07
2.768272829072498e-07
3.938026540917047e-07
5.597243748169992e-07
7.951760839609632e-07
1.128446117165822e-06
1.601138297233552e-06
2.261361858728649e-06
3.205775348618321e-06
4.528584821948736e-06
6.389365221501491e-06
9.000231259836229e-06
1.266189342828717e-05
1.777577526703446e-05
2.490488624828588e-05
3.483664241584625e-05
4.860187708240555e-05
6.778282830734509e-05
9.424093251054320e-05
1.308677017377860e-04
1.810097385899964e-04
2.502452684812388e-04
3.441828734291501e-04
4.724744614557915e-04
6.468934214504078e-04
8.841259465034665e-04
1.204661669404733e-03
1.635859794669995e-03
2.215697309000853e-03
2.989414372497860e-03
4.022198845450456e-03
5.399839062067439e-03
7.194575229273957e-03
9.566571560020382e-03
1.265815074698046e-02
1.667974368117235e-02
2.185481620680553e-02
2.858912768025582e-02
3.715263350129624e-02
4.800422554314941e-02
6.162163626522397e-02
7.863446045310780e-02
9.964632019833336e-02
1.252932973992677e-01
1.562008505835557e-01
1.932624105561697e-01
2.368092618691680e-01
2.871392406879770e-01
3.444864363807597e-01
4.081504325655457e-01
4.772815662761115e-01
5.504778745283830e-01
6.252228208708549e-01
6.993150498035106e-01
7.691917162190375e-01
8.319651833664093e-01
8.854524704806991e-01
9.279866761620631e-01
9.622381174165877e-01
9.999999644110582e-01
9.999999999999978e-01
1.000000000000000e+00
1.000000000000000e+00
1.000000000000000e+00
1.000000000000000e+00
1.000000000000000e+00
1.000000000000000e+00
1.000000000000000e+00
