# NLO BK equation solver 0.0-dev build  (build Oct 13 2025 12:18:44)
# Initial condition: MV model, Q_s0^2 = 0.0754082 GeV^2, \gamma = 1.90694, coefficient of E inside Log is 1, x0=0.01, \Lambda_QCD = 0.241 GeV
# # LO Kernel RC:  Parent dipole. NLO Kernel RC:  Parent dipole
# Nc=3, Nf=4
# Using RungeKutta method in K1
# Resumming double log
# Resumming single log, K_sub=0.65 resum rc: parent
# BK K1 integration relative accuracy: 0.02# NLO BK as^2 terms: MC integration method: Vegas, points=1000000
# Kinematical constraint: none
# Target kinematical constraint: disabled

###1.000000000000000e-05
###1.160836920850890e+00
###100
###1.000000000000000e+00
###0.000000000000000e+00
1.993868742022505e-21
3.480882864800098e-21
6.076075662332294e-21
1.060465284042550e-20
1.850579745477193e-20
3.228908324012493e-20
5.632985402344029e-20
9.825505877973650e-20
1.713574210702662e-19
2.988001941627111e-19
5.209391332634908e-19
9.080700656488073e-19
1.582617810129038e-18
2.757750786507651e-18
4.804565827959328e-18
8.368955110872238e-18
1.457484662454146e-17
2.537756922531655e-17
4.417807911784210e-17
7.689034591242908e-17
1.337957334183982e-16
2.327637487852643e-16
4.048443553004419e-16
7.039752707923293e-16
1.223827054601463e-15
2.127025209190470e-15
3.695826849990917e-15
6.419973987413724e-15
1.114894300525858e-14
1.935569671523480e-14
3.359342758276784e-14
5.828619683565393e-14
1.010970026124539e-13
1.752939906709197e-13
3.038412515239682e-13
5.264679103771941e-13
9.118780204300430e-13
1.578829287793761e-12
2.732503778193845e-12
4.727230568359231e-12
8.174592330861764e-12
1.412964443232680e-11
2.441148968924722e-11
4.215479113545174e-11
7.275795139634224e-11
1.255121126080395e-10
2.163977773812014e-10
3.728822972988006e-10
6.421431957147080e-10
1.105151927494603e-09
1.900773609221210e-09
3.266968443469553e-09
5.611164194572491e-09
9.630335498337337e-09
1.651569210183610e-08
2.830122664941900e-08
4.845658962051453e-08
8.289444671950887e-08
1.416801582584394e-07
2.419301277983175e-07
4.127196380300059e-07
7.033839775152650e-07
1.197543436203094e-06
2.036773759751693e-06
3.460515827221378e-06
5.873305012836938e-06
9.957933994549978e-06
1.686567334469036e-05
2.853667121038850e-05
4.823754805027836e-05
8.146605569414600e-05
1.374718483626580e-04
2.318151301986537e-04
3.906745332108441e-04
6.581063407209431e-04
1.108287049262469e-03
1.866170344611118e-03
3.142330497164836e-03
5.291620346194459e-03
8.911430937819098e-03
1.500457635741348e-02
2.524381179518831e-02
4.238452819788163e-02
7.085808152899808e-02
1.174750547295660e-01
1.918100388223020e-01
3.049249613281562e-01
4.635265501409287e-01
6.565542872820924e-01
8.409438642225098e-01
9.580009965250200e-01
9.958245654918260e-01
9.999242668469991e-01
9.999999293903563e-01
9.999999999996315e-01
1.000000000000000e+00
1.000000000000000e+00
1.000000000000000e+00
1.000000000000000e+00
1.000000000000000e+00
###4.000000000000000e-01
3.494539359303376e-12
1.029259502202145e-11
-1.871090689076297e-12
-2.234835252270323e-12
-5.999848480345929e-13
6.812194368072694e-12
-3.136963503892878e-12
-5.920423428045273e-12
-2.519433982089337e-14
-5.364240214160099e-12
1.185259193760586e-11
1.360373537257198e-12
-3.546306231800984e-11
3.775295728758920e-13
2.995341060112984e-12
2.207425678074809e-12
-9.474289205555413e-13
3.494259799578782e-12
4.479882139131098e-12
2.787057840128339e-12
8.440243304330354e-12
7.611408383032124e-12
9.466628232037179e-12
1.581014728873894e-11
1.960688461287618e-11
2.602864753934122e-11
3.507786718391497e-11
4.762288776980735e-11
6.469962257922424e-11
8.916361469044794e-11
1.151828753285641e-10
1.523757395431910e-10
2.051036486578249e-10
2.715440682804801e-10
3.591588676521895e-10
4.664573807556797e-10
6.062100761731772e-10
8.101405876217019e-10
1.057432655861887e-09
1.382506247101178e-09
1.817972242574624e-09
2.347832040824316e-09
3.054081598573304e-09
4.022225750061930e-09
5.269731776923896e-09
6.908625072253243e-09
9.082347854138701e-09
1.213068775530309e-08
1.624407997492787e-08
2.211040019866019e-08
3.065645780659425e-08
4.288952742837416e-08
6.131915497467900e-08
8.929979466290107e-08
1.327401958772421e-07
1.984964082081821e-07
3.019979316739883e-07
4.648090058128574e-07
7.187691490418924e-07
1.126205811195494e-06
1.768740686786799e-06
2.775622140163194e-06
4.399452803263337e-06
6.956192935942642e-06
1.102472502232284e-05
1.742025019666916e-05
2.768397065497594e-05
4.399599655217625e-05
6.967112201596598e-05
1.107101702384064e-04
1.756835897718617e-04
2.794539215907081e-04
4.441457868963848e-04
7.075451891441823e-04
1.129496450850868e-03
1.803561190998523e-03
2.889489464109414e-03
4.635601894147031e-03
7.452618182963049e-03
1.200788047646052e-02
1.938205624746135e-02
3.131147479898300e-02
5.057412211385439e-02
8.144671218294999e-02
1.303093466033114e-01
2.058097043004728e-01
3.172206839864589e-01
4.692835795877279e-01
6.507748936546386e-01
8.237707953875943e-01
9.387106585627488e-01
9.844376793021894e-01
9.963306227377162e-01
9.999999293903563e-01
9.999999999996315e-01
1.000000000000000e+00
1.000000000000000e+00
1.000000000000000e+00
1.000000000000000e+00
1.000000000000000e+00
###8.000000000000000e-01
-4.180025857714021e-11
1.353885326635514e-11
-4.349835455857724e-12
2.983738242434276e-11
1.792902729072756e-12
3.348973001341252e-12
-2.911943603520335e-12
-5.165226725836731e-12
5.793739567516256e-12
-3.688058477622708e-11
1.179368374336354e-11
5.054510549073079e-12
-3.384603644079965e-11
4.009362824300615e-12
2.898387704873176e-12
-1.081240300179340e-12
1.612736548976152e-12
7.805273041945364e-12
1.138284615931705e-11
9.586032764852729e-12
1.600649731528732e-11
2.402475517361346e-11
2.067439829974748e-11
3.410376331983475e-11
4.218391355923222e-11
5.087982234197641e-11
7.417874254394693e-11
9.859559703834016e-11
1.337516642111034e-10
1.802374834242348e-10
2.401783660155689e-10
3.115135290461658e-10
4.205610045792690e-10
5.574905408916541e-10
7.376965735211525e-10
9.503660820546724e-10
1.254623474480934e-09
1.660915238896253e-09
2.158026656131873e-09
2.828701282869038e-09
3.726282929226474e-09
4.809759064587040e-09
6.302876552284070e-09
8.333471317182358e-09
1.089516012603879e-08
1.444051558972255e-08
1.910850280766338e-08
2.577049952369802e-08
3.472662823158468e-08
4.771116746410903e-08
6.652834404969124e-08
9.360839626859099e-08
1.347189168300863e-07
1.963388595131341e-07
2.903005734700837e-07
4.327098620700750e-07
6.525368333847408e-07
9.946795624972663e-07
1.517598571545423e-06
2.344694403914357e-06
3.613414128981679e-06
5.565706372318652e-06
8.677642972721945e-06
1.344310902343223e-05
2.084494813587122e-05
3.223944593888607e-05
5.015008550287746e-05
7.769234956221881e-05
1.202710563430514e-04
1.864116478737927e-04
2.887739305540998e-04
4.473479679446545e-04
6.916684898571003e-04
1.072171782290996e-03
1.664435059403532e-03
2.581817279707101e-03
4.019920671627394e-03
6.261961644363435e-03
9.771153508466145e-03
1.528178164687303e-02
2.394932090731630e-02
3.752586488883244e-02
5.882237131774434e-02
9.194826593130231e-02
1.428212785398121e-01
2.192493976625525e-01
3.289471641503189e-01
4.750127585993228e-01
6.463134283283152e-01
8.093631323683304e-01
9.220502626866879e-01
9.738938531483269e-01
9.922067418292219e-01
9.999999293903563e-01
9.999999999996315e-01
1.000000000000000e+00
1.000000000000000e+00
1.000000000000000e+00
1.000000000000000e+00
1.000000000000000e+00
###1.200000000000000e+00
-3.508515612824197e-11
1.960743821438710e-11
-7.160384961374522e-12
3.132157710484901e-11
5.433380053431265e-13
2.309898913575989e-12
2.210986403447237e-11
-1.064733421429434e-11
-2.132244858803099e-11
-3.106972465179340e-11
2.811082295514192e-11
7.946513184334048e-12
-3.385176507828365e-11
-2.943017493580164e-12
7.517258688491547e-12
3.626062050884536e-13
7.765145200648461e-12
1.516271302317309e-11
1.801677449718824e-11
1.667242757807562e-11
2.387744873314276e-11
3.977668951689499e-11
3.593734626768372e-11
4.579065161650263e-11
6.566586431533626e-11
8.621351959960916e-11
1.178996164303388e-10
1.573138074500831e-10
2.095229599486368e-10
2.795068586829362e-10
3.725595872716271e-10
4.836220939075703e-10
6.509375760404990e-10
8.568123020035017e-10
1.132610195232790e-09
1.470965138987945e-09
1.932746026258442e-09
2.553025292187463e-09
3.338219463725358e-09
4.370205921335539e-09
5.734955108801283e-09
7.475566601987259e-09
9.820755686278356e-09
1.303525891533452e-08
1.718626915164057e-08
2.305563384252869e-08
3.069640991747881e-08
4.191484423465787e-08
5.725801766686395e-08
7.939298588638965e-08
1.120901519877815e-07
1.590700180208857e-07
2.307313940632843e-07
3.375838215042522e-07
4.996425265918407e-07
7.456840687850506e-07
1.121756368765697e-06
1.702813125588164e-06
2.580566707094841e-06
3.942947357680134e-06
6.035419874588660e-06
9.218420517422757e-06
1.417802650828012e-05
2.170138333289190e-05
3.319539302478901e-05
5.077341044410574e-05
7.781177976431254e-05
1.187910633637419e-04
1.812091702880668e-04
2.765616578582229e-04
4.219709356724726e-04
6.426248998926342e-04
9.767942391274067e-04
1.486712798116435e-03
2.265436680417543e-03
3.445496392640853e-03
5.258882476185629e-03
8.021438844774976e-03
1.224634202402826e-02
1.873022533764831e-02
2.869208317280222e-02
4.388412532414485e-02
6.710956717934656e-02
1.023669404967352e-01
1.550565223949968e-01
2.322377553756155e-01
3.402051591962457e-01
4.807890468607549e-01
6.430576235367033e-01
7.973689730065051e-01
9.077178560530433e-01
9.642087763490794e-01
9.879568604372381e-01
9.999999293903563e-01
9.999999999996315e-01
1.000000000000000e+00
1.000000000000000e+00
1.000000000000000e+00
1.000000000000000e+00
1.000000000000000e+00
###1.600000000000000e+00
-2.748597660805267e-11
1.525863877875684e-11
-5.292704153920666e-12
2.550865680009294e-11
-8.489090670317313e-12
-7.175639345959088e-12
2.687062142049762e-11
-6.618920564781754e-12
-2.492301018004967e-11
-2.859627564215910e-11
3.051697583887505e-11
1.090165459017755e-11
-3.111523276031461e-11
-4.927874577173080e-13
1.233420843090943e-11
3.587578003546819e-12
9.983235304552850e-12
1.977231403043999e-11
2.535266257081774e-11
2.418035599079401e-11
3.454705290804994e-11
5.517860859892849e-11
5.441854106289577e-11
6.436010697849545e-11
9.348626846490886e-11
1.216738839125443e-10
1.638987075572757e-10
2.218311434776174e-10
2.928717648056251e-10
3.859998350713256e-10
5.126048789108786e-10
6.685904818016418e-10
8.947459646081120e-10
1.175146183102732e-09
1.549356731931791e-09
2.025691500177936e-09
2.658717385816414e-09
3.507785696727921e-09
4.599208147581762e-09
6.022699449346753e-09
7.938444658935774e-09
1.040873245490111e-08
1.376334729780488e-08
1.832958754825859e-08
2.443713257829971e-08
3.303917542352667e-08
4.448934603761528e-08
6.165684205396955e-08
8.498557681899007e-08
1.192452394599972e-07
1.697992476006490e-07
2.429949347856293e-07
3.544875977183599e-07
5.213623747173440e-07
7.729704247121455e-07
1.154628739956454e-06
1.734536473258942e-06
2.622729706082482e-06
3.951957718797662e-06
5.999913872528759e-06
9.121020433727245e-06
1.383472896298611e-05
2.103640613008292e-05
3.196816172313262e-05
4.847864654603660e-05
7.341595114771228e-05
1.112722559242088e-04
1.681425056725803e-04
2.534096971581267e-04
3.823707736563013e-04
5.765043424248306e-04
8.669962517500068e-04
1.300767192191936e-03
1.953108535226401e-03
2.934531415790525e-03
4.396137997168288e-03
6.608833461048124e-03
9.914397552017227e-03
1.487968463565372e-02
2.234907627822812e-02
3.360378953331023e-02
5.038086896796011e-02
7.546358493743455e-02
1.127103675287524e-01
1.670470153293366e-01
2.448281749457874e-01
3.511012882742778e-01
4.866730839494126e-01
6.408992127860573e-01
7.874857069727887e-01
8.954586310807039e-01
9.554228528632684e-01
9.837227044525840e-01
9.999999293903563e-01
9.999999999996315e-01
1.000000000000000e+00
1.000000000000000e+00
1.000000000000000e+00
1.000000000000000e+00
1.000000000000000e+00
###2.000000000000000e+00
-2.774866613610602e-11
1.466849793027285e-11
-1.020352678809280e-11
3.323617437541002e-11
-8.217815388326410e-12
-1.086123943485475e-12
3.054756707989559e-11
-2.089914145142341e-12
-3.091193300482533e-11
-2.532943344528911e-11
3.038388440497056e-11
1.252767019935641e-11
-2.342980937491577e-11
3.577764716509722e-12
1.426642552588526e-11
-1.857276935795701e-12
1.483503294827053e-11
2.435398500500275e-11
3.179327983159963e-11
3.299292547428099e-11
4.491235504450865e-11
6.528941142047062e-11
7.134987551608791e-11
8.768412331872781e-11
1.222150315965365e-10
1.610752442811612e-10
2.130205464731616e-10
2.877091673540818e-10
3.801123854926674e-10
5.075081367487894e-10
6.609848798265341e-10
8.639747596186261e-10
1.153504104345021e-09
1.513653319404924e-09
1.992572309434372e-09
2.623357014963188e-09
3.437603814511300e-09
4.537609706674042e-09
5.972698306320078e-09
7.833673465190004e-09
1.036464835285591e-08
1.371283648570778e-08
1.826690794516450e-08
2.449447965810874e-08
3.299906254125619e-08
4.503124771343866e-08
6.141113063430048e-08
8.574310935891407e-08
1.194092641666298e-07
1.692574426546651e-07
2.430269583183561e-07
3.502320984951289e-07
5.133905946638247e-07
7.565769908391071e-07
1.123449008473162e-06
1.677228038812608e-06
2.517122659351027e-06
3.791653349208801e-06
5.682819250179501e-06
8.581899808072417e-06
1.297407358812627e-05
1.954040428065636e-05
2.950927226845285e-05
4.451292864372599e-05
6.696567897260396e-05
1.005812803470537e-04
1.510734886012518e-04
2.262547247349257e-04
3.377749789333281e-04
5.049758291667915e-04
7.539192392301441e-04
1.122257874013080e-03
1.665700806357975e-03
2.473428228209435e-03
3.673253254498156e-03
5.436333685019715e-03
8.069396784923487e-03
1.194144709895212e-02
1.766752766714120e-02
2.613455875743058e-02
3.868334368434453e-02
5.701266473592840e-02
8.388569051605262e-02
1.230050176627819e-01
1.788327416409664e-01
2.570762849987350e-01
3.617152678369385e-01
4.927094583025744e-01
6.397707616623300e-01
7.794695999809143e-01
8.850390499478388e-01
9.475384269415539e-01
9.796259850293286e-01
9.999999293903563e-01
9.999999999996315e-01
1.000000000000000e+00
1.000000000000000e+00
1.000000000000000e+00
1.000000000000000e+00
1.000000000000000e+00
###2.400000000000000e+00
-1.175066504146119e-11
4.053686494714966e-11
-1.262489419218876e-11
3.970477029687038e-11
-6.545036365670977e-12
3.330456515931310e-13
2.852716189277773e-11
-1.606265209178943e-12
-2.687394577820383e-11
-1.861397149317626e-11
3.403466249101406e-11
1.772161888627170e-11
-1.675711735697909e-11
1.128915377834528e-11
2.448164383895046e-11
1.460591636639662e-11
2.565285817876738e-11
2.798396609853287e-11
4.150191817785831e-11
4.332927057318493e-11
6.158901430909408e-11
8.085486778514443e-11
9.121716298656034e-11
1.149351511696638e-10
1.600065830789318e-10
2.039416817111704e-10
2.672293381733630e-10
3.568178809762441e-10
4.727703778640342e-10
6.278618763763537e-10
8.190968709185999e-10
1.074654649901051e-09
1.426903420211053e-09
1.890462010300817e-09
2.471072181156649e-09
3.265072980991802e-09
4.284914278009295e-09
5.660088710872382e-09
7.490508345617033e-09
9.851341190685785e-09
1.312808248602577e-08
1.748010587556794e-08
2.345644280278506e-08
3.172536591557458e-08
4.317787656276330e-08
5.950123998653575e-08
8.205634530669950e-08
1.154705522024947e-07
1.620568770058387e-07
2.319262998279408e-07
3.350825378293527e-07
4.860910588239793e-07
7.147269098683912e-07
1.056079678217284e-06
1.568153727807373e-06
2.336436624574447e-06
3.498502689156860e-06
5.252388952237900e-06
7.837495875895661e-06
1.177291284866939e-05
1.770112898747086e-05
2.648881272399469e-05
3.974444445367032e-05
5.956132664609336e-05
8.900450313766672e-05
1.326976913541169e-04
1.976735439801276e-04
2.938538608329197e-04
4.352537057773301e-04
6.454939806195369e-04
9.556017689210206e-04
1.409870600792255e-03
2.073599335253513e-03
3.049993675992106e-03
4.484815433715593e-03
6.568401722268627e-03
9.642496263470806e-03
1.410311754119723e-02
2.060893066009947e-02
3.008682575109799e-02
4.392466304825601e-02
6.378060736759662e-02
9.237809019809243e-02
1.332547344153218e-01
1.904513171537377e-01
2.690541644697897e-01
3.721207293779658e-01
4.989241286679632e-01
6.395539288656074e-01
7.731102700905572e-01
8.762651845488203e-01
9.405383908337409e-01
9.757701583674966e-01
9.999999293903563e-01
9.999999999996315e-01
1.000000000000000e+00
1.000000000000000e+00
1.000000000000000e+00
1.000000000000000e+00
1.000000000000000e+00
###2.800000000000000e+00
-1.446171916253612e-11
4.051805269524054e-11
-1.222823997446566e-11
6.144018799580412e-11
-1.519790607213479e-11
6.385929070592892e-13
3.079231444572824e-11
3.655519630987254e-12
-2.347936257262703e-11
-1.333344130006092e-11
4.060672786107899e-11
2.072221677187886e-11
-6.814612626383553e-12
1.312046323833807e-11
3.045623291628867e-11
2.196870286328239e-11
3.399953923000027e-11
3.096228078662612e-11
5.128731974460463e-11
5.711154556799747e-11
7.372053688807132e-11
9.709474526965944e-11
1.133508976714361e-10
1.420575161713125e-10
1.935901131450942e-10
2.496611582735381e-10
3.245279658284401e-10
4.315199647235807e-10
5.719174690942178e-10
7.567877097590512e-10
9.916688956599831e-10
1.302824943683841e-09
1.729061203803954e-09
2.285626450805825e-09
2.992674044811952e-09
3.962201643667507e-09
5.216920766501832e-09
6.908896231147968e-09
9.215119789592609e-09
1.213972791477957e-08
1.623855893158600e-08
2.186574150105220e-08
2.958954206630926e-08
4.030607797194080e-08
5.538328407043723e-08
7.698314472735606e-08
1.072881105899636e-07
1.520800482120431e-07
2.154658354870020e-07
3.099073765829224e-07
4.499374688425418e-07
6.552646657551102e-07
9.663762372063439e-07
1.429890724157758e-06
2.121065326619191e-06
3.155438448050644e-06
4.711609969282890e-06
7.048122208748880e-06
1.047936568632276e-05
1.565674219317550e-05
2.341304481809239e-05
3.483887143527566e-05
5.196427763053556e-05
7.741355322513495e-05
1.148827252999099e-04
1.702467974152172e-04
2.517926589789415e-04
3.717066934952308e-04
5.468007549000013e-04
8.051345498739577e-04
1.182613115459520e-03
1.731317521064715e-03
2.527195751131156e-03
3.686189881132684e-03
5.371264133186037e-03
7.797919303997885e-03
1.132689008485910e-02
1.640161026655270e-02
2.370699397855497e-02
3.420517581093034e-02
4.932900466107935e-02
7.068294952353033e-02
1.009464979129849e-01
1.434841311606118e-01
2.019303565332974e-01
2.808105967081082e-01
3.823639023124249e-01
5.053423342218226e-01
6.401996206586499e-01
7.682193132431508e-01
8.689689323071537e-01
9.343992148264423e-01
9.722107097792534e-01
9.999999293903563e-01
9.999999999996315e-01
1.000000000000000e+00
1.000000000000000e+00
1.000000000000000e+00
1.000000000000000e+00
1.000000000000000e+00
###3.200000000000000e+00
-1.981496024912311e-11
3.938847379833141e-11
-3.271481888414065e-12
7.481966390344120e-11
-1.336219459597143e-11
3.774162481093941e-12
3.880482895255885e-11
6.166793906499655e-12
-2.088156153527076e-11
-8.823619203250287e-12
3.233065358911221e-11
2.992089538158762e-11
8.313978900206643e-12
2.062468804685427e-11
3.564995159730895e-11
2.837426020352189e-11
4.085166607884755e-11
3.616608590575301e-11
5.926319946553751e-11
6.524043342658110e-11
8.783770470308653e-11
1.162007435331342e-10
1.363132405740625e-10
1.720009797756868e-10
2.324961383830857e-10
2.942587039744863e-10
3.863931877734025e-10
5.120251688085217e-10
6.805911198207689e-10
8.968443064108840e-10
1.177169010367194e-09
1.550509068945038e-09
2.050163697689413e-09
2.713028394420359e-09
3.565005213034284e-09
4.731246967638185e-09
6.249922798394705e-09
8.314708515791440e-09
1.112923275827720e-08
1.477201357171164e-08
1.989335313267686e-08
2.700154276577515e-08
3.681489976289465e-08
5.064820509635217e-08
7.018036462966526e-08
9.828249862211117e-08
1.383145946790936e-07
1.972562291507443e-07
2.811077893555861e-07
4.065066413834924e-07
5.927925054725912e-07
8.666922986227323e-07
1.278084798409058e-06
1.891035934025201e-06
2.799774875344481e-06
4.158846550868051e-06
6.192394773609343e-06
9.217139539377516e-06
1.366471324232668e-05
2.031454425356932e-05
3.023077520478858e-05
4.475768659245709e-05
6.640569795126717e-05
9.834074391576618e-05
1.450493018806041e-04
2.137527325001674e-04
3.141030851923058e-04
4.607509365851382e-04
6.735099566279519e-04
9.852235455530111e-04
1.436768448912202e-03
2.089029514190167e-03
3.027862561166116e-03
4.383634967343238e-03
6.335051764047066e-03
9.124302640567171e-03
1.312904720805073e-02
1.883742411333662e-02
2.696078421808069e-02
3.849753443297091e-02
5.489405432831819e-02
7.772218045820403e-02
1.096073043060273e-01
1.537021333590352e-01
2.133043527821029e-01
2.923979373232586e-01
3.925148226216968e-01
5.119737117664761e-01
6.416221908043636e-01
7.646416246586657e-01
8.630023334395138e-01
9.290966960211013e-01
9.689927722853953e-01
9.999999293903563e-01
9.999999999996315e-01
1.000000000000000e+00
1.000000000000000e+00
1.000000000000000e+00
1.000000000000000e+00
1.000000000000000e+00
###3.600000000000000e+00
1.516155963254343e-10
4.233385155878183e-11
-3.005725441420951e-12
6.931971868247122e-11
-1.566565249281050e-11
1.702835001971319e-12
4.171307638124996e-11
7.757542850735917e-12
-2.128509960822400e-11
-6.434006006682054e-12
3.313393337531392e-11
3.040685989686448e-11
1.282014737311620e-11
2.140344847590058e-11
3.481343970083640e-11
3.190758155413343e-11
5.307175537947101e-11
3.899977559164458e-11
6.810661089597495e-11
7.688964474169460e-11
1.084896663947232e-10
1.332505171356189e-10
1.577098852019037e-10
2.032168027274336e-10
2.744519656310653e-10
3.457746002719970e-10
4.527935484675780e-10
5.990738232320472e-10
7.953187334649584e-10
1.049316628626363e-09
1.373393317514295e-09
1.814381421404858e-09
2.396654372861151e-09
3.180336689197151e-09
4.196759287598607e-09
5.588183598452594e-09
7.406768252152323e-09
9.899346048730423e-09
1.332067709268832e-08
1.783597060179917e-08
2.419671057926881e-08
3.309277201479103e-08
4.547015666364710e-08
6.303886726125477e-08
8.807927346856169e-08
1.242573103112383e-07
1.761620437378511e-07
2.526932196840107e-07
3.623768026551843e-07
5.255903101759160e-07
7.683559605033847e-07
1.126718203592333e-06
1.660781322125981e-06
2.453517462610842e-06
3.625718345152699e-06
5.371634294294134e-06
7.975531272433572e-06
1.181329887657308e-05
1.746912057670900e-05
2.585398873321608e-05
3.829826853951448e-05
5.641731069891554e-05
8.329131800010883e-05
1.226882928871051e-04
1.799376853581351e-04
2.637204261672172e-04
3.850922864913394e-04
5.618982306627420e-04
8.164016569600035e-04
1.187060995758099e-03
1.719882593425302e-03
2.484871847132352e-03
3.577901773118050e-03
5.143991848696690e-03
7.378675459701731e-03
1.054831139378672e-02
1.505465297597837e-02
2.141340482333872e-02
3.037170334317826e-02
4.295625778544867e-02
6.062286794233161e-02
8.490200080257326e-02
1.183519176392895e-01
1.639339282985725e-01
2.245906681516572e-01
3.038550821448512e-01
4.026086655102285e-01
5.188252644435289e-01
6.437610498679773e-01
7.622332484256124e-01
8.582297270013985e-01
9.245910274463771e-01
9.661323434769408e-01
9.999999293903563e-01
9.999999999996315e-01
1.000000000000000e+00
1.000000000000000e+00
1.000000000000000e+00
1.000000000000000e+00
1.000000000000000e+00
###4.000000000000000e+00
1.607579408478119e-10
2.334543576298946e-11
-1.066822527660425e-12
6.924229563802265e-11
-9.837503343152751e-12
4.327608471074579e-12
4.010011628023377e-11
1.461730654825166e-11
-1.629132187378794e-11
2.484448191627864e-12
4.578364673730399e-11
3.340430855259102e-11
1.962707240208894e-11
2.730772648784218e-11
4.304205175108657e-11
3.626002661254067e-11
5.874125023175174e-11
5.416139474561324e-11
7.950930336963562e-11
9.165415903304312e-11
1.281509655511157e-10
1.520604271391151e-10
1.856990396689496e-10
2.359535814100109e-10
3.164963562675959e-10
4.001952032888289e-10
5.257456438061664e-10
6.916462464586854e-10
9.151616497644441e-10
1.195755398595532e-09
1.591818044950974e-09
2.102353685424763e-09
2.784957311682504e-09
3.700124696774860e-09
4.895052583603654e-09
6.552119273995981e-09
8.735125764096446e-09
1.171491696761738e-08
1.586187076993868e-08
2.141768432686976e-08
2.929496867438218e-08
4.034117247387700e-08
5.586492991173998e-08
7.801621063444522e-08
1.097709475548028e-07
1.559038812457834e-07
2.224399404306434e-07
3.215062986143536e-07
4.617993802044298e-07
6.706360778683670e-07
9.821717622397026e-07
1.442609971812733e-06
2.123155259539161e-06
3.133021166984221e-06
4.619018532165468e-06
6.826975595424207e-06
1.010599419129520e-05
1.489921602959242e-05
2.197128946233121e-05
3.237307827323590e-05
4.775623597155782e-05
6.999862196441757e-05
1.028627231607567e-04
1.507478748031455e-04
2.199699702616703e-04
3.207110727502876e-04
4.656540861787085e-04
6.759766296174836e-04
9.766659940652152e-04
1.412022040048722e-03
2.034497057357667e-03
2.920603245124651e-03
4.179606847512157e-03
5.969912673452972e-03
8.504487705779818e-03
1.207353779750721e-02
1.709590951194606e-02
2.413059984579888e-02
3.394076787150065e-02
4.758230453816224e-02
6.651548632427165e-02
9.222120904811845e-02
1.271912096652354e-01
1.741873690363684e-01
2.358293872143115e-01
3.152106750192174e-01
4.126737288219866e-01
5.259109517070195e-01
6.465646530298823e-01
7.608694301041988e-01
8.545421059820031e-01
9.208337007823357e-01
9.636510670788243e-01
9.999999293903563e-01
9.999999999996315e-01
1.000000000000000e+00
1.000000000000000e+00
1.000000000000000e+00
1.000000000000000e+00
1.000000000000000e+00
###4.399999999999999e+00
1.719876020804229e-10
2.599373462464038e-11
-6.860677987004105e-12
7.397868724135238e-11
-4.732563793779863e-12
9.218108633796291e-12
4.422415953258035e-11
3.083682576810613e-11
-1.801679160140874e-11
2.604333614229801e-12
4.629345789975880e-11
3.765546754020301e-11
2.340614776090322e-11
3.407548099460361e-11
4.869378017794660e-11
4.487025732529145e-11
6.438187557599924e-11
6.660170005265732e-11
8.834998473134760e-11
1.071575676978495e-10
1.454254864043287e-10
1.680075943013573e-10
2.151157439915686e-10
2.730414703520269e-10
3.615257896149050e-10
4.599726435596464e-10
6.036073623746353e-10
8.000075795372061e-10
1.048712919070370e-09
1.375356906895319e-09
1.830993938747186e-09
2.419052756231216e-09
3.216044781594698e-09
4.283846936842618e-09
5.688893077155723e-09
7.654471017953121e-09
1.025520701890448e-08
1.382149915485010e-08
1.884113324048914e-08
2.564906025820148e-08
3.532317446296189e-08
4.905533210158160e-08
6.836013346846800e-08
9.611326815059902e-08
1.361034758497176e-07
1.942568901088089e-07
2.786694914795912e-07
4.039210177163890e-07
5.822948114623188e-07
8.466052208445263e-07
1.240820685140216e-06
1.823994761416199e-06
2.680571527229955e-06
3.948376351235626e-06
5.804988270190191e-06
8.557544000084542e-06
1.262889213406978e-05
1.853768493906751e-05
2.725035636943836e-05
3.998623208545793e-05
5.873716377071528e-05
8.571804326898919e-05
1.253904850872378e-04
1.829193361817302e-04
2.655664090646546e-04
3.853447006862753e-04
5.565253684530714e-04
8.039160851196457e-04
1.155341760329842e-03
1.661460934224258e-03
2.380362477847982e-03
3.398091736328968e-03
4.834625681474654e-03
6.864300363198779e-03
9.715288849218575e-03
1.370117768653162e-02
1.926166278368590e-02
2.699097483019868e-02
3.766987495676852e-02
5.237774360028805e-02
7.256841165589488e-02
9.968336581186360e-02
1.361310364658624e-01
1.844724397716671e-01
2.470385887463417e-01
3.265054796801176e-01
4.227444590912237e-01
5.332169276840653e-01
6.499835731028454e-01
7.604430794844756e-01
8.518372185072725e-01
9.177829909890378e-01
9.615237896845784e-01
9.999999293903563e-01
9.999999999996315e-01
1.000000000000000e+00
1.000000000000000e+00
1.000000000000000e+00
1.000000000000000e+00
1.000000000000000e+00
###4.800000000000000e+00
1.887962676036227e-10
3.096899103574040e-11
4.806541685906033e-12
6.261246745556095e-11
-5.895951522260073e-12
1.951249683306625e-11
4.765738500755535e-11
3.649081554780669e-11
-1.354727337231152e-11
1.222433403186189e-11
4.943260166761696e-11
3.736324543180089e-11
3.311745908493705e-11
2.791820247977666e-11
5.672103143482843e-11
5.013696133592583e-11
7.308349136187061e-11
7.449558092106974e-11
9.798754951156037e-11
1.232914623717879e-10
1.611184351755400e-10
1.990028222911899e-10
2.497226112105609e-10
3.124358942682123e-10
4.106325052602142e-10
5.237345555505577e-10
6.880197490019863e-10
9.095002451406518e-10
1.186525187104922e-09
1.572074247655731e-09
2.092589860196106e-09
2.774423561525670e-09
3.701302101111876e-09
4.944513812385904e-09
6.605910896056224e-09
8.925202732010358e-09
1.201744241060406e-08
1.630354612486007e-08
2.236013647292090e-08
3.067824766949913e-08
4.254465861544913e-08
5.948624453118613e-08
8.336102736118024e-08
1.178605172088981e-07
1.679383008595709e-07
2.408634054000816e-07
3.467055356233999e-07
5.030035786610264e-07
7.276874160303988e-07
1.058005330419447e-06
1.553381751343423e-06
2.280153394019965e-06
3.345910340662577e-06
4.918320573879086e-06
7.210003535328219e-06
1.060221073821035e-05
1.559381700706671e-05
2.280770096532968e-05
3.339910706844370e-05
4.881802215418354e-05
7.140780568252017e-05
1.037964725726938e-04
1.511744257456275e-04
2.195230424180436e-04
3.172565718197802e-04
4.582036126876458e-04
6.587150158979327e-04
9.466118321569391e-04
1.353681121054587e-03
1.936875379335425e-03
2.760024749793464e-03
3.919441571638406e-03
5.545825161414473e-03
7.829156004586384e-03
1.101409628854738e-02
1.543653698564521e-02
2.155467635746209e-02
2.999883342527260e-02
4.156058444453106e-02
5.734257785404676e-02
7.876621953397128e-02
1.072926862298082e-01
1.451720847043699e-01
1.948071484088866e-01
2.582498848467799e-01
3.377631221433740e-01
4.328508274494966e-01
5.407578335135066e-01
6.539554290048289e-01
7.608611857561521e-01
8.500134313894953e-01
9.153921156803309e-01
9.597825947880013e-01
9.999999293903563e-01
9.999999999996315e-01
1.000000000000000e+00
1.000000000000000e+00
1.000000000000000e+00
1.000000000000000e+00
1.000000000000000e+00
###5.200000000000000e+00
1.855646973378110e-10
3.231270745593602e-11
1.082794892121805e-11
6.589612455180022e-11
-8.100027150247834e-12
2.121454155425477e-11
5.150231041405726e-11
3.943059455597857e-11
-1.105988227657870e-11
1.668985942811176e-11
5.167159541514801e-11
4.293864250204530e-11
4.092097653759983e-11
3.514705811311059e-11
5.670673750602865e-11
5.836171102330843e-11
7.629024414390947e-11
8.414657209451596e-11
1.218289372731452e-10
1.357208083323661e-10
1.851301426756007e-10
2.247998278891133e-10
2.817227696718396e-10
3.540138828932189e-10
4.632200986229948e-10
5.932136407514192e-10
7.802414592942293e-10
1.027134291423268e-09
1.348836613971137e-09
1.788459677199966e-09
2.385965612803377e-09
3.173352700750169e-09
4.245887087934943e-09
5.696710869239984e-09
7.652185668860269e-09
1.040431907648342e-08
1.407919807271267e-08
1.924650641840801e-08
2.650673400003783e-08
3.664379021776295e-08
5.114042946910510e-08
7.198153974166493e-08
1.013331669623065e-07
1.439983730463712e-07
2.061614336210126e-07
2.968555225678188e-07
4.284134044473548e-07
6.219999249078699e-07
9.018693146399484e-07
1.310797204529560e-06
1.925721862434582e-06
2.821828734110728e-06
4.133869841661190e-06
6.063442784046783e-06
8.863162480200052e-06
1.299478387704771e-05
1.905240725626985e-05
2.777278622195122e-05
4.052211955997296e-05
5.899372360973722e-05
8.593936548429476e-05
1.244423548369802e-04
1.804911320034903e-04
2.609612507493504e-04
3.754925716961676e-04
5.399223221429932e-04
7.727471159613432e-04
1.105101315690588e-03
1.573016671554929e-03
2.239775276390950e-03
3.175501579860295e-03
4.486954334973315e-03
6.315518102218276e-03
8.867063563530123e-03
1.240308616504918e-02
1.728247352255144e-02
2.397722893458074e-02
3.315493391926151e-02
4.561691531381112e-02
6.247949613906217e-02
8.513740240934561e-02
1.150522750098772e-01
1.543261016587986e-01
2.052036878025951e-01
2.694723608175164e-01
3.490033077100683e-01
4.430048902759031e-01
5.485440886281321e-01
6.584317154099228e-01
7.620411416318646e-01
8.489911306123309e-01
9.136199860048017e-01
9.583866267118085e-01
9.999999293903563e-01
9.999999999996315e-01
1.000000000000000e+00
1.000000000000000e+00
1.000000000000000e+00
1.000000000000000e+00
1.000000000000000e+00
###5.600000000000001e+00
1.788399930159175e-10
1.955833032522422e-11
2.267906346547154e-11
6.739314340061272e-11
1.379010233508261e-11
2.460875841583768e-11
5.390179224038518e-11
4.050260294397598e-11
-3.271362085022727e-12
2.072287946155870e-11
5.618909936830831e-11
4.618667662119817e-11
4.567306428620632e-11
3.913058028287391e-11
6.262988025675381e-11
6.802275979646724e-11
8.461345354629691e-11
9.226305341721370e-11
1.352265360036013e-10
1.502506033802004e-10
2.039840573323863e-10
2.535604997132784e-10
3.164541383496001e-10
3.987927794280983e-10
5.204672193375304e-10
6.709627375086211e-10
8.804823299175574e-10
1.160614766509067e-09
1.530654883713279e-09
2.032278520785740e-09
2.714786353091935e-09
3.625948254001823e-09
4.871995638078483e-09
6.562384092489626e-09
8.867386285857782e-09
1.212558950869869e-08
1.648897277086819e-08
2.270799015511531e-08
3.143455716913045e-08
4.374012869725044e-08
6.141327586162860e-08
8.687809327215862e-08
1.228836247401118e-07
1.753270062260236e-07
2.521345598484485e-07
3.639350566863399e-07
5.260003877846174e-07
7.641253307062363e-07
1.109167826254752e-06
1.611444146826341e-06
2.366993407405346e-06
3.461834670742021e-06
5.060917242838470e-06
7.405907289735896e-06
1.079451592856347e-05
1.578343974215793e-05
2.306600780804359e-05
3.350978711627109e-05
4.871154749537221e-05
7.065703855355707e-05
1.025139974014972e-04
1.479295471648348e-04
2.136552885076390e-04
3.076663772511758e-04
4.407920773735612e-04
6.310291824911127e-04
8.995713579317697e-04
1.280421160637691e-03
1.814474508329614e-03
2.571791966004468e-03
3.628480680382590e-03
5.102391456470356e-03
7.145893388614341e-03
9.980581640566777e-03
1.388521773347529e-02
1.924109091095411e-02
2.653110998926465e-02
3.646058687509026e-02
4.983930053934198e-02
6.778880113120504e-02
9.168175407531516e-02
1.229655281982636e-01
1.636021304403435e-01
2.156773644452497e-01
2.807117788269272e-01
3.602625496161204e-01
4.532227242751006e-01
5.565544280817261e-01
6.633785703113637e-01
7.639109826579973e-01
8.486954232418942e-01
9.124151663592488e-01
9.573257897724727e-01
9.999999293903563e-01
9.999999999996315e-01
1.000000000000000e+00
1.000000000000000e+00
1.000000000000000e+00
1.000000000000000e+00
1.000000000000000e+00
###6.000000000000001e+00
1.775609112622490e-10
1.804394101706987e-11
2.097100246573365e-11
6.732701313347610e-11
1.883249403814724e-11
2.067943025421226e-11
5.310206028989616e-11
4.371368816926476e-11
1.556658836722638e-13
3.209419094652975e-11
5.632233668097044e-11
5.214380292058080e-11
4.897471234650600e-11
4.638019393167906e-11
6.593061210651285e-11
7.366437577351808e-11
9.444663538846452e-11
1.055733180275375e-10
1.498926619329806e-10
1.659612603790915e-10
2.258125523196725e-10
2.832110919652471e-10
3.557943810593438e-10
4.473156045433826e-10
5.845397490778364e-10
7.542667011322688e-10
9.919636039706204e-10
1.308463842251708e-09
1.733303664516270e-09
2.304562485904116e-09
3.085723550574157e-09
4.144027128751623e-09
5.584931307668929e-09
7.562062009493208e-09
1.027896692005252e-08
1.413307485919486e-08
1.933766278871084e-08
2.679977556796665e-08
3.727206032870920e-08
5.216639799453441e-08
7.361179977576452e-08
1.045991831808080e-07
1.486713276048791e-07
2.128093080938878e-07
3.070311294751994e-07
4.438309396105386e-07
6.421762504418353e-07
9.329188221516461e-07
1.354844309554514e-06
1.966137280081472e-06
2.886265133093702e-06
4.213212204283146e-06
6.144683906956029e-06
8.971625153434146e-06
1.304391288466212e-05
1.900521430796590e-05
2.768245998022758e-05
4.009392131408422e-05
5.809059161331226e-05
8.394538758990796e-05
1.213277202851564e-04
1.744878219726827e-04
2.509587804272400e-04
3.600499569307111e-04
5.137389479033239e-04
7.323556367077083e-04
1.039909444028589e-03
1.473759188990665e-03
2.079574770810313e-03
2.934432193663510e-03
4.121166956314141e-03
5.768524926877248e-03
8.039885176298757e-03
1.117314513807855e-02
1.546408335478432e-02
2.131536171948855e-02
2.922052575261290e-02
3.992144791605604e-02
5.422952574491178e-02
7.327522701684230e-02
9.840442747068032e-02
1.310349465668868e-01
1.730004825668052e-01
2.262270283776981e-01
2.919905492138272e-01
3.715478251605848e-01
4.635228302925580e-01
5.647812312229824e-01
6.687715948109981e-01
7.664001471894621e-01
8.490512121749336e-01
9.117349211381564e-01
9.565788954498144e-01
9.999999293903563e-01
9.999999999996315e-01
1.000000000000000e+00
1.000000000000000e+00
1.000000000000000e+00
1.000000000000000e+00
1.000000000000000e+00
###6.400000000000001e+00
1.776100851878267e-10
1.867792397708325e-11
2.205823082867187e-11
6.355544831698092e-11
2.158512093763941e-11
2.349530397640411e-11
5.986207867476259e-11
5.092604775684646e-11
6.780077358084028e-12
3.663895715994989e-11
5.161876022865579e-11
5.234079666927721e-11
5.310794081518549e-11
5.194661874204327e-11
7.192696178348849e-11
8.088424032664017e-11
1.036450209628651e-10
1.168410733623371e-10
1.589958612642730e-10
1.830628633096245e-10
2.483285270780142e-10
3.132622462800460e-10
3.945956992163747e-10
4.991436963600866e-10
6.529556629846642e-10
8.452511498882244e-10
1.117321216430830e-09
1.473076417225909e-09
1.958260315313761e-09
2.611115874054610e-09
3.508105523112864e-09
4.737790275424157e-09
6.407417595298768e-09
8.720445696936379e-09
1.192232992032491e-08
1.649838527453314e-08
2.268928543215116e-08
3.162031252255214e-08
4.417994615810117e-08
6.216680663474495e-08
8.818198727242982e-08
1.256810616090206e-07
1.793230156023099e-07
2.573382477898016e-07
3.720987530284046e-07
5.385212322859697e-07
7.795489673997703e-07
1.132319752521093e-06
1.643829893592875e-06
2.383946261554337e-06
3.491939727945951e-06
5.089878682369608e-06
7.405857988754378e-06
1.078554507690858e-05
1.564128564472227e-05
2.271691130611525e-05
3.297608152634522e-05
4.762662669670195e-05
6.876993372161087e-05
9.903211011249011e-05
1.425971971936884e-04
2.043968691154384e-04
2.928195600932911e-04
4.185985470068992e-04
5.949178366121700e-04
8.447916945856504e-04
1.194834877591785e-03
1.686148458408182e-03
2.369446659040040e-03
3.329425768702978e-03
4.655219436686611e-03
6.487099427836786e-03
8.999956147590249e-03
1.244736026344825e-02
1.714262087903877e-02
2.350838084150320e-02
3.204914271879086e-02
4.353879655160862e-02
5.879230975126461e-02
7.893831321820578e-02
1.053027659351172e-01
1.392643510158262e-01
1.825302949942753e-01
2.368641050621315e-01
3.033171946551371e-01
3.828666152851185e-01
4.739084739864690e-01
5.732271748492775e-01
6.745641678453486e-01
7.694449064143879e-01
8.499937889468605e-01
9.115355464813559e-01
9.561305242270418e-01
9.999999293903563e-01
9.999999999996315e-01
1.000000000000000e+00
1.000000000000000e+00
1.000000000000000e+00
1.000000000000000e+00
1.000000000000000e+00
###6.800000000000002e+00
1.819470828254617e-10
3.364555885421623e-11
2.400152732744379e-11
6.554835440989341e-11
1.895494855894230e-11
2.522147858204689e-11
5.906369666710425e-11
5.015593100386303e-11
9.190896258871703e-12
4.133353800309944e-11
5.368306752877155e-11
5.156122581368014e-11
5.912130567266251e-11
5.815890612635995e-11
8.430694718757663e-11
8.612655010469820e-11
1.104425442698370e-10
1.279560547732024e-10
1.748041754165845e-10
2.031035655122336e-10
2.733521657392262e-10
3.464137153631949e-10
4.403045868094392e-10
5.504697699195060e-10
7.272222966867424e-10
9.487915529960571e-10
1.253165977252470e-09
1.657085808359106e-09
2.213220183387797e-09
2.959896876377283e-09
3.992571460591011e-09
5.417263972482202e-09
7.355776482332413e-09
1.007076863477540e-08
1.384463981346464e-08
1.926143487158608e-08
2.662633281523025e-08
3.733345523647332e-08
5.239100505379466e-08
7.405414736515829e-08
1.054612223303307e-07
1.507354865859540e-07
2.156323354644715e-07
3.101816853018378e-07
4.488836893651084e-07
6.503360174774703e-07
9.414081022854365e-07
1.366643330458144e-06
1.982545887114730e-06
2.871211935945240e-06
4.199069289501308e-06
6.107610671975828e-06
8.865045578925736e-06
1.287498829787341e-05
1.862775081532249e-05
2.696902517237599e-05
3.902455098789756e-05
5.619290260856228e-05
8.087817515659665e-05
1.160691853445243e-04
1.665497886195554e-04
2.379295583801347e-04
3.395911268121827e-04
4.837576365384986e-04
6.849017046409729e-04
9.689151884609957e-04
1.365245040748409e-03
1.918818348099729e-03
2.685658081781688e-03
3.758426973105222e-03
5.232940698103071e-03
7.260934941713084e-03
1.002903272344828e-02
1.380680730275817e-02
1.892447934724290e-02
2.582342381602191e-02
3.502101066472782e-02
4.731732892333159e-02
6.353108416094125e-02
8.478533751690831e-02
1.123865001761657e-01
1.476607107992558e-01
1.921996305221251e-01
2.476018199789220e-01
3.146984791604484e-01
3.942465919970256e-01
4.844022945188440e-01
5.818881178465279e-01
6.807155404719404e-01
7.729945101375771e-01
8.514615045106887e-01
9.117858004261475e-01
9.559482448966001e-01
9.999999293903563e-01
9.999999999996315e-01
1.000000000000000e+00
1.000000000000000e+00
1.000000000000000e+00
1.000000000000000e+00
1.000000000000000e+00
###7.200000000000002e+00
1.775635913774842e-10
3.724549694978896e-11
2.039214985887861e-11
6.876367986438504e-11
2.071110819084279e-11
2.561068042082175e-11
5.726148622251998e-11
4.962917848921531e-11
-1.654879121636086e-12
5.810995442004383e-11
5.833937819016958e-11
5.713608618271078e-11
6.561499725766740e-11
6.492521847435196e-11
9.022221117599978e-11
9.715984976794487e-11
1.217088066090041e-10
1.520371903667312e-10
1.909748170584872e-10
2.196845343875592e-10
3.018153417806133e-10
3.825583555539481e-10
4.869799147755697e-10
6.149760010192423e-10
8.107273370258320e-10
1.062098834854880e-09
1.407800847774622e-09
1.867787886842613e-09
2.503579427166587e-09
3.359598691244849e-09
4.550800586746010e-09
6.205698449298184e-09
8.468103267821314e-09
1.164790630621569e-08
1.609782175451121e-08
2.252137380381424e-08
3.127863617213888e-08
4.407464295293445e-08
6.211380961885515e-08
8.809848005198827e-08
1.258753125022917e-07
1.803511927019056e-07
2.584874551076570e-07
3.722734992752840e-07
5.393467961161867e-07
7.815702832368996e-07
1.131020070169516e-06
1.640730194281863e-06
2.377051868381095e-06
3.441699331169404e-06
5.019235466479283e-06
7.284331629178527e-06
1.054651120050636e-05
1.527900427734105e-05
2.204793667597724e-05
3.182141349244905e-05
4.590069925407203e-05
6.590208704715798e-05
9.455495787548065e-05
1.352539723743861e-04
1.934232207812555e-04
2.754155168161410e-04
3.917107301106558e-04
5.560354352612490e-04
7.843919697664506e-04
1.105693634250350e-03
1.552187154394971e-03
2.173185782873411e-03
3.029837423181843e-03
4.223519782336041e-03
5.856408300716563e-03
8.092190116062834e-03
1.112987089402616e-02
1.525351702063216e-02
2.081121560839122e-02
2.826249920378464e-02
3.813672407708753e-02
5.125780018284239e-02
6.845125465755518e-02
9.082020213949057e-02
1.196577913416407e-01
1.562272535862305e-01
2.020118081667830e-01
2.584499551279709e-01
3.261624717338315e-01
4.056879034538864e-01
4.949895060432025e-01
5.907437076972462e-01
6.872172456399878e-01
7.770085072483257e-01
8.534174208816071e-01
9.124368805219547e-01
9.560381005283417e-01
9.999999293903563e-01
9.999999999996315e-01
1.000000000000000e+00
1.000000000000000e+00
1.000000000000000e+00
1.000000000000000e+00
1.000000000000000e+00
###7.600000000000002e+00
1.735754674386456e-10
3.979162585867794e-11
3.314574523321510e-11
7.062674882491750e-11
2.355618410800567e-11
2.137169157073499e-11
6.785725584827126e-11
4.990299586298544e-11
4.504852595795889e-12
5.960627048553448e-11
5.274083720336715e-11
6.634037352558168e-11
7.083355174895702e-11
7.498858254918585e-11
1.021607453265012e-10
9.974819143039948e-11
1.332068792679530e-10
1.662470987065574e-10
2.106151611237865e-10
2.445345182031035e-10
3.258323160765196e-10
4.261165086727824e-10
5.368638319461505e-10
6.865810476939387e-10
9.038846938306791e-10
1.188646562296077e-09
1.580795467913910e-09
2.105330015440627e-09
2.829741947627922e-09
3.818868826999515e-09
5.195508806177934e-09
7.118985222857678e-09
9.752217786378617e-09
1.348864275251159e-08
1.874769114134029e-08
2.635692181923512e-08
3.675713734863591e-08
5.204083500242533e-08
7.357672260617447e-08
1.046931892741798e-07
1.499332408456678e-07
2.151881420479118e-07
3.087550435032582e-07
4.453064865968666e-07
6.452481782159270e-07
9.350235808912197e-07
1.352157472873063e-06
1.959527851803463e-06
2.835251021818261e-06
4.103363293632458e-06
5.963118176913070e-06
8.638466204694237e-06
1.247637253289626e-05
1.802934808588561e-05
2.594587673857033e-05
3.733170074219386e-05
5.365402716198472e-05
7.686946856239414e-05
1.099489560840585e-04
1.567710016528653e-04
2.234532707504183e-04
3.171813892541193e-04
4.495486801437351e-04
6.359757756542625e-04
8.940983212209590e-04
1.255877166448770e-03
1.756620877142118e-03
2.450325658797515e-03
3.403632494326517e-03
4.726068997244839e-03
6.528080758998010e-03
8.983591396524134e-03
1.230458685093778e-02
1.679128830082036e-02
2.280863089820116e-02
3.082868880816596e-02
4.140116329409550e-02
5.536563172886075e-02
7.354856892803800e-02
9.704372413426197e-02
1.271153257113884e-01
1.649683948676341e-01
2.119666292549021e-01
2.694047408124645e-01
3.377082719768061e-01
4.172124995051354e-01
5.056775255188019e-01
5.997807131876733e-01
6.940311123408887e-01
7.814038651575138e-01
8.557981068106204e-01
9.134440670692592e-01
9.563631376941402e-01
9.999999293903563e-01
9.999999999996315e-01
1.000000000000000e+00
1.000000000000000e+00
1.000000000000000e+00
1.000000000000000e+00
1.000000000000000e+00
###8.000000000000002e+00
1.752438501443637e-10
4.874197236825346e-11
3.214890710027908e-11
7.222491097281293e-11
2.610520053910242e-11
2.819327462118161e-11
1.237857256869718e-10
5.437323803931965e-11
1.040649633832441e-11
6.487514815034480e-11
5.501112284971527e-11
6.919674792748744e-11
7.623790273923679e-11
9.255802898113449e-11
1.066151256988050e-10
1.073395323375181e-10
1.479404890009709e-10
1.835548516224257e-10
2.280550490785215e-10
2.725572558201154e-10
3.594323299573359e-10
4.688180982159201e-10
5.939743173257229e-10
7.656811014972445e-10
1.008299957716275e-09
1.330399059418588e-09
1.777667732826753e-09
2.376395593566776e-09
3.206407214009387e-09
4.347101604770629e-09
5.941477833764648e-09
8.182369036356812e-09
1.126046114353034e-08
1.564695256730635e-08
2.186289387494244e-08
3.084177549314947e-08
4.321368132300742e-08
6.141537997774392e-08
8.705039059980964e-08
1.241465263500321e-07
1.782160188191276e-07
2.560829117989072e-07
3.678040960466001e-07
5.307458677164718e-07
7.689747770518974e-07
1.113891203234705e-06
1.609346711019972e-06
2.328344326692866e-06
3.365159848458742e-06
4.859177743754429e-06
7.047189163782210e-06
1.018979493983851e-05
1.468058951887499e-05
2.116021825606262e-05
3.037216111475619e-05
4.357918525874218e-05
6.240432478032524e-05
8.920095842288197e-05
1.272018415761360e-04
1.808198861300232e-04
2.569202401239213e-04
3.635380416700395e-04
5.135541970857718e-04
7.241520942248040e-04
1.014638051610637e-03
1.420294871438808e-03
1.979677305188382e-03
2.751612737148182e-03
3.808340114819864e-03
5.268395967388877e-03
7.250017752532829e-03
9.937838268331514e-03
1.355773451829829e-02
1.842335814504309e-02
2.491862248930809e-02
3.352638479777512e-02
4.481784683616125e-02
5.964527815579927e-02
7.882929813401679e-02
1.034602791343737e-01
1.347548062857733e-01
1.738884105068875e-01
2.220759779704999e-01
2.804862852723636e-01
3.493495208439694e-01
4.288105286069349e-01
5.164710785396484e-01
6.089989315383771e-01
7.011216137156832e-01
7.861651909949448e-01
8.585630601457808e-01
9.147777123565421e-01
9.568830504005945e-01
9.999999293903563e-01
9.999999999996315e-01
1.000000000000000e+00
1.000000000000000e+00
1.000000000000000e+00
1.000000000000000e+00
1.000000000000000e+00
###8.400000000000002e+00
1.769725361762911e-10
5.312513912384161e-11
3.402442020577031e-11
7.350854463458620e-11
3.003712210122720e-11
2.295746891581598e-11
1.238889795812724e-10
5.790328836247073e-11
1.261251540279530e-11
6.778308872660991e-11
5.912067904786280e-11
7.437128640537544e-11
8.193460677647836e-11
1.002218523906806e-10
1.153573912128412e-10
1.199016965747680e-10
1.628922028835560e-10
2.008789237748932e-10
2.491181918428867e-10
3.013621596497821e-10
3.957666901649623e-10
5.164566318643597e-10
6.573332811438004e-10
8.524585934737099e-10
1.127373066710233e-09
1.491956123305167e-09
1.999679884060038e-09
2.686602210751398e-09
3.642212633081964e-09
4.959721284700328e-09
6.807187401592598e-09
9.417756787471113e-09
1.302782783485716e-08
1.817266396666960e-08
2.551692659721045e-08
3.612519611531983e-08
5.078684146330785e-08
7.238090739606822e-08
1.028420513484507e-07
1.470130197782051e-07
2.113400109350484e-07
3.038748758193096e-07
4.367932580610045e-07
6.303555571545191e-07
9.128254640366044e-07
1.321260720290982e-06
1.906765420915462e-06
2.754601150690364e-06
3.975237315182698e-06
5.734421957025375e-06
8.288808796780049e-06
1.196025954739129e-05
1.718946890442200e-05
2.471490110872312e-05
3.537976715537454e-05
5.061913382395234e-05
7.225645412134214e-05
1.030340424589864e-04
1.464923907652546e-04
2.076219304510736e-04
2.940940038183855e-04
4.148722931462179e-04
5.841800798177191e-04
8.211761664454732e-04
1.146795120332359e-03
1.599976169543448e-03
2.222660536818066e-03
3.078637646911912e-03
4.245780604232980e-03
5.852422745677981e-03
8.024103625711272e-03
1.095722048948040e-02
1.489053667144844e-02
2.015355272018073e-02
2.714404521824438e-02
3.636088832132209e-02
4.838914457412954e-02
6.409814204299219e-02
8.430143898210060e-02
1.100745260078021e-01
1.425927649606642e-01
1.829843606280926e-01
2.323424613883602e-01
2.917006223097935e-01
3.610836617234335e-01
4.404943654414303e-01
5.273676609473612e-01
6.183789620262203e-01
7.084353014523602e-01
7.912370903581384e-01
8.616548965350573e-01
9.164003572559247e-01
9.576054258883951e-01
9.999999293903563e-01
9.999999999996315e-01
1.000000000000000e+00
1.000000000000000e+00
1.000000000000000e+00
1.000000000000000e+00
1.000000000000000e+00
###8.800000000000002e+00
1.727533206328516e-10
5.082423101458964e-11
3.376736898936622e-11
7.555087069525174e-11
4.164151760851851e-11
3.174439197767307e-11
1.220486997668984e-10
6.090788209877440e-11
2.331034726362071e-11
7.235691451795147e-11
6.800721417878547e-11
6.879663985343888e-11
8.763224421934651e-11
1.071670133030776e-10
1.209086190355074e-10
1.367056426464889e-10
1.775590816476629e-10
2.189737925411485e-10
2.713120724391957e-10
3.318472999596366e-10
4.345154161061947e-10
5.693018434467330e-10
7.288412349867836e-10
9.499752610063056e-10
1.260148520348287e-09
1.674776358964429e-09
2.254039050101176e-09
3.043660464766936e-09
4.143141030271367e-09
5.665987047422988e-09
7.814594476440424e-09
1.085505163967331e-08
1.508460168458669e-08
2.112830030491218e-08
2.977988395729115e-08
4.224573614023302e-08
5.966968361125939e-08
8.518467955236364e-08
1.213859541631641e-07
1.736633595692444e-07
2.499755830430699e-07
3.596607621180861e-07
5.172397740186911e-07
7.459491660756532e-07
1.079269858851967e-06
1.560171023598035e-06
2.249282667555165e-06
3.244967591355124e-06
4.674527032494953e-06
6.732612296292097e-06
9.706428574713836e-06
1.397405009565936e-05
2.003523687978317e-05
2.873663610005987e-05
4.102344776457192e-05
5.853903870945804e-05
8.329901395698021e-05
1.184897484091622e-04
1.679997319435207e-04
2.373976030144914e-04
3.352519365250372e-04
4.715393359903873e-04
6.619627777652466e-04
9.276153140326411e-04
1.291379242540273e-03
1.795871553154771e-03
2.486588749110341e-03
3.432545650094456e-03
4.717789914059935e-03
6.480358512330927e-03
8.853275045983915e-03
1.204509813053149e-02
1.630674160784452e-02
2.198431936717199e-02
2.948921223880304e-02
3.933635347059188e-02
5.212227582654468e-02
6.872951407364769e-02
8.996787046800359e-02
1.168870211862403e-01
1.506322514707164e-01
1.922689255603155e-01
2.427729281163888e-01
3.030392366033888e-01
3.729211562588404e-01
4.522661478845364e-01
5.383688682057228e-01
6.279026685098141e-01
7.159678776292375e-01
7.965927971594268e-01
8.650434240303146e-01
9.182809907767406e-01
9.584848850032730e-01
9.999999293903563e-01
9.999999999996315e-01
1.000000000000000e+00
1.000000000000000e+00
1.000000000000000e+00
1.000000000000000e+00
1.000000000000000e+00
###9.200000000000003e+00
1.739070091714482e-10
5.097294738063045e-11
7.701622396034959e-11
7.281733355542857e-11
4.028655329569079e-11
3.259645182034934e-11
1.220404390389193e-10
6.185171319960928e-11
2.836075111866258e-11
7.324880897119529e-11
6.229317202687164e-11
7.829780319312811e-11
9.717122564144536e-11
1.173772659247062e-10
1.331600285104808e-10
1.483431314479709e-10
1.947489517902591e-10
2.398241534477946e-10
2.982578433383798e-10
3.671911657749078e-10
4.807200096890807e-10
6.308008838978342e-10
8.109644858986078e-10
1.059959327802712e-09
1.410695046513171e-09
1.883963150021429e-09
2.546281141098664e-09
3.452822183529086e-09
4.726764027386191e-09
6.486795695740080e-09
8.983827428720587e-09
1.252673594222947e-08
1.748985830152875e-08
2.458984580645282e-08
3.476261084639156e-08
4.938970199726235e-08
7.003136288287917e-08
1.000870622623575e-07
1.430235071032748e-07
2.048107503490180e-07
2.948970498306191e-07
4.243034745862658e-07
6.101656089760823e-07
8.794810142239579e-07
1.271373836998467e-06
1.835943323202082e-06
2.642811334944918e-06
3.806619087488178e-06
5.473239085935244e-06
7.858004330578946e-06
1.131777571264828e-05
1.625760377843954e-05
2.325194764127136e-05
3.326946789261046e-05
4.737349897799032e-05
6.741731931926638e-05
9.565615393109380e-05
1.357145470587025e-04
1.918998274772184e-04
2.703966377225734e-04
3.807420290751073e-04
5.339819684212868e-04
7.473526143247478e-04
1.044166811155272e-03
1.449180765185533e-03
2.008933389276534e-03
2.772727573860136e-03
3.814993941398611e-03
5.225917424924011e-03
7.154192266659783e-03
9.739987507508268e-03
1.320379141181211e-02
1.781005035306115e-02
2.391994737445745e-02
3.195839972907590e-02
4.245448514226095e-02
5.601895507663408e-02
7.354213669250338e-02
9.583044675605497e-02
1.239001028897950e-01
1.588697016486959e-01
2.017444929627695e-01
2.533689375782596e-01
3.145131448336851e-01
3.848716713278085e-01
4.641208159706346e-01
5.494544447583147e-01
6.375566632719877e-01
7.236900947030939e-01
8.021908113931184e-01
8.686922790191204e-01
9.203898255439164e-01
9.595223036803685e-01
9.999999293903563e-01
9.999999999996315e-01
1.000000000000000e+00
1.000000000000000e+00
1.000000000000000e+00
1.000000000000000e+00
1.000000000000000e+00
###9.600000000000003e+00
1.762154456099616e-10
4.655200362867479e-11
8.239101554408574e-11
7.323049121879254e-11
4.419384554663416e-11
3.516850554618460e-11
1.250262937965993e-10
6.521280492311888e-11
5.156022592290780e-11
8.053090890873009e-11
6.733375967415620e-11
8.295688680525158e-11
9.912328324157314e-11
1.272706234113594e-10
1.434460051722433e-10
1.634841959145512e-10
2.122418574261280e-10
2.619324463059355e-10
3.250276877656964e-10
4.049229121530172e-10
5.303953544988658e-10
6.973902472959499e-10
9.018671280776787e-10
1.183832358687477e-09
1.582226327523041e-09
2.122597416280224e-09
2.879921551250975e-09
3.926848320098725e-09
5.398148944210889e-09
7.442047869228060e-09
1.034256128129445e-08
1.447747431458373e-08
2.029890974982165e-08
2.861574028322508e-08
4.056922150216876e-08
5.772863123399320e-08
8.210560358460150e-08
1.174701709911888e-07
1.681810874465225e-07
2.409073560593356e-07
3.470426740576942e-07
4.991387305832860e-07
7.175629078078439e-07
1.033373954284411e-06
1.492346634622584e-06
2.152442335477859e-06
3.093490365356788e-06
4.447558178508939e-06
6.383227392948513e-06
9.137075374083379e-06
1.314233105471888e-05
1.883803707993255e-05
2.687731294993158e-05
3.836476331384812e-05
5.449436097426577e-05
7.734375856012280e-05
1.094286587209161e-04
1.548747265954086e-04
2.183964465259297e-04
3.068701748341513e-04
4.308931930643273e-04
6.026087334854200e-04
8.409555404301315e-04
1.171447109983484e-03
1.620966239078792e-03
2.240222935593973e-03
3.082524254826750e-03
4.227508138101927e-03
5.772630145536630e-03
7.876446024848108e-03
1.068659463950931e-02
1.443680785378382e-02
1.940311930225704e-02
2.596297896675736e-02
3.455545626371764e-02
4.572123434134185e-02
6.008414014082973e-02
7.853888437581322e-02
1.018901702659472e-01
1.311206473854805e-01
1.673108849905142e-01
2.114085159672286e-01
2.641339420969965e-01
3.261259461404294e-01
3.969245110403934e-01
4.760480018514973e-01
5.606353739805332e-01
6.473333323019009e-01
7.315798689081615e-01
8.079978376793054e-01
8.725695242555154e-01
9.226912859119172e-01
9.606793866162898e-01
9.999999293903563e-01
9.999999999996315e-01
1.000000000000000e+00
1.000000000000000e+00
1.000000000000000e+00
1.000000000000000e+00
1.000000000000000e+00
###1.000000000000000e+01
1.640818817633016e-10
4.639212540234267e-11
8.520090895803489e-11
7.447253461319843e-11
4.649792340394977e-11
3.335133391587540e-11
1.251240449567882e-10
6.596454440402375e-11
5.528962917466630e-11
8.982656988602666e-11
7.211205808940532e-11
9.701124168574982e-11
1.142063399529761e-10
1.356785850669580e-10
1.550799432688735e-10
1.783113232555442e-10
2.285605448345576e-10
2.850044686909193e-10
3.588923367358235e-10
4.474950418433694e-10
5.858314855982015e-10
7.716644268319897e-10
1.003773074407959e-09
1.325775190763007e-09
1.777273361388823e-09
2.396837917343278e-09
3.264415311632154e-09
4.471506173818316e-09
6.173224088474686e-09
8.550959570932520e-09
1.191597461694711e-08
1.674286504678334e-08
2.355504764265927e-08
3.330417202167932e-08
4.731756146568432e-08
6.745455401774745e-08
9.613860717879690e-08
1.376796189075163e-07
1.973581493483814e-07
2.826993920043605e-07
4.072308309079777e-07
5.856020322164894e-07
8.416976019847802e-07
1.210058564031261e-06
1.745580835397604e-06
2.513380620637817e-06
3.607468517700427e-06
5.177550758451940e-06
7.415063266628392e-06
1.060213278304859e-05
1.520341088155577e-05
2.174581085226348e-05
3.095599603453355e-05
4.407668194178698e-05
6.245175988590785e-05
8.841193482631067e-05
1.247497915900154e-04
1.761199815073437e-04
2.477064777620484e-04
3.470983888130193e-04
4.860431271651250e-04
6.778724024062879e-04
9.433007326019288e-04
1.310245678887671e-03
1.807730531644867e-03
2.490888450084366e-03
3.417146946895439e-03
4.671863629018416e-03
6.359358800285399e-03
8.648974765939746e-03
1.169612929520793e-02
1.574656056726968e-02
2.108960631665594e-02
2.811781273274486e-02
3.728424030021091e-02
4.914133851701966e-02
6.432038005061867e-02
8.372858077073621e-02
1.081531663690481e-01
1.385509991271787e-01
1.759587908548578e-01
2.212618279823965e-01
2.750682205883820e-01
3.378770873214429e-01
4.090875647539924e-01
4.880633880219167e-01
5.718981310049198e-01
6.572259286420992e-01
7.396115805545550e-01
8.139915487833741e-01
8.766286091304963e-01
9.251575771954250e-01
9.619472088123093e-01
9.999999293903563e-01
9.999999999996315e-01
1.000000000000000e+00
1.000000000000000e+00
1.000000000000000e+00
1.000000000000000e+00
1.000000000000000e+00
###1.040000000000000e+01
1.716302965255146e-10
3.655999725587899e-11
8.683169009960937e-11
9.049391590455067e-11
7.288327531127919e-11
3.400015443741230e-11
1.181224483130135e-10
6.760160006670842e-11
5.471860990301778e-11
9.294882455143098e-11
7.859054297071820e-11
1.049595593410829e-10
1.198133833685353e-10
1.455647993756757e-10
1.691057264425866e-10
1.947821360509242e-10
2.489766304106201e-10
3.118570765076259e-10
3.938336230848943e-10
4.945685851487087e-10
6.502346481258651e-10
8.552971523182673e-10
1.118597451405901e-09
1.486222122930607e-09
2.001389495777219e-09
2.712453759693480e-09
3.706710422364252e-09
5.099578872031385e-09
7.068232289324300e-09
9.834278160019175e-09
1.374968595968831e-08
1.937665180451109e-08
2.734768406902691e-08
3.875428784839232e-08
5.516349876766754e-08
7.875090186971544e-08
1.124413382102353e-07
1.611136298910641e-07
2.310691990939051e-07
3.309365174616590e-07
4.766279686575742e-07
6.850556576131861e-07
9.839715681764482e-07
1.413257354364842e-06
2.035013388012915e-06
2.924548894358692e-06
4.191901674833692e-06
6.005748614245191e-06
8.584649370407526e-06
1.226024569452039e-05
1.752585366022397e-05
2.501511916048164e-05
3.552499900304725e-05
5.046371417486070e-05
7.132787802152070e-05
1.007169782586576e-04
1.417367053712239e-04
1.996344873162641e-04
2.800377793850156e-04
3.913924660059175e-04
5.465798303884392e-04
7.602273096852383e-04
1.055011412182378e-03
1.461340004341423e-03
2.010422571276619e-03
2.762171933115268e-03
3.778000100939356e-03
5.149577331953833e-03
6.988078273422635e-03
9.474416767918704e-03
1.277111812604659e-02
1.713673007708922e-02
2.287327955844505e-02
3.038930830872471e-02
4.014823387234737e-02
5.271748034423791e-02
6.873254999474605e-02
8.910902838954826e-02
1.146210137854716e-01
1.461931874493657e-01
1.848207005124541e-01
2.313106989847908e-01
2.861710008997339e-01
3.497713484345537e-01
4.213546587486842e-01
5.001631300478216e-01
5.832374090417568e-01
6.672032822456391e-01
7.477618077315503e-01
8.201198625209889e-01
8.808406436453140e-01
9.277639115929993e-01
9.632940142089694e-01
9.999999293903563e-01
9.999999999996315e-01
1.000000000000000e+00
1.000000000000000e+00
1.000000000000000e+00
1.000000000000000e+00
1.000000000000000e+00
###1.080000000000000e+01
1.858527065260906e-10
3.930168389200717e-11
8.173774933845675e-11
9.232093691621554e-11
7.212706989980294e-11
2.832114050589105e-11
1.245808720340642e-10
6.916544199048229e-11
5.782441151215722e-11
9.876738892308291e-11
8.417446985408818e-11
1.105407996496549e-10
1.277085995023545e-10
1.588720505270761e-10
1.846157793704540e-10
2.132922036220441e-10
2.689985731008485e-10
3.391001138397842e-10
4.326203101231091e-10
5.466841758924487e-10
7.212556572275908e-10
9.506512764739991e-10
1.252265641296073e-09
1.670851625685484e-09
2.259060912821518e-09
3.074263467237768e-09
4.219046975077406e-09
5.826614948113938e-09
8.102886811455201e-09
1.132019387630305e-08
1.588021707072012e-08
2.243438379205757e-08
3.174420044818459e-08
4.507306466232012e-08
6.425876083292120e-08
9.182432525985973e-08
1.312681564077467e-07
1.881481332424648e-07
2.699147733543438e-07
3.863593318848048e-07
5.563817666108984e-07
7.990325645292710e-07
1.146972840347982e-06
1.645664215765820e-06
2.365012062823069e-06
3.392931969845758e-06
4.855371369744287e-06
6.943567002579625e-06
9.905115632802330e-06
1.412452016771086e-05
2.013715715030569e-05
2.867785228263250e-05
4.063373085069989e-05
5.758417226417203e-05
8.120061699759430e-05
1.143692727746407e-04
1.605648386182967e-04
2.255844345667752e-04
3.156373041147780e-04
4.400912500602341e-04
6.128958226778472e-04
8.502049497831576e-04
1.176686892299333e-03
1.625454556819671e-03
2.229929833192846e-03
3.055136537730077e-03
4.166690083586193e-03
5.662492422074570e-03
7.661059587285247e-03
1.035488977513386e-02
1.391432373512663e-02
1.861037231554096e-02
2.475746897145622e-02
3.277945518335595e-02
4.315227796732882e-02
5.645317535120539e-02
7.332334762405870e-02
9.468635179883039e-02
1.212983084724735e-01
1.540465343498871e-01
1.938902001647512e-01
2.415573667260898e-01
2.974386412511068e-01
3.618008587022133e-01
4.337303213761090e-01
5.123459438700051e-01
5.946376496328711e-01
6.772452260891150e-01
7.560028797617576e-01
8.263740527398930e-01
8.851732741040024e-01
9.304768948922093e-01
9.647342991121973e-01
9.999999293903563e-01
9.999999999996315e-01
1.000000000000000e+00
1.000000000000000e+00
1.000000000000000e+00
1.000000000000000e+00
1.000000000000000e+00
###1.120000000000000e+01
1.864658376047370e-10
4.159718307940355e-11
5.484341397374848e-11
9.380740128608404e-11
7.344102937724965e-11
2.679012236334405e-11
1.218153184376111e-10
7.317265548377138e-11
6.275208851092543e-11
9.679558534230730e-11
9.018495977783107e-11
1.217539251660470e-10
1.372656605629282e-10
1.683343516498089e-10
1.987826470271353e-10
2.302283152461051e-10
2.937708604457181e-10
3.634969161208803e-10
4.760127236912174e-10
6.051643474673366e-10
7.998894448244304e-10
1.055989382397626e-09
1.400417774852350e-09
1.882910214576268e-09
2.553294351015091e-09
3.490427785063046e-09
4.810186360018665e-09
6.667238929168502e-09
9.302444212123679e-09
1.308285124093786e-08
1.834669779416926e-08
2.598554135316733e-08
3.684032795191373e-08
5.236844204796023e-08
7.478468570469306e-08
1.069425133283787e-07
1.529960757592876e-07
2.193259688956288e-07
3.146205399234053e-07
4.502400819304463e-07
6.476513498422762e-07
9.293005912325654e-07
1.332781091916440e-06
1.909753242588927e-06
2.739969440608033e-06
3.924004678168222e-06
5.605367272565400e-06
8.001347779430507e-06
1.139336376578502e-05
1.621809351068231e-05
2.306576803686518e-05
3.277317156366620e-05
4.633318434429884e-05
6.551189347959694e-05
9.215802645282818e-05
1.295017041342937e-04
1.814329199152602e-04
2.541783103595767e-04
3.547554661875927e-04
4.934728132617229e-04
6.853907980663690e-04
9.482637503727992e-04
1.308984867943064e-03
1.803430776119391e-03
2.467379119419385e-03
3.371171658437221e-03
4.584628471303687e-03
6.212483531469311e-03
8.380597557568863e-03
1.129342129857143e-02
1.512891522603340e-02
2.017104438737496e-02
2.674574603699852e-02
3.529328391569668e-02
4.630058492941324e-02
6.035363368333596e-02
7.810265681751181e-02
1.004667559176540e-01
1.281873977682463e-01
1.621202087413677e-01
2.031714054815389e-01
2.519956467320617e-01
3.088843177938811e-01
3.739620489722141e-01
4.462072856563425e-01
5.245958492924320e-01
6.061029380735403e-01
6.873486743108903e-01
7.643253323431177e-01
8.327206742179877e-01
8.896125859326011e-01
9.332804819822302e-01
9.662266735384583e-01
9.999999293903563e-01
9.999999999996315e-01
1.000000000000000e+00
1.000000000000000e+00
1.000000000000000e+00
1.000000000000000e+00
1.000000000000000e+00
###1.160000000000000e+01
1.936185257870246e-10
2.438807239988617e-11
5.416812866375927e-11
9.322410659034306e-11
7.464326264159271e-11
2.988035869385824e-11
1.228190808630521e-10
6.955733223529645e-11
6.759946944049906e-11
9.712950053881131e-11
9.803193450497864e-11
1.293382854083654e-10
1.468971460598556e-10
1.804074053566717e-10
2.152162074514140e-10
2.532508740574102e-10
3.209599260054516e-10
3.994678297752569e-10
5.238029117344441e-10
6.706404120935548e-10
8.889620074311382e-10
1.178617172759883e-09
1.570236415418224e-09
2.122965297225272e-09
2.892234753546111e-09
3.970304185437508e-09
5.492247849435448e-09
7.638964357708154e-09
1.069296313285931e-08
1.506430223338072e-08
2.120609982735705e-08
3.008716520694770e-08
4.274437769003971e-08
6.083028264707437e-08
8.692895536919411e-08
1.243721033384630e-07
1.779988118269156e-07
2.551196345721257e-07
3.658611813583110e-07
5.233208484879974e-07
7.520373499786307e-07
1.078027735413876e-06
1.544196846726677e-06
2.209801469307068e-06
3.165124062409656e-06
4.524182916494727e-06
6.452053952364198e-06
9.192290494227715e-06
1.306701011672841e-05
1.856483420889208e-05
2.634247399500879e-05
3.734497656617785e-05
5.267230156921845e-05
7.430864037889544e-05
1.042968640772130e-04
1.462279902633588e-04
2.044166468630647e-04
2.856257055021562e-04
3.976788254048149e-04
5.518755064382610e-04
7.645189559376838e-04
1.055064476209947e-03
1.452654756133582e-03
1.996193921826561e-03
2.723826418594936e-03
3.711443980499910e-03
5.033396084639977e-03
6.801588785511017e-03
9.148713156837896e-03
1.229251039848295e-02
1.641760424407627e-02
2.182156518805039e-02
2.884181860291975e-02
3.793518086268902e-02
4.959751766425225e-02
6.442255699344582e-02
8.306512660974319e-02
1.064511426264332e-01
1.352925220582056e-01
1.704132186635668e-01
2.126694815999999e-01
2.626356597140321e-01
3.204982858822713e-01
3.862616175419406e-01
4.587722760584989e-01
5.369188678222298e-01
6.176147060519086e-01
6.974940048861001e-01
7.726958772984002e-01
8.391325045324040e-01
8.941242619419596e-01
9.361560932719225e-01
9.677628874774179e-01
9.999999293903563e-01
9.999999999996315e-01
1.000000000000000e+00
1.000000000000000e+00
1.000000000000000e+00
1.000000000000000e+00
1.000000000000000e+00
###1.200000000000001e+01
1.979213713526127e-10
2.394619857926326e-11
5.219085025174208e-11
9.273629522982768e-11
7.414132524537398e-11
2.945366523101190e-11
1.297643335196742e-10
7.358676581000588e-11
7.168750423004536e-11
9.991211225277503e-11
1.010549927674653e-10
1.356377165966099e-10
1.619398264084303e-10
1.936477669118807e-10
2.319906812059229e-10
2.766712634523661e-10
3.510066167824536e-10
4.398836539524363e-10
5.760788371747781e-10
7.444533391375757e-10
9.883625953790340e-10
1.317723061606834e-09
1.764500903436628e-09
2.391787280724832e-09
3.280650759297709e-09
4.522768255063352e-09
6.282206288497268e-09
8.760041474277580e-09
1.229732767216071e-08
1.736513406259455e-08
2.450496928470508e-08
3.482400597169797e-08
4.953584705651689e-08
7.058160791360334e-08
1.009226075189394e-07
1.443904611746916e-07
2.067230467869887e-07
2.961749027551284e-07
4.244926285693184e-07
6.066878368902632e-07
8.709524378613192e-07
1.247157292012446e-06
1.784242542719874e-06
2.549449507284162e-06
3.645567214058268e-06
5.201515055894281e-06
7.404203583489512e-06
1.053067509577964e-05
1.494127151758753e-05
2.118664964548722e-05
2.999487968568684e-05
4.243110942758159e-05
5.971663266025996e-05
8.405739824153462e-05
1.177205289674032e-04
1.646759913716201e-04
2.297051226091850e-04
3.201378432103524e-04
4.446977714716941e-04
6.156483429519602e-04
8.507396224886356e-04
1.171145377413342e-03
1.608417269245876e-03
2.204626419480364e-03
3.000235185697316e-03
4.077378654181746e-03
5.514718712970271e-03
7.431332499551894e-03
9.968122755868196e-03
1.335430996249340e-02
1.778349250350041e-02
2.356504685462402e-02
3.104976590604151e-02
4.070703233848847e-02
5.304526338912707e-02
6.866408568551979e-02
8.821990005665270e-02
1.126418827040865e-01
1.426140959716381e-01
1.789261738126881e-01
2.223779934169387e-01
2.734702346450799e-01
3.322791270528525e-01
3.986951047511965e-01
4.714369950550001e-01
5.492982954691957e-01
6.291580450106721e-01
7.076647209683139e-01
7.810917661631070e-01
8.455836286994776e-01
8.986829790924213e-01
9.390765397731046e-01
9.693274336185675e-01
9.999999293903563e-01
9.999999999996315e-01
1.000000000000000e+00
1.000000000000000e+00
1.000000000000000e+00
1.000000000000000e+00
1.000000000000000e+00
###1.240000000000001e+01
1.702871054428956e-10
2.652591289918218e-11
6.116008550214122e-11
9.567782921221001e-11
6.719010807074280e-11
3.125758937846455e-11
1.306245171350819e-10
7.781685010618096e-11
7.615651674919386e-11
1.088236453519606e-10
1.054237499913963e-10
1.422567667606605e-10
1.727698009525636e-10
2.051163718272212e-10
2.465840255636740e-10
3.017786345117108e-10
3.850326752688200e-10
4.846376273675763e-10
6.376930913518129e-10
8.279760383211569e-10
1.103373863126655e-09
1.477651341027608e-09
1.987087011295621e-09
2.708161214223914e-09
3.725533985123495e-09
5.157179266779655e-09
7.187655058669751e-09
1.005567691543371e-08
1.414866324906224e-08
2.001732015808311e-08
2.830578237171990e-08
4.027254305468202e-08
5.735934208128715e-08
8.177755374999792e-08
1.169735834792649e-07
1.673739562438471e-07
2.396048521056608e-07
3.430928537027493e-07
4.914595027535840e-07
7.016667360395194e-07
1.006268769301444e-06
1.438965568936605e-06
2.055989068191951e-06
2.933118107882088e-06
4.187035196101199e-06
5.963558299736761e-06
8.474465195700326e-06
1.202974222057217e-05
1.703514412288724e-05
2.411154654685600e-05
3.406097400213717e-05
4.808124197157344e-05
6.752346052533188e-05
9.484064041140230e-05
1.325256065274778e-04
1.849703649654098e-04
2.574476596681073e-04
3.579502670818930e-04
4.960674185857100e-04
6.851951512392006e-04
9.445266254216951e-04
1.297119699324420e-03
1.777025216193928e-03
2.429594481049642e-03
3.297949238692450e-03
4.470337368825238e-03
6.030202332244773e-03
8.104142509168591e-03
1.084048235794699e-02
1.448209298045985e-02
1.922993114972324e-02
2.540588816285485e-02
3.337339955397470e-02
4.361486809260946e-02
5.665001001682965e-02
7.308342165541383e-02
9.357154880373666e-02
1.190435977263915e-01
1.501566180760358e-01
1.876612975448421e-01
2.323018935482853e-01
2.845063628474117e-01
3.442329682917780e-01
4.112559344797276e-01
4.841861985833327e-01
5.617221207514579e-01
6.407156047438305e-01
7.178332663224283e-01
7.895051640492399e-01
8.520518672563059e-01
9.032681224161550e-01
9.420189588373822e-01
9.709097830191468e-01
9.999999293903563e-01
9.999999999996315e-01
1.000000000000000e+00
1.000000000000000e+00
1.000000000000000e+00
1.000000000000000e+00
1.000000000000000e+00
###1.280000000000001e+01
1.593138347707513e-10
2.687855602548379e-11
6.465431361747433e-11
9.407035161170686e-11
7.016845973846022e-11
3.291555788213849e-11
1.315278810929091e-10
8.045856520239308e-11
8.058770628624141e-11
1.144595141999037e-10
1.174136516466395e-10
1.526189643944369e-10
1.784656898991618e-10
2.210027790595312e-10
2.671857015378808e-10
3.235819909779406e-10
4.188268760300344e-10
5.405735114351253e-10
7.063934448071246e-10
9.261571858182358e-10
1.232802080944789e-09
1.660232054741835e-09
2.241864185506499e-09
3.071524045660431e-09
4.237801664611328e-09
5.887096547457649e-09
8.228440921822322e-09
1.154407900843213e-08
1.628103273571659e-08
2.307066759583940e-08
3.268067961193784e-08
4.655110762265959e-08
6.634992062050694e-08
9.461035102337546e-08
1.353722632426619e-07
1.936616450492025e-07
2.771368231348937e-07
3.965874708739669e-07
5.676756944903249e-07
8.095320125847325e-07
1.159612497880073e-06
1.656025879615160e-06
2.363066370086964e-06
3.366097159418340e-06
4.796287429704330e-06
6.819247858659909e-06
9.673543243838631e-06
1.370583727659443e-05
1.937164504386894e-05
2.736658919745844e-05
3.857809385498725e-05
5.434162902442280e-05
7.615838857973093e-05
1.067381991879715e-04
1.488331263450615e-04
2.072718936041161e-04
2.878749211699528e-04
3.993073542585225e-04
5.521349043248247e-04
7.609079035345435e-04
1.046335743738534e-03
1.433635539637876e-03
1.959218786500539e-03
2.672211240507336e-03
3.618039910513781e-03
4.891793822092846e-03
6.581695555173016e-03
8.822503273637025e-03
1.176885901099700e-02
1.567887779120294e-02
2.075980449464154e-02
2.734768076775498e-02
3.581622580455932e-02
4.666164019636030e-02
6.041497138066373e-02
7.768263415208695e-02
9.912109023760034e-02
1.256598836649431e-01
1.579203093387020e-01
1.966230665927302e-01
2.424448447728277e-01
2.957376853827451e-01
3.563395617714381e-01
4.239398433264763e-01
4.970153199056667e-01
5.741960100719984e-01
6.522834368823955e-01
7.279958648856319e-01
7.978967435023923e-01
8.585185961012228e-01
9.078553099589800e-01
9.449716151912141e-01
9.725006763428030e-01
9.999999293903563e-01
9.999999999996315e-01
1.000000000000000e+00
1.000000000000000e+00
1.000000000000000e+00
1.000000000000000e+00
1.000000000000000e+00
###1.320000000000001e+01
1.619188608886829e-10
2.740163901671869e-11
8.047719225025559e-11
9.024672291311056e-11
7.312202912563267e-11
3.939581053372074e-11
1.333110768137295e-10
8.395627283925041e-11
8.516276505602218e-11
1.205211173694413e-10
1.240907264978544e-10
1.631045109960172e-10
1.911437545477360e-10
2.294126190264947e-10
2.881187655821299e-10
3.553731852226311e-10
4.600510879986222e-10
5.960812870177354e-10
7.825096868506958e-10
1.033440826392541e-09
1.379634400529195e-09
1.865398953634080e-09
2.534422146938151e-09
3.486618127891238e-09
4.826658834311352e-09
6.728040917729547e-09
9.425672324085406e-09
1.325903382189495e-08
1.872612617206798e-08
2.657850612863528e-08
3.771337156270474e-08
5.374837148993340e-08
7.664388886977016e-08
1.093457717204467e-07
1.563918728242114e-07
2.236511827581926e-07
3.199154443991955e-07
4.574107677094614e-07
6.541599171303074e-07
9.317978099367930e-07
1.333105506809699e-06
1.901245168951788e-06
2.709124124064217e-06
3.852509781360459e-06
5.480532509867144e-06
7.777755341234869e-06
1.101347158325342e-05
1.557516090847113e-05
2.197377414366931e-05
3.098351279332234e-05
4.358739717654316e-05
6.126169227327256e-05
8.569368684238174e-05
1.198444886111868e-04
1.667711933357867e-04
2.317534919608198e-04
3.211657770816788e-04
4.444710303277271e-04
6.131997448826318e-04
8.431935794360880e-04
1.156743035829238e-03
1.581263397430859e-03
2.155844725789028e-03
2.933277572815720e-03
3.961967266665360e-03
5.343453427925254e-03
7.171178634322669e-03
9.587926096486754e-03
1.275560142631508e-02
1.694697657435103e-02
2.237649513899906e-02
2.939336123579304e-02
3.838288933641433e-02
4.985410505086435e-02
6.434394491531517e-02
8.246884807960048e-02
1.048776285462214e-01
1.324958631990913e-01
1.659071327756607e-01
2.058093482714963e-01
2.527987812872325e-01
3.071593423181532e-01
3.686059845287507e-01
4.367399578487043e-01
5.099143708080295e-01
5.866819758675160e-01
6.638403752178862e-01
7.381354840573149e-01
8.062648270187384e-01
8.649603620773352e-01
9.124267927504203e-01
9.479189664819251e-01
9.740802149671322e-01
9.999999293903563e-01
9.999999999996315e-01
1.000000000000000e+00
1.000000000000000e+00
1.000000000000000e+00
1.000000000000000e+00
1.000000000000000e+00
###1.360000000000001e+01
1.620536759270047e-10
2.773389320184824e-11
7.553151505194498e-11
8.832857980229026e-11
7.553215001845586e-11
3.885753803251974e-11
1.340682081470777e-10
8.978900275687252e-11
9.237713669007802e-11
1.222066114434612e-10
1.349698087972981e-10
1.733785994437907e-10
2.092509629497895e-10
2.448524130389920e-10
3.130610111554488e-10
3.899263314665354e-10
5.050082401687359e-10
6.589984512873512e-10
8.704102287450169e-10
1.163568067278227e-09
1.547399259154598e-09
2.102590747176956e-09
2.870394029914560e-09
3.961292771535431e-09
5.502523161398195e-09
7.691155248820439e-09
1.080253742761107e-08
1.522609752848999e-08
2.154330419462715e-08
3.061194898791932e-08
4.347502569955780e-08
6.198030490124431e-08
8.841248081071214e-08
1.261603981571855e-07
1.803705797282001e-07
2.577813619696782e-07
3.685259877488091e-07
5.263507819430331e-07
7.521705238675768e-07
1.070150484307740e-06
1.528975133323587e-06
2.177647482422744e-06
3.098332679067731e-06
4.399027990816916e-06
6.246721619205510e-06
8.849644589739953e-06
1.250989786155009e-05
1.765791238461651e-05
2.486521308019830e-05
3.499540136422697e-05
4.913019364777316e-05
6.890815118348140e-05
9.619950699975420e-05
1.342630158752584e-04
1.864581182146558e-04
2.585545380132408e-04
3.575495565744379e-04
4.937251980797661e-04
6.796586557040336e-04
9.324938819839655e-04
1.276369176838068e-03
1.740837927218745e-03
2.367802615777712e-03
3.214139751702958e-03
4.330846429362757e-03
5.826715453974350e-03
7.800223465166451e-03
1.040290389707028e-02
1.380334039665636e-02
1.828979844397640e-02
2.408414181920885e-02
3.154763794779175e-02
4.107636765443232e-02
5.319331175230550e-02
6.844177771164804e-02
8.744298964899569e-02
1.108416100472130e-01
1.395508426888037e-01
1.741294107888951e-01
2.152229116700312e-01
2.633653121333499e-01
3.187671109557493e-01
3.810299568373222e-01
4.496522884034934e-01
5.228786159322175e-01
5.991909498051069e-01
6.753764948293607e-01
7.482316965937507e-01
8.145749732336798e-01
8.713516978712887e-01
9.169649852822002e-01
9.508439684523508e-01
9.756512740176935e-01
9.999999293903563e-01
9.999999999996315e-01
1.000000000000000e+00
1.000000000000000e+00
1.000000000000000e+00
1.000000000000000e+00
1.000000000000000e+00
###1.400000000000001e+01
1.628772533195286e-10
1.748985322015837e-11
7.299399462546722e-11
9.616086599470327e-11
7.773092367589974e-11
4.242215304679784e-11
1.350831770403928e-10
9.693330541998344e-11
1.015026264148342e-10
1.299475190210945e-10
1.370852794421254e-10
1.850050607988448e-10
2.248130598417931e-10
2.667159309832799e-10
3.412916125947919e-10
4.305568255282086e-10
5.559883502973294e-10
7.306075257810528e-10
9.684746732591270e-10
1.299853781473118e-09
1.739814796833578e-09
2.373336355491040e-09
3.253399144973126e-09
4.504453489492686e-09
6.277508129812645e-09
8.796143045387899e-09
1.238170161318961e-08
1.748246486028901e-08
2.476865186287846e-08
3.522562748258062e-08
5.005549397939956e-08
7.139549874989236e-08
1.018452803243748e-07
1.453135618445053e-07
2.076673244179574e-07
2.966051189733324e-07
4.236362615066427e-07
6.045394752792908e-07
8.629228275124733e-07
1.226239888761312e-06
1.749351583961141e-06
2.488223172143991e-06
3.535119133897603e-06
5.011931593589659e-06
7.103562681829376e-06
1.004593840659816e-05
1.417622895809167e-05
1.997286733244037e-05
2.807322382917400e-05
3.943626307569186e-05
5.525596478186634e-05
7.733986620052655e-05
1.077606818571552e-04
1.500984490869438e-04
2.080254681661452e-04
2.878561873262746e-04
3.972364886369348e-04
5.473573917018014e-04
7.518512847562263e-04
1.029336365279863e-03
1.405769635616051e-03
1.912928352076891e-03
2.595969272169841e-03
3.515741490922037e-03
4.726230815680582e-03
6.343435617273311e-03
8.471364641574013e-03
1.126954744485336e-02
1.491469508772008e-02
1.971053134399240e-02
2.588425810312649e-02
3.381300546129101e-02
4.390196219001807e-02
5.668502055355840e-02
7.271656150185447e-02
9.261191775845098e-02
1.170164912017170e-01
1.468322165597505e-01
1.825800921489484e-01
2.248599725947278e-01
2.741488052675539e-01
3.305640690266046e-01
3.936004306832976e-01
4.626635036044030e-01
5.358959968070330e-01
6.117054203715169e-01
6.868742723243595e-01
7.582686979525758e-01
8.228214448250186e-01
8.776751692086169e-01
9.214460011254232e-01
9.537277273554694e-01
9.771943518526116e-01
9.999999293903563e-01
9.999999999996315e-01
1.000000000000000e+00
1.000000000000000e+00
1.000000000000000e+00
1.000000000000000e+00
1.000000000000000e+00
###1.440000000000001e+01
1.672229301818717e-10
2.409225590274552e-11
7.112088271713176e-11
9.320122969581052e-11
7.856747533341840e-11
-1.834082322655546e-11
1.377230695401699e-10
9.949133555541873e-11
1.008740085397325e-10
1.406174784015231e-10
1.487802825323732e-10
1.881785172971025e-10
2.517075323490851e-10
2.911048828128644e-10
3.720194218062368e-10
4.733265118308448e-10
6.137098594796989e-10
8.114913901198644e-10
1.079722914025421e-09
1.457884875110434e-09
1.959134566319228e-09
2.683302663321914e-09
3.692049837483176e-09
5.127942408446366e-09
7.164399796638851e-09
1.006395920439498e-08
1.419104317547968e-08
2.006526695335328e-08
2.845996010048297e-08
4.049679618355996e-08
5.758229655508529e-08
8.213320679531646e-08
1.171436822869556e-07
1.671138754762182e-07
2.386387409895884e-07
3.406109896425105e-07
4.860270793458405e-07
6.928977651120637e-07
9.879552238241048e-07
1.402023269624646e-06
1.997465536907400e-06
2.836839274689578e-06
4.023919412570335e-06
5.696890092535303e-06
8.058421652346575e-06
1.137671273491513e-05
1.602757970887140e-05
2.254115767953155e-05
3.162381096528398e-05
4.434185038393147e-05
6.201192054561655e-05
8.661892099166588e-05
1.204559334058111e-04
1.674568628784894e-04
2.316291359896539e-04
3.198459447093488e-04
4.404874641527847e-04
6.056788525885987e-04
8.302030123557779e-04
1.134199977087383e-03
1.545527076547988e-03
2.098507550346589e-03
2.841362943296683e-03
3.839466459382399e-03
5.149519313446542e-03
6.895088996470193e-03
9.185842493033440e-03
1.219074309929531e-02
1.609261955549536e-02
2.121291218003012e-02
2.778285827084974e-02
3.619483634581989e-02
4.686278782552875e-02
6.033451195562661e-02
7.716784577578971e-02
9.797851127681549e-02
1.234047532302367e-01
1.543380220011542e-01
1.912576607294541e-01
2.347250675360803e-01
2.851435827322764e-01
3.425422442703099e-01
4.063099535189985e-01
4.757738113283973e-01
5.489541259488385e-01
6.242115972786215e-01
6.983296838246549e-01
7.682248594336301e-01
8.309730024164570e-01
8.839211509220710e-01
9.258567959706913e-01
9.565631569982902e-01
9.787087239881228e-01
9.999999293903563e-01
9.999999999996315e-01
1.000000000000000e+00
1.000000000000000e+00
1.000000000000000e+00
1.000000000000000e+00
1.000000000000000e+00
###1.480000000000001e+01
1.992726618263431e-10
3.082344580805332e-11
7.144585613878365e-11
9.498330862112499e-11
8.080135642345789e-11
-1.477590332447857e-11
1.469727361804379e-10
1.030895799876807e-10
9.639669739682502e-11
1.566489747840507e-10
1.662899364566475e-10
2.024602824272790e-10
2.747227992447761e-10
3.217003690146835e-10
4.119096169149353e-10
5.255157150699698e-10
6.818439227221780e-10
9.046512315094483e-10
1.208633075445590e-09
1.637907382310107e-09
2.212354613990910e-09
3.040795588003448e-09
4.195409510536938e-09
5.844390647457055e-09
8.183283716787133e-09
1.151199377419358e-08
1.626357143911999e-08
2.302223699018410e-08
3.268054871472880e-08
4.651847675882052e-08
6.616618179872764e-08
9.436002503203504e-08
1.345490461379020e-07
1.918632513300318e-07
2.737528387035067e-07
3.904205488584750e-07
5.565674928064301e-07
7.925229379294868e-07
1.128616512028184e-06
1.599688071385461e-06
2.275961993409003e-06
3.227125667425851e-06
4.570515518839226e-06
6.460931050499624e-06
9.123286735651777e-06
1.285763101618306e-05
1.808162397243157e-05
2.538614518454103e-05
3.555076633562724e-05
4.975817254753228e-05
6.944640421318168e-05
9.681426990458062e-05
1.343825820326340e-04
1.864607118773500e-04
2.574116034411136e-04
3.547225766782613e-04
4.875494917292878e-04
6.689881368845640e-04
9.150897726325402e-04
1.247515643076008e-03
1.696358685216668e-03
2.298343690380128e-03
3.104982272812844e-03
4.186422999308198e-03
5.602123730469559e-03
7.483787048244315e-03
9.946673965696956e-03
1.316844321819300e-02
1.734013065683850e-02
2.279916347031794e-02
2.978293100257513e-02
3.869666642478848e-02
4.996292384251410e-02
6.414592476313945e-02
8.180285987803849e-02
1.035473559602116e-01
1.300122214191727e-01
1.620754722787846e-01
2.001667539967794e-01
2.448163892187147e-01
2.963469876478961e-01
3.546925063938568e-01
4.191620905902549e-01
4.889597561888144e-01
5.620335628179506e-01
6.366923994260737e-01
7.097183335094219e-01
7.780900192310388e-01
8.390286961581298e-01
8.900617775936882e-01
9.301851488667252e-01
9.593372181247691e-01
9.801843578109600e-01
9.999999293903563e-01
9.999999999996315e-01
1.000000000000000e+00
1.000000000000000e+00
1.000000000000000e+00
1.000000000000000e+00
1.000000000000000e+00
###1.520000000000001e+01
1.876175390385245e-10
3.847313077031757e-11
6.558733973544218e-11
9.702690080433003e-11
8.336187086248391e-11
-8.683023933767374e-12
1.442423554034540e-10
1.125587006802432e-10
1.055044404612135e-10
1.709612905662719e-10
1.841352515754978e-10
2.202846665428378e-10
2.991215244237729e-10
3.547723110229711e-10
4.558512860549477e-10
5.828204854156185e-10
7.576769814448636e-10
1.009316696385995e-09
1.354094265722607e-09
1.840759032082892e-09
2.501369683083939e-09
3.447807795530806e-09
4.770880950101572e-09
6.662434718031565e-09
9.346725556974316e-09
1.317093656436435e-08
1.862714662585655e-08
2.639453085509415e-08
3.748988293568174e-08
5.337307627200754e-08
7.593342250745731e-08
1.082478314089775e-07
1.542948926844677e-07
2.198971651807511e-07
3.134972201403652e-07
4.467101635411888e-07
6.360460218127394e-07
9.048066053868302e-07
1.286688693378657e-06
1.821273224748495e-06
2.587627809267972e-06
3.663720892045568e-06
5.180611352245412e-06
7.312061516723284e-06
1.030690083152163e-05
1.450110900888396e-05
2.035827271802697e-05
2.853185955454870e-05
3.988887098113953e-05
5.572410175151650e-05
7.762395528431133e-05
1.080045044004714e-04
1.496344123860369e-04
2.072361115161655e-04
2.855438018366431e-04
3.927011852581511e-04
5.386724760762944e-04
7.376445294292886e-04
1.006940305916661e-03
1.369904651580444e-03
1.858921124175677e-03
2.513272797014492e-03
3.387933533957924e-03
4.557858837739192e-03
6.085588629951469e-03
8.110805854530875e-03
1.075522070269563e-02
1.420504734975498e-02
1.865975727205374e-02
2.447325608341410e-02
3.188831886910713e-02
4.132191595443417e-02
5.320888094782283e-02
6.812097059298645e-02
8.662251906863314e-02
1.093218822807616e-01
1.368379995160511e-01
1.700434699195680e-01
2.093139771051585e-01
2.551358893869241e-01
3.077540712082522e-01
3.670168391132120e-01
4.321443152685437e-01
5.022216890272990e-01
5.751311807715228e-01
6.491435709958153e-01
7.210236858703355e-01
7.878425717945802e-01
8.469565638314411e-01
8.960873147038704e-01
9.344184769471818e-01
9.620445179834840e-01
9.816181944381184e-01
9.999999293903563e-01
9.999999999996315e-01
1.000000000000000e+00
1.000000000000000e+00
1.000000000000000e+00
1.000000000000000e+00
1.000000000000000e+00
###1.560000000000001e+01
1.917612755192876e-10
4.092673712149897e-11
6.012376987737109e-11
9.970542907081760e-11
8.935638126823087e-11
-3.584644566118222e-13
1.511829196869602e-10
1.242268286360278e-10
1.251377590930858e-10
1.905634881988671e-10
2.043198235552265e-10
2.428591742334030e-10
3.265866813164970e-10
3.912381244678007e-10
5.040163376696850e-10
6.434297978490464e-10
8.446064616742606e-10
1.129318565599746e-09
1.521642785239033e-09
2.072307206660006e-09
2.828901729444903e-09
3.912913957443634e-09
5.424957852481535e-09
7.598371146169859e-09
1.067452628635606e-08
1.506745769914832e-08
2.132327076005792e-08
3.023725946156158e-08
4.296469231554803e-08
6.116364297717668e-08
8.702592201365302e-08
1.240104404016347e-07
1.766504562241756e-07
2.515751411584174e-07
3.583801609789738e-07
5.101214431096580e-07
7.255928918190682e-07
1.030868436491503e-06
1.464092638800386e-06
2.069413111855320e-06
2.935887309065511e-06
4.150546911857855e-06
5.859993974841452e-06
8.258394015473177e-06
1.162097182426960e-05
1.632179434224325e-05
2.287596496203901e-05
3.200254766804446e-05
4.467000108561495e-05
6.228165337696700e-05
8.659957302147780e-05
1.202636835992603e-04
1.663175345130154e-04
2.299121900405473e-04
3.161867609566215e-04
4.340156641030863e-04
5.941619367967009e-04
8.120118667585202e-04
1.106241197930455e-03
1.501970887189040e-03
2.033862001247082e-03
2.744086669170108e-03
3.691305032155325e-03
4.955178811626168e-03
6.601535016482518e-03
8.778308790700727e-03
1.161414661994857e-02
1.530412213833427e-02
2.005428519488253e-02
2.623798413443890e-02
3.410199655014847e-02
4.407590748846186e-02
5.660334261737304e-02
7.226519170306504e-02
9.163004089550009e-02
1.153044102802775e-01
1.438874739342118e-01
1.782404757149018e-01
2.186909899192574e-01
2.656740951862998e-01
3.193721837318801e-01
3.795108071513719e-01
4.452403269554978e-01
5.155416247444837e-01
5.882321571437714e-01
6.615388529443860e-01
7.322290641296858e-01
7.974707210890789e-01
8.547459766970251e-01
9.019836328158782e-01
9.385436814095677e-01
9.646680849284583e-01
9.830015417616478e-01
9.999999293903563e-01
9.999999999996315e-01
1.000000000000000e+00
1.000000000000000e+00
1.000000000000000e+00
1.000000000000000e+00
1.000000000000000e+00
