# NLO BK equation solver 0.0-dev build  (build Oct 13 2025 12:18:44)
# Initial condition: MV model, Q_s0^2 = 0.0953624 GeV^2, \gamma = 2.4793, coefficient of E inside Log is 1, x0=0.01, \Lambda_QCD = 0.241 GeV
# # LO Kernel RC:  Parent dipole. NLO Kernel RC:  Parent dipole
# Nc=3, Nf=4
# Using RungeKutta method in K1
# Resumming double log
# Resumming single log, K_sub=0.65 resum rc: parent
# BK K1 integration relative accuracy: 0.02# NLO BK as^2 terms: MC integration method: Vegas, points=1000000
# Kinematical constraint: none
# Target kinematical constraint: disabled

###1.000000000000000e-05
###1.160836920850890e+00
###100
###1.000000000000000e+00
###0.000000000000000e+00
1.535679407457640e-27
3.180087109909609e-27
6.584433143735485e-27
1.363130033238054e-26
2.821592205355843e-26
5.839662777433777e-26
1.208415512010141e-25
2.500219840571537e-25
5.172158275994079e-25
1.069782221364448e-24
2.212315670322921e-24
4.574304631143255e-24
9.456433755295661e-24
1.954573312013224e-23
4.039212551277486e-23
8.345635431680856e-23
1.724002041249479e-22
3.560651059079374e-22
7.352445846181729e-22
1.517897452794815e-21
3.132986284739191e-21
6.465128837290149e-21
1.333814826969150e-20
2.751125913888957e-20
5.673077618085664e-20
1.169544967756026e-19
2.410468804933401e-19
4.966709730180706e-19
1.023092304055031e-18
2.106859344267274e-18
4.337371920769034e-18
8.926550702987003e-18
1.836546161300761e-17
3.777254167027638e-17
7.766074077585422e-17
1.596144879931662e-16
3.279312191810033e-16
6.734832541383774e-16
1.382604640969377e-15
2.837197942395767e-15
5.819619173587278e-15
1.193178192802341e-14
2.445197643436308e-14
5.008552603596276e-14
1.025395416065935e-13
2.098177186180341e-13
4.290964567929015e-13
8.770402196202419e-13
1.791534768470439e-12
3.657303091402225e-12
7.461308084253132e-12
1.521160818471575e-11
3.099051403590661e-11
6.309033471444773e-11
1.283405227167535e-10
2.608662511159131e-10
5.297989515307226e-10
1.075051570982608e-09
2.179508193140669e-09
4.414535759942604e-09
8.932969063796472e-09
1.805837963897309e-08
3.646894450696011e-08
7.357331461002035e-08
1.482736513684314e-07
2.985047935011404e-07
6.003211015670591e-07
1.206055586505981e-06
2.420555793783285e-06
4.853409099909833e-06
9.722796437988582e-06
1.946174704903214e-05
3.892886159562181e-05
7.782456419935802e-05
1.555193766785701e-04
3.107065611628324e-04
6.207153625213957e-04
1.240171535538903e-03
2.478353555824930e-03
4.953580179215655e-03
9.899127945373842e-03
1.975910461263675e-02
3.930464942985057e-02
7.754106976568664e-02
1.502326882523221e-01
2.804002450084242e-01
4.865856489956357e-01
7.417616699710943e-01
9.364566038771638e-01
9.963889543582367e-01
9.999898928051031e-01
9.999999999424672e-01
1.000000000000000e+00
1.000000000000000e+00
1.000000000000000e+00
1.000000000000000e+00
1.000000000000000e+00
1.000000000000000e+00
1.000000000000000e+00
1.000000000000000e+00
###4.000000000000000e-01
2.236535263446497e-11
3.690896291043990e-11
1.459822626544100e-12
-7.227040440709431e-12
-1.302226560744042e-11
8.920076778182926e-12
6.717611107938361e-13
-5.055974442431705e-12
-2.571905862674118e-12
-9.495124377822044e-13
-4.811086986152095e-13
3.750598415667764e-12
-2.990747334674402e-13
2.659883627640279e-13
9.773289835866117e-12
9.974372489706158e-13
2.255240728780501e-12
-2.715346214970739e-12
3.521961596987948e-12
6.578659442347872e-12
1.252310541524907e-11
1.377880449960215e-11
1.350038648248969e-11
1.912750508497723e-11
2.606175235662507e-11
3.894862711164348e-11
8.086531800464931e-11
6.505554705264542e-11
9.077834966644846e-11
1.157220632218498e-10
1.539513190994021e-10
2.060395114414800e-10
2.745997299526271e-10
3.752094388035238e-10
4.884690057964307e-10
6.439683963182313e-10
8.535979085700327e-10
1.129038591086450e-09
1.472754336383112e-09
1.932509339462896e-09
2.519309304077011e-09
3.299894491208173e-09
4.309866384889241e-09
5.610622408887058e-09
7.263228363063750e-09
9.439777039769005e-09
1.221928675283266e-08
1.594741817702386e-08
2.076894798144688e-08
2.722690189583721e-08
3.585958693599791e-08
4.756842844123816e-08
6.379858994638961e-08
8.739231542537784e-08
1.216881654700924e-07
1.716176860433107e-07
2.453581665159937e-07
3.584730030724967e-07
5.302375173928293e-07
7.967364004797559e-07
1.208066352603176e-06
1.839498321308819e-06
2.844309603320032e-06
4.387285194022929e-06
6.821424222023440e-06
1.058766008950665e-05
1.652234979799614e-05
2.581944944309079e-05
4.041813509670037e-05
6.349536274686605e-05
9.981829074848952e-05
1.574165142605084e-04
2.501186123510642e-04
4.011678767691734e-04
6.488506265118722e-04
1.061265031002930e-03
1.762908098282600e-03
2.966904568111823e-03
5.075634900518656e-03
8.842867372407042e-03
1.564517626908519e-02
2.807150895931643e-02
5.091171534281854e-02
9.269780554562364e-02
1.676070439740531e-01
2.952980529449928e-01
4.892260373568322e-01
7.235127905173059e-01
9.064968810507634e-01
9.766854998681006e-01
9.930294523822564e-01
9.999999999424672e-01
1.000000000000000e+00
1.000000000000000e+00
1.000000000000000e+00
1.000000000000000e+00
1.000000000000000e+00
1.000000000000000e+00
1.000000000000000e+00
1.000000000000000e+00
###8.000000000000000e-01
2.479500039185333e-11
3.914573647729926e-11
6.512819306205372e-12
-4.705480766981940e-12
-1.133740202877601e-11
8.224783132792328e-12
-1.000204507326772e-12
9.127446744871822e-12
-9.195411308509582e-13
3.720937635474890e-12
-1.070305716552969e-12
3.258071474221352e-12
1.031064623444485e-12
2.983869991958828e-12
1.884450160388470e-11
1.864360340464271e-12
3.925759504816762e-12
1.480498997335947e-12
9.252615935672109e-12
1.331439822014947e-11
2.112551458104575e-11
1.643133412890839e-11
2.797269655072000e-11
4.132163780288092e-11
5.627554574892291e-11
7.920310844955411e-11
1.395206485602335e-10
1.356515966682507e-10
1.863742830913207e-10
2.405935097066171e-10
3.236894412909186e-10
4.261165765021277e-10
5.687597326877742e-10
7.629670497300076e-10
1.006382001259764e-09
1.328701139779048e-09
1.752951380348394e-09
2.300454780256338e-09
3.006130454777064e-09
3.956467174359649e-09
5.188012252999481e-09
6.761516718873262e-09
8.822123976986394e-09
1.156686235049422e-08
1.496284510218994e-08
1.961222004634201e-08
2.543619957911683e-08
3.353134953054991e-08
4.408717302928041e-08
5.867110888194933e-08
7.827475106006791e-08
1.055334917233683e-07
1.445746337699616e-07
2.020562531192297e-07
2.845046753866457e-07
4.058426321858543e-07
5.878390606136885e-07
8.644416807460166e-07
1.285777475302448e-06
1.932104132515623e-06
2.930831756110542e-06
4.427413758277961e-06
6.802032312599333e-06
1.040773513913909e-05
1.600040515861406e-05
2.451540638652771e-05
3.778824342201714e-05
5.810963609393202e-05
8.945574136848118e-05
1.379440376313924e-04
2.123213667791720e-04
3.271196189905527e-04
5.050420841484516e-04
7.841690813487950e-04
1.223722576958175e-03
1.919024912475376e-03
3.042197124279969e-03
4.863116142982808e-03
7.873390267826076e-03
1.294794202754647e-02
2.157742604299894e-02
3.645417037074635e-02
6.233285454489698e-02
1.072564394777178e-01
1.839206268905434e-01
3.089833396843525e-01
4.919696290328651e-01
7.083374163855032e-01
8.810904170911371e-01
9.588587410937534e-01
9.856408851661775e-01
9.999999999424672e-01
1.000000000000000e+00
1.000000000000000e+00
1.000000000000000e+00
1.000000000000000e+00
1.000000000000000e+00
1.000000000000000e+00
1.000000000000000e+00
1.000000000000000e+00
###1.200000000000000e+00
2.350375930951975e-11
4.756134650306271e-11
1.188190649636109e-12
6.000116242571846e-12
-1.873645807358751e-11
1.319704641631129e-11
-5.226370533692158e-12
5.898443314312123e-12
-5.439660692313053e-12
6.420460487998652e-12
2.558719697578476e-12
4.535798527113128e-12
9.725906294055215e-13
1.553699004946876e-11
2.011118845197010e-11
7.480637211194840e-12
8.261748638286221e-12
7.611334432102433e-12
1.940847255533567e-11
2.435209928407344e-11
3.181287304374558e-11
2.815251934393288e-11
4.735033938623052e-11
6.591460917358066e-11
9.465665877926648e-11
1.177926983993419e-10
1.945341169141382e-10
2.095501949227870e-10
2.890950886683994e-10
3.755317568402073e-10
5.023637996024792e-10
6.539572855145078e-10
8.800229969242002e-10
1.170806661572827e-09
1.545172749395853e-09
2.044622773536438e-09
2.692683080390880e-09
3.536791909951009e-09
4.638209234272144e-09
6.076296681714389e-09
7.915781165207805e-09
1.040970387638933e-08
1.360647541266899e-08
1.792647640781279e-08
2.328706219975442e-08
3.081756560219959e-08
4.022099373386209e-08
5.370190935712120e-08
7.116908980420308e-08
9.592146960493117e-08
1.299415048937475e-07
1.777810277893395e-07
2.475569506241565e-07
3.496334302628835e-07
4.987554291256699e-07
7.189537523712575e-07
1.050960976238831e-06
1.551988432763161e-06
2.314533289835698e-06
3.474021112428558e-06
5.246710848902827e-06
7.915399418868541e-06
1.209177644889274e-05
1.837080223611771e-05
2.799515777231077e-05
4.254054686160110e-05
6.497217392529990e-05
9.879408179263261e-05
1.504638034775036e-04
2.291739572696453e-04
3.479983501443987e-04
5.300191591716459e-04
8.053299417639997e-04
1.228660431405223e-03
1.880347303622302e-03
2.884323457431397e-03
4.459691251689514e-03
6.931306350637378e-03
1.087229073370945e-02
1.725502416932928e-02
2.767950211844886e-02
4.489952137061726e-02
7.356002843575754e-02
1.212803558416902e-01
1.993029000461887e-01
3.217182862693624e-01
4.949013160881662e-01
6.958748147296872e-01
8.595870097931576e-01
9.428299404859675e-01
9.781812848402019e-01
9.999999999424672e-01
1.000000000000000e+00
1.000000000000000e+00
1.000000000000000e+00
1.000000000000000e+00
1.000000000000000e+00
1.000000000000000e+00
1.000000000000000e+00
1.000000000000000e+00
###1.600000000000000e+00
9.379544321557161e-13
4.936408880872757e-11
-1.009521299765399e-12
8.563527446516794e-12
-1.583663458868350e-11
2.440158965098826e-11
-8.164193337433271e-12
3.547452155872525e-12
-3.892703725839869e-12
9.469718696708797e-12
4.505058568884589e-12
6.960401552739867e-12
4.044727819547358e-12
1.764629658877310e-11
1.856775862173981e-11
1.118968421327697e-11
1.276781585554996e-11
1.367400616513195e-11
2.464118999805040e-11
3.500377572655437e-11
4.398386652845048e-11
4.204921157628472e-11
7.084412490902005e-11
8.727872617867849e-11
1.296731197224097e-10
1.685438953893548e-10
2.584336507360162e-10
2.927702236489026e-10
3.987099936564900e-10
5.186051715982198e-10
6.903670097723807e-10
9.043754428468145e-10
1.212910188979461e-09
1.605278736392597e-09
2.114355169995435e-09
2.803749052151016e-09
3.685969570259299e-09
4.841495760316761e-09
6.363130206849241e-09
8.317956762640531e-09
1.089189947994713e-08
1.434141145594967e-08
1.882711504066889e-08
2.483959129665651e-08
3.258895107091568e-08
4.336974206388162e-08
5.703514838909275e-08
7.719971312818416e-08
1.034432603201562e-07
1.409846238606627e-07
1.935971810961437e-07
2.682212828527329e-07
3.780212049454999e-07
5.398485761550728e-07
7.772316097623566e-07
1.130917117153971e-06
1.660974346150169e-06
2.463941543652871e-06
3.665666823213149e-06
5.497899138202872e-06
8.282690835654146e-06
1.245859004637925e-05
1.888049314530805e-05
2.854518808810047e-05
4.320184778470403e-05
6.520226467545759e-05
9.870570561622144e-05
1.487635375337979e-04
2.244449493373505e-04
3.376325289169505e-04
5.096700094849271e-04
7.676385374795965e-04
1.153127937481888e-03
1.736676471858522e-03
2.621249520569309e-03
3.957951731935144e-03
6.014417900181149e-03
9.165805394628605e-03
1.405879711352515e-02
2.175511005204472e-02
3.394119060247386e-02
5.339804533124944e-02
8.464060282928468e-02
1.348292927117944e-01
2.138985213105182e-01
3.336795792153486e-01
4.980917946047352e-01
6.857383736992022e-01
8.414556487781633e-01
9.285044537601399e-01
9.708895485160770e-01
9.999999999424672e-01
1.000000000000000e+00
1.000000000000000e+00
1.000000000000000e+00
1.000000000000000e+00
1.000000000000000e+00
1.000000000000000e+00
1.000000000000000e+00
1.000000000000000e+00
###2.000000000000000e+00
-2.180147228788133e-11
4.179379634117884e-11
1.787350734773592e-12
7.670528185855256e-12
-1.934587437558747e-11
2.728116208890829e-11
-4.917817115370750e-12
2.514539757051643e-12
3.661138400660396e-12
1.058301318588621e-11
3.447756870729342e-12
6.254375898000411e-12
1.317248671070949e-11
1.842395357104640e-11
2.126150437775827e-11
1.083213485777184e-11
1.111120374778767e-11
1.875238765051034e-11
3.236076322084180e-11
4.335275210754776e-11
5.831681418868148e-11
5.066430644502816e-11
9.148518520217890e-11
1.175255626951660e-10
1.655056633685170e-10
2.160418160524090e-10
3.211162629599383e-10
3.810061008174272e-10
5.131377070499836e-10
6.710097177925330e-10
8.891681890677819e-10
1.177117970762385e-09
1.561004958908554e-09
2.068636883828331e-09
2.722614105411318e-09
3.613856406526399e-09
4.743908012968767e-09
6.238598709195565e-09
8.216201512309955e-09
1.074140845725603e-08
1.412063109690883e-08
1.864103653466105e-08
2.458692159288379e-08
3.262903549664270e-08
4.318399141927229e-08
5.789408930817051e-08
7.716224404757272e-08
1.051422575319256e-07
1.421991176054873e-07
1.962374543104232e-07
2.725808823601995e-07
3.824736452696633e-07
5.442272557034963e-07
7.831556223511567e-07
1.134808469817851e-06
1.661764878151894e-06
2.449597173866832e-06
3.640084041752660e-06
5.401076700989637e-06
8.084986934091891e-06
1.214578469471261e-05
1.819746215315829e-05
2.740103227521965e-05
4.123060150352033e-05
6.200219352488101e-05
9.294777575466769e-05
1.396205615807171e-04
2.090144348331638e-04
3.125693523333387e-04
4.668989075908837e-04
6.982965798663003e-04
1.042137807318849e-03
1.550295639588755e-03
2.310174862771645e-03
3.448214827906474e-03
5.141018469392127e-03
7.707382877925898e-03
1.156350902398236e-02
1.743037423723946e-02
2.644335670105944e-02
4.035842558952738e-02
6.195150173782743e-02
9.558390460910282e-02
1.479653086710094e-01
2.278190092414847e-01
3.450317259962298e-01
5.015861382464747e-01
6.776340727979014e-01
8.262192707870601e-01
9.158091958437099e-01
9.639270814350543e-01
9.999999999424672e-01
1.000000000000000e+00
1.000000000000000e+00
1.000000000000000e+00
1.000000000000000e+00
1.000000000000000e+00
1.000000000000000e+00
1.000000000000000e+00
1.000000000000000e+00
###2.400000000000000e+00
1.461137263788188e-10
4.342123411647579e-11
7.722803455528416e-12
1.144951094440102e-11
-7.776686614123576e-12
2.915687811270292e-11
-9.450516412876426e-12
7.804493970868286e-12
5.263099269961752e-12
1.428566615030356e-11
-2.304466621717467e-12
2.945814864458479e-11
1.596765154437306e-11
2.260278747504056e-11
2.316331305119535e-11
1.557923726727849e-11
1.578178129776557e-11
2.401504217178349e-11
3.132348889676869e-11
4.981952466855423e-11
7.244273980318242e-11
7.147132253034195e-11
1.144715549530647e-10
1.491339924086534e-10
2.049185957057942e-10
2.694322929777674e-10
3.901542214948228e-10
4.732095563771566e-10
6.351926099984253e-10
8.305550883281657e-10
1.102573218512990e-09
1.461228109967966e-09
1.930602182858356e-09
2.561751091121942e-09
3.366140495478837e-09
4.476577887676077e-09
5.874515744401948e-09
7.736107654255541e-09
1.023191175221230e-08
1.339851895369300e-08
1.769088659664738e-08
2.345499354614050e-08
3.110267411214882e-08
4.151964804008068e-08
5.545466643041870e-08
7.482855966960439e-08
1.009946619794211e-07
1.386775960489705e-07
1.894466241040952e-07
2.644303583466661e-07
3.711623194170007e-07
5.258395121266439e-07
7.546482759067454e-07
1.092726660079236e-06
1.591385581933694e-06
2.335638002924527e-06
3.449284052260607e-06
5.125193954901527e-06
7.585021424052615e-06
1.132811009862831e-05
1.696238092508845e-05
2.530132604230850e-05
3.788286737455395e-05
5.671386863712104e-05
8.478280866206147e-05
1.263255718224707e-04
1.884025110357507e-04
2.802538077669767e-04
4.158347153598408e-04
6.170419037964771e-04
9.154564070463173e-04
1.354933567100247e-03
1.998638037617649e-03
2.951332183707266e-03
4.362995907705667e-03
6.435165064442424e-03
9.537566491075284e-03
1.412361198557230e-02
2.098180421634322e-02
3.130579396395376e-02
4.693609550856517e-02
7.055590179296957e-02
1.064134125673320e-01
1.607435566859499e-01
2.411838627359321e-01
3.559206647530671e-01
5.054083818052284e-01
6.713347011737224e-01
8.134820193741872e-01
9.046430070027994e-01
9.574313189967115e-01
9.999999999424672e-01
1.000000000000000e+00
1.000000000000000e+00
1.000000000000000e+00
1.000000000000000e+00
1.000000000000000e+00
1.000000000000000e+00
1.000000000000000e+00
1.000000000000000e+00
###2.800000000000000e+00
1.443115619665400e-10
1.156469288858423e-10
2.662476848845735e-11
1.647202234971650e-11
7.540362838968597e-11
2.884959876515405e-11
-1.014798759822752e-11
1.786491618421538e-11
9.636504924951576e-12
1.949568713332418e-11
3.269834437460511e-12
4.771945925652598e-11
1.851321333428137e-11
2.579463655792976e-11
2.653494568739177e-11
2.406017411944491e-11
2.552361842247459e-11
3.294029383612559e-11
4.523013201479672e-11
6.446469164085556e-11
8.923097237105149e-11
1.034389787607504e-10
1.400702203011244e-10
1.849606675361556e-10
2.509366729906720e-10
3.298299736684422e-10
4.561539971052744e-10
5.762063715818183e-10
7.701386214642647e-10
1.014544161413590e-09
1.333577206210954e-09
1.763406641536732e-09
2.333993335169321e-09
3.091407672659450e-09
4.070650917597292e-09
5.407698182726365e-09
7.103905971954376e-09
9.363796364585546e-09
1.244070450180044e-08
1.634149079197343e-08
2.169540798264318e-08
2.890555216347001e-08
3.855532084810548e-08
5.184682440807185e-08
6.982184497392525e-08
9.494168327932922e-08
1.295959391942457e-07
1.794410101287442e-07
2.481129662396814e-07
3.485502460282267e-07
4.939804869273556e-07
7.046953618020780e-07
1.018001598140363e-06
1.481085977746457e-06
2.163742532924137e-06
3.180406374380934e-06
4.697400027080241e-06
6.973403591064679e-06
1.030076107677480e-05
1.532855550752550e-05
2.286822511166007e-05
3.394915510763920e-05
5.057975507578740e-05
7.531980445821390e-05
1.119613009717737e-04
1.658598217046491e-04
2.457265889811378e-04
3.632104141351307e-04
5.354450327518570e-04
7.893604830303488e-04
1.162945682106000e-03
1.708103115287160e-03
2.500826755316727e-03
3.662469204954988e-03
5.367489209371636e-03
7.842884149862801e-03
1.150551701115539e-02
1.684383101750641e-02
2.471031911288771e-02
3.634249169351583e-02
5.365133554659945e-02
7.921014823260580e-02
1.171548273489482e-01
1.732140670693641e-01
2.540760535424840e-01
3.664326121095053e-01
5.095815566080482e-01
6.666161710652877e-01
8.029666517349752e-01
8.949093928777880e-01
9.514692286000729e-01
9.999999999424672e-01
1.000000000000000e+00
1.000000000000000e+00
1.000000000000000e+00
1.000000000000000e+00
1.000000000000000e+00
1.000000000000000e+00
1.000000000000000e+00
1.000000000000000e+00
###3.200000000000000e+00
1.518329561924137e-10
1.446810028490984e-10
1.670181550227919e-11
1.756307551613181e-11
9.811917702553083e-11
2.707631454347194e-11
-1.265408388560732e-11
2.226266171426681e-11
1.126185039030327e-11
2.156232649554451e-11
1.094310500390316e-11
5.408927834883809e-11
2.416363077180995e-11
3.778386664981407e-11
3.210444651103147e-11
3.062869096435367e-11
3.024734637766197e-11
4.119773419672119e-11
5.223361042779928e-11
8.258577346551771e-11
1.151300462610918e-10
1.273310821563175e-10
1.693238486657682e-10
2.271087163134397e-10
2.988299122280717e-10
3.929205625431315e-10
5.378924399219708e-10
6.835758985877472e-10
9.125215546221597e-10
1.205157115164044e-09
1.581072620723950e-09
2.093232131905804e-09
2.767969094562441e-09
3.664414452453934e-09
4.824351754619822e-09
6.420284074518409e-09
8.455210315215193e-09
1.115003780683832e-08
1.489632349495488e-08
1.965966216852697e-08
2.622698119477548e-08
3.515794228784471e-08
4.721785280593751e-08
6.389473903881536e-08
8.686344908932112e-08
1.191161047815636e-07
1.640329050003278e-07
2.291038672778926e-07
3.200650755143386e-07
4.522535174734758e-07
6.458926244928263e-07
9.270630983559095e-07
1.344342108634162e-06
1.961724756319767e-06
2.871481387772976e-06
4.222198915029450e-06
6.226282960117250e-06
9.240137346941794e-06
1.361211800683044e-05
2.017909208520888e-05
2.999046492527179e-05
4.432191195409438e-05
6.572182295303561e-05
9.739785034269482e-05
1.438992269691913e-04
2.121113436921037e-04
3.123571131352046e-04
4.589929822144757e-04
6.724978408296573e-04
9.855598561850447e-04
1.442341668198869e-03
2.103559285986309e-03
3.059222339194848e-03
4.445638710913509e-03
6.464328770882522e-03
9.369185802789273e-03
1.361049198607080e-02
1.972402360516276e-02
2.861172440071702e-02
4.155674189220675e-02
6.050130051507122e-02
8.792179707273338e-02
1.278149961351652e-01
1.854224177919260e-01
2.665671740732640e-01
3.766703072818443e-01
5.141183569333146e-01
6.633224296815992e-01
7.943985534526052e-01
8.865050393336786e-01
9.460837794596622e-01
9.999999999424672e-01
1.000000000000000e+00
1.000000000000000e+00
1.000000000000000e+00
1.000000000000000e+00
1.000000000000000e+00
1.000000000000000e+00
1.000000000000000e+00
1.000000000000000e+00
###3.600000000000000e+00
1.399253929301199e-10
1.457513733994971e-10
-3.774528356846750e-12
4.625837138490333e-11
9.804594912062036e-11
2.859375546345360e-11
-4.432478276689515e-11
3.121831390546453e-11
1.857850918210959e-11
2.281024781887224e-11
-1.770055744684647e-11
5.679180740013284e-11
2.959793267067788e-11
4.553109918147146e-11
3.879888061869593e-11
4.245259865087238e-11
4.431240071227332e-11
5.830474358724942e-11
6.682539539708674e-11
1.041991213370504e-10
1.349943472550814e-10
1.543418790505969e-10
2.014645345600871e-10
2.601826992776627e-10
3.526212193538018e-10
4.626628526172392e-10
6.259563850595738e-10
8.025069497825451e-10
1.066968967027722e-09
1.409324174264826e-09
1.849115586786424e-09
2.457934926093114e-09
3.237330339629511e-09
4.297229584852842e-09
5.646710893135708e-09
7.544818921092532e-09
9.946376219563425e-09
1.319121554594056e-08
1.766915414501407e-08
2.341310558531342e-08
3.141756100878170e-08
4.243120428784473e-08
5.735679941150144e-08
7.819091611226425e-08
1.071762256119788e-07
1.481241209284090e-07
2.058171781038304e-07
2.895572012401667e-07
4.080796832529957e-07
5.794574585637329e-07
8.323915641982245e-07
1.200592957035687e-06
1.745662932805799e-06
2.551650553930780e-06
3.736415762725762e-06
5.492781394693514e-06
8.093902678827526e-06
1.197741008440762e-05
1.760563170219611e-05
2.600100963289322e-05
3.849294404723212e-05
5.664395202547687e-05
8.362380673178181e-05
1.233048494511316e-04
1.811426960914705e-04
2.657349249420183e-04
3.889028001674404e-04
5.686259805923031e-04
8.282568006706542e-04
1.206878662362178e-03
1.755525187722356e-03
2.543582569384235e-03
3.675899116453249e-03
5.303686745207996e-03
7.654814650131851e-03
1.101177376074015e-02
1.585499835676453e-02
2.276362682734239e-02
3.268366880113310e-02
4.694021598061300e-02
6.748608994377987e-02
9.670188110256889e-02
1.384096701843048e-01
1.974119971100489e-01
2.787378628528888e-01
3.867094068363092e-01
5.190142519276953e-01
6.612941788914818e-01
7.875519109004081e-01
8.793561245213556e-01
9.412994395081031e-01
9.999999999424672e-01
1.000000000000000e+00
1.000000000000000e+00
1.000000000000000e+00
1.000000000000000e+00
1.000000000000000e+00
1.000000000000000e+00
1.000000000000000e+00
1.000000000000000e+00
###4.000000000000000e+00
1.477133933658807e-10
1.478282736174807e-10
1.281370438579978e-13
6.814124734927135e-11
9.734491186528093e-11
3.835038384817388e-11
-3.942758019767164e-11
3.878928242328637e-11
2.697388904846974e-11
3.520460172641184e-11
-3.853468581656338e-12
6.736361979516732e-11
4.416198403102890e-11
5.738254530727605e-11
4.974336004787497e-11
5.152134504088243e-11
6.029694585817181e-11
7.792765066470142e-11
8.704252752520042e-11
1.274249722757775e-10
1.639083523547885e-10
1.860510015348688e-10
2.373579343921863e-10
3.114154827288732e-10
4.197089545500914e-10
5.393147948482100e-10
7.225211824252100e-10
9.307465711729684e-10
1.230667130248234e-09
1.629569890595059e-09
2.148781923177980e-09
2.855032867262776e-09
3.758991236373374e-09
4.985984412914913e-09
6.553823122944763e-09
8.791218805822835e-09
1.161989621010030e-08
1.546389836171294e-08
2.081965248380818e-08
2.774941946669075e-08
3.745562233015278e-08
5.088516065618616e-08
6.939201954946742e-08
9.521551200123201e-08
1.315860231435612e-07
1.831301182788432e-07
2.564429649615521e-07
3.631392272690630e-07
5.153806755239349e-07
7.345565209972561e-07
1.059662844266495e-06
1.534379117430543e-06
2.234559580564734e-06
3.285441790096828e-06
4.784914181240639e-06
7.026424876473588e-06
1.034415843378124e-05
1.525245152863296e-05
2.235992777003801e-05
3.291294702101552e-05
4.852909146931113e-05
7.112230983924023e-05
1.045457724513991e-04
1.534177478401018e-04
2.242220885292098e-04
3.273755333265536e-04
4.762978083910891e-04
6.930295762284193e-04
1.003980428582028e-03
1.455050659909399e-03
2.104181630652997e-03
3.029923632036884e-03
4.352287377662184e-03
6.240765843138754e-03
8.941833040374627e-03
1.277229124566706e-02
1.823861775396083e-02
2.596215198760686e-02
3.692788455232118e-02
5.248941594855767e-02
7.460551477877797e-02
1.055391101956126e-01
1.489539573867867e-01
2.092169416345127e-01
2.906584057452000e-01
3.966177771448935e-01
5.242856931315777e-01
6.603890404017180e-01
7.822214272094383e-01
8.733816243891729e-01
9.371247282768908e-01
9.999999999424672e-01
1.000000000000000e+00
1.000000000000000e+00
1.000000000000000e+00
1.000000000000000e+00
1.000000000000000e+00
1.000000000000000e+00
1.000000000000000e+00
1.000000000000000e+00
###4.399999999999999e+00
1.306907795696634e-10
1.437486327354990e-10
-2.727922691254905e-12
9.455578462995328e-11
1.192944771268400e-10
4.168444507186725e-11
-1.506353029744441e-11
4.241968147607146e-11
4.186253644713045e-11
4.139100872924733e-11
1.041108665219974e-12
6.213977346169276e-11
5.206404430432757e-11
6.882789304276806e-11
5.665340084760332e-11
6.512790251580338e-11
7.991560584504737e-11
9.845938562262801e-11
1.037186810248647e-10
1.492452026134277e-10
1.865159850106610e-10
2.156848446432643e-10
2.783978027088252e-10
3.594777473112659e-10
4.823184552209729e-10
6.202636816884610e-10
8.272142822092975e-10
1.068464128789997e-09
1.411233072714615e-09
1.866909895538819e-09
2.465594726681150e-09
3.275134159766881e-09
4.322189898614472e-09
5.742831791710043e-09
7.575486111874222e-09
1.020443379463698e-08
1.351507752143789e-08
1.806212238196765e-08
2.441537814267090e-08
3.279418258341221e-08
4.456481345976230e-08
6.093318862442787e-08
8.361739917494303e-08
1.156091721588510e-07
1.608522810897515e-07
2.253855001158755e-07
3.178750912571582e-07
4.521464918338818e-07
6.451588324732846e-07
9.429083976402977e-07
1.335440308111164e-06
1.939847355401415e-06
2.825611015121181e-06
4.148776907194325e-06
6.041850350403652e-06
8.864050655345443e-06
1.302314791400252e-05
1.911422558430141e-05
2.799372067500297e-05
4.103905678752322e-05
6.027950234130616e-05
8.798495204255810e-05
1.287857571576307e-04
1.881283615290858e-04
2.736121619881320e-04
3.976583085231483e-04
5.755587918272969e-04
8.333696418265597e-04
1.200973488442552e-03
1.731491731583743e-03
2.490207763630715e-03
3.565150061435282e-03
5.091609198579848e-03
7.257020698654521e-03
1.032756934138951e-02
1.465145101751069e-02
2.075609644537315e-02
2.932017383639432e-02
4.134161091577385e-02
5.820353902830261e-02
8.185817776131536e-02
1.144462605030973e-01
1.594730087464058e-01
2.208804398774145e-01
3.023705426895216e-01
4.064434045270417e-01
5.299007080309552e-01
6.605000456764740e-01
7.782562832667566e-01
8.684684090999608e-01
9.335383199234232e-01
9.999999999424672e-01
1.000000000000000e+00
1.000000000000000e+00
1.000000000000000e+00
1.000000000000000e+00
1.000000000000000e+00
1.000000000000000e+00
1.000000000000000e+00
1.000000000000000e+00
###4.800000000000000e+00
1.307263963841653e-10
1.637478804415582e-10
1.617474298577974e-11
9.257853478032286e-11
5.420720972131217e-11
5.043598474647101e-11
1.352253274263731e-11
5.070582564808356e-11
5.253031078982423e-11
2.616957741297836e-11
1.606236787471169e-11
7.264267456373368e-11
8.192242111333515e-11
8.216553775394390e-11
7.353818773990761e-11
8.428526142223651e-11
9.762841445104557e-11
1.107157814248062e-10
1.295649109546844e-10
1.726856837249132e-10
2.167506638731480e-10
2.557954447813438e-10
3.259168649241240e-10
4.183688855593073e-10
5.516070751905778e-10
7.097394066928928e-10
9.416028993354115e-10
1.209627844599903e-09
1.609459420216336e-09
2.132264464642117e-09
2.817068746629519e-09
3.739536770914176e-09
4.946913507129993e-09
6.594712161613623e-09
8.736583357315131e-09
1.178972278124364e-08
1.567834733878037e-08
2.105951810039539e-08
2.859079591433899e-08
3.869405996332005e-08
5.290884146194458e-08
7.282220928002771e-08
1.005939909710370e-07
1.399035980761895e-07
1.959724433126383e-07
2.762857554481922e-07
3.919310188905695e-07
5.596905367026679e-07
8.019094038351312e-07
1.167629381030749e-06
1.668257637401181e-06
2.427120462582551e-06
3.534844277078419e-06
5.179787829835886e-06
7.540052668054289e-06
1.104256678241471e-05
1.618944269761844e-05
2.367488951542919e-05
3.458509450628722e-05
5.051384130992831e-05
7.394231019220350e-05
1.074733221317618e-04
1.566910738639552e-04
2.278826974555400e-04
3.298760370203678e-04
4.773036187414306e-04
6.877308177268659e-04
9.907190074789865e-04
1.420552581742795e-03
2.037946735966040e-03
2.914653113480789e-03
4.151204993480452e-03
5.895671074315044e-03
8.355150990278401e-03
1.181485525153655e-02
1.665310637843996e-02
2.341703318551262e-02
3.283856401173979e-02
4.592631710939616e-02
6.408278222315962e-02
8.921649858612776e-02
1.234315104935009e-01
1.699767329429624e-01
2.324310230790958e-01
3.139216313437032e-01
4.162411463579342e-01
5.358658845116415e-01
6.615125703274918e-01
7.754787756619582e-01
8.645450486620669e-01
9.305285140568522e-01
9.999999999424672e-01
1.000000000000000e+00
1.000000000000000e+00
1.000000000000000e+00
1.000000000000000e+00
1.000000000000000e+00
1.000000000000000e+00
1.000000000000000e+00
1.000000000000000e+00
###5.200000000000000e+00
1.343590724830700e-10
8.680582890892131e-11
1.685691748725070e-11
9.467061864380245e-11
1.255033690878537e-10
1.370168926809512e-10
1.712214339361812e-11
4.645172187636993e-11
6.585231165109377e-11
3.542091152626979e-11
3.420866845556730e-11
7.530716634961697e-11
1.401424712799390e-10
1.038663218274494e-10
1.147908772457486e-10
9.751620450625499e-11
1.095868224613755e-10
1.249825442572802e-10
1.505740558327483e-10
1.954660838360673e-10
2.399406248462671e-10
2.913058886613205e-10
3.691946477739272e-10
4.151555648665751e-10
6.245677690017619e-10
8.045799560879555e-10
1.063777094387703e-09
1.371557414561904e-09
1.829211088667603e-09
2.417985001768900e-09
3.197855062516255e-09
4.257330294513480e-09
5.642731386865359e-09
7.543609224407818e-09
1.003855613773448e-08
1.360024343182761e-08
1.815991135538167e-08
2.450853413350854e-08
3.347075110799719e-08
4.559969729325482e-08
6.279810190446156e-08
8.694493571440296e-08
1.207396031837370e-07
1.689689103928801e-07
2.380414618018542e-07
3.372814755437416e-07
4.808927183346815e-07
6.886472887871772e-07
9.899061771561835e-07
1.437495262414709e-06
2.068549232188964e-06
3.008584264143882e-06
4.378757258407443e-06
6.403061334285139e-06
9.311823223983369e-06
1.360517806441792e-05
1.990113967080624e-05
2.901041296559507e-05
4.226328564133904e-05
6.149714390334541e-05
8.965785083690269e-05
1.298880302417110e-04
1.885739837079940e-04
2.730866680185354e-04
3.936255156582918e-04
5.669925643071109e-04
8.134325462712330e-04
1.166040916527123e-03
1.664190855594632e-03
2.376049139799589e-03
3.380383369785464e-03
4.790044081598406e-03
6.767094981293947e-03
9.537133764353795e-03
1.340555646310568e-02
1.878078277774391e-02
2.622384183004028e-02
3.651854497719912e-02
5.068092193709197e-02
7.012474354194173e-02
9.670868253141029e-02
1.324979745333456e-01
1.804795858699328e-01
2.439051003322339e-01
3.253527534575285e-01
4.260349550280174e-01
5.421752890101154e-01
6.633362010781680e-01
7.737924754298897e-01
8.615362825034248e-01
9.280805142690894e-01
9.999999999424672e-01
1.000000000000000e+00
1.000000000000000e+00
1.000000000000000e+00
1.000000000000000e+00
1.000000000000000e+00
1.000000000000000e+00
1.000000000000000e+00
1.000000000000000e+00
###5.600000000000001e+00
7.765922858141515e-11
9.264477677370121e-11
1.661022930822411e-10
8.052455978400370e-11
1.283303828664140e-10
5.990589935825898e-10
2.550921331742795e-11
3.279658179887070e-12
6.410048468416714e-11
4.198256849020931e-11
5.550342728414195e-11
1.426827430933786e-10
1.455623193528035e-10
1.121490252290435e-10
1.252891769792313e-10
1.046509694770958e-10
1.372629748966410e-10
1.422628478681894e-10
1.752280912428641e-10
2.465778198652321e-10
2.713643744264195e-10
3.313287705488895e-10
4.182498826975032e-10
4.830898417127990e-10
7.037089077994734e-10
9.071383301644709e-10
1.198020879130300e-09
1.551054300276130e-09
2.066810873069566e-09
2.733343194302269e-09
3.619489264879996e-09
4.831191159149426e-09
6.426856086405620e-09
8.612329747316856e-09
1.152796073176350e-08
1.563882516749087e-08
2.104553088731387e-08
2.857912302475713e-08
3.919079553281410e-08
5.375088351691039e-08
7.443418046597279e-08
1.037087568488821e-07
1.447466441764630e-07
2.036394019907580e-07
2.884818964833598e-07
4.105472232150163e-07
5.870169770654766e-07
8.427968642673857e-07
1.214047269769848e-06
1.759438225149023e-06
2.544693818472385e-06
3.696851446117989e-06
5.375483863940263e-06
7.843670418154796e-06
1.139302746066738e-05
1.660317795784094e-05
2.420132228501349e-05
3.519848048927992e-05
5.112550387331246e-05
7.415701741178297e-05
1.076595671203323e-04
1.554705454261023e-04
2.247599131731927e-04
3.241176273536366e-04
4.653866769263555e-04
6.675372310500250e-04
9.536914489019546e-04
1.360805988942720e-03
1.933219797735195e-03
2.747507233007024e-03
3.889163666638512e-03
5.484980515423162e-03
7.708238351014015e-03
1.080601080734802e-02
1.510323102394322e-02
2.103122711091366e-02
2.917775661396371e-02
4.036072947121580e-02
5.560441507406937e-02
7.632878607063563e-02
1.043433192990277e-01
1.416544820481789e-01
1.910076302337090e-01
2.553219633872625e-01
3.366915048960768e-01
4.358549809656352e-01
5.488057296630025e-01
6.658968769029975e-01
7.730517617516217e-01
8.593838780994152e-01
9.261494337545456e-01
9.999999999424672e-01
1.000000000000000e+00
1.000000000000000e+00
1.000000000000000e+00
1.000000000000000e+00
1.000000000000000e+00
1.000000000000000e+00
1.000000000000000e+00
1.000000000000000e+00
###6.000000000000001e+00
2.981029195388640e-11
1.759787401249730e-10
1.757997340847068e-10
5.083498058311118e-11
1.176934964110833e-10
5.776880906637988e-10
3.136198795602480e-12
1.394271577235409e-11
7.071189968856559e-11
2.859502620272269e-11
6.026026629551404e-11
1.600676705851984e-10
1.576449895844296e-10
1.228086871089696e-10
1.422403837650549e-10
1.252092414445194e-10
1.566391689471134e-10
1.425609518879041e-10
2.055316693309537e-10
2.815540563367585e-10
3.093028063203223e-10
3.781990176127911e-10
4.726751354198192e-10
5.595883776091201e-10
7.936782206049962e-10
1.027360511999813e-09
1.350191343821406e-09
1.753824929913852e-09
2.333088917012787e-09
3.088279694874219e-09
4.098211051996588e-09
5.483365760175133e-09
7.318973129472125e-09
9.839658442508604e-09
1.323374423503013e-08
1.801268823698866e-08
2.440230138256264e-08
3.330982201386712e-08
4.592134311298553e-08
6.334298911190793e-08
8.820661731607286e-08
1.235566178290943e-07
1.734167807559865e-07
2.448164132327518e-07
3.485428702158740e-07
4.977296810738712e-07
7.133421333207668e-07
1.025802659563713e-06
1.479563012788070e-06
2.144712494405815e-06
3.103911730041335e-06
4.507591768122786e-06
6.546107495009459e-06
9.532242055977771e-06
1.382205310640879e-05
2.009107446373772e-05
2.918621514178928e-05
4.234280372827753e-05
6.131221031213491e-05
8.865783869975563e-05
1.282011386139909e-04
1.845293562510883e-04
2.656921253189855e-04
3.817605873580735e-04
5.458316347725142e-04
7.797301081683930e-04
1.109422180252641e-03
1.575923177592073e-03
2.229107141179752e-03
3.153832603524744e-03
4.443480333077431e-03
6.237014744511007e-03
8.722297321895531e-03
1.216402839055648e-02
1.690932799807835e-02
2.340833120394369e-02
3.228054857607114e-02
4.436914286148923e-02
6.070291455804423e-02
8.269783279472540e-02
1.121276663301190e-01
1.509097951282656e-01
2.015604210155439e-01
2.667025365030941e-01
3.479848097017059e-01
4.457184668438280e-01
5.557544465336050e-01
6.691348330615858e-01
7.731848452265342e-01
8.579687716654821e-01
9.247106310077347e-01
9.999999999424672e-01
1.000000000000000e+00
1.000000000000000e+00
1.000000000000000e+00
1.000000000000000e+00
1.000000000000000e+00
1.000000000000000e+00
1.000000000000000e+00
1.000000000000000e+00
###6.400000000000001e+00
3.035912880185909e-11
1.741812891569503e-10
1.897480925419766e-10
5.362218233030796e-11
1.209941926449067e-10
5.722671975054343e-10
1.255727897108780e-11
1.658155393967171e-11
8.290522689734074e-11
4.443978368983059e-11
7.276033184233887e-11
1.646981252075441e-10
1.646688552019616e-10
1.412418631472449e-10
1.542807092973578e-10
1.394676204912752e-10
1.741353715884183e-10
1.724233080849224e-10
2.304887078519709e-10
3.079956389848516e-10
3.427029493808528e-10
4.239372978076635e-10
5.294532005748271e-10
6.392191453947660e-10
8.871178462555392e-10
1.151162928893892e-09
1.512665169996290e-09
1.975217648748239e-09
2.625341035402773e-09
3.483734860751785e-09
4.634099023893907e-09
6.215840829638229e-09
8.317624005198699e-09
1.123797989383502e-08
1.519993960877893e-08
2.075724849633805e-08
2.830425552870334e-08
3.885585864048299e-08
5.382372099432990e-08
7.467706130460223e-08
1.045273791429752e-07
1.470046822134504e-07
2.072725452524760e-07
2.938462202291239e-07
4.195989192241525e-07
6.010852386446992e-07
8.628069507694430e-07
1.242537754165537e-06
1.792909143777189e-06
2.598851265263956e-06
3.760249062347478e-06
5.455932673506851e-06
7.910810385153924e-06
1.149670562652982e-05
1.663919595743405e-05
2.411599764583359e-05
3.492461566293151e-05
5.054322441723209e-05
7.295805954983074e-05
1.051457972443348e-04
1.514957396564653e-04
2.173513112346004e-04
3.117720642570153e-04
4.463282259729812e-04
6.356336399718998e-04
9.044238577308799e-04
1.281787243373532e-03
1.812839369677988e-03
2.553462094918042e-03
3.597094520564324e-03
5.045170057723270e-03
7.049495904275996e-03
9.811072198204714e-03
1.361551397965632e-02
1.882756681073745e-02
2.592160789732558e-02
3.553789273063792e-02
4.854338808107337e-02
6.598116294695838e-02
8.923774401184252e-02
1.200602094941904e-01
1.602660778753614e-01
2.121604249009341e-01
2.780751645865635e-01
3.592663113466290e-01
4.556453722345546e-01
5.629968105697952e-01
6.729714328546189e-01
7.740996584368273e-01
8.572539063747573e-01
9.237304201640589e-01
9.999999999424672e-01
1.000000000000000e+00
1.000000000000000e+00
1.000000000000000e+00
1.000000000000000e+00
1.000000000000000e+00
1.000000000000000e+00
1.000000000000000e+00
1.000000000000000e+00
###6.800000000000002e+00
6.222566394118218e-11
1.368707694359963e-10
-4.124401401995551e-11
5.566127741192142e-11
1.550553132804377e-10
5.926240617507402e-10
3.740458846834984e-11
4.401520257167569e-11
1.372549117145113e-10
4.917347655262971e-11
2.224757000655804e-10
2.018453980325071e-10
1.936111859012809e-10
1.789623784633836e-10
2.121809469874060e-10
2.798604423428449e-10
2.249525966122107e-10
2.353148940840167e-10
2.917107680392112e-10
3.733121365416268e-10
4.189243626161188e-10
5.129055266487448e-10
6.296320365007166e-10
7.611242723823129e-10
1.026251854133043e-09
1.325614317982212e-09
1.730542045258691e-09
2.255242947787135e-09
2.968635350462844e-09
3.960540153408310e-09
5.259793707379686e-09
7.073502528195786e-09
9.494581573668757e-09
1.287945050194821e-08
1.750259652208312e-08
2.396773291691109e-08
3.288509884486813e-08
4.542389862837916e-08
6.312965424459774e-08
8.808108565523775e-08
1.237831625955517e-07
1.748659823762835e-07
2.474258549887414e-07
3.518510022692801e-07
5.037774482666917e-07
7.230547285528515e-07
1.039234946340674e-06
1.497282126085628e-06
2.161356016860897e-06
3.129244720551128e-06
4.526367561345480e-06
6.560945707035326e-06
9.496314755142350e-06
1.377106918460463e-05
1.988810284688095e-05
2.874741688777415e-05
4.149970244651265e-05
5.990266269626922e-05
8.621917872349447e-05
1.238356862993674e-04
1.778236006152865e-04
2.542868222393762e-04
3.634272144401866e-04
5.184032562081763e-04
7.354325710767085e-04
1.042510764828547e-03
1.471776749835762e-03
2.072930817304606e-03
2.907992345502382e-03
4.079210349110886e-03
5.696407252073695e-03
7.923875394613476e-03
1.097816790804253e-02
1.516240475138457e-02
2.086010403199300e-02
2.856985845067554e-02
3.895010503433317e-02
5.288735900441487e-02
7.143540160512615e-02
9.595333052580593e-02
1.281473932497241e-01
1.697318231076280e-01
2.228148044190003e-01
2.894614492726788e-01
3.705471805689989e-01
4.656592979205914e-01
5.705359125562596e-01
6.773582266507970e-01
7.756988029634582e-01
8.571790840232376e-01
9.231919090885435e-01
9.999999999424672e-01
1.000000000000000e+00
1.000000000000000e+00
1.000000000000000e+00
1.000000000000000e+00
1.000000000000000e+00
1.000000000000000e+00
1.000000000000000e+00
1.000000000000000e+00
###7.200000000000002e+00
4.769353989393734e-11
1.284198289846048e-10
-2.638105677961269e-10
6.041905145818490e-11
1.621707099037968e-10
7.060022330814460e-10
3.760180390856942e-11
5.541783823000921e-11
1.573585037283477e-10
5.338979438488853e-11
2.263190616653222e-10
2.137407662358406e-10
1.845157535627919e-10
1.940021706511426e-10
2.300438963888473e-10
2.795347972889437e-10
2.501497260276741e-10
2.676058756333091e-10
3.236526278973770e-10
4.341168590850146e-10
4.668898336364726e-10
5.716519202866210e-10
7.035233284546270e-10
8.580236302015128e-10
1.146235470396767e-09
1.480465981569218e-09
1.936213648091159e-09
2.530427976658417e-09
3.338406100302726e-09
4.465437248520299e-09
5.955563978648573e-09
8.031434620003370e-09
1.083249010631490e-08
1.475290026288515e-08
2.014984279052887e-08
2.768950248268204e-08
3.822520239156661e-08
5.311483113857050e-08
7.407213960994707e-08
1.037890488077457e-07
1.465044301189364e-07
2.076071830915569e-07
2.946458089372271e-07
4.201376267703144e-07
6.027664886448938e-07
8.667293906388588e-07
1.246184255947693e-06
1.795851757907389e-06
2.591151675311451e-06
3.742259530503494e-06
5.417308681217970e-06
7.840925817599345e-06
1.132857879584968e-05
1.639043830616192e-05
2.361796029769990e-05
3.404936189445435e-05
4.900175720404191e-05
7.054331574702331e-05
1.012334275646092e-04
1.449210275778604e-04
2.074201993666508e-04
2.956780264752277e-04
4.210654522141064e-04
5.985422268416089e-04
8.460046742885790e-04
1.194767190800821e-03
1.680563225559973e-03
2.357489130303138e-03
3.294216744114529e-03
4.602219086817663e-03
6.399651985620085e-03
8.863969374451294e-03
1.222584172408489e-02
1.680756658999705e-02
2.301107127594210e-02
3.135574422672766e-02
4.251848437942683e-02
5.740157339328000e-02
7.706655680555961e-02
1.028453834830357e-01
1.363830345573351e-01
1.793205010620889e-01
2.335486460291903e-01
3.008704554431887e-01
3.818436109736447e-01
4.757638086272501e-01
5.783415669411924e-01
6.822357540262457e-01
7.779306472305549e-01
8.576851366290928e-01
9.230223216774737e-01
9.999999999424672e-01
1.000000000000000e+00
1.000000000000000e+00
1.000000000000000e+00
1.000000000000000e+00
1.000000000000000e+00
1.000000000000000e+00
1.000000000000000e+00
1.000000000000000e+00
###7.600000000000002e+00
4.069602029443143e-11
1.402479612089501e-10
-2.366453568407806e-10
9.406254725270085e-11
1.719532427262093e-10
7.040357486758958e-10
3.496639906226113e-11
-1.753198366772491e-11
1.699299489591326e-10
6.470790536375013e-11
2.423817336425801e-10
2.476092681791652e-10
2.129451571865009e-10
2.217679966948373e-10
2.579789044263640e-10
3.056862954484344e-10
2.827484046485697e-10
3.068296847982200e-10
3.702099719053281e-10
4.842639879154825e-10
5.253676375490202e-10
6.452511152695014e-10
7.958548869913877e-10
9.731836030537844e-10
1.287529225976707e-09
1.660628923161209e-09
2.166533147851975e-09
2.850595857888608e-09
3.768155872172062e-09
5.047704319172195e-09
6.760722064559649e-09
9.143078425364243e-09
1.238556415166981e-08
1.693360949429094e-08
2.324190919838467e-08
3.205569707605634e-08
4.447076592770169e-08
6.220491316266071e-08
8.691737040392464e-08
1.223084638657444e-07
1.732728341211114e-07
2.461279891142579e-07
3.501416096011025e-07
5.002787851377110e-07
7.188844133054216e-07
1.034573716024191e-06
1.487637841513235e-06
2.143565548030059e-06
3.090899219860847e-06
4.454558874830167e-06
6.447300333568107e-06
9.318886303940614e-06
1.343578301657211e-05
1.939474238582467e-05
2.788464831015229e-05
4.009199284406929e-05
5.752270051406814e-05
8.258667025099731e-05
1.181759744749074e-04
1.686407073899792e-04
2.405873332453958e-04
3.418782966921572e-04
4.851752823976210e-04
6.873593702778833e-04
9.681108000922190e-04
1.362287619339584e-03
1.909127332913311e-03
2.667880595995869e-03
3.713848116254814e-03
5.168178581893933e-03
7.157219610611759e-03
9.872193288967244e-03
1.355791896346564e-02
1.855503946942134e-02
2.528333634529313e-02
3.428286394358387e-02
4.624274634893462e-02
6.209206718606249e-02
8.288064529926993e-02
1.099107541175382e-01
1.447895912978976e-01
1.890313827676544e-01
2.443586711512450e-01
3.123175711955474e-01
3.931610868012149e-01
4.859677880826342e-01
5.863932149274151e-01
6.875689500160888e-01
7.807435066266945e-01
8.587239539267680e-01
9.232043591945633e-01
9.999999999424672e-01
1.000000000000000e+00
1.000000000000000e+00
1.000000000000000e+00
1.000000000000000e+00
1.000000000000000e+00
1.000000000000000e+00
1.000000000000000e+00
1.000000000000000e+00
###8.000000000000002e+00
4.095948437312248e-10
1.620193274823439e-10
-2.273973533453487e-10
1.023156927373767e-10
1.848579234536118e-10
7.139596465914536e-10
2.108611545855175e-10
3.201778856680409e-11
2.029718931771385e-10
1.004689953711428e-10
2.721192514405983e-10
2.460209372314606e-10
2.476276511942196e-10
2.557145168828398e-10
2.817596407922160e-10
3.453792619810601e-10
3.273630266608100e-10
3.618340812833185e-10
3.967046370838839e-10
5.444838992527553e-10
6.009313589694129e-10
7.340647041042083e-10
9.025126191064605e-10
1.107729591072270e-09
1.452245902103959e-09
1.864157212389826e-09
2.434114488516116e-09
3.207587222120444e-09
4.252083464449150e-09
5.710428026802861e-09
7.680071826976953e-09
1.042306110034684e-08
1.418433448448525e-08
1.948087457612877e-08
2.684911777594376e-08
3.715118784889227e-08
5.178080261932084e-08
7.275224317144946e-08
1.019775397373724e-07
1.440159804070218e-07
2.046376234748822e-07
2.913282681199875e-07
4.153714704250734e-07
5.940983927960221e-07
8.543486702886487e-07
1.230288621725061e-06
1.768629301687439e-06
2.547435221851248e-06
3.669274387353675e-06
5.278671777798509e-06
7.633905483606089e-06
1.101563888941791e-05
1.584833931699622e-05
2.282542672155819e-05
3.274080481513230e-05
4.694850098758290e-05
6.716579545246162e-05
9.616860202480217e-05
1.372183822337252e-04
1.952221845002806e-04
2.776353309868375e-04
3.933041715130925e-04
5.563008400342689e-04
7.855341066076903e-04
1.102531079971082e-03
1.546006941091052e-03
2.158898558666489e-03
3.005967234004322e-03
4.168485379726149e-03
5.778954595882156e-03
7.971324644346032e-03
1.095127592558735e-02
1.497711559020102e-02
2.040699953099731e-02
2.768049128255422e-02
3.735400108168650e-02
5.012880675556945e-02
6.695848257605375e-02
8.887880307284167e-02
1.171590450999571e-01
1.533570550725622e-01
1.988759225161705e-01
2.552559238736753e-01
3.238217696415911e-01
4.045431656836100e-01
4.962820339160787e-01
5.947049560932655e-01
6.933015335390276e-01
7.840350298386946e-01
8.602160539080371e-01
9.237745074954159e-01
9.999999999424672e-01
1.000000000000000e+00
1.000000000000000e+00
1.000000000000000e+00
1.000000000000000e+00
1.000000000000000e+00
1.000000000000000e+00
1.000000000000000e+00
1.000000000000000e+00
###8.400000000000002e+00
4.065762527660067e-10
1.497891048017734e-10
-2.676497229899341e-10
1.172310181345184e-10
7.737911457082449e-11
7.227874833616153e-10
2.379145965026239e-10
6.153723627612286e-11
2.170825872070320e-10
1.334467336017960e-10
2.867848465183965e-10
2.704545734661307e-10
2.808941863590522e-10
2.873442014178876e-10
3.193688672006654e-10
3.825337278919540e-10
3.724768109785853e-10
4.357021743718726e-10
4.517523543379812e-10
6.056814643662260e-10
6.789724534149465e-10
8.354518882859190e-10
1.016198703073823e-09
1.252333153360000e-09
1.631865559291245e-09
2.090043773838410e-09
2.733882260056940e-09
3.611792808717488e-09
4.797909108370539e-09
6.463497591754354e-09
8.736179582008333e-09
1.189831091530356e-08
1.626494761686685e-08
2.241720674310830e-08
3.104425300281836e-08
4.308171018291687e-08
6.033929550847279e-08
8.512075857905531e-08
1.196299038244265e-07
1.694379725712004e-07
2.412924606595107e-07
3.440977197688227e-07
4.913308720884699e-07
7.035402938742997e-07
1.012297060637828e-06
1.457683018702236e-06
2.094475957274981e-06
3.014533702769558e-06
4.337015630125087e-06
6.225243332289349e-06
8.994475369031701e-06
1.295716116103335e-05
1.860046682376183e-05
2.672751653618865e-05
3.824851289436008e-05
5.470267750563706e-05
7.803017465214249e-05
1.114306505516904e-04
1.585592125218614e-04
2.249094256041400e-04
3.188678213660667e-04
4.503322474090834e-04
6.349079176286873e-04
8.936388579493556e-04
1.250052856618046e-03
1.746999932040738e-03
2.431091667694913e-03
3.373043936348078e-03
4.660374522706867e-03
6.436859815516556e-03
8.844897452468796e-03
1.210380114037996e-02
1.648604645395908e-02
2.236747933551732e-02
3.020606995408183e-02
4.057252545429016e-02
5.418163692147077e-02
7.200471446265096e-02
9.506281297222816e-02
1.245924658036850e-01
1.620958200140034e-01
2.088625582795492e-01
2.662607653559135e-01
3.353953244636120e-01
4.159811212091262e-01
5.066989388298040e-01
6.032365574373526e-01
6.994058495440056e-01
7.877818165056850e-01
8.621410613582327e-01
9.245860265428376e-01
9.999999999424672e-01
1.000000000000000e+00
1.000000000000000e+00
1.000000000000000e+00
1.000000000000000e+00
1.000000000000000e+00
1.000000000000000e+00
1.000000000000000e+00
1.000000000000000e+00
###8.800000000000002e+00
4.311768490187126e-10
1.529000420255568e-10
-2.503061533890781e-10
1.505903390874929e-10
1.609773183215137e-10
8.169055836916416e-10
2.570347150135892e-10
1.091725635651502e-10
2.419819913853650e-10
1.703290142889271e-10
3.137642704457137e-10
3.023953857363015e-10
3.088776425718744e-10
3.134087988675841e-10
3.527084953028952e-10
4.065088529391617e-10
4.161982369864731e-10
4.832510964018370e-10
5.126256887275364e-10
6.692575393720615e-10
7.587653622580875e-10
9.305672163355815e-10
1.135766641447626e-09
1.407767931137041e-09
1.824652355861737e-09
2.343801421499539e-09
3.074295054778559e-09
4.069415190853883e-09
5.422718900380222e-09
7.325592819642729e-09
9.951814025962487e-09
1.359729348691858e-08
1.867413412404896e-08
2.584886763477815e-08
3.592796156045374e-08
5.003436282099900e-08
7.032277405886790e-08
9.951444631973928e-08
1.402585377142517e-07
1.990633903342476e-07
2.840625348743488e-07
4.055790408024810e-07
5.797169494835540e-07
8.307273673662686e-07
1.195194019483231e-06
1.720679027260276e-06
2.470794282330162e-06
3.552427142311100e-06
5.103935550181204e-06
7.310616492275548e-06
1.055080614551327e-05
1.517133550603116e-05
2.173081499235197e-05
3.115275751557838e-05
4.447424498637639e-05
6.344534908282059e-05
9.025085757791298e-05
1.285311114592642e-04
1.823737165134114e-04
2.579430551104162e-04
3.646113334573015e-04
5.134067464022565e-04
7.216062635381597e-04
1.012485424713781e-03
1.411689840703836e-03
1.966389870068903e-03
2.727069835920997e-03
3.770445077816637e-03
5.191167976299653e-03
7.144440227805892e-03
9.780450577741639e-03
1.333248482468508e-02
1.808780620761077e-02
2.443975040484574e-02
3.286337412278540e-02
4.394345135822927e-02
5.840400962072512e-02
7.723683376357164e-02
1.014340080747390e-01
1.322137524072663e-01
1.710058613150274e-01
2.189881416460845e-01
2.773676953747519e-01
3.470362004893955e-01
4.274705385217406e-01
5.172335783432273e-01
6.119713892285488e-01
7.058362368989567e-01
7.919395026663277e-01
8.644599988035307e-01
9.256731323700768e-01
9.999999999424672e-01
1.000000000000000e+00
1.000000000000000e+00
1.000000000000000e+00
1.000000000000000e+00
1.000000000000000e+00
1.000000000000000e+00
1.000000000000000e+00
1.000000000000000e+00
###9.200000000000003e+00
3.652620463832166e-10
1.292904707234413e-11
-1.680433510920893e-10
1.469410682076965e-10
2.124467335502750e-10
8.061407453020055e-10
2.750036860342463e-10
1.313281226996867e-10
2.854149453192460e-10
1.998101849706768e-10
3.353888113466017e-10
3.263291307088755e-10
3.388787314454651e-10
3.492656516864007e-10
3.842614732723427e-10
4.476467701730699e-10
4.639812602657489e-10
5.310412197163321e-10
5.757348915973153e-10
7.377032136006350e-10
8.448825264786390e-10
1.035359543706527e-09
1.268096781474938e-09
1.578228011048083e-09
2.040727049933611e-09
2.629286227496517e-09
3.456697534115881e-09
4.588095942971575e-09
6.139692097357712e-09
8.314553476179644e-09
1.134591335470289e-08
1.556263778455825e-08
2.146564627306038e-08
2.982289068229859e-08
4.160567049924245e-08
5.811909824030854e-08
8.197981031049884e-08
1.162095490005599e-07
1.643933711790679e-07
2.335853270925174e-07
3.338223434957117e-07
4.770773397478422e-07
6.822211340135264e-07
9.778478663709244e-07
1.406679627725265e-06
2.023759948319179e-06
2.903355277451581e-06
4.170193173250618e-06
5.982077722486134e-06
8.564338788691067e-06
1.232240779622935e-05
1.768709430920227e-05
2.527689558947688e-05
3.615301450216460e-05
5.148691832483244e-05
7.325852099400957e-05
1.039316753182013e-04
1.476301543962307e-04
2.088923656982133e-04
2.946122786039240e-04
4.152469327798891e-04
5.829931462456878e-04
8.169619805581332e-04
1.142746885646353e-03
1.588313105862140e-03
2.205181497563712e-03
3.048266706500062e-03
4.200192833417019e-03
5.763237839642993e-03
7.903733249204807e-03
1.078043596986428e-02
1.464090473225732e-02
1.978613341069651e-02
2.662800442825888e-02
3.565427969926212e-02
4.746890625706178e-02
6.279960755737213e-02
8.265446461072758e-02
1.080026550280992e-01
1.400240046157857e-01
1.800863626210520e-01
2.292597575906976e-01
2.885872115534965e-01
3.587606501606066e-01
4.390419944952217e-01
5.278691196066185e-01
6.208999092095890e-01
7.125559982730113e-01
7.964411133198209e-01
8.671135456260050e-01
9.270111681856786e-01
9.999999999424672e-01
1.000000000000000e+00
1.000000000000000e+00
1.000000000000000e+00
1.000000000000000e+00
1.000000000000000e+00
1.000000000000000e+00
1.000000000000000e+00
1.000000000000000e+00
###9.600000000000003e+00
5.595446341036463e-10
1.245115340320350e-10
-1.017046059334952e-10
1.840071793301177e-10
2.154081228742671e-10
8.171064583793598e-10
2.928881980374061e-10
1.055890459870864e-10
2.997016996138401e-10
2.302102052724641e-10
3.475630116171984e-10
3.565188052025794e-10
3.670461214632581e-10
3.732028264165600e-10
4.080427434576800e-10
4.841484623165894e-10
5.244700155233163e-10
5.669271984197374e-10
6.394637115471610e-10
8.117892479419170e-10
9.346256678030065e-10
1.146083642805377e-09
1.409363917356180e-09
1.763003618362495e-09
2.281021617810914e-09
2.948247767042090e-09
3.887854398658380e-09
5.181184188050920e-09
6.961838230609074e-09
9.460398026206564e-09
1.295456311074077e-08
1.783967252399718e-08
2.469783375984723e-08
3.442972572252245e-08
4.818760845471773e-08
6.757068070006396e-08
9.567171486058774e-08
1.356174767257929e-07
1.923718060294379e-07
2.737053444221655e-07
3.915698289884586e-07
5.598650074796212e-07
8.011579270074077e-07
1.147916175435667e-06
1.650188351076958e-06
2.371312011076635e-06
3.399398590704305e-06
4.875576576428927e-06
6.983606328107879e-06
9.990078207884158e-06
1.433399524867366e-05
2.053543951215817e-05
2.928288423858330e-05
4.178577314137456e-05
5.936516897592198e-05
8.424988526010268e-05
1.192195770037475e-04
1.688911781558030e-04
2.383386547561831e-04
3.352123879889099e-04
4.711459883477899e-04
6.595713808234572e-04
9.215039904124002e-04
1.285162299288123e-03
1.780751487977812e-03
2.464614110263357e-03
3.395961993275011e-03
4.663831323069655e-03
6.377912015419010e-03
8.716611860536677e-03
1.184745499303004e-02
1.603153405263976e-02
2.158369402974591e-02
2.893428619475999e-02
3.858367846408737e-02
5.115170300144471e-02
6.737259557944567e-02
8.826040500352929e-02
1.147617756530109e-01
1.480278529184167e-01
1.893537018637491e-01
2.396847111456405e-01
2.999294356120834e-01
3.705775950211498e-01
4.506912312178551e-01
5.386108966144857e-01
6.300077211591049e-01
7.195309153685808e-01
8.012599668673329e-01
8.700689370029876e-01
9.285547116778949e-01
9.999999999424672e-01
1.000000000000000e+00
1.000000000000000e+00
1.000000000000000e+00
1.000000000000000e+00
1.000000000000000e+00
1.000000000000000e+00
1.000000000000000e+00
1.000000000000000e+00
###1.000000000000000e+01
5.172768329299876e-10
1.141978730655671e-10
-1.008749320947667e-10
2.054638095064254e-10
2.274445526794284e-10
8.068478159659488e-10
3.278730658994378e-10
1.140637692431574e-10
3.216943672675507e-10
2.649119737845968e-10
3.424337501077350e-10
3.703377171813279e-10
4.000376581704948e-10
4.180050593571080e-10
4.682557956407594e-10
5.233030924471948e-10
5.765916364177617e-10
6.326649768220963e-10
7.134552064722387e-10
8.962035626975045e-10
1.038617752541199e-09
1.274999039909361e-09
1.573492170858413e-09
1.971560080192338e-09
2.556145922387698e-09
3.311663861032151e-09
4.382287344425817e-09
5.858439763001077e-09
7.901160675187582e-09
1.077734691778437e-08
1.481689214133273e-08
2.047494167601117e-08
2.845030858227534e-08
3.979208660800964e-08
5.584313710397963e-08
7.851802316675029e-08
1.114056474096027e-07
1.581930130334600e-07
2.248272155596444e-07
3.201045051535863e-07
4.582522217526288e-07
6.554119392971620e-07
9.381952116453368e-07
1.343076374533813e-06
1.929499707794147e-06
2.770669565650479e-06
3.966407611595088e-06
5.680891780468939e-06
8.122749877242232e-06
1.159069990419335e-05
1.661284597059503e-05
2.374973843101140e-05
3.379333248981788e-05
4.811263456142111e-05
6.818464947043965e-05
9.652704623782343e-05
1.362417913611807e-04
1.925178937643431e-04
2.709513457337917e-04
3.800352917651045e-04
5.326745954588548e-04
7.436342994529990e-04
1.035908993775460e-03
1.440601793018378e-03
1.990036157760860e-03
2.745865164551298e-03
3.771775934154755e-03
5.163479970095990e-03
7.038106698212263e-03
9.586335385340853e-03
1.298459325788294e-02
1.750805764574886e-02
2.348492222290977e-02
3.136281523477161e-02
4.165696929370057e-02
5.499744420077828e-02
7.212586772773753e-02
9.406282105564628e-02
1.217233613554508e-01
1.562288735569728e-01
1.988019027405550e-01
2.502688427986566e-01
3.113878891103641e-01
3.824851542129571e-01
4.624327828092786e-01
5.494693555850316e-01
6.392795553565450e-01
7.267480106014078e-01
8.063441053074031e-01
8.732844713748334e-01
9.303049271934620e-01
9.999999999424672e-01
1.000000000000000e+00
1.000000000000000e+00
1.000000000000000e+00
1.000000000000000e+00
1.000000000000000e+00
1.000000000000000e+00
1.000000000000000e+00
1.000000000000000e+00
###1.040000000000000e+01
5.152381208550497e-10
1.242925306687107e-10
-8.647804032220692e-11
2.347652735040936e-10
2.303762885768997e-10
8.164006020874653e-10
3.458443923309759e-10
1.265851033554405e-10
3.479249667756757e-10
3.057856913428622e-10
3.817484649834186e-10
4.092656590773194e-10
4.407441425558031e-10
4.476251467307783e-10
5.164995506922337e-10
5.799965625012353e-10
6.365873372032140e-10
7.045413357825932e-10
7.989386631723417e-10
9.922935834490631e-10
1.158516481429368e-09
1.423645177445637e-09
1.761160620661619e-09
2.213495763618323e-09
2.873505919547220e-09
3.728963800739867e-09
4.949408315610330e-09
6.637538259660119e-09
8.989986510257280e-09
1.230072163063550e-08
1.696612257275189e-08
2.352764156138946e-08
3.281912935114306e-08
4.599386439631157e-08
6.470058126575519e-08
9.124069839426875e-08
1.296261913864110e-07
1.842996137404942e-07
2.623610045322835e-07
3.736666235479670e-07
5.351291019709399e-07
7.654273180865180e-07
1.095589555509817e-06
1.567262311184612e-06
2.249183256019915e-06
3.225475936110085e-06
4.612386525879302e-06
6.595413006374234e-06
9.414714942926885e-06
1.342016190515392e-05
1.918274446330774e-05
2.736762095252358e-05
3.885500719620174e-05
5.519492544972614e-05
7.803250765197977e-05
1.102053282223239e-04
1.551472019173065e-04
2.186850418889192e-04
3.069859205192355e-04
4.295070220644177e-04
6.002784852470109e-04
8.357083892283839e-04
1.160922895049381e-03
1.609852400031298e-03
2.217261960871249e-03
3.050236218591456e-03
4.177115096573469e-03
5.700684690580146e-03
7.745439170750743e-03
1.051528074111191e-02
1.419481406886954e-02
1.907360884717428e-02
2.549336103799055e-02
3.391747821638642e-02
4.487602608374729e-02
5.901054497714385e-02
7.706254967764729e-02
1.000574886856908e-01
1.288899054358983e-01
1.646282477101684e-01
2.084311068591089e-01
2.610087715247821e-01
3.229784562293547e-01
3.944918055175903e-01
4.742473692388346e-01
5.604181828097394e-01
6.486856075360505e-01
7.341640573531951e-01
8.116705013524497e-01
8.767352166709460e-01
9.321986214584594e-01
9.999999999424672e-01
1.000000000000000e+00
1.000000000000000e+00
1.000000000000000e+00
1.000000000000000e+00
1.000000000000000e+00
1.000000000000000e+00
1.000000000000000e+00
1.000000000000000e+00
###1.080000000000000e+01
4.588192094734815e-10
1.437003934699230e-10
-7.458607573874156e-11
2.262789316367412e-10
2.434292817606769e-10
8.260472041838926e-10
3.673801823841461e-10
1.337020312595321e-10
3.785172571067818e-10
3.377680431860634e-10
4.091990023669584e-10
4.382340455747833e-10
4.784525850452338e-10
4.910863600716806e-10
5.632510127975964e-10
6.338605220383694e-10
6.952791655591432e-10
7.766415347394463e-10
8.860341937895760e-10
1.087074092929873e-09
1.279465190005449e-09
1.580176724822240e-09
1.963747027073900e-09
2.474075056566619e-09
3.212291885750939e-09
4.199276246934967e-09
5.593363443451143e-09
7.531592277109067e-09
1.023999492170844e-08
1.405380454682713e-08
1.944747661309253e-08
2.705566524946843e-08
3.783097038073051e-08
5.317472699634225e-08
7.496598526135696e-08
1.059272835697905e-07
1.506736762571121e-07
2.144950737376031e-07
3.056498916083190e-07
4.353776983112563e-07
6.234751331056562e-07
8.917196662488104e-07
1.275738435028393e-06
1.824092309008903e-06
2.613948426776011e-06
3.742962259597962e-06
5.345912110249684e-06
7.632473611419830e-06
1.087644902274292e-05
1.548810129723021e-05
2.207747161338681e-05
3.142879438593823e-05
4.452634361720226e-05
6.310744889675086e-05
8.900913265151284e-05
1.254083337150833e-04
1.761300063890571e-04
2.476238111908827e-04
3.467183581602131e-04
4.839004184627348e-04
6.743997112496299e-04
9.363976473938084e-04
1.297170763727907e-03
1.793810712316447e-03
2.463476084269577e-03
3.378978386937897e-03
4.613598265142937e-03
6.276929651104072e-03
8.502263293153881e-03
1.150583184322476e-02
1.548089683097386e-02
2.073092856316004e-02
2.761121006414091e-02
3.660214558029186e-02
4.824751270142406e-02
6.319237202024033e-02
8.218605857811501e-02
1.062546182329098e-01
1.362647520809022e-01
1.732310179253226e-01
2.182459841762504e-01
2.719130186325511e-01
3.346969731794721e-01
4.065979116738026e-01
4.861522151118904e-01
5.714549989129852e-01
6.582171004851328e-01
7.417578180566327e-01
8.172152855834173e-01
8.803857388693499e-01
9.342309896301141e-01
9.999999999424672e-01
1.000000000000000e+00
1.000000000000000e+00
1.000000000000000e+00
1.000000000000000e+00
1.000000000000000e+00
1.000000000000000e+00
1.000000000000000e+00
1.000000000000000e+00
###1.120000000000000e+01
4.929908271074661e-10
1.579109552939133e-10
-4.341511614165952e-11
2.402040539344813e-10
2.437750709930086e-10
8.351460779756832e-10
3.925675969775588e-10
1.686108022947094e-10
4.067412603339671e-10
3.660203202027999e-10
4.478318381551676e-10
4.709067087941226e-10
5.202518525816827e-10
5.386870289301188e-10
6.126854799213944e-10
6.954269872020771e-10
7.616546245997733e-10
8.540899188811233e-10
9.811968289365220e-10
1.197814503401663e-09
1.419731383515865e-09
1.757398137448753e-09
2.185697819162124e-09
2.770236273696842e-09
3.604511439986130e-09
4.736595058755318e-09
6.330713283812687e-09
8.554990878538837e-09
1.167054213674026e-08
1.607830551645369e-08
2.230736739608411e-08
3.113406176468884e-08
4.363241232932386e-08
6.146916301872413e-08
8.680997217748358e-08
1.229011887684498e-07
1.749785572263963e-07
2.492440857585995e-07
3.554404473179380e-07
5.062888356131176e-07
7.247768800144550e-07
1.036139727439656e-06
1.481455971932878e-06
2.116538943855251e-06
3.029249571784828e-06
4.330738156532686e-06
6.176207377830341e-06
8.804883096918648e-06
1.252616444264497e-05
1.781119215460559e-05
2.532730560345268e-05
3.597756169308195e-05
5.086530749685167e-05
7.192095156166832e-05
1.012049044554323e-04
1.422636430893162e-04
1.994022756479258e-04
2.795254001711658e-04
3.904344253853194e-04
5.435579773484044e-04
7.555192854618798e-04
1.046243014585797e-03
1.445438239061061e-03
1.993330831535213e-03
2.729989902782503e-03
3.733685351540153e-03
5.082943953911607e-03
6.894944080477315e-03
9.310854069776305e-03
1.256087417747172e-02
1.684605882861210e-02
2.248451798388193e-02
2.984390349936027e-02
3.942148797674391e-02
5.177251845421179e-02
6.754973175182473e-02
8.750193837047804e-02
1.126557909462921e-01
1.438457393512169e-01
1.820389340985800e-01
2.282546214740445e-01
2.829795095526976e-01
3.465509001578887e-01
4.188029392472484e-01
4.981417363144107e-01
5.825765987391531e-01
6.678579374440559e-01
7.495039840406788e-01
8.229334323291234e-01
8.841803785830564e-01
9.363812559274034e-01
9.999999999424672e-01
1.000000000000000e+00
1.000000000000000e+00
1.000000000000000e+00
1.000000000000000e+00
1.000000000000000e+00
1.000000000000000e+00
1.000000000000000e+00
1.000000000000000e+00
###1.160000000000000e+01
5.014972516519711e-10
1.633351258889860e-10
-3.428123790852685e-11
2.511303956590909e-10
2.574007772456746e-10
8.474489683531881e-10
4.138164268743247e-10
2.067312645923685e-10
4.411187994205278e-10
3.975912809036163e-10
4.891498359924698e-10
5.134792067438419e-10
5.637823273630253e-10
5.878808943071883e-10
6.660285160014495e-10
7.552342482291326e-10
8.325614784933388e-10
9.197280227097546e-10
1.084271269604601e-09
1.318762898866912e-09
1.576996705480634e-09
1.953391981353507e-09
2.437381147658929e-09
3.106479346316527e-09
4.049836013550679e-09
5.350182662544356e-09
7.174331624539575e-09
9.727315426602385e-09
1.331568094262860e-08
1.840827782139438e-08
2.560145046140731e-08
3.583589591435994e-08
5.033285172776530e-08
7.104971150509423e-08
1.004950233535203e-07
1.424431750362774e-07
2.029181904276550e-07
2.891451277510880e-07
4.125779335825341e-07
5.874658279583267e-07
8.406388439125697e-07
1.200956652236129e-06
1.716053983794852e-06
2.448707514949144e-06
3.499964665003115e-06
4.996332190743247e-06
7.115286861445173e-06
1.012642683852913e-05
1.438251348508476e-05
2.041672407851689e-05
2.896457111262159e-05
4.106017749286442e-05
5.792165934091951e-05
8.172340542901068e-05
1.147328989907167e-04
1.609111010663256e-04
2.250359063393204e-04
3.146527891532174e-04
4.384101773014043e-04
6.088870536774098e-04
8.440789591163563e-04
1.165916008389036e-03
1.606528550439722e-03
2.209449668182751e-03
3.017793895225810e-03
4.115778541360817e-03
5.587021844750806e-03
7.556487313977468e-03
1.017403077898413e-02
1.368296586257218e-02
1.829332394189833e-02
2.433716029816020e-02
3.219380856851072e-02
4.237887282790771e-02
5.545586782066626e-02
7.208529979988695e-02
9.301140892320792e-02
1.192632993254817e-01
1.516432800926195e-01
1.910541995969145e-01
2.384551517100824e-01
2.942109163642592e-01
3.585287309572400e-01
4.311118016124325e-01
5.102081095254630e-01
5.937764756593831e-01
6.775892893447788e-01
7.573719612338526e-01
8.287849238683754e-01
8.881217640448210e-01
9.386206796524934e-01
9.999999999424672e-01
1.000000000000000e+00
1.000000000000000e+00
1.000000000000000e+00
1.000000000000000e+00
1.000000000000000e+00
1.000000000000000e+00
1.000000000000000e+00
1.000000000000000e+00
###1.200000000000001e+01
5.153240740722726e-10
1.623067424751038e-10
-6.568118727222436e-12
2.623272978904478e-10
2.671020445441063e-10
8.594239711616062e-10
4.390468118239751e-10
2.310127220973781e-10
4.725059635726499e-10
4.312905992971135e-10
5.230136111161412e-10
5.524305967323906e-10
6.043593252611066e-10
6.379396203827953e-10
7.163033812252938e-10
8.175554291827237e-10
9.050859614185345e-10
1.012274140720150e-09
1.194923387358396e-09
1.452106655242736e-09
1.744634029974966e-09
2.169339873441089e-09
2.716859482991643e-09
3.481944855178235e-09
4.553749623322074e-09
6.045606522113477e-09
8.137832995646831e-09
1.107249287106606e-08
1.520903774222437e-08
2.108362338154222e-08
2.939938954345371e-08
4.125173266757908e-08
5.803927207831781e-08
8.205369120541385e-08
1.161991429418599e-07
1.649159551180503e-07
2.349965376511243e-07
3.349267837066796e-07
4.777849612097115e-07
6.802537012769838e-07
9.728160401729141e-07
1.388727462454935e-06
1.982660999682862e-06
2.825550714995156e-06
4.033299346903823e-06
5.747694765803111e-06
8.173119016199334e-06
1.161207661433257e-05
1.646435677618588e-05
2.333217615051438e-05
3.302680344565900e-05
4.672064948509061e-05
6.576779746316095e-05
9.259117649942053e-05
1.296976719527671e-04
1.815015516096482e-04
2.532658782684941e-04
3.532420904174577e-04
4.909675425992310e-04
6.802823429978443e-04
9.406472888677360e-04
1.295989111894974e-03
1.781217554209026e-03
2.443274883482115e-03
3.328148790419419e-03
4.526678542099725e-03
6.127442280928128e-03
8.263800239000134e-03
1.109389128444793e-02
1.487556203773713e-02
1.982594385570478e-02
2.629179892527847e-02
3.466554236048024e-02
4.547759687283475e-02
5.930265546636429e-02
7.680227318154979e-02
9.872077128913331e-02
1.260814639299319e-01
1.596507391056686e-01
2.002767878094190e-01
2.488442742746299e-01
3.056066262187663e-01
3.706391373894253e-01
4.435108732198268e-01
5.223435108739040e-01
6.050426370394926e-01
6.874080440301858e-01
7.653345592691345e-01
8.347595592823891e-01
8.921984994959539e-01
9.409561842862688e-01
9.999999999424672e-01
1.000000000000000e+00
1.000000000000000e+00
1.000000000000000e+00
1.000000000000000e+00
1.000000000000000e+00
1.000000000000000e+00
1.000000000000000e+00
1.000000000000000e+00
###1.240000000000001e+01
5.250863498992821e-10
1.404107667559496e-10
4.702710454722915e-12
2.742540193945527e-10
2.842585638974837e-10
8.788517126192850e-10
4.780370505683762e-10
2.694514939279296e-10
5.037932595420970e-10
4.685175234924120e-10
5.440187069487301e-10
5.943874814799684e-10
6.528436270565718e-10
6.951804404723274e-10
7.776043469939853e-10
8.891641909432501e-10
9.878259530460720e-10
1.114773485022961e-09
1.316525073346064e-09
1.601696614609430e-09
1.928287149878082e-09
2.413643866651502e-09
3.035118080106018e-09
3.908897397562908e-09
5.129367389837227e-09
6.842853269463775e-09
9.242872224924673e-09
1.261188667614620e-08
1.739025081996491e-08
2.416216492804608e-08
3.376506876716013e-08
4.747979101204763e-08
6.690326286545160e-08
9.468578177335403e-08
1.342398331659719e-07
1.906417610955433e-07
2.717458142589447e-07
3.872469191851599e-07
5.524050986980317e-07
7.859110096658009e-07
1.123260384792177e-06
1.602049480336718e-06
2.284509473997538e-06
3.251966073012792e-06
4.635175307766148e-06
6.594491185631534e-06
9.362508291363475e-06
1.328044868022318e-05
1.879253715767225e-05
2.658776125652692e-05
3.755645391406918e-05
5.301457615655351e-05
7.447012454066580e-05
1.046237677744318e-04
1.462274311693174e-04
2.041792818044203e-04
2.842909699195820e-04
3.955384422742219e-04
5.484823905159445e-04
7.581794353044031e-04
1.045719459214558e-03
1.437165160891535e-03
1.970298895932139e-03
2.695772279870190e-03
3.662294645720190e-03
4.967821989466315e-03
6.706268802347883e-03
9.019849331349845e-03
1.207305924241881e-02
1.614151066009030e-02
2.144690873523892e-02
2.835409405294636e-02
3.726384917376059e-02
4.872510892465232e-02
6.331423422502234e-02
8.170593100724341e-02
1.046349136952992e-01
1.331131462595877e-01
1.678734880283140e-01
2.097075691423659e-01
2.594247680454647e-01
3.171656850279447e-01
3.828809926316958e-01
4.560082560044053e-01
5.345401629085633e-01
6.163580891784507e-01
6.972782494679646e-01
7.733789732606156e-01
8.408067035389658e-01
8.963563181980324e-01
9.433554873573864e-01
9.999999999424672e-01
1.000000000000000e+00
1.000000000000000e+00
1.000000000000000e+00
1.000000000000000e+00
1.000000000000000e+00
1.000000000000000e+00
1.000000000000000e+00
1.000000000000000e+00
###1.280000000000001e+01
5.469337557019412e-10
1.476584199801184e-10
1.970774728761607e-11
2.225943384917936e-10
2.898518821451253e-10
8.750089616559803e-10
4.863019162281406e-10
2.743872035893656e-10
5.164323486776734e-10
4.879558830025383e-10
5.694437343461383e-10
6.117919409973774e-10
6.835665265499591e-10
7.356033084171042e-10
8.284804002407009e-10
9.465329035664867e-10
1.059977406012742e-09
1.210612270281826e-09
1.429543562028159e-09
1.747671961498220e-09
2.117853828318926e-09
2.669155214382488e-09
3.379377056587139e-09
4.379219640101799e-09
5.774551263302812e-09
7.738555918438307e-09
1.049356879555258e-08
1.437917173437967e-08
1.987772596465391e-08
2.769682102387022e-08
3.877868430988093e-08
5.460279458449246e-08
7.705018265871677e-08
1.091329012379631e-07
1.548930681784704e-07
2.200944420948065e-07
3.136955140295366e-07
4.469719817609431e-07
6.374092833452698e-07
9.061422616244916e-07
1.293802835674155e-06
1.843644521447723e-06
2.625888744186656e-06
3.733481362728808e-06
5.313744622809507e-06
7.546501989683464e-06
1.069766716512538e-05
1.514663643008000e-05
2.139236928943707e-05
3.021665795076138e-05
4.259251964689145e-05
5.999617828989166e-05
8.410660671315417e-05
1.179106243361557e-04
1.644476037014337e-04
2.291087948921285e-04
3.183227774760823e-04
4.418393653708118e-04
6.112808303427931e-04
8.430055828606316e-04
1.159898403282150e-03
1.590196916952412e-03
2.174590555831939e-03
2.967994118408037e-03
4.021620261001823e-03
5.440981855177150e-03
7.325476992219759e-03
9.826004212737627e-03
1.311451165077007e-02
1.748296015367097e-02
2.316080843268238e-02
3.052550384328106e-02
3.999204636060275e-02
5.212005041069154e-02
6.749831124796478e-02
8.679981451668244e-02
1.107511650377115e-01
1.403623045390364e-01
1.763171145108485e-01
2.193514923886270e-01
2.701976051406713e-01
3.288889338314996e-01
3.952503999903246e-01
4.685939757521684e-01
5.468048325683872e-01
6.277050031282096e-01
7.071907920642454e-01
7.814685622847897e-01
8.469277587439941e-01
9.005783668520566e-01
9.457812123800539e-01
9.999999999424672e-01
1.000000000000000e+00
1.000000000000000e+00
1.000000000000000e+00
1.000000000000000e+00
1.000000000000000e+00
1.000000000000000e+00
1.000000000000000e+00
1.000000000000000e+00
###1.320000000000001e+01
5.401004691193158e-10
1.569481952436292e-10
2.831678863027225e-11
2.170533252511882e-10
2.925189724109908e-10
8.065537787625251e-10
4.915108441061571e-10
2.982987646471229e-10
5.200813679473409e-10
6.012239347672686e-10
6.014573666080757e-10
6.416631054786513e-10
7.222709108717497e-10
7.770746456391652e-10
8.787610367029903e-10
1.007034301087390e-09
1.136157994867558e-09
1.309362660347954e-09
1.557433635855876e-09
1.909106704985769e-09
2.333392260650717e-09
2.955109798923562e-09
3.767676792353845e-09
4.912126217619789e-09
6.508633507139634e-09
8.757603489751327e-09
1.192299374154911e-08
1.639551290179394e-08
2.272933542120601e-08
3.173842485907860e-08
4.451093491749196e-08
6.276178670241402e-08
8.868855013890319e-08
1.256709936957296e-07
1.784817253669303e-07
2.537316255966843e-07
3.615012221172906e-07
5.148469834067255e-07
7.338444023722692e-07
1.042366104132049e-06
1.487097381212311e-06
2.116517463153810e-06
3.011103845068494e-06
4.274871783043409e-06
6.075565655868318e-06
8.614549308659661e-06
1.219207642694724e-05
1.723151188168274e-05
2.429105084998737e-05
3.425151194341760e-05
4.818115005208644e-05
6.772296537227550e-05
9.475272970167761e-05
1.325648407946063e-04
1.845171665482149e-04
2.564863191473700e-04
3.555834182639523e-04
4.924279042161294e-04
6.797185341025026e-04
9.352719014769107e-04
1.283771339385039e-03
1.755821503015081e-03
2.395158350248597e-03
3.261082427187626e-03
4.407624183697542e-03
5.947770806909789e-03
7.986431434874808e-03
1.068464424259044e-02
1.422034380202926e-02
1.890341975819238e-02
2.497029727436443e-02
3.281108415986594e-02
4.285332271096613e-02
5.566990118960985e-02
7.185665819332880e-02
9.208579581070805e-02
1.170780737863801e-01
1.478302555287355e-01
1.849818264185788e-01
2.292043679547406e-01
2.811686084737883e-01
3.407725500762188e-01
4.077410595549765e-01
4.812614505429147e-01
5.591161364697156e-01
6.390899016648111e-01
7.171269829666297e-01
7.895990346582581e-01
8.530975428095412e-01
9.048461013884811e-01
9.482281367800081e-01
9.999999999424672e-01
1.000000000000000e+00
1.000000000000000e+00
1.000000000000000e+00
1.000000000000000e+00
1.000000000000000e+00
1.000000000000000e+00
1.000000000000000e+00
1.000000000000000e+00
###1.360000000000001e+01
5.417101075859288e-10
1.429706248294243e-10
3.256403345466026e-11
2.242588196374368e-10
2.996857810081921e-10
8.057063555085037e-10
4.953086853792986e-10
3.141240234797547e-10
5.364267243705832e-10
6.164851283038772e-10
6.260425024685929e-10
6.712936398869311e-10
7.568447747491526e-10
8.218384558639340e-10
9.345386707778846e-10
1.073427993297955e-09
1.221100249995675e-09
1.418006569469796e-09
1.696491513362215e-09
2.088400290074326e-09
2.573406116099018e-09
3.277034415621556e-09
4.205857572550928e-09
5.513086048383253e-09
7.343338646668539e-09
9.920024610276186e-09
1.355541621072069e-08
1.870019429784790e-08
2.598479628765147e-08
3.636103959128596e-08
5.107530209550844e-08
7.210308185934834e-08
1.019817316541846e-07
1.445787421426881e-07
2.053804388940971e-07
2.919904892224340e-07
4.158156742111215e-07
5.919532005486704e-07
8.431640865357131e-07
1.196511647912119e-06
1.705370134846562e-06
2.424504559551884e-06
3.444835925781876e-06
4.883431203515456e-06
6.929350640763108e-06
9.809488872694822e-06
1.385935893171738e-05
1.955424877938283e-05
2.751794277204019e-05
3.873097719667489e-05
5.437460547166767e-05
7.626730750714417e-05
1.064970708169088e-04
1.486938496910296e-04
2.065437555189680e-04
2.864745844929452e-04
3.963318727371941e-04
5.476222139334196e-04
7.542107286165045e-04
1.035454586856001e-03
1.417981804346764e-03
1.934798544109005e-03
2.633040575376919e-03
3.576286778916204e-03
4.821686745823816e-03
6.490165166189926e-03
8.691866468745266e-03
1.159814155983670e-02
1.539388530934716e-02
2.040584018707201e-02
2.687842410551605e-02
3.521425696492520e-02
4.585237012842353e-02
5.937823202180593e-02
7.639397446615628e-02
9.756956326806646e-02
1.236158269835302e-01
1.555168154044573e-01
1.938691411938502e-01
2.392710627375038e-01
2.923274929503344e-01
3.528151916782312e-01
4.203579830847790e-01
4.940018661518989e-01
5.714623425573285e-01
6.504906611570167e-01
7.270713898636050e-01
7.977375525740300e-01
8.592860910208718e-01
9.091286407376808e-01
9.507078409713097e-01
9.999999999424672e-01
1.000000000000000e+00
1.000000000000000e+00
1.000000000000000e+00
1.000000000000000e+00
1.000000000000000e+00
1.000000000000000e+00
1.000000000000000e+00
1.000000000000000e+00
###1.400000000000001e+01
5.452651898059366e-10
1.622041251500968e-10
4.239028682154676e-11
2.279939072926076e-10
3.084368764968679e-10
8.040166030293546e-10
5.040736690185372e-10
3.353180033018950e-10
5.569752260165082e-10
6.391028013678619e-10
6.476730981405492e-10
7.040502373087369e-10
7.955029010021488e-10
8.701277569635383e-10
9.909560996751892e-10
1.145471080349661e-09
1.313077872541441e-09
1.536473674788302e-09
1.850247127581039e-09
2.289189426355395e-09
2.842175403883597e-09
3.638617395501946e-09
4.701488425441221e-09
6.195791196941537e-09
8.292438945803019e-09
1.124077045894918e-08
1.541914613721962e-08
2.133182721778621e-08
2.971190039875948e-08
4.164544092946617e-08
5.857757174507150e-08
8.276280950254240e-08
1.171422809644773e-07
1.661161960628046e-07
2.360125054100265e-07
3.354617547975637e-07
4.774932094541327e-07
6.793467779425377e-07
9.668609913375721e-07
1.370769806719826e-06
1.951614689035781e-06
2.771130176959850e-06
3.932037659401607e-06
5.567332521830716e-06
7.885289666940753e-06
1.114442872747516e-05
1.571865794000253e-05
2.213972152038720e-05
3.110284467154866e-05
4.369315629251237e-05
6.121688699022723e-05
8.569714405066478e-05
1.194316425170168e-04
1.664114176313796e-04
2.306950737072990e-04
3.192970136808265e-04
4.408078512842806e-04
6.077261496900478e-04
8.351534002269279e-04
1.144041187003600e-03
1.563130578384824e-03
2.127955887262293e-03
2.889099481322136e-03
3.914845690365367e-03
5.265231052412099e-03
7.069437793135923e-03
9.443937366439848e-03
1.256927251240244e-02
1.663755344736409e-02
2.199379701935738e-02
2.888983310910135e-02
3.773867595880488e-02
4.899264221038733e-02
6.324921297988625e-02
8.111449703164103e-02
1.032547926182840e-01
1.303725564012028e-01
1.634289540112577e-01
2.029777722949202e-01
2.495492996021104e-01
3.036758820216808e-01
3.650192720892011e-01
4.330883447591440e-01
5.068152996400287e-01
5.838513784218675e-01
6.618919667124463e-01
7.370124908792502e-01
8.058637067317278e-01
8.654750621213021e-01
9.134193881684785e-01
9.531897200173168e-01
9.999999999424672e-01
1.000000000000000e+00
1.000000000000000e+00
1.000000000000000e+00
1.000000000000000e+00
1.000000000000000e+00
1.000000000000000e+00
1.000000000000000e+00
1.000000000000000e+00
###1.440000000000001e+01
5.746324970995027e-10
1.764436529867455e-10
6.351989286907825e-11
2.258349561008085e-10
3.041287366472907e-10
8.061104445258325e-10
4.819795529543053e-10
3.516998845518840e-10
5.806845067341782e-10
6.655648196489421e-10
6.744807656540508e-10
7.375785398420655e-10
8.334349599006140e-10
9.200133643309823e-10
1.053501942821795e-09
1.217996862132327e-09
1.413430575533383e-09
1.666110462906581e-09
2.019693654408123e-09
2.510130512413787e-09
3.143317607421334e-09
4.045248388219910e-09
5.261838899315915e-09
6.968998995672433e-09
9.369262039744775e-09
1.275510913373749e-08
1.754831237379782e-08
2.433493584787239e-08
3.396218391400895e-08
4.767788236374368e-08
6.713071081673627e-08
9.492388669564281e-08
1.344023525404236e-07
1.906324275587175e-07
2.708062806371140e-07
3.847594125137878e-07
5.474004640439863e-07
7.781412798023026e-07
1.106490796142151e-06
1.567127252165889e-06
2.228491563636703e-06
3.160039990953968e-06
4.477805315025512e-06
6.331839365568500e-06
8.953072962066592e-06
1.263154879782128e-05
1.778685542221169e-05
2.500967622421344e-05
3.507270909331641e-05
4.918301671009601e-05
6.877185054452631e-05
9.607995423957333e-05
1.336435982909544e-04
1.858588583772177e-04
2.571355105824060e-04
3.551460463678277e-04
4.892972019934271e-04
6.730928704541730e-04
9.230248893864099e-04
1.261630323328502e-03
1.719961467937744e-03
2.336175044620196e-03
3.164482935314407e-03
4.277922968320761e-03
5.739873266092523e-03
7.687575609678532e-03
1.024479687119854e-02
1.360008480636035e-02
1.795493914703285e-02
2.367141879017939e-02
3.100712126331560e-02
4.039058871538670e-02
5.228054400607232e-02
6.728760264035405e-02
8.602360751435191e-02
1.091450362925971e-01
1.373451003005028e-01
1.715680158088683e-01
2.123106714223427e-01
2.600404148597144e-01
3.152102164789993e-01
3.773724029100563e-01
4.459238471748598e-01
5.196902470177307e-01
5.962536064357955e-01
6.732717452051659e-01
7.469173821034438e-01
8.139574664296362e-01
8.716330172359835e-01
9.176936549420667e-01
9.556601094567904e-01
9.999999999424672e-01
1.000000000000000e+00
1.000000000000000e+00
1.000000000000000e+00
1.000000000000000e+00
1.000000000000000e+00
1.000000000000000e+00
1.000000000000000e+00
1.000000000000000e+00
###1.480000000000001e+01
5.782643149973188e-10
1.821033357022747e-10
6.792059528716495e-11
2.318134725621037e-10
3.107831027558050e-10
8.033782616527747e-10
4.928854404314392e-10
3.744350447464468e-10
5.976540615010653e-10
6.870562917323491e-10
7.029846795215176e-10
7.737796234811766e-10
8.759397899735121e-10
9.750114428164504e-10
1.120797309524371e-09
1.295319734896670e-09
1.522666532813447e-09
1.808302345406685e-09
2.207062559537110e-09
2.758547775819787e-09
3.480612052977885e-09
4.504054688743921e-09
5.894404778118955e-09
7.846583531574801e-09
1.059570239144746e-08
1.447548533355409e-08
1.996903579876452e-08
2.775643276597447e-08
3.880081554696678e-08
5.455233088192198e-08
7.687446568116622e-08
1.087473277351985e-07
1.540056830510026e-07
2.184710553471902e-07
3.102433427764751e-07
4.406047990749134e-07
6.263768693881573e-07
8.896444231553891e-07
1.263800872769276e-06
1.787883528631743e-06
2.539575220441712e-06
3.596255439494743e-06
5.088405211194731e-06
7.186209072183059e-06
1.014296444424844e-05
1.428640108433949e-05
2.008427591875521e-05
2.819153909105132e-05
3.946695699771219e-05
5.523963764339418e-05
7.709925943164904e-05
1.074981927007561e-04
1.492498588659742e-04
2.071553841850623e-04
2.860399095388803e-04
3.942469650848260e-04
5.420652351930791e-04
7.441097236455996e-04
1.018272518356129e-03
1.388768253319327e-03
1.889192538257902e-03
2.560311359073979e-03
3.460243542405476e-03
4.666990378285839e-03
6.247336942397830e-03
8.346628893948594e-03
1.109645892450037e-02
1.469382175161811e-02
1.934878845330214e-02
2.544194299775626e-02
3.323479338376615e-02
4.317092281219988e-02
5.571905118425395e-02
7.149922036292577e-02
9.112376850618063e-02
1.152457900642468e-01
1.445403843157415e-01
1.799351140164822e-01
2.218682155961372e-01
2.707452248369001e-01
3.269290155671782e-01
3.898739486243064e-01
4.588614408852720e-01
5.326208471057791e-01
6.086457021846263e-01
6.846264015547414e-01
7.567864518869979e-01
8.220023627596811e-01
8.777401022363187e-01
9.219360665535254e-01
9.581154823106024e-01
9.999999999424672e-01
1.000000000000000e+00
1.000000000000000e+00
1.000000000000000e+00
1.000000000000000e+00
1.000000000000000e+00
1.000000000000000e+00
1.000000000000000e+00
1.000000000000000e+00
###1.520000000000001e+01
5.810182035541655e-10
1.854554021934204e-10
7.772384912100652e-11
2.521465619317054e-10
3.196297801992599e-10
8.018630993070912e-10
5.027322886271551e-10
3.972657688933582e-10
6.178461971431816e-10
7.080688855577053e-10
7.494557670172294e-10
8.116887213631355e-10
9.220822914635922e-10
1.033321879842131e-09
1.193859552345187e-09
1.387321712505152e-09
1.642728018565600e-09
1.966591292610158e-09
2.416115387844630e-09
3.036856533421492e-09
3.859225770658802e-09
5.020778912919108e-09
6.608394455977194e-09
8.841220740619725e-09
1.198653332192404e-08
1.642762519976679e-08
2.272064904870764e-08
3.164939415299329e-08
4.431018638990432e-08
6.236407100076966e-08
8.795712153844172e-08
1.244409166065078e-07
1.762449525860234e-07
2.499923044288046e-07
3.548338765852401e-07
5.036525214485651e-07
7.154771579618306e-07
1.015186750952412e-06
1.440694847078718e-06
2.035842376212875e-06
2.888133015411616e-06
4.084428252321534e-06
5.770515926824506e-06
8.137685959421364e-06
1.146672985769607e-05
1.612389235519352e-05
2.263015890728182e-05
3.171092283969293e-05
4.431706740992747e-05
6.191771983973775e-05
8.625881485410025e-05
1.200355072795346e-04
1.663549037197445e-04
2.304306396233300e-04
3.175968043530773e-04
4.368303375146144e-04
5.994072645980110e-04
8.211295219108010e-04
1.121328793647917e-03
1.526132265056461e-03
2.071403980352796e-03
2.801324389885912e-03
3.777545131743890e-03
5.083460994560058e-03
6.789089221230789e-03
9.048783283144669e-03
1.200144669995976e-02
1.585302805628204e-02
2.082168488828470e-02
2.730769682323569e-02
3.557661225846733e-02
4.608450772574552e-02
5.931177726432935e-02
7.588566631179396e-02
9.641902143337390e-02
1.215572522506168e-01
1.519610592579997e-01
1.885301008533464e-01
2.316495036783431e-01
2.816542649392281e-01
3.388281482242816e-01
4.025136934323621e-01
4.718910970873501e-01
5.455946060687935e-01
6.210420774560904e-01
6.959376107236015e-01
7.665859773134871e-01
8.299797119895383e-01
8.837818808375223e-01
9.261218662885473e-01
9.605275374475569e-01
9.999999999424672e-01
1.000000000000000e+00
1.000000000000000e+00
1.000000000000000e+00
1.000000000000000e+00
1.000000000000000e+00
1.000000000000000e+00
1.000000000000000e+00
1.000000000000000e+00
###1.560000000000001e+01
5.850466315685927e-10
1.893831805791531e-10
9.308321691170000e-11
2.588121397428704e-10
3.274812813216562e-10
8.042087698987518e-10
5.142138370597824e-10
4.161922803638067e-10
6.375670711359496e-10
7.312589897992486e-10
7.805973431772446e-10
8.480008470829619e-10
9.700893539461033e-10
1.096289630354880e-09
1.273770814423774e-09
1.488984704684972e-09
1.775050085537890e-09
2.141261484211941e-09
2.650398514078452e-09
3.348553819665776e-09
4.285447035831110e-09
5.604312670708690e-09
7.419510226989614e-09
9.968168882863793e-09
1.356474086826346e-08
1.864834577482282e-08
2.585106167840334e-08
3.607792419356338e-08
5.057117590219361e-08
7.123640748324004e-08
1.005026408544057e-07
1.422210400422939e-07
2.014198019533740e-07
2.856437097454588e-07
4.052170756953136e-07
5.747453104163474e-07
8.157426773087187e-07
1.156265866811332e-06
1.639203670600756e-06
2.313636582735818e-06
3.277863161169265e-06
4.629405806872873e-06
6.530772673445165e-06
9.196544692238795e-06
1.293706810488191e-05
1.816221261915675e-05
2.544831771779446e-05
3.559883027246366e-05
4.966333246582216e-05
6.926708749410501e-05
9.631952795714940e-05
1.337750773028269e-04
1.850611182542931e-04
2.558592418115405e-04
3.519770968750278e-04
4.831661367679507e-04
6.616949709891425e-04
9.045986701324913e-04
1.232743652049303e-03
1.674295441258011e-03
2.267780234436870e-03
3.060228271607254e-03
4.117638169719894e-03
5.528852049264348e-03
7.367235314464328e-03
9.795960712592896e-03
1.296195037769499e-02
1.708037170753124e-02
2.237821840674082e-02
2.927257054861326e-02
3.803671907375713e-02
4.913645327661911e-02
6.306235988493729e-02
8.045280048277069e-02
1.019134193299687e-01
1.280848923078395e-01
1.596057056472068e-01
1.973557154124738e-01
2.416564520874300e-01
2.927687404033000e-01
3.509067273199234e-01
4.152893819589574e-01
4.850052844584599e-01
5.585977241848239e-01
6.334224465855838e-01
7.071995627733630e-01
7.763097766779412e-01
8.378716934864952e-01
8.897445179928288e-01
9.302441380314777e-01
9.629074448036294e-01
9.999999999424672e-01
1.000000000000000e+00
1.000000000000000e+00
1.000000000000000e+00
1.000000000000000e+00
1.000000000000000e+00
1.000000000000000e+00
1.000000000000000e+00
1.000000000000000e+00
