# NLO BK equation solver 0.0-dev build  (build Oct 13 2025 12:18:44)
# Initial condition: MV model, Q_s0^2 = 0.103575 GeV^2, \gamma = 2.92705, coefficient of E inside Log is 1, x0=0.01, \Lambda_QCD = 0.241 GeV
# # LO Kernel RC:  Parent dipole. NLO Kernel RC:  Parent dipole
# Nc=3, Nf=4
# Using RungeKutta method in K1
# Resumming double log
# Resumming single log, K_sub=0.65 resum rc: parent
# BK K1 integration relative accuracy: 0.02# NLO BK as^2 terms: MC integration method: Vegas, points=1000000
# Kinematical constraint: none
# Target kinematical constraint: disabled

###1.000000000000000e-05
###1.160836920850890e+00
###100
###1.000000000000000e+00
###0.000000000000000e+00
2.274361901111043e-32
5.382702776589744e-32
1.273743988631496e-31
3.013723562444015e-31
7.129560292058184e-31
1.686392413539193e-30
3.988315760448301e-30
9.430914604675376e-30
2.229717249862305e-29
5.270790267763491e-29
1.245746933613944e-28
2.943812783525228e-28
6.955283871643847e-28
1.643016072774170e-27
3.880511069131721e-27
9.163344210037548e-27
2.163389607730831e-26
5.106563664820470e-26
1.205129012726531e-25
2.843455996086846e-25
6.707565854564847e-25
1.581925429980523e-24
3.729982003736668e-24
8.792736032237626e-24
2.072214294583151e-23
4.882421128433371e-23
1.150064503318859e-22
2.708269226723240e-22
6.375881629207943e-22
1.500594473047311e-21
3.530667626709205e-21
8.304552213874870e-21
1.952705568159594e-20
4.590008575452532e-20
1.078552249039386e-19
2.533461688169996e-19
5.948769859592728e-19
1.396283409200379e-18
3.276024631423160e-18
7.683182626463783e-18
1.801144093324548e-17
4.220477327055658e-17
9.884907388430960e-17
2.314052712510248e-16
5.414455041030568e-16
1.266216337788167e-15
2.959532085766613e-15
6.913373270935568e-15
1.613979853539655e-14
3.765617412277113e-14
8.779960967805785e-14
2.045762035832720e-13
4.763335113534049e-13
1.108275059433150e-12
2.576623149364554e-12
5.985595572461861e-12
1.389322083986480e-11
3.221985004271001e-11
7.465434589217888e-11
1.728160203460938e-10
3.996659620255436e-10
9.233842947659183e-10
2.131224847258639e-09
4.913927798927181e-09
1.131813327002986e-08
2.604141043436376e-08
5.985482621225120e-08
1.374311756303641e-07
3.152357084808589e-07
7.223864331343303e-07
1.653926654200768e-06
3.783671944237053e-06
8.649877444917797e-06
1.976339154619033e-05
4.513807346628873e-05
1.030700372341986e-04
2.353506976882080e-04
5.374970850413607e-04
1.227945900886263e-03
2.806295424523153e-03
6.413686793140916e-03
1.464351772005712e-02
3.330737996198985e-02
7.496943011311830e-02
1.644256462710433e-01
3.396520116680963e-01
6.174490785533036e-01
8.924926804431448e-01
9.944203099719718e-01
9.999944422472372e-01
9.999999999994800e-01
1.000000000000000e+00
1.000000000000000e+00
1.000000000000000e+00
1.000000000000000e+00
1.000000000000000e+00
1.000000000000000e+00
1.000000000000000e+00
1.000000000000000e+00
1.000000000000000e+00
###4.000000000000000e-01
-4.961124102679491e-12
-5.807496995016423e-12
-5.123996007674378e-14
-6.406025508293859e-14
-5.492579126645197e-13
1.413188522650523e-11
-3.687204235552451e-13
1.029972849907226e-12
5.800251449492474e-12
3.789210363764320e-12
-2.794204568453209e-11
6.546272094259601e-13
-3.833115294740426e-13
3.998730554471447e-12
3.045420311083044e-12
3.403022489688766e-12
5.874634446647244e-12
4.600466988653331e-13
6.614101948986233e-12
6.417819206818138e-12
8.999919824500334e-12
1.681660372242481e-11
1.303352160085367e-11
2.458222642654103e-11
2.487544255594126e-11
3.954863807884502e-11
5.701377880264378e-11
7.163989496694130e-11
1.000712573868227e-10
1.337527283731688e-10
1.739018785712156e-10
2.294481791362664e-10
3.139145264984750e-10
4.161014372268718e-10
5.559129817316307e-10
7.373493067326626e-10
9.764672167936102e-10
1.300500399568500e-09
1.698911410339355e-09
2.240029719401440e-09
2.949110871408923e-09
3.833224688455930e-09
5.020523959579224e-09
6.581934706655211e-09
8.520258338339835e-09
1.113469140662839e-08
1.438537375299492e-08
1.877405816120097e-08
2.441309103098661e-08
3.183859838880157e-08
4.169148037458947e-08
5.498717337573799e-08
7.332029913637580e-08
9.864872484809300e-08
1.342936642787788e-07
1.854557018863816e-07
2.613163852794087e-07
3.725845023162495e-07
5.434667534033180e-07
7.973519129818399e-07
1.189802680943806e-06
1.798099519028999e-06
2.740262530838607e-06
4.195658680245986e-06
6.459377855754367e-06
9.959930533037203e-06
1.542415325959230e-05
2.388422505373897e-05
3.701803008313257e-05
5.755708161172612e-05
8.929249716881482e-05
1.387216104415984e-04
2.166248417850310e-04
3.403465962247737e-04
5.385726406865374e-04
8.622457450741474e-04
1.405160321718580e-03
2.338821946776675e-03
3.995163512066586e-03
7.058262313813099e-03
1.288805058343793e-02
2.432599226434609e-02
4.727636117235767e-02
9.357659363500158e-02
1.851122799799304e-01
3.530371476767887e-01
6.068904644917770e-01
8.566756055161564e-01
9.658001963402338e-01
9.999944422472372e-01
9.999999999994800e-01
1.000000000000000e+00
1.000000000000000e+00
1.000000000000000e+00
1.000000000000000e+00
1.000000000000000e+00
1.000000000000000e+00
1.000000000000000e+00
1.000000000000000e+00
1.000000000000000e+00
###8.000000000000000e-01
-1.045763932163666e-11
-2.214774794864764e-12
-2.955625782584832e-11
2.851038020036787e-12
3.171377788416438e-12
1.856762355646671e-11
8.199951661102754e-12
3.815126170990268e-12
1.846573615521019e-11
1.837013335659656e-12
-3.225854472245475e-11
9.990914311668049e-12
2.422443195301218e-12
4.465600994090456e-12
3.249134667479482e-13
4.106313693155819e-12
8.319411867141179e-12
6.633648968984989e-12
1.491636182166059e-11
6.757129335418034e-12
1.306827607924506e-11
2.961243515770057e-11
3.390541305729807e-11
4.512858260083809e-11
5.862518563708703e-11
7.737999844471296e-11
1.143376699800330e-10
1.492802080281293e-10
2.074919897891479e-10
2.739295640992840e-10
3.578987842839176e-10
4.797368808272748e-10
6.502020599314974e-10
8.633398168958303e-10
1.140007921809200e-09
1.522505287427741e-09
2.012632403717728e-09
2.664592225345610e-09
3.490534608391865e-09
4.603502161575042e-09
6.033176496155520e-09
7.891798785287661e-09
1.030701487783186e-08
1.354163882429317e-08
1.757718674428313e-08
2.311686863666574e-08
3.000405958547114e-08
3.945988772251792e-08
5.169299030900491e-08
6.838418661466263e-08
9.043869484277863e-08
1.208973244760010e-07
1.637141641313449e-07
2.239809154227446e-07
3.110390852853632e-07
4.358526968836098e-07
6.228375137611618e-07
8.993392799214697e-07
1.317654609759527e-06
1.952703636623256e-06
2.921519223737700e-06
4.393782371756164e-06
6.690512089685133e-06
1.018119385114901e-05
1.556622846087645e-05
2.377276551179989e-05
3.649633892670278e-05
5.591779280593757e-05
8.575258713947947e-05
1.316890719135806e-04
2.015466138880135e-04
3.087574772707017e-04
4.732014815231922e-04
7.280715403117560e-04
1.124514300510965e-03
1.744599269535417e-03
2.735194913070896e-03
4.341192022710941e-03
7.000199787157978e-03
1.156379214895203e-02
1.956669124863766e-02
3.403384743629789e-02
6.086671516120757e-02
1.111230394619492e-01
2.040335160356151e-01
3.650540389839927e-01
5.983877369688912e-01
8.270659750294046e-01
9.413234301706132e-01
9.999944422472372e-01
9.999999999994800e-01
1.000000000000000e+00
1.000000000000000e+00
1.000000000000000e+00
1.000000000000000e+00
1.000000000000000e+00
1.000000000000000e+00
1.000000000000000e+00
1.000000000000000e+00
1.000000000000000e+00
###1.200000000000000e+00
-1.289215577266583e-11
-1.588816806757723e-11
-3.569973128156900e-11
8.480610034241265e-12
2.656098479584554e-11
-4.573439053352755e-11
1.199660714991025e-11
-9.092931174781362e-13
1.782139257931597e-11
1.569368414928256e-11
-4.626063775751334e-11
7.074642232029369e-12
1.890495669040746e-11
1.595889192283086e-11
4.666372876340338e-12
5.207644928323915e-12
1.370476729533697e-11
1.485964129291790e-11
2.139904179533365e-11
1.893020000723381e-11
3.273529779022166e-11
4.510862541675297e-11
5.672421627451245e-11
7.323382557576252e-11
9.597438871542115e-11
1.298187440342848e-10
1.786013871009760e-10
2.355680341067010e-10
3.271350380671456e-10
4.285082606382332e-10
5.627935769091350e-10
7.535206799404052e-10
1.010227677670037e-09
1.341245161020444e-09
1.765755539931989e-09
2.347648094319649e-09
3.107880335533044e-09
4.101902585265467e-09
5.397391091990153e-09
7.098777345565201e-09
9.324851180934094e-09
1.220504396942568e-08
1.601841333899026e-08
2.104809639814613e-08
2.737223457555481e-08
3.627143211802121e-08
4.730847829516755e-08
6.279079338982046e-08
8.307496371271534e-08
1.108886794661327e-07
1.488812955307846e-07
2.015553511684074e-07
2.774698638274996e-07
3.846907219512398e-07
5.408433571618457e-07
7.690096144205692e-07
1.108432184209421e-06
1.615945568843084e-06
2.378991331795869e-06
3.535297808788458e-06
5.287491697881638e-06
7.951110542828044e-06
1.205200905877407e-05
1.823177410313275e-05
2.767354297775582e-05
4.195645200056593e-05
6.391244686178140e-05
9.701745055035632e-05
1.474397666816977e-04
2.241610606559969e-04
3.399994798713121e-04
5.153851240898783e-04
7.801538566759931e-04
1.184882953744343e-03
1.803272058229179e-03
2.749423798916766e-03
4.224762925908709e-03
6.536787262349237e-03
1.017399302060604e-02
1.630085351586181e-02
2.642491104355393e-02
4.375262591573719e-02
7.407277243013843e-02
1.277397207050365e-01
2.215105742469115e-01
3.760451455265340e-01
5.917406668970581e-01
8.027032069742512e-01
9.205281717663094e-01
9.999944422472372e-01
9.999999999994800e-01
1.000000000000000e+00
1.000000000000000e+00
1.000000000000000e+00
1.000000000000000e+00
1.000000000000000e+00
1.000000000000000e+00
1.000000000000000e+00
1.000000000000000e+00
1.000000000000000e+00
###1.600000000000000e+00
-2.106768705109927e-11
-1.564883441508214e-11
-1.118314800932311e-11
1.094669687348781e-11
1.257037866753225e-11
-5.192057201218859e-11
8.759902298936898e-12
-2.016185471047116e-11
1.840613738581679e-11
1.966806902714201e-11
-3.961646554668817e-11
1.248159743302496e-11
2.145428222107123e-11
1.812332804545913e-11
1.111298363360876e-11
1.086746580485209e-11
2.119293309104227e-11
2.301943870713527e-11
2.943707289139502e-11
3.309394408186285e-11
4.467762588509155e-11
6.225610492501682e-11
7.879563127479377e-11
1.029206500040978e-10
1.366461800965606e-10
1.821046722469029e-10
2.480269611064041e-10
3.306429745517469e-10
4.496618749768087e-10
5.842667973964790e-10
7.813865170268352e-10
1.052870332338090e-09
1.394476311092290e-09
1.848569262005821e-09
2.432884436108993e-09
3.230844905918516e-09
4.273549209926869e-09
5.640835718206614e-09
7.436576180827256e-09
9.751574571747104e-09
1.283548804489431e-08
1.685559286513755e-08
2.216958909003796e-08
2.920020173794745e-08
3.829136833609261e-08
5.087962728793050e-08
6.674854310703991e-08
8.983179764900558e-08
1.197228453835565e-07
1.617094023277755e-07
2.201112861468579e-07
3.015766005759552e-07
4.202550046802260e-07
5.904737894598558e-07
8.380327449503015e-07
1.205225406963776e-06
1.750546801901211e-06
2.566071209396469e-06
3.783818857698305e-06
5.622744965614604e-06
8.411337256118431e-06
1.261246208603830e-05
1.899979108226703e-05
2.863705088901125e-05
4.318624776048189e-05
6.511215863153341e-05
9.838127714536141e-05
1.481447485980854e-04
2.232327632217125e-04
3.364849477436800e-04
5.062160870719566e-04
7.604150414632323e-04
1.139974845739350e-03
1.712285081493239e-03
2.576657508961362e-03
3.877256708658179e-03
5.870919407584882e-03
8.926274793169717e-03
1.363953479577468e-02
2.125379148173777e-02
3.344668432836331e-02
5.347535212916956e-02
8.695859497931753e-02
1.435418223613533e-01
2.377611503395638e-01
3.862732740345541e-01
5.867800890708916e-01
7.827858290841166e-01
9.029696026819006e-01
9.999944422472372e-01
9.999999999994800e-01
1.000000000000000e+00
1.000000000000000e+00
1.000000000000000e+00
1.000000000000000e+00
1.000000000000000e+00
1.000000000000000e+00
1.000000000000000e+00
1.000000000000000e+00
1.000000000000000e+00
###2.000000000000000e+00
-4.149519388692464e-12
-2.272832570423924e-11
-4.403528878977006e-11
1.520901951492026e-12
2.299448007582447e-11
-5.383870752989495e-11
1.354712577854816e-11
-1.922471778752363e-11
2.915115220344484e-11
2.403690743954770e-11
-3.428401934346624e-11
1.955909529881344e-11
2.612765762592607e-11
2.695907441323696e-11
1.498995139051249e-11
1.626381187851086e-11
2.993436602044257e-11
3.979010862706787e-11
4.116399505562063e-11
4.200499630785105e-11
5.421257372374500e-11
8.028124233253570e-11
1.117853965442113e-10
1.373242219978789e-10
1.814169606596385e-10
2.394590232650204e-10
3.377298217375915e-10
4.326479125541379e-10
5.841159103477684e-10
7.668148324230098e-10
1.017978637106016e-09
1.367426740862274e-09
1.808947522093205e-09
2.404802787632593e-09
3.149065033199939e-09
4.185706167634783e-09
5.521041477232858e-09
7.290235549225239e-09
9.629031188891545e-09
1.262124048142361e-08
1.662689943481280e-08
2.194256329854388e-08
2.897754482975321e-08
3.834123600205424e-08
5.066160091483275e-08
6.765308588169753e-08
8.935486738031263e-08
1.213748815629401e-07
1.634636766043445e-07
2.235199745722266e-07
3.074682457790534e-07
4.259640276596655e-07
6.002427404178930e-07
8.518407592151470e-07
1.219433656142979e-06
1.767699074115586e-06
2.580198910159437e-06
3.792319781667986e-06
5.593370809135796e-06
8.311961979762084e-06
1.240581824111990e-05
1.854410014803018e-05
2.775367438349004e-05
4.170893110675389e-05
6.256763749686202e-05
9.373893265002362e-05
1.405929787086405e-04
2.104229677480521e-04
3.143610257763204e-04
4.701677787847899e-04
6.985521904862899e-04
1.045669278860053e-03
1.554444916138645e-03
2.313066048344259e-03
3.446829660056626e-03
5.128694740922100e-03
7.674430868980854e-03
1.150318927502637e-02
1.731163278921546e-02
2.641546258407621e-02
4.062002531779179e-02
6.319660748738105e-02
9.955890061788666e-02
1.586434143477675e-01
2.529984296732817e-01
3.959463630611177e-01
5.833465910366469e-01
7.666436235914003e-01
8.882868034490513e-01
9.999944422472372e-01
9.999999999994800e-01
1.000000000000000e+00
1.000000000000000e+00
1.000000000000000e+00
1.000000000000000e+00
1.000000000000000e+00
1.000000000000000e+00
1.000000000000000e+00
1.000000000000000e+00
1.000000000000000e+00
###2.400000000000000e+00
-5.098222852194716e-12
-3.706640956153456e-11
-4.631274226939272e-11
-5.338715116890097e-12
4.187337105705847e-11
-4.944927181630034e-11
-1.180908042751805e-11
-2.098995123539158e-11
2.722104376835799e-11
2.456457934082102e-11
-2.448623259562493e-11
3.620182089796500e-11
3.490025858077714e-11
3.125686549781982e-11
2.389254240126514e-11
2.789699612650446e-11
4.159629582250836e-11
4.790374713410935e-11
5.366064840341017e-11
5.713148934913953e-11
7.128515756810049e-11
1.040300869371018e-10
1.458291042238026e-10
1.702420025310278e-10
2.251958477636941e-10
3.004173136835641e-10
4.183456369903210e-10
5.418147810629414e-10
7.287881954415327e-10
9.593545639838164e-10
1.269416082416501e-09
1.704173452788250e-09
2.248328346336552e-09
2.993087667616128e-09
3.915071186296718e-09
5.212690940375573e-09
6.865900019906944e-09
9.078121165623423e-09
1.201528976394777e-08
1.576311039556755e-08
2.082882538063866e-08
2.760829539984428e-08
3.661968679115538e-08
4.867990370786787e-08
6.480782247566348e-08
8.720064899538716e-08
1.165749822404646e-07
1.593813231314958e-07
2.163036746917051e-07
2.987595550702873e-07
4.155906595960147e-07
5.816091314020156e-07
8.269450392007693e-07
1.183089322789068e-06
1.705516223282255e-06
2.480735179878803e-06
3.632128928640705e-06
5.351154308416136e-06
7.875446354001610e-06
1.169456508430714e-05
1.741932372917868e-05
2.592406753380191e-05
3.864731840830040e-05
5.778722654640024e-05
8.621295278804042e-05
1.284014616459206e-04
1.913308694297842e-04
2.845370194899845e-04
4.219825219604350e-04
6.266084025295379e-04
9.261845351633965e-04
1.373451776098919e-03
2.025507276936768e-03
2.989057380678461e-03
4.414636701157820e-03
6.505352720230729e-03
9.633041583052426e-03
1.426405986897662e-02
2.118667805214065e-02
3.176950472126199e-02
4.794177472296803e-02
7.292208094698856e-02
1.119131443394177e-01
1.731488842690371e-01
2.674019576439718e-01
4.052409198945588e-01
5.812865743026011e-01
7.537277882297010e-01
8.761047317945280e-01
9.999944422472372e-01
9.999999999994800e-01
1.000000000000000e+00
1.000000000000000e+00
1.000000000000000e+00
1.000000000000000e+00
1.000000000000000e+00
1.000000000000000e+00
1.000000000000000e+00
1.000000000000000e+00
1.000000000000000e+00
###2.800000000000000e+00
-6.039761979356693e-11
-5.234483882251683e-11
-3.465359533352033e-11
-1.392262976066156e-11
5.326694531517843e-11
-4.834348246823095e-11
-4.320215509847746e-12
-1.521168328156999e-11
2.578837347315776e-11
2.781439912581195e-11
-1.299932287328715e-11
4.014829593951201e-11
2.500232576772020e-11
3.809458996190599e-11
3.114266953155622e-11
3.817389330287298e-11
5.256559032043317e-11
5.817714061458784e-11
7.044268149595667e-11
6.703939832104992e-11
9.072739741454453e-11
1.192288485361481e-10
1.785386824645423e-10
2.094001898897367e-10
2.754099837531773e-10
3.702045114603550e-10
5.057932922883943e-10
6.584862512808107e-10
8.833665991949082e-10
1.164305001150437e-09
1.538992281290835e-09
2.064620017008843e-09
2.720634355421439e-09
3.622022068467860e-09
4.742269333989012e-09
6.321140604153460e-09
8.326382464565770e-09
1.101667247487844e-08
1.462519095442520e-08
1.924072485065184e-08
2.551775471611215e-08
3.394623955876577e-08
4.528775574636724e-08
6.059791385637192e-08
8.129544384643791e-08
1.101894777905926e-07
1.489316369280646e-07
2.048775167911471e-07
2.806295183043036e-07
3.910758273120298e-07
5.494279612412716e-07
7.759129846530888e-07
1.109711932969908e-06
1.597575015588579e-06
2.314361667625466e-06
3.373926160063026e-06
4.948564786756625e-06
7.293726590438761e-06
1.071948387562915e-05
1.587804496775243e-05
2.358583878379202e-05
3.495436638295560e-05
5.190884128183323e-05
7.722089125349139e-05
1.145984035920178e-04
1.697305396515900e-04
2.512740101960551e-04
3.714107849140553e-04
5.474090665950187e-04
8.074770398579994e-04
1.186743885495982e-03
1.745736164587145e-03
2.555930214098419e-03
3.742300593272388e-03
5.482481265592379e-03
8.008128816377042e-03
1.174603620121936e-02
1.720441954547007e-02
2.525610473511844e-02
3.731149311469559e-02
5.541711772033209e-02
8.265516231833910e-02
1.240658917118825e-01
1.871415728015920e-01
2.811192538695615e-01
4.142907043110045e-01
5.804820399040732e-01
7.435793242958776e-01
8.661363270047148e-01
9.999944422472372e-01
9.999999999994800e-01
1.000000000000000e+00
1.000000000000000e+00
1.000000000000000e+00
1.000000000000000e+00
1.000000000000000e+00
1.000000000000000e+00
1.000000000000000e+00
1.000000000000000e+00
1.000000000000000e+00
###3.200000000000000e+00
-6.156741100023171e-11
-5.020049834120549e-11
-3.545533197339200e-11
-1.622539281998100e-11
5.249885728185289e-11
-5.430055088877694e-11
-6.321365745105248e-12
-8.457181878877811e-12
2.246178637634270e-11
6.760007447808949e-11
9.800773677055836e-13
4.341067545342240e-11
2.859255150363259e-11
2.203994831270764e-11
3.720546371320477e-11
4.899707536286139e-11
6.208908502103688e-11
7.202196104835770e-11
8.511695532439578e-11
8.836480021279540e-11
1.128086461688147e-10
1.553993822988836e-10
2.107147788487560e-10
2.534601437424586e-10
3.342555365513955e-10
4.426191295421700e-10
6.012023662983456e-10
7.851524276127427e-10
1.051617920424342e-09
1.383500769076128e-09
1.829822495566669e-09
2.449599148358101e-09
3.232922690541402e-09
4.299607263417441e-09
5.643540223254044e-09
7.525901351579529e-09
9.922333068969876e-09
1.312582145106626e-08
1.753410908549726e-08
2.311708494300991e-08
3.080797131215373e-08
4.118146542740946e-08
5.524829544414151e-08
7.439251694885974e-08
1.006602458919366e-07
1.373994000455691e-07
1.876340613781794e-07
2.598903858819520e-07
3.594813732610086e-07
5.043225463977242e-07
7.141405668993458e-07
1.015445527692773e-06
1.459290296924266e-06
2.111112588615205e-06
3.066701480054073e-06
4.477811102906767e-06
6.570678208259124e-06
9.676701329528655e-06
1.420273724630645e-05
2.097727750227590e-05
3.106727527369144e-05
4.584086059886205e-05
6.782657552228860e-05
1.004082290075261e-04
1.487894955540110e-04
2.183815469447808e-04
3.211880608747401e-04
4.722390394100256e-04
6.917869563810296e-04
1.014290340175427e-03
1.482499000270471e-03
2.164801341804450e-03
3.148187735038016e-03
4.575450068423770e-03
6.653130016676731e-03
9.642792903390677e-03
1.401302530512507e-02
2.032388887988563e-02
2.951636760360719e-02
4.304514974320895e-02
6.302000360476231e-02
9.240251554471403e-02
1.360275232760974e-01
2.006901962839183e-01
2.942853298792349e-01
4.231941167203843e-01
5.807783678614843e-01
7.358104796561832e-01
8.580859839636399e-01
9.999944422472372e-01
9.999999999994800e-01
1.000000000000000e+00
1.000000000000000e+00
1.000000000000000e+00
1.000000000000000e+00
1.000000000000000e+00
1.000000000000000e+00
1.000000000000000e+00
1.000000000000000e+00
1.000000000000000e+00
###3.600000000000000e+00
-7.892633563698994e-11
-3.730872780247586e-11
-2.532040208305801e-11
-3.008307813874470e-11
5.474459900881978e-11
-5.454486587153162e-11
1.797410579307824e-11
-6.058131155661082e-12
1.990908352545108e-11
5.556547016121353e-11
7.404589273324871e-12
4.501661945753193e-11
3.272092198939006e-11
2.726530588759399e-11
3.554025689375035e-11
5.569243304485665e-11
6.759241510662419e-11
8.522986280829591e-11
9.567985329157063e-11
1.023884982369570e-10
1.338955072638322e-10
1.833979379804980e-10
2.397409988813343e-10
2.992471513187176e-10
3.928032352646429e-10
5.277484508022575e-10
7.018787369713457e-10
9.190371830327237e-10
1.229150116252398e-09
1.620331463157408e-09
2.142144158794252e-09
2.864819977320965e-09
3.784281566837465e-09
5.029765737479713e-09
6.623505026035187e-09
8.861470340463571e-09
1.168289390324590e-08
1.549388228288973e-08
2.077487068767846e-08
2.752654222430587e-08
3.685356409725372e-08
4.953341364631676e-08
6.682478021794768e-08
9.058041801740464e-08
1.235626899919433e-07
1.698834842962944e-07
2.340187936195247e-07
3.265686593619218e-07
4.559722723480826e-07
6.420898449461999e-07
9.153369829615178e-07
1.309039367196545e-06
1.888800869988018e-06
2.741340103105781e-06
3.988010851623588e-06
5.823168298224499e-06
8.546178394215176e-06
1.257108356877163e-05
1.841475846648789e-05
2.711724456684057e-05
4.002907337672960e-05
5.882560208175838e-05
8.669099233425800e-05
1.277244544094924e-04
1.880010636512167e-04
2.749778004433264e-04
4.020772800320503e-04
5.880513149843530e-04
8.565720143084245e-04
1.248752962102546e-03
1.814932748434301e-03
2.632209284806431e-03
3.804598833336612e-03
5.491565923770264e-03
7.928082489033884e-03
1.140754782921558e-02
1.643534375742856e-02
2.361931474031395e-02
3.396250098711131e-02
4.895777477078735e-02
7.075033300099820e-02
1.021688119908428e-01
1.478344353609543e-01
2.138730111828523e-01
3.069949743438676e-01
4.320229247043557e-01
5.820857150258590e-01
7.300883836657899e-01
8.517433597709635e-01
9.999944422472372e-01
9.999999999994800e-01
1.000000000000000e+00
1.000000000000000e+00
1.000000000000000e+00
1.000000000000000e+00
1.000000000000000e+00
1.000000000000000e+00
1.000000000000000e+00
1.000000000000000e+00
1.000000000000000e+00
###4.000000000000000e+00
-7.669797408268392e-11
-3.613161447988675e-11
-3.412465364313340e-11
-3.003474211502252e-11
5.886346266114352e-11
-5.893708936156884e-11
1.676213479288696e-11
1.399157056952181e-11
6.941794278505285e-12
5.610080650651782e-11
9.264120513654268e-12
3.627380771858021e-11
3.472468423375716e-11
3.310570211800843e-11
4.935787352039607e-11
5.859035766577493e-11
7.932965903673702e-11
9.453383106048928e-11
1.086207972574600e-10
1.193295765013996e-10
1.557252907852274e-10
2.117319423195274e-10
2.782926006303673e-10
3.454908987713104e-10
4.600422944059213e-10
6.124491013884205e-10
8.127689823603972e-10
1.067399975193284e-09
1.422437536919522e-09
1.875438499676185e-09
2.481169586028477e-09
3.330435181098354e-09
4.386688871475607e-09
5.829872546522331e-09
7.708429411297057e-09
1.031611638226722e-08
1.363919078040563e-08
1.815890935736487e-08
2.440358970365330e-08
3.254845118424497e-08
4.384724794584529e-08
5.922925326743333e-08
8.038036457864667e-08
1.097298128105718e-07
1.508110098312292e-07
2.086667572519339e-07
2.898936311349088e-07
4.071621538885680e-07
5.721130274231040e-07
8.099061243960139e-07
1.160225214115344e-06
1.666769236108299e-06
2.410930033028449e-06
3.505502419742886e-06
5.100048860893872e-06
7.452463438951258e-06
1.092768857110101e-05
1.601813670055950e-05
2.345453679933806e-05
3.442637884939477e-05
5.064095067729892e-05
7.411935849829752e-05
1.088092972847660e-04
1.595717339591605e-04
2.335046403507258e-04
3.402453282672910e-04
4.947372509893387e-04
7.200323724326777e-04
1.043114892640603e-03
1.512427564761116e-03
2.186363996299315e-03
3.150767469389487e-03
4.527226492020950e-03
6.494949116445842e-03
9.309551100660144e-03
1.330305216550777e-02
1.901109503891432e-02
2.709098471919853e-02
3.859555051846093e-02
5.504577903256436e-02
7.860817033805120e-02
1.119579001750939e-01
1.595064624577795e-01
2.267596078896486e-01
3.193553917160104e-01
4.408481892817982e-01
5.843016530464817e-01
7.261250762122827e-01
8.469026891841076e-01
9.999944422472372e-01
9.999999999994800e-01
1.000000000000000e+00
1.000000000000000e+00
1.000000000000000e+00
1.000000000000000e+00
1.000000000000000e+00
1.000000000000000e+00
1.000000000000000e+00
1.000000000000000e+00
1.000000000000000e+00
###4.399999999999999e+00
-9.474638772402788e-11
-3.247104796111303e-11
-2.302603255313292e-11
-2.767974188459173e-11
8.604713419731449e-11
-5.844727423035256e-11
1.605086686309405e-11
1.861904409321968e-11
8.567186607361380e-12
5.704222267629497e-11
1.102715393977732e-11
3.994036400459532e-11
3.760009023948478e-11
3.478190470213422e-11
5.371516675341547e-11
6.464009816836248e-11
8.325535096944066e-11
1.038529711165641e-10
1.219022662873993e-10
1.375541528142273e-10
1.791431514297895e-10
2.419663798128072e-10
3.155014940720808e-10
3.980910031851990e-10
5.283526037404043e-10
7.023317543215488e-10
9.307763954118132e-10
1.224746184421100e-09
1.630071539677927e-09
2.151694571967520e-09
2.849152912426258e-09
3.819457237419694e-09
5.046102318510957e-09
6.707245662625580e-09
8.908184985270415e-09
1.194835061927077e-08
1.585062721145114e-08
2.116923806529532e-08
2.854657103642127e-08
3.831514741007073e-08
5.192449514462060e-08
7.061643377493182e-08
9.636030582413383e-08
1.324100612857340e-07
1.832364123727371e-07
2.552406364348715e-07
3.574186837333852e-07
5.039786298985215e-07
7.125273560704651e-07
1.013166189189974e-06
1.456950937820463e-06
2.101180300590756e-06
3.041171461494226e-06
4.427922595414249e-06
6.438733641581064e-06
9.404026227542052e-06
1.377165425834367e-05
2.012261182581978e-05
2.941679636457242e-05
4.303989652065594e-05
6.310333019560778e-05
9.198948484676217e-05
1.345155325257893e-04
1.964296084205043e-04
2.858775859211898e-04
4.149086246077629e-04
6.001984419950249e-04
8.693612962893336e-04
1.252857873069742e-03
1.807146298263536e-03
2.598817157920177e-03
3.722922030370088e-03
5.318644575494750e-03
7.585415695187307e-03
1.080000643809038e-02
1.533037198742077e-02
2.173470826924427e-02
3.073825475725619e-02
4.341135527536949e-02
6.130602574745492e-02
8.658953615088098e-02
1.217849759891654e-01
1.710775969481660e-01
2.393990752740766e-01
3.314362481753500e-01
4.497026086466845e-01
5.873518840141592e-01
7.236871375708390e-01
8.433448116876443e-01
9.999944422472372e-01
9.999999999994800e-01
1.000000000000000e+00
1.000000000000000e+00
1.000000000000000e+00
1.000000000000000e+00
1.000000000000000e+00
1.000000000000000e+00
1.000000000000000e+00
1.000000000000000e+00
1.000000000000000e+00
###4.800000000000000e+00
-1.123235887050800e-10
-2.685181141902701e-11
-1.888373289658973e-11
-1.922990561631321e-11
1.323200367138361e-10
-5.157879091317064e-11
6.218397553185100e-12
2.369609782405929e-11
-8.761158405374114e-12
4.435708502529856e-11
8.647087155062430e-12
4.406875008319973e-11
3.849448979698687e-11
4.150934486174076e-11
5.879369711471039e-11
7.303710255452913e-11
1.008444472697015e-10
1.149473988525139e-10
1.388454562362058e-10
1.600091424439474e-10
2.097714611263069e-10
2.753805396756319e-10
3.608634031598792e-10
4.581150271045550e-10
6.027681928170575e-10
7.996808672364595e-10
1.060255790225657e-09
1.397552570432140e-09
1.843352376900150e-09
2.446794561909030e-09
3.258054377686988e-09
4.382400924840179e-09
5.828561936013731e-09
7.795890990841201e-09
1.024377021943259e-08
1.376157390774105e-08
1.835074614465780e-08
2.463475156101653e-08
3.335215802467355e-08
4.502123299462658e-08
6.135409460406130e-08
8.396540928785668e-08
1.152460150412255e-07
1.594034288270606e-07
2.219642850421472e-07
3.111432024101050e-07
4.384783673881872e-07
6.204779394390790e-07
8.819194040358292e-07
1.257540676957859e-06
1.813750019884392e-06
2.622341607607177e-06
3.798353463530979e-06
5.530347356475187e-06
8.035478742388836e-06
1.172201055501476e-05
1.714064727967770e-05
2.497421750667161e-05
3.642500511529621e-05
5.311839789193898e-05
7.761131194427498e-05
1.127207374258631e-04
1.641890882604347e-04
2.387065066114441e-04
3.456945429311585e-04
4.996935861315417e-04
7.197188127681733e-04
1.037094817630013e-03
1.487359287677269e-03
2.134571787357212e-03
3.053283277236389e-03
4.350944296662746e-03
6.181774548833464e-03
8.765893293716499e-03
1.240183877216936e-02
1.749122214508627e-02
2.461691523535093e-02
3.455973379106373e-02
4.841059363656020e-02
6.773547610806875e-02
9.466426362926797e-02
1.316534765916171e-01
1.825694074153698e-01
2.518320841756200e-01
3.433149098435816e-01
4.586419296763872e-01
5.911347701636912e-01
7.225684429380141e-01
8.409329431370193e-01
9.999944422472372e-01
9.999999999994800e-01
1.000000000000000e+00
1.000000000000000e+00
1.000000000000000e+00
1.000000000000000e+00
1.000000000000000e+00
1.000000000000000e+00
1.000000000000000e+00
1.000000000000000e+00
1.000000000000000e+00
###5.200000000000000e+00
-1.131894731098243e-10
-2.538888882801866e-11
1.915838556590892e-12
-1.781629646711524e-11
1.405667827185027e-10
-5.215279066409106e-11
1.186114622396110e-11
2.673693963363480e-11
-6.091820354529481e-12
4.801352756802987e-11
1.288520497924268e-11
5.105122106732938e-11
4.436335435097812e-11
5.125805248892077e-11
6.618915613050110e-11
7.775665482645328e-11
1.128242781177572e-10
1.307982130385714e-10
1.649595709896950e-10
1.832335470917406e-10
2.400882594213038e-10
3.140068022390738e-10
4.079058755350707e-10
5.221749276298800e-10
6.846790275211590e-10
9.068524316702875e-10
1.201678368130050e-09
1.583965687947446e-09
2.093905929758793e-09
2.779310553359533e-09
3.703597214361237e-09
4.980917092095487e-09
6.637485585462384e-09
8.886431592325527e-09
1.175531529208337e-08
1.581985479492231e-08
2.120980335712093e-08
2.864345617656205e-08
3.890016827413338e-08
5.284096524308209e-08
7.241182920927132e-08
9.966270495840259e-08
1.376122627398273e-07
1.914085466360758e-07
2.682208839263159e-07
3.778666989456694e-07
5.347037414176624e-07
7.601188705070909e-07
1.084474809412132e-06
1.549838602664883e-06
2.242004377606898e-06
3.244806820629467e-06
4.700142916892289e-06
6.838436934661656e-06
9.927153774288435e-06
1.445371497630426e-05
2.108513223883579e-05
3.065656520698237e-05
4.459352438687441e-05
6.481338157027493e-05
9.433790620106036e-05
1.366011108085502e-04
1.981523723847653e-04
2.868260517792064e-04
4.136338418363611e-04
5.954683032311439e-04
8.541309530205368e-04
1.224612529298757e-03
1.748144663590194e-03
2.496706222250115e-03
3.552852248293678e-03
5.036961464560987e-03
7.119069550984728e-03
1.003864424635575e-02
1.411842767359427e-02
1.978897719369553e-02
2.765750595213001e-02
3.855517828836220e-02
5.358919989603832e-02
7.433413029936300e-02
1.028662652400690e-01
1.415754814737914e-01
1.940112396146450e-01
2.641100201213202e-01
3.550297868172874e-01
4.676762211703384e-01
5.955595892804473e-01
7.226200461487581e-01
8.395287194983936e-01
9.999944422472372e-01
9.999999999994800e-01
1.000000000000000e+00
1.000000000000000e+00
1.000000000000000e+00
1.000000000000000e+00
1.000000000000000e+00
1.000000000000000e+00
1.000000000000000e+00
1.000000000000000e+00
1.000000000000000e+00
###5.600000000000001e+00
-1.090609061186666e-10
-3.001825498119489e-11
-1.441696125337580e-12
-2.815953803393110e-11
1.389890512224041e-10
-5.754655743562977e-11
8.992967793767753e-12
3.108788090295744e-11
1.796475705574870e-12
4.789060924605458e-11
1.806856397315964e-11
5.469820167517441e-11
4.197947186366554e-11
5.815157844285607e-11
7.341835467217897e-11
8.406965521402292e-11
1.220878048971183e-10
1.485658241002893e-10
1.624648304632914e-10
2.068937901124816e-10
2.683573984597168e-10
3.480621702951145e-10
4.532143934045456e-10
5.885328712449973e-10
7.697989119406604e-10
1.021489507295805e-09
1.353718255943650e-09
1.784871105742670e-09
2.364729334740738e-09
3.144698706118616e-09
4.192075273272844e-09
5.643840096978461e-09
7.547126724445088e-09
1.011671555203751e-08
1.346906074168640e-08
1.817346944652689e-08
2.447292884668594e-08
3.324856597683723e-08
4.536160688538232e-08
6.195640619556616e-08
8.543088497787583e-08
1.182302485524437e-07
1.641262958847111e-07
2.295343390766649e-07
3.233549227444382e-07
4.575416066845998e-07
6.497852587349456e-07
9.264507557734880e-07
1.325716988394421e-06
1.898133087746988e-06
2.751620313398348e-06
3.982153037235989e-06
5.766361015099679e-06
8.380903643853927e-06
1.215155319213385e-05
1.765572708755431e-05
2.569545120496278e-05
3.726290151439360e-05
5.406178897544867e-05
7.830527953839870e-05
1.135646401858290e-04
1.639212722475252e-04
2.368570081807892e-04
3.415154373181795e-04
4.903374292497990e-04
7.030546196236406e-04
1.004355948795875e-03
1.433096909513473e-03
2.036717722199410e-03
2.895407165602795e-03
4.099431928361171e-03
5.783833467310870e-03
8.132976503550025e-03
1.140716594261796e-02
1.595097239185377e-02
2.222759781451980e-02
3.085669651862322e-02
4.272785119386831e-02
5.894894782979911e-02
8.109791288482927e-02
1.112003453442326e-01
1.515591637304816e-01
2.054130344142111e-01
2.762694954233283e-01
3.666454195855177e-01
4.768320439934701e-01
6.005899512254729e-01
7.236770459062275e-01
8.389930479843132e-01
9.999944422472372e-01
9.999999999994800e-01
1.000000000000000e+00
1.000000000000000e+00
1.000000000000000e+00
1.000000000000000e+00
1.000000000000000e+00
1.000000000000000e+00
1.000000000000000e+00
1.000000000000000e+00
1.000000000000000e+00
###6.000000000000001e+00
-1.158140788655555e-10
-2.317366101466099e-11
-4.445346726706592e-12
-2.794658911835755e-11
1.382348027788280e-10
-5.787463724781369e-11
1.677307735159110e-11
3.468424838086954e-11
7.525480868433593e-12
5.074421838332931e-11
-3.770622343894431e-10
6.000354099235245e-11
4.581165690801226e-11
6.300584302669469e-11
7.862458289956170e-11
9.654003747472132e-11
1.371725117070521e-10
1.468375003573398e-10
1.870315936781829e-10
2.280602362529988e-10
3.000503093154493e-10
3.886231993359988e-10
5.059932551398425e-10
6.597348748899261e-10
8.600312917737506e-10
1.144218943695648e-09
1.517871338449299e-09
2.006774457490718e-09
2.665096845189894e-09
3.548619843887473e-09
4.739348410538998e-09
6.385605268726050e-09
8.563386555596137e-09
1.151007266913679e-08
1.542024796695745e-08
2.089492004704067e-08
2.826648692241054e-08
3.862829166322068e-08
5.289529686657887e-08
7.268168823367885e-08
1.007722420003800e-07
1.402334132603938e-07
1.954966928974942e-07
2.747790125426032e-07
3.887878157410893e-07
5.522351766144527e-07
7.865785081386635e-07
1.124138147452683e-06
1.611992414187128e-06
2.310530796026299e-06
3.353706710959207e-06
4.851495036021736e-06
7.019602978211311e-06
1.018954576992485e-05
1.474341557759843e-05
2.138416228958135e-05
3.105928857721054e-05
4.489894013590064e-05
6.495242890917006e-05
9.378625510701283e-05
1.355495752520675e-04
1.950114365397279e-04
2.807362981824642e-04
4.032240881898909e-04
5.764806021326034e-04
8.232350271374932e-04
1.171414740304613e-03
1.664076224893026e-03
2.354608551698026e-03
3.332358247102873e-03
4.695679325675108e-03
6.594149206532780e-03
9.226115228010394e-03
1.287382992769771e-02
1.790305633796539e-02
2.480372618689522e-02
3.422014845686925e-02
4.707789076737313e-02
6.449358561355777e-02
8.803331471662801e-02
1.196743750567035e-01
1.616151826197188e-01
2.167957513922671e-01
2.883393566712423e-01
3.781767857958344e-01
4.861231484959742e-01
6.061812365615413e-01
7.256120394897753e-01
8.392040732637076e-01
9.999944422472372e-01
9.999999999994800e-01
1.000000000000000e+00
1.000000000000000e+00
1.000000000000000e+00
1.000000000000000e+00
1.000000000000000e+00
1.000000000000000e+00
1.000000000000000e+00
1.000000000000000e+00
1.000000000000000e+00
###6.400000000000001e+00
-1.141691931785756e-10
-2.389461226836895e-11
1.762111635213014e-11
-2.747497370072125e-11
1.289182002770209e-10
-5.468554193602826e-11
-5.611308819383712e-12
2.381058200012388e-11
1.317594641130205e-11
5.275196229277328e-11
-3.691289004976722e-10
6.477090378631065e-11
5.157568208785907e-11
7.187789279587698e-11
8.767579455656451e-11
1.054910949734531e-10
1.539494450325718e-10
1.634507253852003e-10
2.080126473085155e-10
2.569609114542564e-10
3.348576139005441e-10
4.351574905544046e-10
5.639318629125100e-10
7.365829590394046e-10
9.648649029611811e-10
1.247931979695968e-09
1.699924971986668e-09
2.252573559469249e-09
3.001418877302713e-09
3.999500109197995e-09
5.348655581003431e-09
7.228769786264190e-09
9.720011667067762e-09
1.310868963905207e-08
1.765991298770070e-08
2.402492188813937e-08
3.267021179272326e-08
4.490428519137529e-08
6.171843801019681e-08
8.527779735723694e-08
1.188232664410676e-07
1.660854118497526e-07
2.326109732272510e-07
3.282935978085410e-07
4.662791138976851e-07
6.644159604560588e-07
9.484310395206243e-07
1.357869621675831e-06
1.949839294240648e-06
2.795940905564519e-06
4.060697157496592e-06
5.870165064416159e-06
8.484639697654904e-06
1.229628621633496e-05
1.776216872722409e-05
2.570076292463818e-05
3.723125294270293e-05
5.368790361281260e-05
7.743440906602574e-05
1.114511055072514e-04
1.605453495091782e-04
2.302121930190673e-04
3.301637755133236e-04
4.725014534419940e-04
6.728385544702449e-04
9.570888200024930e-04
1.356579094750233e-03
1.918857425702773e-03
2.703701542765940e-03
3.809789714899386e-03
5.343806442765731e-03
7.469993277451231e-03
1.040156775302630e-02
1.444195921179193e-02
1.997742109497217e-02
2.752269951978789e-02
3.774738044871879e-02
5.160768297092810e-02
7.022512032806691e-02
9.514122181632696e-02
1.282894390572608e-01
1.717454111680595e-01
2.281942209206781e-01
3.003586513763088e-01
3.896711168159270e-01
4.955529431725852e-01
6.122299414031361e-01
7.283077960130785e-01
8.400883035015532e-01
9.999944422472372e-01
9.999999999994800e-01
1.000000000000000e+00
1.000000000000000e+00
1.000000000000000e+00
1.000000000000000e+00
1.000000000000000e+00
1.000000000000000e+00
1.000000000000000e+00
1.000000000000000e+00
1.000000000000000e+00
###6.800000000000002e+00
-1.196326691801729e-10
-1.683868563404255e-11
4.117876873605723e-11
-2.408097747476650e-11
1.280301905865692e-10
-3.932327656263056e-11
-8.588932187095292e-14
-4.650643751174074e-11
2.184369494118561e-11
5.846662236196865e-11
-3.624305491003550e-10
7.015684383157073e-11
6.336255761266131e-11
1.030653462449807e-10
9.780935041675902e-11
1.179675303859401e-10
1.682705895946338e-10
1.837938434891176e-10
2.322954434168608e-10
2.868165776219692e-10
3.794808491273281e-10
4.842011390822976e-10
6.280964494317190e-10
8.204185723618477e-10
1.077852301062300e-09
1.403140734537242e-09
1.885671356661547e-09
2.524129574816982e-09
3.369798502084396e-09
4.502090117599869e-09
6.038719156499111e-09
8.172128070775428e-09
1.103326077073118e-08
1.493767388169080e-08
2.023018075656163e-08
2.763781660775164e-08
3.778400794020115e-08
5.224055683844675e-08
7.206587675230783e-08
1.000835594179877e-07
1.400846015604834e-07
1.966237128365236e-07
2.764154051734703e-07
3.914807389647765e-07
5.577670014368883e-07
7.966331846119657e-07
1.139059678778464e-06
1.632710389632890e-06
2.346083725039081e-06
3.365515991080502e-06
4.884055365025254e-06
7.058142794036196e-06
1.018812111250940e-05
1.473945633810842e-05
2.124895679246347e-05
3.067210703893718e-05
4.430963316829600e-05
6.373087035377335e-05
9.165225195984220e-05
1.315082820125334e-04
1.887905462148185e-04
2.698771900200505e-04
3.855956188698065e-04
5.499212361399868e-04
7.801334278535705e-04
1.105582314598124e-03
1.560979695103475e-03
2.198975251366424e-03
3.085610413148995e-03
4.329613631688148e-03
6.046402139168087e-03
8.414863629248714e-03
1.166227438862474e-02
1.611396277643511e-02
2.217649638708739e-02
3.038551058220879e-02
4.144049138478687e-02
5.631722505262503e-02
7.614113646326179e-02
1.024238204247809e-01
1.370421029311857e-01
1.819716085373794e-01
2.396100896821614e-01
3.123416822358532e-01
4.011477916797950e-01
5.051320858388577e-01
6.187179997278119e-01
7.316720706311461e-01
8.415281692719054e-01
9.999944422472372e-01
9.999999999994800e-01
1.000000000000000e+00
1.000000000000000e+00
1.000000000000000e+00
1.000000000000000e+00
1.000000000000000e+00
1.000000000000000e+00
1.000000000000000e+00
1.000000000000000e+00
1.000000000000000e+00
###7.200000000000002e+00
-1.239124996538640e-10
1.335725076973830e-11
2.935116684137096e-11
-1.214863780685478e-11
1.313451321010017e-10
-3.239241313391676e-11
9.739715321092670e-12
-3.808463405167436e-11
2.781744850277144e-11
7.081428487573847e-11
-3.490720729626982e-10
8.742044759194088e-11
8.117685891194704e-11
1.200691398232697e-10
1.167526809639038e-10
1.382784885247392e-10
1.951866373048124e-10
2.126485438046783e-10
2.666641505652548e-10
3.266979293964865e-10
4.293435643990862e-10
5.462443709927732e-10
7.075256301947098e-10
9.191367095354009e-10
1.208078096436122e-09
1.580623817804775e-09
2.115604064568686e-09
2.832786549321803e-09
3.789398531611029e-09
5.080092138760872e-09
6.828538565403171e-09
9.264147480759258e-09
1.254250206525515e-08
1.704340374701087e-08
2.319054503946865e-08
3.183320299489040e-08
4.376110014390207e-08
6.078801656275395e-08
8.423820161119124e-08
1.174798346144627e-07
1.650430651026215e-07
2.325081175886353e-07
3.280787391804833e-07
4.659168368629504e-07
6.654164274735986e-07
9.521511885211030e-07
1.362757234925617e-06
1.955572079513989e-06
2.810451256213524e-06
4.036798180712816e-06
5.842180811364969e-06
8.436464349049583e-06
1.215917714934932e-05
1.755914436636214e-05
2.525671780410375e-05
3.637026629588112e-05
5.236389098599038e-05
7.516487175877033e-05
1.077892909211934e-04
1.541883732227907e-04
2.206229391765614e-04
3.143916559768485e-04
4.476088977803747e-04
6.361933198633598e-04
8.991384459064103e-04
1.269605078694500e-03
1.785840472791263e-03
2.505947551334002e-03
3.502077764557980e-03
4.894179547685880e-03
6.805922860297886e-03
9.431198789655957e-03
1.301155824589532e-02
1.789271891011699e-02
2.450424661958759e-02
3.339746673771087e-02
4.530333356785281e-02
6.120898857903236e-02
8.224450891359705e-02
1.098845074686878e-01
1.459549042605930e-01
1.922918661441266e-01
2.510613547545747e-01
3.243113348461996e-01
4.126335673248331e-01
5.148593321124407e-01
6.255999960941990e-01
7.356236089644369e-01
8.434749245941006e-01
9.999944422472372e-01
9.999999999994800e-01
1.000000000000000e+00
1.000000000000000e+00
1.000000000000000e+00
1.000000000000000e+00
1.000000000000000e+00
1.000000000000000e+00
1.000000000000000e+00
1.000000000000000e+00
1.000000000000000e+00
###7.600000000000002e+00
-1.091859479249856e-10
8.637001815668038e-12
2.872754377905373e-11
-1.600915764593665e-11
1.231206714301806e-10
-2.479490290210450e-11
1.814426903310700e-11
-2.857443903251783e-11
3.045547053652619e-11
7.754190164180158e-11
-3.259081810376442e-10
1.077612440195432e-10
1.011061292717406e-10
1.387468139716359e-10
1.418611652839497e-10
1.611648452624052e-10
2.198413666300718e-10
2.580718495898238e-10
3.066779812246574e-10
3.756821786563775e-10
4.852278089767615e-10
6.155252612361597e-10
7.957695624013233e-10
1.030556671498910e-09
1.352008164123976e-09
1.772806279999577e-09
2.372927491612224e-09
3.179046912264444e-09
4.259672498597566e-09
5.730706225446902e-09
7.721777455816268e-09
1.050381878711304e-08
1.428402142744215e-08
1.948119432707969e-08
2.664929090926036e-08
3.669934981375019e-08
5.073086678239172e-08
7.068053604531390e-08
9.848874753915795e-08
1.378805272446743e-07
1.943930641905609e-07
2.746916297566927e-07
3.886259049638181e-07
5.532251297917064e-07
7.915346991992230e-07
1.133952267092469e-06
1.624105702299088e-06
2.331856260932055e-06
3.350074466226961e-06
4.814803244170187e-06
6.952069614448034e-06
1.002733240614634e-05
1.442683493801965e-05
2.079471288474239e-05
2.984747606178051e-05
4.286908564164755e-05
6.151532402530138e-05
8.811833005900211e-05
1.260080463762327e-04
1.797233075194808e-04
2.563210042797961e-04
3.641298176998511e-04
5.166697502756915e-04
7.319279952747872e-04
1.030747508250072e-03
1.450281302639455e-03
2.032510065710206e-03
2.841061197758009e-03
3.955209797691935e-03
5.505450915885868e-03
7.624787331489570e-03
1.052159412159554e-02
1.445123654809028e-02
1.978250156542179e-02
2.696311473049531e-02
3.656244264743649e-02
4.934164509330304e-02
6.628543007012415e-02
8.853632839826299e-02
1.175254955606786e-01
1.550217938683880e-01
2.027162035769494e-01
2.625610557001321e-01
3.362910884490349e-01
4.241419022230289e-01
5.247239401302929e-01
6.328351574961679e-01
7.400763632236846e-01
8.458709871431321e-01
9.999944422472372e-01
9.999999999994800e-01
1.000000000000000e+00
1.000000000000000e+00
1.000000000000000e+00
1.000000000000000e+00
1.000000000000000e+00
1.000000000000000e+00
1.000000000000000e+00
1.000000000000000e+00
1.000000000000000e+00
###8.000000000000002e+00
-1.094572629590370e-10
1.014578583239473e-11
3.201612502548562e-11
-1.164002142767002e-11
1.275862250878165e-10
-1.547540605750074e-11
3.399783856927966e-11
-2.247926925468130e-11
4.646199739050210e-11
9.355346413720365e-11
-2.948739904999037e-10
1.303413544961723e-10
1.195923954046981e-10
1.641854335436332e-10
1.773917148728211e-10
1.911323145725210e-10
2.498455728222605e-10
2.936042571821390e-10
3.526602743073212e-10
4.258348129366387e-10
5.471773603588621e-10
6.940670437029765e-10
8.943101819187283e-10
1.156774472360270e-09
1.514210988337388e-09
1.988721109221396e-09
2.664866334336200e-09
3.570451447934978e-09
4.794038506259785e-09
6.471347153660540e-09
8.739277238993996e-09
1.193048909709389e-08
1.628631754179298e-08
2.230116730757689e-08
3.065451902514872e-08
4.239816664773908e-08
5.886588253526990e-08
8.227077356795848e-08
1.151646887014209e-07
1.617191234510925e-07
2.287920370573061e-07
3.240359654610118e-07
4.596689398858530e-07
6.552915013591774e-07
9.388160477729695e-07
1.345970500510938e-06
1.928226150432460e-06
2.768693455535342e-06
3.976289599867831e-06
5.714290593477933e-06
8.233046893139458e-06
1.185799365888863e-05
1.702589195776572e-05
2.449097066665990e-05
3.507980550396086e-05
5.025752266201786e-05
7.189457707689517e-05
1.027532383273463e-04
1.465107537029322e-04
2.083603988108179e-04
2.962336004299894e-04
4.195430550429554e-04
5.933560537560565e-04
8.378270644925215e-04
1.175802145058830e-03
1.648636440260855e-03
2.302265742934545e-03
3.206168446608604e-03
4.446656968282440e-03
6.165999406388480e-03
8.505717100106825e-03
1.168854013582319e-02
1.598643293416609e-02
2.178739014089998e-02
2.955671606795290e-02
3.988174182640385e-02
5.355409618884430e-02
7.155035466389507e-02
9.501982417277079e-02
1.253497368091984e-01
1.642350618790627e-01
2.132587268170028e-01
2.741229881931199e-01
3.482905841948525e-01
4.356819825354429e-01
5.347291261233117e-01
6.403810512182780e-01
7.449736623136983e-01
8.486235003115498e-01
9.999944422472372e-01
9.999999999994800e-01
1.000000000000000e+00
1.000000000000000e+00
1.000000000000000e+00
1.000000000000000e+00
1.000000000000000e+00
1.000000000000000e+00
1.000000000000000e+00
1.000000000000000e+00
1.000000000000000e+00
###8.400000000000002e+00
-1.157206936114277e-10
6.648204504493653e-12
3.216409414024575e-11
-9.046514955565777e-12
1.267416721501710e-10
-6.629692569350857e-12
4.892084432823647e-11
2.682479792480557e-11
6.356790306580191e-11
1.084783546962896e-10
-2.558889092797066e-10
1.579330860259562e-10
1.505991470952884e-10
1.886063793129379e-10
2.051110459746120e-10
2.219372455349844e-10
2.849107607614171e-10
3.349249197370276e-10
3.990788889019818e-10
4.848457033248738e-10
6.177283833286653e-10
7.820078501279176e-10
1.004482359606122e-09
1.298184981691622e-09
1.696001115004407e-09
2.232047069618246e-09
2.989484482895536e-09
4.014050490728441e-09
5.401645720958019e-09
7.317871607863364e-09
9.909090631870441e-09
1.357231177729867e-08
1.859607227158872e-08
2.556927080834006e-08
3.532008199097565e-08
4.900678383828933e-08
6.831001143190526e-08
9.581960103385110e-08
1.346213948217407e-07
1.895940016576311e-07
2.689596946605110e-07
3.816786544061531e-07
5.426069255876123e-07
7.743331493636697e-07
1.110198835670845e-06
1.592144850259239e-06
2.281417213203887e-06
3.275057471082120e-06
4.698194108303974e-06
6.748512045253855e-06
9.703233585242747e-06
1.395311834996497e-05
1.999768894307910e-05
2.870416158814254e-05
4.102090470330077e-05
5.862211017257521e-05
8.361144692889619e-05
1.192197348723403e-04
1.695337388596768e-04
2.403882904718088e-04
3.407272712261610e-04
4.810854320756776e-04
6.782325086593968e-04
9.546134486387471e-04
1.335201554768182e-03
1.865863818134051e-03
2.596396574684241e-03
3.602869693476118e-03
4.978738968165569e-03
6.877890408850816e-03
9.451166356538256e-03
1.293544925400231e-02
1.761939874979035e-02
2.390883645808056e-02
3.228887737389239e-02
4.336192360562274e-02
5.794293770727613e-02
7.700799660824878e-02
1.016984267070661e-01
1.333574869906570e-01
1.736203831310639e-01
2.239176348899907e-01
2.857541900174339e-01
3.603290526597582e-01
4.472766633543669e-01
5.448632610352345e-01
6.481980833734109e-01
7.502561387866922e-01
8.517297769393197e-01
9.999944422472372e-01
9.999999999994800e-01
1.000000000000000e+00
1.000000000000000e+00
1.000000000000000e+00
1.000000000000000e+00
1.000000000000000e+00
1.000000000000000e+00
1.000000000000000e+00
1.000000000000000e+00
1.000000000000000e+00
###8.800000000000002e+00
-1.024049770576201e-10
7.584362665653959e-12
1.723956618900037e-11
-6.795009812326940e-12
1.426077786773391e-10
1.095690639079224e-11
5.521008867354729e-11
3.195919161365493e-11
7.266162022319828e-11
1.173324876254507e-10
-2.329575792693935e-10
1.684545492176291e-10
1.661740102796198e-10
2.103507691374836e-10
2.245814227550964e-10
2.504619000218705e-10
3.141198826929925e-10
3.682767295041901e-10
4.548367203815283e-10
5.380929490868645e-10
6.848564683903077e-10
8.664839363281415e-10
1.116646972701869e-09
1.444902375200903e-09
1.893152643858556e-09
2.499524780174590e-09
3.352679101054798e-09
4.510763920634160e-09
6.091023970652560e-09
8.275131601311328e-09
1.124817831045897e-08
1.546258181551972e-08
2.127093612773292e-08
2.934715267783839e-08
4.072009147467308e-08
5.669317553183711e-08
7.933414589510224e-08
1.116003976888127e-07
1.573120753544911e-07
2.221066276357469e-07
3.156987591956997e-07
4.487476400700413e-07
6.390079808074101e-07
9.125672261727412e-07
1.308771391784651e-06
1.876363408816331e-06
2.688839223160957e-06
3.857284460574341e-06
5.528676292179649e-06
7.934544977242835e-06
1.138701285970865e-05
1.634679641555607e-05
2.337694313952518e-05
3.348438289934699e-05
4.774358082625816e-05
6.805641640471666e-05
9.678733758120112e-05
1.376872640251654e-04
1.952633417206611e-04
2.761192627931633e-04
3.901414984816093e-04
5.492648889529450e-04
7.718892486897058e-04
1.083085750019572e-03
1.509988211747183e-03
2.103076469340887e-03
2.916685384245095e-03
4.033090097690899e-03
5.553363417347484e-03
7.643577945692571e-03
1.046392736312244e-02
1.426556914486654e-02
1.935293167266406e-02
2.615161309985103e-02
3.516361005244792e-02
4.700621834639664e-02
6.251343318577296e-02
8.265867926502839e-02
1.085731427988738e-01
1.415506244174911e-01
1.831665019417947e-01
2.347008091468638e-01
2.974655254882249e-01
3.724111483143078e-01
4.589276874422587e-01
5.551243304978984e-01
6.562590629708820e-01
7.558777579883157e-01
8.550898241004082e-01
9.999944422472372e-01
9.999999999994800e-01
1.000000000000000e+00
1.000000000000000e+00
1.000000000000000e+00
1.000000000000000e+00
1.000000000000000e+00
1.000000000000000e+00
1.000000000000000e+00
1.000000000000000e+00
1.000000000000000e+00
###9.200000000000003e+00
-1.156233753991883e-10
7.227777355191534e-12
7.233609873976830e-12
-5.440202166124918e-12
1.529330919197839e-10
1.765361144223802e-11
6.045349632499948e-11
3.846185535239143e-11
8.040730442282956e-11
1.279397152556502e-10
-2.095189982144415e-10
1.873600966938039e-10
1.871892625378658e-10
2.341579543265013e-10
2.506848204196417e-10
2.809688195988300e-10
3.440239679819432e-10
4.066975044062343e-10
5.044428450075876e-10
5.965082727122327e-10
7.588586687445903e-10
9.624171989462579e-10
1.242227707656848e-09
1.609287217621751e-09
2.114553062653400e-09
2.799040174235986e-09
3.762175013735519e-09
5.076508248012585e-09
6.880499586847537e-09
9.378543944082229e-09
1.279122195061106e-08
1.764385077169036e-08
2.436235084289424e-08
3.373915553219306e-08
4.698413192059305e-08
6.565928048840673e-08
9.215588797545707e-08
1.299795353952299e-07
1.836920308413821e-07
2.598613721251036e-07
3.700629501436799e-07
5.267346429981371e-07
7.510892510223082e-07
1.072464660662429e-06
1.538163858089684e-06
2.204478621880056e-06
3.157465385537119e-06
4.525800467445483e-06
6.479211769065485e-06
9.289850952825870e-06
1.330520330500122e-05
1.906691748455882e-05
2.721134941719757e-05
3.888951793495471e-05
5.531722588329215e-05
7.866505535219260e-05
1.115607405325079e-04
1.583282467382175e-04
2.239397142093075e-04
3.158198225002584e-04
4.448965772301703e-04
6.245431169598870e-04
8.750105021891426e-04
1.224009724399756e-03
1.701054436472398e-03
2.361528325104164e-03
3.264348232942685e-03
4.498444910160253e-03
6.172832649780840e-03
8.465721658004728e-03
1.154683284648010e-02
1.568196369964928e-02
2.119121944236933e-02
2.851906329517311e-02
3.818244112428370e-02
5.081446317981196e-02
6.726710124864635e-02
8.850114132691417e-02
1.156443742749942e-01
1.499365246933904e-01
1.928704072101341e-01
2.456142340032636e-01
3.092662070991751e-01
3.845594416502698e-01
4.706462507627215e-01
5.655019439687925e-01
6.645510562475972e-01
7.617614325204045e-01
8.586802701907021e-01
9.999944422472372e-01
9.999999999994800e-01
1.000000000000000e+00
1.000000000000000e+00
1.000000000000000e+00
1.000000000000000e+00
1.000000000000000e+00
1.000000000000000e+00
1.000000000000000e+00
1.000000000000000e+00
1.000000000000000e+00
###9.600000000000003e+00
-1.043687049616794e-10
7.248762200282553e-12
1.586798493554310e-12
-6.996652573896639e-12
1.440047979712911e-10
2.058800639220205e-11
7.173845396506228e-11
5.320824506368821e-11
8.946517456551837e-11
1.379768671331668e-10
-1.749568793178289e-10
2.031349218613820e-10
2.063378966532655e-10
2.555645056743527e-10
2.787371860832025e-10
3.085018280787830e-10
3.720792379890458e-10
4.481563984693832e-10
5.533280833750993e-10
6.622181613348815e-10
8.406194996263353e-10
1.068084425008131e-09
1.381616707782094e-09
1.799965123065167e-09
2.362046775100873e-09
3.140414546676777e-09
4.227756060349884e-09
5.723566866294113e-09
7.780744418235387e-09
1.064048070764971e-08
1.456911610701967e-08
2.016087936689261e-08
2.793866130738822e-08
3.881700098692023e-08
5.427577193667074e-08
7.605543619375412e-08
1.070479196833152e-07
1.513157283093608e-07
2.143229296123584e-07
3.036864209827453e-07
4.331708583985130e-07
6.171262608631244e-07
8.802105220275502e-07
1.256992072819189e-06
1.802836498433268e-06
2.582710281098120e-06
3.695535935578747e-06
5.290791571693363e-06
7.564736545903982e-06
1.081653814202143e-05
1.548577351656632e-05
2.214767653005077e-05
3.154550255100902e-05
4.498371104847812e-05
6.384006912697541e-05
9.055908098649539e-05
1.281449256891643e-04
1.813401847614210e-04
2.558252404526180e-04
3.598138868988020e-04
5.053942743758475e-04
7.074381376599603e-04
9.882351482315361e-04
1.378214111087502e-03
1.909456433058149e-03
2.642524288541849e-03
3.640946307582239e-03
5.000717180888336e-03
6.839054219829557e-03
9.346611314144153e-03
1.270295687846309e-02
1.718876309986052e-02
2.313818911197991e-02
3.101536598006424e-02
4.135231032616690e-02
5.479262363915960e-02
7.220618718494745e-02
9.454323559315625e-02
1.229142312894188e-01
1.585170785510686e-01
2.027481369480139e-01
2.566665845291601e-01
3.211626592635235e-01
3.967579960221927e-01
4.824114369953561e-01
5.759805864423787e-01
6.730186759750837e-01
7.679093854230377e-01
8.624883580185305e-01
9.999944422472372e-01
9.999999999994800e-01
1.000000000000000e+00
1.000000000000000e+00
1.000000000000000e+00
1.000000000000000e+00
1.000000000000000e+00
1.000000000000000e+00
1.000000000000000e+00
1.000000000000000e+00
1.000000000000000e+00
###1.000000000000000e+01
-9.978609485556151e-11
4.246197547012930e-12
-5.472732924884711e-12
-5.234706232398518e-12
1.416449672020812e-10
2.572359231333814e-11
7.867049755875595e-11
5.892886259298181e-11
9.973584649533371e-11
1.495285891232412e-10
-1.472872902179115e-10
2.110513499437363e-10
2.262419280571164e-10
2.822158879296032e-10
3.059606145495064e-10
3.371276492086246e-10
4.087024912473114e-10
4.919292385719318e-10
6.094648165612912e-10
7.323654307737772e-10
9.300287132752958e-10
1.186909348453041e-09
1.541001043837638e-09
2.006724329035523e-09
2.642112093915974e-09
3.524207836349228e-09
4.756740232401982e-09
6.461313026192551e-09
8.810014156476557e-09
1.208964762034000e-08
1.661595354093343e-08
2.306757233539808e-08
3.207122995846899e-08
4.470690424260571e-08
6.269810897177702e-08
8.811794292965072e-08
1.243053227899593e-07
1.760807370328905e-07
2.498124534378836e-07
3.544025112044068e-07
5.058295631862220e-07
7.212548751040648e-07
1.029363911981601e-06
1.469281417287193e-06
2.106567555260818e-06
3.015049405570360e-06
4.310322294303087e-06
6.164550563254161e-06
8.799417484856701e-06
1.255206199757855e-05
1.795435170710818e-05
2.562920814959125e-05
3.643109682749044e-05
5.183371821497587e-05
7.339554812817075e-05
1.038559004622877e-04
1.466424207371192e-04
2.069291336738752e-04
2.911550991388795e-04
4.084456910865645e-04
5.720858414685568e-04
7.985121741688351e-04
1.112316509720862e-03
1.546699695994777e-03
2.136321805584948e-03
2.947303949739347e-03
4.048272632829778e-03
5.542111614926738e-03
7.554376889320595e-03
1.028906714894262e-02
1.393493859654255e-02
1.878771601312627e-02
2.519750939130099e-02
3.364339979793220e-02
4.467462778134296e-02
5.894414228063641e-02
7.733472088686444e-02
1.007893075231665e-01
1.303930212347672e-01
1.672950425709588e-01
2.127984814427351e-01
2.678593468892107e-01
3.331575738276727e-01
4.090324619330879e-01
4.942408329050764e-01
5.865584374510966e-01
6.816579370350774e-01
7.742540489357926e-01
8.664477971692353e-01
9.999944422472372e-01
9.999999999994800e-01
1.000000000000000e+00
1.000000000000000e+00
1.000000000000000e+00
1.000000000000000e+00
1.000000000000000e+00
1.000000000000000e+00
1.000000000000000e+00
1.000000000000000e+00
1.000000000000000e+00
###1.040000000000000e+01
-1.185521492352085e-10
-3.007441302929993e-11
-7.597470328330036e-12
2.242887791748185e-12
1.438607535296230e-10
2.606605329895198e-11
8.550881785158957e-11
6.656572755398202e-11
1.090038226171398e-10
1.666307034859913e-10
-1.179366346110880e-10
2.284627341016453e-10
2.502377892287332e-10
3.107819481806163e-10
3.352516257580045e-10
3.710705893751074e-10
4.452322557538432e-10
5.422390593858185e-10
6.694899194650248e-10
8.030757954364527e-10
1.028191746344193e-09
1.315455158061205e-09
1.713502072572623e-09
2.236461582672015e-09
2.959496513770627e-09
3.960627686280433e-09
5.360305134606013e-09
7.303704433677555e-09
9.994937556710276e-09
1.375651886044341e-08
1.898326359032122e-08
2.642237623285750e-08
3.684919307311885e-08
5.151856093211620e-08
7.245386325911735e-08
1.020957020593722e-07
1.443079085789846e-07
2.046901664539076e-07
2.908488926432220e-07
4.129072000209331e-07
5.897091931303000e-07
8.411657044480292e-07
1.200602863231667e-06
1.713714749057457e-06
2.454199659807445e-06
3.509084340373069e-06
5.011784284841087e-06
7.157867007451053e-06
1.020071373063428e-05
1.453817587404510e-05
2.074287069182400e-05
2.955359298121678e-05
4.191849238686995e-05
5.950797726605784e-05
8.406814504348530e-05
1.186895560823567e-04
1.672111611117651e-04
2.353120413129154e-04
3.302371069471449e-04
4.620673200092405e-04
6.454401884072945e-04
8.983567574276861e-04
1.247888798309050e-03
1.730285945630817e-03
2.382865314468233e-03
3.277438096163106e-03
4.487945589886522e-03
6.125002387593202e-03
8.321206642754377e-03
1.129536766604180e-02
1.524650180746385e-02
2.048253448703865e-02
2.737217897602696e-02
3.640736255589518e-02
4.815388525663289e-02
6.327251400345053e-02
8.265951703816679e-02
1.072393611191334e-01
1.380791193690005e-01
1.762707148521768e-01
2.230267202044484e-01
2.791885932874289e-01
3.452582515717134e-01
4.213768381357857e-01
5.061359042362137e-01
5.972225601503544e-01
6.904334962258116e-01
7.807655963325727e-01
8.705391731849269e-01
9.999944422472372e-01
9.999999999994800e-01
1.000000000000000e+00
1.000000000000000e+00
1.000000000000000e+00
1.000000000000000e+00
1.000000000000000e+00
1.000000000000000e+00
1.000000000000000e+00
1.000000000000000e+00
1.000000000000000e+00
###1.080000000000000e+01
-1.172936219209416e-10
-4.081103702827615e-11
-4.991481659765229e-12
1.982512794423285e-12
1.447146532904427e-10
3.031181280443213e-11
9.296465500510744e-11
6.738252672081202e-11
1.181010362941043e-10
1.787563252066119e-10
-8.563714926865856e-11
2.501997362632757e-10
2.659194482895202e-10
3.427594822547021e-10
3.685970868940751e-10
4.086528811014623e-10
4.893777253564205e-10
5.952862461701239e-10
7.346984433678783e-10
8.902666928406317e-10
1.136346877300555e-09
1.462378184586566e-09
1.908543375083655e-09
2.497473877660610e-09
3.308556569706755e-09
4.456462253420621e-09
6.048330299327558e-09
8.268507021496202e-09
1.135113799074829e-08
1.567839046034060e-08
2.171059530606923e-08
3.030326002789270e-08
4.237564789638613e-08
5.939480064686928e-08
8.373818741033169e-08
1.182554988447551e-07
1.674260672173882e-07
2.377042756061704e-07
3.381368149994688e-07
4.803482765851615e-07
6.861510386706356e-07
9.787358834532006e-07
1.397003875202172e-06
1.993311246506362e-06
2.850878346946000e-06
4.071850823830220e-06
5.808510791178185e-06
8.285180669020095e-06
1.178927748777568e-05
1.677745472029952e-05
2.388398237615151e-05
3.396045401128954e-05
4.806980803879723e-05
6.809063144996557e-05
9.598190560276226e-05
1.351795215687145e-04
1.899904727442260e-04
2.667075792400082e-04
3.733494911586609e-04
5.210527446163511e-04
7.258620625784313e-04
1.007552353261783e-03
1.395743361976086e-03
1.929968481543886e-03
2.650136928634378e-03
3.634223546581098e-03
4.961728561136206e-03
6.750862571032018e-03
9.142199478323473e-03
1.236969100803588e-02
1.664059225269654e-02
2.227804163965522e-02
2.966525270792162e-02
3.931142070534645e-02
5.179546202767491e-02
6.778240263170177e-02
8.817113525982814e-02
1.138960694792905e-01
1.459735436756866e-01
1.854428407688663e-01
2.334375005237480e-01
2.906610243402732e-01
3.574643391244122e-01
4.337945514404186e-01
5.180831727531251e-01
6.079634207545174e-01
6.993113316071129e-01
7.874221990610741e-01
8.747375144940249e-01
9.999944422472372e-01
9.999999999994800e-01
1.000000000000000e+00
1.000000000000000e+00
1.000000000000000e+00
1.000000000000000e+00
1.000000000000000e+00
1.000000000000000e+00
1.000000000000000e+00
1.000000000000000e+00
1.000000000000000e+00
###1.120000000000000e+01
-1.146717889986654e-10
-3.785643290831977e-11
2.434278657113112e-12
1.027899644932996e-11
1.407757284855814e-10
3.208486969225128e-11
9.902419994702158e-11
7.658770137297720e-11
1.289931644295443e-10
1.906744763205392e-10
-4.678695757851318e-11
2.812446724536480e-10
2.941001477867179e-10
3.767126863291648e-10
4.030136693753203e-10
4.506188960153995e-10
5.380278866867493e-10
6.532161972717741e-10
8.070684463939778e-10
9.869421113332509e-10
1.247464276673232e-09
1.626212350276041e-09
2.126570671371962e-09
2.793199074866501e-09
3.717215760580694e-09
5.020838352178708e-09
6.836860617963890e-09
9.376982995161091e-09
1.291125940470524e-08
1.789065957005591e-08
2.485702231312195e-08
3.477763415574215e-08
4.875337707412340e-08
6.847976150161831e-08
9.673068279989800e-08
1.368417132433893e-07
1.940343672048902e-07
2.757458588676594e-07
3.924667035491752e-07
5.577312608181728e-07
7.966689677412793e-07
1.136191219417794e-06
1.621065814689907e-06
2.312051967864180e-06
3.302415647425450e-06
4.710871171943564e-06
6.711592810919423e-06
9.558765714422179e-06
1.358165476576763e-05
1.929824520137353e-05
2.741296565345953e-05
3.889851576781056e-05
5.494332417646597e-05
7.766073353764473e-05
1.092320540323577e-04
1.534868821725686e-04
2.152104988682804e-04
3.013599067881085e-04
4.208134938345978e-04
5.858047730852936e-04
8.139463018197402e-04
1.126871902533551e-03
1.556787803791460e-03
2.146686209510969e-03
2.939351261110788e-03
4.019485639060644e-03
5.471395739933491e-03
7.422023653223670e-03
1.001961100538593e-02
1.351351128746302e-02
1.812049010390385e-02
2.417692483823214e-02
3.208153961004229e-02
4.235891071487972e-02
5.560147278165944e-02
7.247570846800903e-02
9.388336448637080e-02
1.207657178245591e-01
1.540809843632746e-01
1.948218961620979e-01
2.440217487002885e-01
3.022844209874886e-01
3.697756271314532e-01
4.462846609216771e-01
5.300938749891495e-01
6.187703094255088e-01
7.082914062960718e-01
7.942037286413757e-01
8.790396614580809e-01
9.999944422472372e-01
9.999999999994800e-01
1.000000000000000e+00
1.000000000000000e+00
1.000000000000000e+00
1.000000000000000e+00
1.000000000000000e+00
1.000000000000000e+00
1.000000000000000e+00
1.000000000000000e+00
1.000000000000000e+00
###1.160000000000000e+01
-1.129037672370631e-10
-3.354544812025472e-11
-6.080147207124214e-12
2.593362726041462e-11
1.407153894578447e-10
3.906145048906613e-11
1.126102855467667e-10
8.706711079226413e-11
1.376445485301346e-10
2.075237877051396e-10
-6.364646687511866e-12
3.092354361634378e-10
3.222110637667856e-10
4.159716577890201e-10
4.428380460437341e-10
4.974466755603989e-10
5.922345283207603e-10
7.171745432909508e-10
8.889001118179576e-10
1.095115504100816e-09
1.374163204521079e-09
1.811244126595415e-09
2.373464066930712e-09
3.130437909533522e-09
4.180650056078599e-09
5.667636609854927e-09
7.738338278409671e-09
1.064722136968464e-08
1.470611596095103e-08
2.043951882930780e-08
2.847468495560715e-08
3.992557643579185e-08
5.608825081928608e-08
7.895763860372405e-08
1.117239422995694e-07
1.582534932857048e-07
2.246313126472035e-07
3.194068407835882e-07
4.548454252122570e-07
6.464520138300119e-07
9.230947600698900e-07
1.316143612301293e-06
1.876681181441052e-06
2.674704956659603e-06
3.815152647414057e-06
5.435157833218059e-06
7.733024398325366e-06
1.099613687305802e-05
1.559852875363522e-05
2.213006121342432e-05
3.136601899518070e-05
4.442076758805783e-05
6.261296413457392e-05
8.830669384985942e-05
1.239313145475793e-04
1.737626908187571e-04
2.430660635108182e-04
3.395295642899901e-04
4.729612766857094e-04
6.567485886642575e-04
9.102074045773673e-04
1.256880391531250e-03
1.731773538378009e-03
2.381618945952332e-03
3.251901602472572e-03
4.434522007213992e-03
6.018958088031842e-03
8.140858156469635e-03
1.095635621826343e-02
1.473072615918943e-02
1.968943170302384e-02
2.618338290007867e-02
3.462453281157129e-02
4.555409372524023e-02
5.957457801896354e-02
7.735818658196396e-02
9.980084161962549e-02
1.278488245233942e-01
1.623938339614137e-01
2.044025213346693e-01
2.547948592959876e-01
3.140564032395377e-01
3.821987247595026e-01
4.588455902100632e-01
5.421428134306524e-01
6.296288394823957e-01
7.173449803109317e-01
8.010633486176137e-01
8.833878355579329e-01
9.999944422472372e-01
9.999999999994800e-01
1.000000000000000e+00
1.000000000000000e+00
1.000000000000000e+00
1.000000000000000e+00
1.000000000000000e+00
1.000000000000000e+00
1.000000000000000e+00
1.000000000000000e+00
1.000000000000000e+00
###1.200000000000001e+01
-1.134358704326685e-10
-7.739569691695583e-11
-9.235420387677800e-12
2.988827832258039e-11
1.445932333108456e-10
3.326037237044587e-11
1.176504756497641e-10
9.435325149087104e-11
1.462323085248719e-10
2.159155039562235e-10
2.256964843760270e-11
3.231541382166448e-10
3.399597581194867e-10
4.381658895271608e-10
4.736235678548760e-10
5.369478593099541e-10
6.427023616316484e-10
7.804915828572641e-10
9.708156540571416e-10
1.205236140652345e-09
1.520940668095861e-09
2.010403696101539e-09
2.645563772335121e-09
3.506582988070242e-09
4.704862853492690e-09
6.402512381682915e-09
8.768294933665997e-09
1.209614973512604e-08
1.676010084058575e-08
2.336097725350671e-08
3.262447533846227e-08
4.584303278181695e-08
6.452645918262518e-08
9.101429093654210e-08
1.289653213962783e-07
1.828070306493745e-07
2.597019323121612e-07
3.694176059410721e-07
5.260358543526790e-07
7.477590202198389e-07
1.067285297077202e-06
1.521017003410942e-06
2.167236790789336e-06
3.085826779055332e-06
4.395338826149073e-06
6.252903294351685e-06
8.884322785933368e-06
1.261329174073207e-05
1.786425855138202e-05
2.530093322467047e-05
3.578451402517204e-05
5.057797917639937e-05
7.114365320971718e-05
1.001247872054964e-04
1.402115941354883e-04
1.961458994561373e-04
2.737590572290567e-04
3.814906841553657e-04
5.301250387242984e-04
7.343770873014429e-04
1.015199505792998e-03
1.398335782831216e-03
1.921533601152390e-03
2.635760753759662e-03
3.589242985231152e-03
4.880884531848606e-03
6.606029995366771e-03
8.909166564727502e-03
1.195450304488600e-02
1.602380551894740e-02
2.134998443840725e-02
2.830058828924022e-02
3.729770564147537e-02
4.890184421936378e-02
6.372057629724091e-02
8.243176185326816e-02
1.059258125164272e-01
1.351469464326110e-01
1.709309898402649e-01
2.141901569791779e-01
2.657435507461017e-01
3.259697002665932e-01
3.947190138741258e-01
4.714756588606015e-01
5.542198887703881e-01
6.405317033363378e-01
7.264504141249164e-01
8.079860424136199e-01
8.877845545058101e-01
9.999944422472372e-01
9.999999999994800e-01
1.000000000000000e+00
1.000000000000000e+00
1.000000000000000e+00
1.000000000000000e+00
1.000000000000000e+00
1.000000000000000e+00
1.000000000000000e+00
1.000000000000000e+00
1.000000000000000e+00
###1.240000000000001e+01
-1.095508181372131e-10
-7.455439440634399e-11
-8.959860842477074e-12
3.192673313578880e-11
1.452739474097860e-10
3.773180893690112e-11
1.183822081538813e-10
1.015283129974778e-10
1.532491891370086e-10
2.201028924302183e-10
4.256643881772230e-11
3.325525101040488e-10
3.551013270185583e-10
4.607987087153917e-10
5.005906101702600e-10
5.736460566627901e-10
6.914605235572513e-10
8.453000450536440e-10
1.057300839009612e-09
1.323181638762753e-09
1.682759816194769e-09
2.231091660014000e-09
2.949351122114644e-09
3.932490232507071e-09
5.299669674064066e-09
7.234353268651098e-09
9.940962502405735e-09
1.375258023172162e-08
1.911805259832566e-08
2.670947099662692e-08
3.739488268312516e-08
5.263897865029115e-08
7.423253427985212e-08
1.048406838267138e-07
1.487216049881113e-07
2.109694845012933e-07
2.999111106165488e-07
4.266260137699932e-07
6.074398629907977e-07
8.635309564729705e-07
1.231447339615370e-06
1.753546510210573e-06
2.496524748437342e-06
3.551159559838838e-06
5.051268728918154e-06
7.175542268441896e-06
1.017960191189399e-05
1.442860443352907e-05
2.040230119769285e-05
2.884625267822812e-05
4.071282367189083e-05
5.742985325296817e-05
8.063353709136837e-05
1.132156608794289e-04
1.582036372843680e-04
2.208292878966643e-04
3.075012772708765e-04
4.275207083187610e-04
5.926960723252674e-04
8.190867388545762e-04
1.129509726011849e-03
1.551918031754155e-03
2.127172993597128e-03
2.910302462685798e-03
3.952561261700287e-03
5.360341295689855e-03
7.234786379473834e-03
9.729771072956467e-03
1.301729834677391e-02
1.739601984757444e-02
2.310699950972535e-02
3.053188280829305e-02
4.010633048355353e-02
5.240522641557516e-02
6.804243027079243e-02
8.770272631621383e-02
1.122613229579025e-01
1.426654657817921e-01
1.796835689293793e-01
2.241839817075323e-01
2.768885603158866e-01
3.380318455742989e-01
4.073504335059214e-01
4.841669233434859e-01
5.663479806679395e-01
6.514583340146136e-01
7.355901842208298e-01
8.149451948868316e-01
8.922014636183807e-01
9.999944422472372e-01
9.999999999994800e-01
1.000000000000000e+00
1.000000000000000e+00
1.000000000000000e+00
1.000000000000000e+00
1.000000000000000e+00
1.000000000000000e+00
1.000000000000000e+00
1.000000000000000e+00
1.000000000000000e+00
###1.280000000000001e+01
-1.051285299773522e-10
-7.172518024948795e-11
-1.602654631275676e-11
3.048049528740431e-11
1.460048564543374e-10
4.273794554818002e-11
1.238963091096276e-10
1.057471268691797e-10
1.562513215182860e-10
2.284189044928509e-10
6.389688858329858e-11
3.398196517549587e-10
3.728734471665828e-10
4.793849502287722e-10
5.295870742510154e-10
6.135322093729352e-10
7.453701198790417e-10
9.173804513952605e-10
1.152887954630918e-09
1.454667042073032e-09
1.867686180146287e-09
2.478616408503210e-09
3.293335462935327e-09
4.414457049711355e-09
5.977813692998800e-09
8.183705049902615e-09
1.128493235148707e-08
1.565317607251488e-08
2.182251529290266e-08
3.056551883656978e-08
4.286236881512520e-08
6.043566355564908e-08
8.534991942604614e-08
1.207081619557746e-07
1.713256044360882e-07
2.432085878823136e-07
3.458049883347369e-07
4.918896695567084e-07
7.001690665886105e-07
9.947501289434962e-07
1.417788690604903e-06
2.017330952341582e-06
2.869092600233871e-06
4.076525811414297e-06
5.790194726720321e-06
8.213470367734517e-06
1.163391984272321e-05
1.646233660654036e-05
2.323860754165949e-05
3.279900974861622e-05
4.619766559404584e-05
6.502857115243286e-05
9.112644631447048e-05
1.276893799007708e-04
1.780634362417332e-04
2.479774094591618e-04
3.445487177580407e-04
4.779299570890042e-04
6.610497659064467e-04
9.113889672020569e-04
1.253776294032381e-03
1.718499507183524e-03
2.349538622932393e-03
3.206335492067791e-03
4.343588216341771e-03
5.874732046405163e-03
7.907558308612193e-03
1.060476485600659e-02
1.414739245927379e-02
1.885124790941961e-02
2.496367492039164e-02
3.288175149661991e-02
4.305375982031953e-02
5.606865517273384e-02
7.254772847534678e-02
9.317306338984033e-02
1.188137014070413e-01
1.504059537291895e-01
1.886589819525802e-01
2.343832679040969e-01
2.882199942161436e-01
3.502449522109757e-01
4.200815722172652e-01
4.969240447943792e-01
5.785082982217057e-01
6.623972284154386e-01
7.447493917744137e-01
8.219215997374675e-01
8.966348068509480e-01
9.999944422472372e-01
9.999999999994800e-01
1.000000000000000e+00
1.000000000000000e+00
1.000000000000000e+00
1.000000000000000e+00
1.000000000000000e+00
1.000000000000000e+00
1.000000000000000e+00
1.000000000000000e+00
1.000000000000000e+00
###1.320000000000001e+01
-1.072829859522569e-10
-1.045303935638366e-10
-1.605879776441096e-11
5.970367268966293e-11
1.450457448839998e-10
4.427356212353944e-11
1.242942252645646e-10
1.115892121984827e-10
1.625933271203905e-10
2.314076236774002e-10
8.657968048403582e-11
3.511035873677813e-10
3.901472333058800e-10
4.991106587111847e-10
5.637077116586250e-10
6.576353763339492e-10
8.032850703637242e-10
9.943205595714964e-10
1.259227194277145e-09
1.602528404990063e-09
2.072210447604882e-09
2.760132784562832e-09
3.683829100551116e-09
4.961148605420797e-09
6.748806151139972e-09
9.271986342238540e-09
1.282296222736976e-08
1.783307456301921e-08
2.491803166095606e-08
3.497087076751714e-08
4.913114772608185e-08
6.937505134606464e-08
9.807591061375656e-08
1.388483514561147e-07
1.971491290403642e-07
2.799764811319907e-07
3.980819955565532e-07
5.661240115007534e-07
8.056879977801932e-07
1.143580753391477e-06
1.628748782652939e-06
2.315293871583292e-06
3.289600323434044e-06
4.668777056250557e-06
6.621332609049232e-06
9.377775016430747e-06
1.326310194395175e-05
1.873642650970491e-05
2.640119037506393e-05
3.719961538261661e-05
5.228852438733448e-05
7.344993550467585e-05
1.027275956571483e-04
1.436595397585312e-04
1.999270184006853e-04
2.778109565198099e-04
3.851464515026182e-04
5.330444756571812e-04
7.356096231902901e-04
1.011868459016601e-03
1.388687935244398e-03
1.898804554420483e-03
2.589645548025547e-03
3.525329567834551e-03
4.763578257543142e-03
6.426033373562618e-03
8.626225671447392e-03
1.153718669349265e-02
1.534790444869493e-02
2.039196004041373e-02
2.692342779711118e-02
3.535461293323618e-02
4.614573046059395e-02
5.989703969105351e-02
7.723820878121249e-02
9.884692514991943e-02
1.255866480019958e-01
1.583698892268867e-01
1.978581107559840e-01
2.447901580550524e-01
2.997284424035975e-01
3.626021789553598e-01
4.329153538789267e-01
5.097245707336194e-01
5.906895423255413e-01
6.733400238844733e-01
7.538918706565864e-01
8.288944704019704e-01
9.010608638424634e-01
9.999944422472372e-01
9.999999999994800e-01
1.000000000000000e+00
1.000000000000000e+00
1.000000000000000e+00
1.000000000000000e+00
1.000000000000000e+00
1.000000000000000e+00
1.000000000000000e+00
1.000000000000000e+00
1.000000000000000e+00
###1.360000000000001e+01
-1.072072759596772e-10
-1.013202084172484e-10
-1.342287080694660e-11
6.283737146969515e-11
1.449229245173492e-10
5.563067510639394e-11
1.294976060384461e-10
1.155326145796322e-10
1.609067102991068e-10
2.410906278822158e-10
1.065656363138439e-10
3.632958625193657e-10
4.078990437883004e-10
5.236859875532916e-10
5.961105261466365e-10
7.065431624979714e-10
8.689498608243941e-10
1.083479086607327e-09
1.379868371696424e-09
1.769848163592576e-09
2.303082240357095e-09
3.077424868938108e-09
4.127765159076075e-09
5.583796839978605e-09
7.627510631788225e-09
1.051365203914109e-08
1.458111796989519e-08
2.032710587786096e-08
2.845942038517062e-08
4.000986135741065e-08
5.629556955048395e-08
7.960488364394386e-08
1.126285294441277e-07
1.595605413943537e-07
2.266063602434485e-07
3.218422597120469e-07
4.575967432534238e-07
6.504117432542755e-07
9.251851103433907e-07
1.312141106300460e-06
1.867424027955303e-06
2.651878778421015e-06
3.762980014316694e-06
5.334301427428967e-06
7.553874700670235e-06
1.068177192018263e-05
1.508267033012166e-05
2.127176447255420e-05
2.992153692617605e-05
4.208632627439208e-05
5.904242421425097e-05
8.276146667048370e-05
1.155362213581346e-04
1.612402331496022e-04
2.239439783949778e-04
3.105182804420018e-04
4.295550332349233e-04
5.932033747566532e-04
8.167725716180446e-04
1.120987133434911e-03
1.534833613518300e-03
2.093675641731563e-03
2.848637420171137e-03
3.868416343647636e-03
5.213884864364117e-03
7.015651661341948e-03
9.393290484090461e-03
1.252934737663505e-02
1.662190049447207e-02
2.202157201786966e-02
2.899020216007372e-02
3.795438172111998e-02
4.938517748340296e-02
6.389604433991346e-02
8.211935502197308e-02
1.047322182955999e-01
1.325794833328079e-01
1.665597508186929e-01
2.072872602583756e-01
2.554030769649036e-01
3.114179270117098e-01
3.750964536973761e-01
4.458391978915268e-01
5.225748606483228e-01
6.028802331956399e-01
6.842746775015555e-01
7.630256824637330e-01
8.358559323560552e-01
9.054551019166747e-01
9.999944422472372e-01
9.999999999994800e-01
1.000000000000000e+00
1.000000000000000e+00
1.000000000000000e+00
1.000000000000000e+00
1.000000000000000e+00
1.000000000000000e+00
1.000000000000000e+00
1.000000000000000e+00
1.000000000000000e+00
###1.400000000000001e+01
-1.036060397194089e-10
-1.045744338443453e-10
-1.607093419002233e-11
6.445101555663109e-11
1.460842398318931e-10
6.157098695065620e-11
1.331192012952052e-10
1.266266137311085e-10
1.674615426105430e-10
2.535908981483790e-10
1.254756821749356e-10
3.757314656425097e-10
4.338607744687077e-10
5.517665385971646e-10
6.356118894230044e-10
7.617376832394096e-10
9.411507144009128e-10
1.184663755912088e-09
1.515510451267338e-09
1.957356153038695e-09
2.564185732859614e-09
3.438285018526019e-09
4.632741315157691e-09
6.294768125246016e-09
8.630887283425279e-09
1.192989405857056e-08
1.658833601637662e-08
2.317608127471680e-08
3.250835344030298e-08
4.577269771861902e-08
6.448280514976399e-08
9.127250479668361e-08
1.292281669576535e-07
1.831767961409811e-07
2.601377620289902e-07
3.694626290476270e-07
5.251087230030028e-07
7.459790570539076e-07
1.060478576384526e-06
1.502644827647885e-06
2.136582335806619e-06
3.030706709850634e-06
4.295032757210193e-06
6.080865062586443e-06
8.598242437286541e-06
1.213858563056425e-05
1.711370825368094e-05
2.409141840407028e-05
3.383237741719209e-05
4.750296642243030e-05
6.651111885684646e-05
9.304524633582809e-05
1.296399190696031e-04
1.805597109764133e-04
2.502778234243725e-04
3.463101705379744e-04
4.780364023159747e-04
6.587593615248144e-04
9.050453837284851e-04
1.239365550411329e-03
1.693082581783783e-03
2.304186316072869e-03
3.127616059036577e-03
4.237022753495304e-03
5.696463705519993e-03
7.645622766529407e-03
1.021071409167658e-02
1.358396929805106e-02
1.797205311501025e-02
2.374383665787988e-02
3.116716507057223e-02
4.068501284691101e-02
5.277602454678882e-02
6.806805821601615e-02
8.719232294002900e-02
1.108242004356420e-01
1.397916651698017e-01
1.749777470652722e-01
2.169367748282459e-01
2.662215065189451e-01
3.232830043188447e-01
3.877195931883486e-01
4.588525525745648e-01
5.354717850661906e-01
6.150734390288334e-01
6.951765344164008e-01
7.721279237564087e-01
8.427829916055835e-01
9.098274158185402e-01
9.999944422472372e-01
9.999999999994800e-01
1.000000000000000e+00
1.000000000000000e+00
1.000000000000000e+00
1.000000000000000e+00
1.000000000000000e+00
1.000000000000000e+00
1.000000000000000e+00
1.000000000000000e+00
1.000000000000000e+00
###1.440000000000001e+01
-9.797754827830960e-11
-1.110938846379626e-10
-1.251026999211591e-11
6.582365797172568e-11
1.497739935170689e-10
6.480645413579686e-11
1.357324208305042e-10
1.232677557325115e-10
1.747421267647900e-10
2.634614177527217e-10
1.485672024729906e-10
3.915012671723749e-10
4.576729302528885e-10
5.817418202137525e-10
6.787966849931853e-10
8.221013335518901e-10
1.022344980255158e-09
1.296191444044626e-09
1.667495851254632e-09
2.168808320850390e-09
2.858620364980817e-09
3.847283399008860e-09
5.207982133856076e-09
7.104295786951718e-09
9.772998620491435e-09
1.354790261409028e-08
1.888077018643798e-08
2.642769919959985e-08
3.713492224488187e-08
5.235379865673536e-08
7.384536067346996e-08
1.045712751690339e-07
1.481448088011241e-07
2.100321192010419e-07
2.982847743501778e-07
4.234705746389014e-07
6.015433269279511e-07
8.540996232980937e-07
1.213275746895335e-06
1.717316700403753e-06
2.439518923939603e-06
3.456396479980956e-06
4.892033142205522e-06
6.916082323327098e-06
9.764335159838591e-06
1.376379430513447e-05
1.937273782701654e-05
2.722708248534533e-05
3.816657585822074e-05
5.349266646124165e-05
7.475973140719485e-05
1.043793251178444e-04
1.451460967233976e-04
2.017830497609702e-04
2.791366000874011e-04
3.854249624584846e-04
5.309321903811927e-04
7.300987164372546e-04
1.000886561575777e-03
1.367649676027574e-03
1.864084564703373e-03
2.531149874137681e-03
3.427768613416377e-03
4.632530847786098e-03
6.213136292320429e-03
8.318214676500749e-03
1.108086163273568e-02
1.470384581206905e-02
1.940163420668068e-02
2.556240461186160e-02
3.345984684538512e-02
4.355107385405361e-02
5.632144978746141e-02
7.241707359136931e-02
9.246359523588943e-02
1.171296194715692e-01
1.472330095920010e-01
1.836267935007391e-01
2.268032760602666e-01
2.772432356717185e-01
3.353088641399295e-01
4.004795134332718e-01
4.719458616660830e-01
5.484043333762360e-01
6.272582664847336e-01
7.060400930052410e-01
7.811740981720118e-01
8.496569164148381e-01
9.141380551684730e-01
9.999944422472372e-01
9.999999999994800e-01
1.000000000000000e+00
1.000000000000000e+00
1.000000000000000e+00
1.000000000000000e+00
1.000000000000000e+00
1.000000000000000e+00
1.000000000000000e+00
1.000000000000000e+00
1.000000000000000e+00
###1.480000000000001e+01
-9.187060180382353e-11
-1.073617008193066e-10
-1.213826411701725e-11
6.787566218840549e-11
1.510269295613164e-10
7.123755935192872e-11
1.390576228460620e-10
1.346193157939905e-10
1.862024880872266e-10
2.835829283632949e-10
1.754359270112517e-10
4.099833732240420e-10
4.843865272691504e-10
6.164818220838073e-10
7.270732292223477e-10
8.895268967062850e-10
1.113185514951786e-09
1.419975004957436e-09
1.840829543991018e-09
2.407184461138221e-09
3.192214515185036e-09
4.313493870172680e-09
5.860742653518773e-09
8.025741796462475e-09
1.107581953146799e-08
1.538892627638550e-08
2.149907910167645e-08
3.014485330908972e-08
4.240445704791327e-08
5.985223736214237e-08
8.450426021517391e-08
1.197078422282403e-07
1.696084328625862e-07
2.405032674506437e-07
3.414457921114526e-07
4.846076930184106e-07
6.880197113311206e-07
9.761307257885824e-07
1.385527380375137e-06
1.959160228940238e-06
2.779694401982722e-06
3.933452359131425e-06
5.559839788433353e-06
7.849571256437283e-06
1.106496192157544e-05
1.557308087393434e-05
2.188266968316767e-05
3.070248465629783e-05
4.296505743737676e-05
6.010962786024135e-05
8.385185659146156e-05
1.168483017346224e-04
1.621785442889890e-04
2.250355261971358e-04
3.107185932939391e-04
4.281307881418980e-04
5.885467795504017e-04
8.076338456456271e-04
1.104818181913865e-03
1.506378670573680e-03
2.048737261661036e-03
2.775567009081918e-03
3.750256892655881e-03
5.056503979505111e-03
6.765419188654535e-03
9.035339573676127e-03
1.200680551136321e-02
1.589177899193915e-02
2.091368166236530e-02
2.748075966551713e-02
3.587061752918068e-02
4.655550524039020e-02
6.002921674005651e-02
7.694603011002729e-02
9.793691102146453e-02
1.236517245017638e-01
1.549014675687206e-01
1.925059401991883e-01
2.368937175192390e-01
2.884694515102498e-01
3.475112749282193e-01
4.133668640648787e-01
4.851153103785658e-01
5.613584320844867e-01
6.394227308556572e-01
7.168551813060633e-01
7.901471440354255e-01
8.564601919857205e-01
9.184007383053286e-01
9.999944422472372e-01
9.999999999994800e-01
1.000000000000000e+00
1.000000000000000e+00
1.000000000000000e+00
1.000000000000000e+00
1.000000000000000e+00
1.000000000000000e+00
1.000000000000000e+00
1.000000000000000e+00
1.000000000000000e+00
###1.520000000000001e+01
-8.970387325566216e-11
-1.044082645151643e-10
-1.130860321117947e-11
6.871395592273763e-11
1.539655054100491e-10
7.722683114341564e-11
1.460454007305990e-10
1.426935372433642e-10
1.964160150997244e-10
2.965032886321634e-10
1.998471877994043e-10
4.316501044655186e-10
5.131781548921999e-10
6.536751978218788e-10
7.812608949922097e-10
9.637531323705354e-10
1.215426826770305e-09
1.556316352137036e-09
2.033718793773128e-09
2.678563340748266e-09
3.569161560331893e-09
4.841097950848701e-09
6.602446115810872e-09
9.074605533085656e-09
1.255731108716339e-08
1.748760564880607e-08
2.447806524418374e-08
3.437283466913242e-08
4.840738078909988e-08
6.838438085156935e-08
9.660307761740923e-08
1.368889152411344e-07
1.939601332540112e-07
2.750476378473492e-07
3.903039106074292e-07
5.537001786075690e-07
7.856069551788346e-07
1.113641878692618e-06
1.579277974500698e-06
2.230625967444105e-06
3.161035689038477e-06
4.467613346142089e-06
6.306056411544111e-06
8.890797308185638e-06
1.251321972316039e-05
1.758259089464723e-05
2.466657408041168e-05
3.455192215265106e-05
4.826804529438835e-05
6.740668983819291e-05
9.386335121117659e-05
1.305525817898028e-04
1.808607529933086e-04
2.504875471312636e-04
3.451850257939505e-04
4.746752170309427e-04
6.512049249375734e-04
8.917500267191247e-04
1.217320786130435e-03
1.656274809094361e-03
2.247721036106581e-03
3.038475091506241e-03
4.096118559111878e-03
5.510473967711639e-03
7.355338061034301e-03
9.799424784985092e-03
1.299047967985951e-02
1.715087234162737e-02
2.251206130466779e-02
2.950233020258187e-02
3.840469742698759e-02
4.970350897766498e-02
6.390202367069055e-02
8.166226399653397e-02
1.036147405660812e-01
1.303970326389453e-01
1.628035259178791e-01
2.016184779966605e-01
2.472106107257638e-01
2.999015172727564e-01
3.598629881198898e-01
4.263733517567166e-01
4.983612373674548e-01
5.743290594467400e-01
6.515471576002033e-01
7.276039283185319e-01
7.990372110252211e-01
8.631818939347113e-01
9.225966689632288e-01
9.999944422472372e-01
9.999999999994800e-01
1.000000000000000e+00
1.000000000000000e+00
1.000000000000000e+00
1.000000000000000e+00
1.000000000000000e+00
1.000000000000000e+00
1.000000000000000e+00
1.000000000000000e+00
1.000000000000000e+00
###1.560000000000001e+01
-8.641607943345477e-11
-1.039488184185320e-10
-1.163325898125077e-11
7.038456123214824e-11
1.539477347934515e-10
8.370240756528738e-11
1.542089408531233e-10
1.568890479780361e-10
2.063219230150791e-10
3.091797384329849e-10
2.247975319754371e-10
4.508895595055137e-10
5.446173097080771e-10
6.945347712482305e-10
8.410167714856101e-10
1.046669285004509e-09
1.329982990831430e-09
1.713910018227160e-09
2.251124564549779e-09
2.983295964119602e-09
3.996418395844485e-09
5.440015549974772e-09
7.447263585555966e-09
1.026598044490689e-08
1.424638873405654e-08
1.988276535286325e-08
2.786717484107996e-08
3.917951587060197e-08
5.523608224707306e-08
7.806967087013183e-08
1.103457998476631e-07
1.563812431254019e-07
2.215360247798148e-07
3.141110838228978e-07
4.455882091831846e-07
6.316350060374674e-07
8.955571881148522e-07
1.268218626720837e-06
1.796773142183623e-06
2.535255693608075e-06
3.587950768704535e-06
5.064061911522055e-06
7.138116958617108e-06
1.004924903230580e-05
1.412372991754575e-05
1.981179752888379e-05
2.774912662056711e-05
3.880403567382134e-05
5.413273810355897e-05
7.544339713362018e-05
1.048677023723312e-04
1.455892422676725e-04
2.013254065191015e-04
2.782927400633619e-04
3.827745870311854e-04
5.253244687970397e-04
7.192372920525049e-04
9.829326629908759e-04
1.339047806680148e-03
1.818051997918013e-03
2.461992263860319e-03
3.320905755311948e-03
4.466682675232707e-03
5.995745685807707e-03
7.984890613660076e-03
1.061253184808495e-02
1.403523822430165e-02
1.848394848608997e-02
2.419984343651158e-02
3.163099506510835e-02
4.106456914760254e-02
5.299859569314087e-02
6.794255474464946e-02
8.656958661171031e-02
1.095018533835026e-01
1.373677784613405e-01
1.709327674770003e-01
2.109635465300326e-01
2.577462133288917e-01
3.115255953519148e-01
3.723761289135082e-01
4.394917622842240e-01
5.116513449461432e-01
5.872907220604688e-01
6.636311545252780e-01
7.382633667179764e-01
8.078352216204565e-01
8.698053189874489e-01
9.267243879405282e-01
9.999944422472372e-01
9.999999999994800e-01
1.000000000000000e+00
1.000000000000000e+00
1.000000000000000e+00
1.000000000000000e+00
1.000000000000000e+00
1.000000000000000e+00
1.000000000000000e+00
1.000000000000000e+00
1.000000000000000e+00
