# NLO BK equation solver 0.0-dev build  (build Oct 13 2025 12:18:44)
# Initial condition: MV model, Q_s0^2 = 0.114106 GeV^2, \gamma = 3.85033, coefficient of E inside Log is 1, x0=0.01, \Lambda_QCD = 0.241 GeV
# # LO Kernel RC:  Parent dipole. NLO Kernel RC:  Parent dipole
# Nc=3, Nf=4
# Using RungeKutta method in K1
# Resumming double log
# Resumming single log, K_sub=0.65 resum rc: parent
# BK K1 integration relative accuracy: 0.02# NLO BK as^2 terms: MC integration method: Vegas, points=1000000
# Kinematical constraint: none
# Target kinematical constraint: disabled

###1.000000000000000e-05
###1.160836920850890e+00
###100
###1.000000000000000e+00
###0.000000000000000e+00
2.380870842037215e-42
7.421320062682868e-42
2.312956194899733e-41
7.207641410464240e-41
2.245727215061669e-40
6.996122313709501e-40
2.179178404369691e-39
6.786745473646820e-39
2.113304321379404e-38
6.579493778416934e-38
2.048099586551740e-37
6.374350322237097e-37
1.983558889312827e-36
6.171298431384885e-36
1.919676997609741e-35
5.970321699316454e-35
1.856448770809239e-34
5.771404034018985e-34
1.793869177073755e-33
5.574529721748099e-33
1.731933316733414e-32
5.379683512706400e-32
1.670636453686673e-31
5.186850736098789e-31
1.609974057549103e-30
4.996017454509322e-30
1.549941860186669e-29
4.807170670893481e-29
1.490535931492209e-28
4.620298605939592e-28
1.431752780890567e-27
4.435391069482469e-27
1.373589493217344e-26
4.252439957511239e-26
1.316043910473476e-25
4.071439916689705e-25
1.259114874721002e-24
3.892389231933009e-24
1.202802552309828e-23
3.715291010343734e-23
1.147108866012892e-22
3.540154757712547e-22
1.092038069827980e-21
3.366998472880505e-21
1.037597511492955e-20
3.195851421401132e-20
9.837986403514153e-20
3.026757793343037e-19
9.306583329680204e-19
2.859781499404848e-18
8.782006249875950e-18
2.695012410268645e-17
8.264589529305165e-17
2.532574385812344e-16
7.754790191603397e-16
2.372635452419993e-15
7.253223880777890e-15
2.215420429823583e-14
6.760708857927228e-14
2.061226119117202e-13
6.278317834493720e-13
1.910438741414563e-12
5.807435586794225e-12
1.763552527088823e-11
5.349817040993224e-11
1.621187052676322e-10
4.907635465025303e-10
1.484099030928368e-09
4.483503615003734e-09
1.353181951578364e-08
4.080443414245998e-08
1.229444945941009e-07
3.701775385713444e-07
1.113961992664125e-06
3.350903534768476e-06
1.007781146866726e-05
3.030945446302891e-05
9.117917402912123e-05
2.744185816712097e-04
8.264099942636438e-04
2.489998193971554e-03
7.499834834650443e-03
2.251054519621043e-02
6.665801487361844e-02
1.889568847229209e-01
4.712435927262904e-01
8.567685218035608e-01
9.973688425397021e-01
9.999999875582694e-01
1.000000000000000e+00
1.000000000000000e+00
1.000000000000000e+00
1.000000000000000e+00
1.000000000000000e+00
1.000000000000000e+00
1.000000000000000e+00
1.000000000000000e+00
1.000000000000000e+00
1.000000000000000e+00
1.000000000000000e+00
###4.000000000000000e-01
-8.977193254751974e-12
-3.860396613256682e-13
-5.812200866249570e-11
-1.634515353658920e-12
-3.880649286163170e-12
-1.146298285690181e-11
6.257847468663049e-12
1.084555257448694e-11
-1.517945395728460e-11
-3.744392458797618e-13
9.649749728601564e-13
-3.103932588531221e-12
9.978085437424733e-13
7.719878691597412e-13
2.857593506576010e-12
2.197940556906954e-14
3.051139924163031e-12
-5.689634685567676e-13
5.982992462188046e-12
2.676516996746766e-12
1.203640912265239e-11
2.029314764542266e-11
2.659149701815700e-11
2.537164096371944e-11
3.792968974308905e-11
4.689694251305861e-11
6.360364725510930e-11
8.547323929455172e-11
1.123717854734799e-10
1.523511791538400e-10
2.004142395692497e-10
2.762203487996575e-10
3.647560858562295e-10
4.865655638272158e-10
6.574597889669995e-10
8.688104497817154e-10
1.152300154775181e-09
1.541182253969290e-09
2.025507041222552e-09
2.677847467217454e-09
3.554531639302705e-09
4.620058100862407e-09
6.106646402613139e-09
7.996525042492053e-09
1.036512737492184e-08
1.359344775937075e-08
1.766211411738349e-08
2.300923283413041e-08
2.991914152338237e-08
3.900928570713648e-08
5.082939683913139e-08
6.648950281761400e-08
8.772751186281403e-08
1.163883679925196e-07
1.565752029972564e-07
2.125992265181138e-07
2.918873453555723e-07
4.085357539617004e-07
5.801318644392890e-07
8.400270725265476e-07
1.230020239431204e-06
1.828564777008636e-06
2.747371610727311e-06
4.174755050948333e-06
6.373925150075842e-06
9.811266975455955e-06
1.513340140003035e-05
2.341018831233410e-05
3.627958292039593e-05
5.630524631320710e-05
8.725438414173839e-05
1.352317881313602e-04
2.097475404866025e-04
3.262526808215711e-04
5.078412410770817e-04
7.950695484458346e-04
1.256008677946342e-03
2.010525712742219e-03
3.296314460098009e-03
5.611327948785677e-03
1.008626104344200e-02
1.946416991928823e-02
4.084830302036538e-02
9.224152858154451e-02
2.156252175905723e-01
4.738324752078070e-01
8.116415809839180e-01
9.575587342329547e-01
9.999999875582694e-01
1.000000000000000e+00
1.000000000000000e+00
1.000000000000000e+00
1.000000000000000e+00
1.000000000000000e+00
1.000000000000000e+00
1.000000000000000e+00
1.000000000000000e+00
1.000000000000000e+00
1.000000000000000e+00
1.000000000000000e+00
###8.000000000000000e-01
-1.206422553476647e-11
-5.321179124744081e-12
-7.015100115146581e-11
-3.068985593495446e-11
5.145379702377097e-13
-7.038651769624595e-12
-2.315372674686329e-11
8.930814924548635e-12
5.620307855138180e-11
5.523165866776003e-13
2.726226750061709e-11
-2.992432524108537e-13
4.924081465140132e-12
1.417961566220109e-12
6.609811571419012e-12
-5.249672434505060e-12
7.888731209416660e-12
5.339550381191998e-12
2.023657244561925e-11
1.184821899893406e-11
2.277472129842319e-11
3.312210576665152e-11
5.671051928739409e-11
5.051884077961404e-11
6.218345988087284e-11
9.822851911645228e-11
1.339252211319996e-10
1.774862413949437e-10
2.352937737806097e-10
3.175323663754349e-10
4.265361679419194e-10
5.745893633029242e-10
7.621031103487503e-10
1.016970756974479e-09
1.360496075026511e-09
1.808690947720131e-09
2.390405287576419e-09
3.189191960770411e-09
4.196861178860728e-09
5.548873460949773e-09
7.302146422856881e-09
9.546445777414569e-09
1.258867250458908e-08
1.656493749571233e-08
2.151178027409095e-08
2.835040502934775e-08
3.678962017099757e-08
4.836836702609965e-08
6.322772087703101e-08
8.321010909518268e-08
1.097543727063221e-07
1.454749455664203e-07
1.948759432389837e-07
2.627317635806309e-07
3.601563750840123e-07
4.973213300044851e-07
6.948769918387422e-07
9.862033613492785e-07
1.419656017942881e-06
2.073211677378651e-06
3.061517980356516e-06
4.543955019735996e-06
6.851164188351653e-06
1.037490032833058e-05
1.576507404855357e-05
2.400336324716643e-05
3.682760779495282e-05
5.636560881731316e-05
8.645742218205057e-05
1.328921579895369e-04
2.035841034612514e-04
3.114815972748860e-04
4.772627809894970e-04
7.329270712579355e-04
1.126082697926625e-03
1.732739425893996e-03
2.682450122248351e-03
4.188302384098056e-03
6.623118475555679e-03
1.072571660191627e-02
1.792577129613634e-02
3.137511394842360e-02
5.836294494024104e-02
1.156472627516645e-01
2.389729441173376e-01
4.762419250648020e-01
7.754209275603248e-01
9.242787260221493e-01
9.999999875582694e-01
1.000000000000000e+00
1.000000000000000e+00
1.000000000000000e+00
1.000000000000000e+00
1.000000000000000e+00
1.000000000000000e+00
1.000000000000000e+00
1.000000000000000e+00
1.000000000000000e+00
1.000000000000000e+00
1.000000000000000e+00
###1.200000000000000e+00
-1.170660251820779e-11
-1.608493712060790e-11
-7.383385717202622e-11
-8.009769780703201e-11
-2.905014058115155e-12
-9.220191036632542e-12
-2.487462603714135e-11
7.715914728089017e-12
5.397831972913989e-11
2.171598863231606e-12
2.665256783274957e-11
3.570903614765034e-12
6.115804041422573e-12
2.220390844565856e-12
9.043503615789476e-12
-3.187075561005227e-12
1.104722245116248e-11
1.268177514143814e-11
2.987662446125624e-11
2.340262465143764e-11
3.772214353530534e-11
5.391023429283213e-11
7.887703259637729e-11
8.136891500133177e-11
1.147525275905188e-10
1.560601692566839e-10
2.118087975309486e-10
2.791156102603185e-10
3.714316045768018e-10
5.016304934679399e-10
6.692736620897445e-10
9.009919598762050e-10
1.193915470364354e-09
1.590942923952218e-09
2.121212752986157e-09
2.824680165496245e-09
3.732665962068650e-09
4.951040094940512e-09
6.529454211460248e-09
8.609757983010204e-09
1.134454574937865e-08
1.487915969715024e-08
1.961039554423972e-08
2.581322110332833e-08
3.368233303821271e-08
4.463810375191506e-08
5.803045119442729e-08
7.704523059978692e-08
1.013672382992780e-07
1.347916584587130e-07
1.797863702790319e-07
2.410725319767638e-07
3.278579316362231e-07
4.487780526122241e-07
6.230858969589763e-07
8.723291712497630e-07
1.235697760302339e-06
1.775814080488296e-06
2.573515398892902e-06
3.780278093349904e-06
5.593361501628175e-06
8.314480908648762e-06
1.253506678020726e-05
1.888572025136345e-05
2.855351298484700e-05
4.314921162156379e-05
6.575054016038883e-05
9.972833239505442e-05
1.516337557577753e-04
2.308361359608727e-04
3.505204935368037e-04
5.313785158784428e-04
8.051330159181648e-04
1.222451638912644e-03
1.857218377140284e-03
2.820590021361203e-03
4.307513421434990e-03
6.610015682377375e-03
1.023860835077592e-02
1.613294024713870e-02
2.597853704106585e-02
4.320723076756806e-02
7.513307840523854e-02
1.371824650146948e-01
2.596557328297395e-01
4.787632322892042e-01
7.464951665600424e-01
8.966832356840657e-01
9.999999875582694e-01
1.000000000000000e+00
1.000000000000000e+00
1.000000000000000e+00
1.000000000000000e+00
1.000000000000000e+00
1.000000000000000e+00
1.000000000000000e+00
1.000000000000000e+00
1.000000000000000e+00
1.000000000000000e+00
1.000000000000000e+00
###1.600000000000000e+00
-1.673367193878504e-11
-1.588434960447418e-11
-7.264315092707851e-11
-7.805959875196571e-11
5.794303662153849e-12
-8.798208865675145e-12
-2.829403097608865e-11
9.207952696278731e-12
5.165706430547680e-11
-2.004930220930674e-12
2.905195185407343e-11
3.571855074481322e-12
1.055849362710205e-11
2.854828346933292e-12
1.011042431819285e-11
9.167783757136582e-12
1.579499220309619e-11
2.187242164433491e-11
3.457754160818774e-11
3.855710138344722e-11
4.987588657795304e-11
7.770156753114801e-11
1.038636866703972e-10
1.191243067916559e-10
1.655245978220378e-10
2.117374178134781e-10
2.968271404286189e-10
3.869538470411440e-10
5.210616869420219e-10
7.002818072590042e-10
9.324810346650924e-10
1.253631096177545e-09
1.663232620333236e-09
2.208871764516157e-09
2.939930731351309e-09
3.912740136979069e-09
5.171348621952664e-09
6.854190788997564e-09
9.062019039807086e-09
1.190778739802503e-08
1.570669918845159e-08
2.068009069791300e-08
2.729900954918784e-08
3.600885923816185e-08
4.727628788835896e-08
6.276255261356202e-08
8.202034892902232e-08
1.099676135657163e-07
1.457979791435002e-07
1.956916247733581e-07
2.641196527262913e-07
3.582991382399414e-07
4.935812413102707e-07
6.838657759017113e-07
9.601838591412952e-07
1.359870878011044e-06
1.947514727183154e-06
2.818685936332748e-06
4.109441853803075e-06
6.049325534447805e-06
8.963511789224477e-06
1.333464196104569e-05
2.000730057295788e-05
3.004313720138475e-05
4.513641072786032e-05
6.792880160911668e-05
1.026505339130823e-04
1.545383700802306e-04
2.330342047933707e-04
3.515862987959771e-04
5.297527495613626e-04
7.964263408379245e-04
1.195263235494564e-03
1.796410525583545e-03
2.701920776406488e-03
4.058234153230035e-03
6.124835791568616e-03
9.228786312874852e-03
1.412831002917294e-02
2.180954324417057e-02
3.420984750062921e-02
5.494787912841709e-02
9.118245823103770e-02
1.571321201928294e-01
2.782247879696982e-01
4.815632811109427e-01
7.236053046468069e-01
8.739909459426114e-01
9.999999875582694e-01
1.000000000000000e+00
1.000000000000000e+00
1.000000000000000e+00
1.000000000000000e+00
1.000000000000000e+00
1.000000000000000e+00
1.000000000000000e+00
1.000000000000000e+00
1.000000000000000e+00
1.000000000000000e+00
1.000000000000000e+00
###2.000000000000000e+00
-1.208291152727993e-11
-3.531329222442620e-11
-8.639979711313071e-11
4.325185781746684e-12
1.258380601503463e-11
-1.192304687678711e-11
-2.463088085359026e-11
1.608522960440627e-11
5.112974037197353e-11
2.000365273026328e-12
1.500597282553974e-11
2.199756105678484e-12
9.239048248846472e-12
-1.227606829956005e-12
1.013972381605662e-11
1.536770484268350e-11
2.045003573766501e-11
2.715786292137546e-11
4.169096497314180e-11
5.267068013846830e-11
6.391612740744330e-11
9.975908438468170e-11
1.344499453582769e-10
1.551267944966457e-10
2.159576484079575e-10
2.803730309452117e-10
3.885776267703861e-10
5.084844851256587e-10
6.819154987436731e-10
9.161436969710772e-10
1.217471706600308e-09
1.635633325821890e-09
2.169438711897425e-09
2.882119247543115e-09
3.826370157523796e-09
5.097025439757854e-09
6.728506643964054e-09
8.907736031640060e-09
1.180632094186031e-08
1.550725893152204e-08
2.048020072156743e-08
2.705455653989493e-08
3.578111415826113e-08
4.736353567777947e-08
6.258183983906909e-08
8.344443905753782e-08
1.103149566020716e-07
1.484475534730012e-07
1.983754608035019e-07
2.690422316795062e-07
3.669892615329336e-07
5.030738257497711e-07
7.002761960149178e-07
9.813521481869820e-07
1.390396780965117e-06
1.987770549007372e-06
2.866623925563886e-06
4.172353364065985e-06
6.089908732568889e-06
8.977937875659820e-06
1.331345251843067e-05
1.977467225493491e-05
2.950500983252847e-05
4.418238107656324e-05
6.611130626243984e-05
9.891133621537459e-05
1.484097140016245e-04
2.220826271501235e-04
3.320031309905586e-04
4.971327424055995e-04
7.432632242490373e-04
1.108504055436235e-03
1.649703808100134e-03
2.457233566258378e-03
3.661795407251619e-03
5.445512520477373e-03
8.130247536710693e-03
1.212781477870288e-02
1.838379740130634e-02
2.785956758409881e-02
4.260591567891131e-02
6.660001446796569e-02
1.066418468795166e-01
1.757299048451358e-01
2.951136015616638e-01
4.847991907022378e-01
7.056816532791668e-01
8.554726240897467e-01
9.999999875582694e-01
1.000000000000000e+00
1.000000000000000e+00
1.000000000000000e+00
1.000000000000000e+00
1.000000000000000e+00
1.000000000000000e+00
1.000000000000000e+00
1.000000000000000e+00
1.000000000000000e+00
1.000000000000000e+00
1.000000000000000e+00
###2.400000000000000e+00
-1.099058451779345e-11
-2.382083860229233e-11
-8.989849379269319e-11
3.213814505274963e-11
6.276374631647625e-12
-1.476730356337402e-11
-2.037460604356360e-11
2.663286306187473e-11
4.368203110950532e-11
-2.561805327991013e-12
1.937451146496942e-11
-8.754075250821564e-13
1.012709373700609e-11
7.416094048035867e-12
5.696490678064208e-11
2.410436439882589e-11
2.709512670454345e-11
3.362471666592340e-11
5.304849242781626e-11
7.479844458895005e-11
7.990628078457335e-11
1.248892461990083e-10
1.634894281060222e-10
1.985289402314103e-10
2.706129049905972e-10
3.549270021646969e-10
4.892440188842908e-10
6.409152257625842e-10
8.584022780382967e-10
1.149875376060140e-09
1.526170412533097e-09
2.048339210262610e-09
2.715855664965082e-09
3.605356452174986e-09
4.781592744522591e-09
6.376813739415530e-09
8.412681505314000e-09
1.113257151385348e-08
1.479544964788772e-08
1.945349632657107e-08
2.574602786839598e-08
3.410507098521453e-08
4.524523501361499e-08
6.016855600181333e-08
7.998545602775486e-08
1.072955867857420e-07
1.430669116627728e-07
1.937044016413661e-07
2.612004683583290e-07
3.576142530536728e-07
4.926034497451593e-07
6.820388369655219e-07
9.591992052121214e-07
1.356917179206102e-06
1.935767246043091e-06
2.782793800734062e-06
4.034456500441175e-06
5.892016058597170e-06
8.599288835260156e-06
1.268690356307882e-05
1.880195509673435e-05
2.783161445796543e-05
4.139894003659672e-05
6.171455899231179e-05
9.192927619794916e-05
1.367698272071066e-04
2.038551554794804e-04
3.031878596024772e-04
4.499914568629748e-04
6.691189110631515e-04
9.932418286177996e-04
1.470250105109967e-03
2.170783363845772e-03
3.206709579655773e-03
4.738543398830176e-03
6.987035869431636e-03
1.031990074450313e-02
1.524730054399169e-02
2.275895013591140e-02
3.399272502458574e-02
5.114357322667507e-02
7.816290921219775e-02
1.215942253514311e-01
1.931945854753432e-01
3.106730672030484e-01
4.885185170535341e-01
6.919037034816685e-01
8.405166929480141e-01
9.999999875582694e-01
1.000000000000000e+00
1.000000000000000e+00
1.000000000000000e+00
1.000000000000000e+00
1.000000000000000e+00
1.000000000000000e+00
1.000000000000000e+00
1.000000000000000e+00
1.000000000000000e+00
1.000000000000000e+00
1.000000000000000e+00
###2.800000000000000e+00
-1.431267698079639e-11
-1.980776201988325e-11
-1.600334026659677e-10
2.321457210578325e-11
7.537071066649045e-12
-1.097315262049497e-11
1.075491845847741e-11
1.139253674434841e-12
3.535506028581736e-11
9.302770315387392e-12
2.818804125362804e-11
7.612119984265082e-12
1.313729156239434e-11
2.884398160298332e-11
5.863028251092186e-11
2.694239888808097e-11
3.571388736435031e-11
4.716696389239748e-11
5.089657961532260e-11
7.659532813955708e-11
1.013364075003900e-10
1.519440716858653e-10
2.012077868303316e-10
2.447501209577412e-10
3.379020071107433e-10
4.347701170437338e-10
5.978806712483988e-10
7.830895622581692e-10
1.050057608281183e-09
1.401434693114182e-09
1.860218787591351e-09
2.492553015295602e-09
3.306974623788768e-09
4.388481686551802e-09
5.812685650662972e-09
7.767778296335581e-09
1.024079098904345e-08
1.355576799834704e-08
1.807213614259777e-08
2.381043543350381e-08
3.160597024467980e-08
4.200832786760680e-08
5.595347478221356e-08
7.480140315245945e-08
1.000991015841127e-07
1.350818399730962e-07
1.817039369664754e-07
2.477335792691970e-07
3.370427503467619e-07
4.652948833170243e-07
6.467219026768283e-07
9.034273521890960e-07
1.280203208759036e-06
1.824702330101706e-06
2.617686225198804e-06
3.778337855874443e-06
5.494429586159944e-06
8.040257128713194e-06
1.173911025722318e-05
1.729298868118007e-05
2.558611519656039e-05
3.774813021022543e-05
5.596152769296908e-05
8.304745375763473e-05
1.230955493300860e-04
1.822057800145930e-04
2.698853257116574e-04
3.989739276645708e-04
5.884803600398988e-04
8.692576778920982e-04
1.281706615008700e-03
1.883830880103089e-03
2.761335305876994e-03
4.049028525430091e-03
5.933103537252461e-03
8.677556948547559e-03
1.269335251579073e-02
1.857886042537492e-02
2.736770124257063e-02
4.034159716123525e-02
5.983912367916493e-02
8.964037681722629e-02
1.360864343361263e-01
2.097064821022918e-01
3.251831147274813e-01
4.927622831190933e-01
6.815687134378796e-01
8.286784778279532e-01
9.999999875582694e-01
1.000000000000000e+00
1.000000000000000e+00
1.000000000000000e+00
1.000000000000000e+00
1.000000000000000e+00
1.000000000000000e+00
1.000000000000000e+00
1.000000000000000e+00
1.000000000000000e+00
1.000000000000000e+00
1.000000000000000e+00
###3.200000000000000e+00
-2.000458880542168e-11
-1.454734822033829e-11
-1.665483679482979e-10
1.747884611049984e-11
1.074614702408662e-10
4.637221913815282e-11
5.686967876853273e-12
7.063013516731292e-11
3.808200124435926e-11
2.402944921355651e-11
3.688876310431064e-11
1.884701834534856e-11
2.807983338339963e-11
5.334715336038650e-11
6.961886750635844e-11
3.860906348618958e-11
5.192131412989991e-11
5.633262207180638e-11
6.806779862948620e-11
9.627169486709278e-11
1.344440863465127e-10
1.826754695842520e-10
2.418110011116855e-10
3.015378066374497e-10
4.073935188581645e-10
5.275762488112424e-10
7.190105625654610e-10
9.400691390416518e-10
1.256263819599901e-09
1.677966512490317e-09
2.224066253240583e-09
2.981041407754415e-09
3.954494843216734e-09
5.240905516422008e-09
6.939479566973438e-09
9.281747836641413e-09
1.224782981466707e-08
1.623881972182642e-08
2.170050206962674e-08
2.866773605456127e-08
3.818100432501207e-08
5.096996023744574e-08
6.817835537150115e-08
9.167441395744223e-08
1.234965980600923e-07
1.676592576375960e-07
2.275604029729428e-07
3.125737843157622e-07
4.288432126735884e-07
5.961064648153746e-07
8.355988663571350e-07
1.176549086321812e-06
1.675968333859038e-06
2.403121944999243e-06
3.463002115442520e-06
5.012512351812286e-06
7.300375454619672e-06
1.068873379460086e-05
1.559259481656732e-05
2.292551670204689e-05
3.376438815115203e-05
4.977297851152803e-05
7.350349265885863e-05
1.086307234575730e-04
1.601534753207652e-04
2.359784049987552e-04
3.473205817590763e-04
5.107152047282269e-04
7.488133622376340e-04
1.099320350497854e-03
1.610778319847515e-03
2.351155002866272e-03
3.424043612445700e-03
4.984837989385058e-03
7.247814496519908e-03
1.051665426769397e-02
1.525349254368093e-02
2.211793036193012e-02
3.220139117468836e-02
4.690662111783542e-02
6.865031459074689e-02
1.010500791029507e-01
1.501774193096853e-01
2.254163020181584e-01
3.388815038351031e-01
4.975390273770259e-01
6.741340317474891e-01
8.194903795864400e-01
9.999999875582694e-01
1.000000000000000e+00
1.000000000000000e+00
1.000000000000000e+00
1.000000000000000e+00
1.000000000000000e+00
1.000000000000000e+00
1.000000000000000e+00
1.000000000000000e+00
1.000000000000000e+00
1.000000000000000e+00
1.000000000000000e+00
###3.600000000000000e+00
-2.807845392521368e-11
-1.664639011019464e-12
-1.650972096950683e-10
2.449626831494054e-11
1.561986876616008e-10
9.574027962519255e-11
-1.353604566344662e-10
6.066816662034248e-11
4.381402193018348e-11
-6.539195614508802e-11
5.659678735714801e-11
7.105950282686347e-11
1.058358375822435e-11
5.995019323751753e-11
7.606248659059200e-11
4.526656849781634e-11
4.837075229043638e-11
7.367623741347549e-11
8.464399050356224e-11
1.104109244627799e-10
1.527126972323021e-10
2.142950958000204e-10
2.556629678428473e-10
3.582430421792929e-10
4.782877655062666e-10
6.252485789457876e-10
8.472671562889028e-10
1.116794195916425e-09
1.482521852256796e-09
1.975488369641846e-09
2.621807111698909e-09
3.512112930966828e-09
4.654591140135581e-09
6.166159916986699e-09
8.172273570311803e-09
1.096772066339006e-08
1.447158733633423e-08
1.921658043742088e-08
2.576827326339813e-08
3.415753408745933e-08
4.562318587910539e-08
6.120707161049519e-08
8.232351526780746e-08
1.113187486305279e-07
1.510294537893668e-07
2.062008257938412e-07
2.823075426856907e-07
3.904155278231809e-07
5.406735488908653e-07
7.552669563021368e-07
1.065312807003253e-06
1.510820120338053e-06
2.161505327140274e-06
3.111192102955349e-06
4.495182487228280e-06
6.516932507967446e-06
9.504954613414342e-06
1.389999123109914e-05
2.027166394620359e-05
2.973675213650771e-05
4.371049352038373e-05
6.414616170113189e-05
9.442024868352056e-05
1.389213107247338e-04
2.037583548161357e-04
2.988117365304184e-04
4.374134578663641e-04
6.396331347851406e-04
9.326604529399355e-04
1.361153615637866e-03
1.981769939964404e-03
2.875357557269202e-03
4.160907206606695e-03
6.016694156272042e-03
8.684909151474325e-03
1.250677022883677e-02
1.798717983755820e-02
2.586084158417573e-02
3.725137728445983e-02
5.366782403835405e-02
7.757099249171991e-02
1.123984904643152e-01
1.639230876151480e-01
2.404604363718982e-01
3.519486986818672e-01
5.028492342409645e-01
6.691248835554051e-01
8.125090991752842e-01
9.999999875582694e-01
1.000000000000000e+00
1.000000000000000e+00
1.000000000000000e+00
1.000000000000000e+00
1.000000000000000e+00
1.000000000000000e+00
1.000000000000000e+00
1.000000000000000e+00
1.000000000000000e+00
1.000000000000000e+00
1.000000000000000e+00
###4.000000000000000e+00
7.841738400715577e-10
1.501852344018690e-11
-8.783285525677814e-11
1.499814706430276e-11
1.639813313854001e-10
1.700915859989247e-10
-1.211048733918960e-10
5.347482360033246e-11
8.392202429655211e-11
-3.144617065308051e-11
9.186369345094369e-11
9.857503020999966e-11
4.729618346652923e-11
9.276631222022226e-11
1.028779711112547e-10
8.706565341190487e-11
5.212656541088670e-11
1.418972820413112e-10
1.308960444431543e-10
1.266933941212121e-10
1.995658495963221e-10
2.733624104053591e-10
3.275711099504370e-10
4.565998234351293e-10
5.824221036172929e-10
7.538604177905491e-10
1.000313220872505e-09
1.316760001921825e-09
1.739296093481019e-09
2.311609247123945e-09
3.063791651610414e-09
4.096331667365410e-09
5.430340834477105e-09
7.195117610849268e-09
9.537728966888674e-09
1.278966816236529e-08
1.695952891263669e-08
2.255827251455739e-08
3.031436363922455e-08
4.039893703818648e-08
5.421589027463361e-08
7.310145441911906e-08
9.880251770565916e-08
1.342575306584040e-07
1.834881666451359e-07
2.522300196238062e-07
3.477907711856684e-07
4.839439365229270e-07
6.754815412000962e-07
9.480605237568054e-07
1.345137607855188e-06
1.919933157563687e-06
2.753227317345539e-06
3.974315899957658e-06
5.744274002365267e-06
8.339865000841460e-06
1.216651438509035e-05
1.779284946917850e-05
2.588617608812381e-05
3.786703772616684e-05
5.553110046792784e-05
8.116768766291791e-05
1.190496598156339e-04
1.743728763931328e-04
2.545448296242549e-04
3.716198376680859e-04
5.409605204254297e-04
7.871681105357265e-04
1.141596796414053e-03
1.656855525607389e-03
2.397613697626045e-03
3.458598495347701e-03
4.975066661566612e-03
7.146830875042667e-03
1.024498459608510e-02
1.464856953692498e-02
2.090107115863778e-02
2.980401332728494e-02
4.251347243768781e-02
6.061920598193069e-02
8.660048933244360e-02
1.237024593763980e-01
1.773743978233983e-01
2.549617171106445e-01
3.645366563944035e-01
5.086758280154321e-01
6.661595097091845e-01
8.074801668240702e-01
9.999999875582694e-01
1.000000000000000e+00
1.000000000000000e+00
1.000000000000000e+00
1.000000000000000e+00
1.000000000000000e+00
1.000000000000000e+00
1.000000000000000e+00
1.000000000000000e+00
1.000000000000000e+00
1.000000000000000e+00
1.000000000000000e+00
###4.399999999999999e+00
7.879231763864814e-10
-1.490350051912042e-11
-8.623515708623318e-11
-3.472498330281167e-11
1.836997814067779e-10
2.159936759261761e-10
-9.385745950033776e-11
7.798927332584615e-11
1.088324916827115e-10
8.890750675146628e-12
9.595175910570535e-11
9.846826064673490e-11
8.052607446556142e-11
3.936579107906731e-11
1.328991654253578e-10
1.242924922880405e-10
9.165463336169252e-11
1.699166279721554e-10
1.714694304754349e-10
1.768989829134051e-10
2.891881439772879e-10
3.348111230747583e-10
4.050232174301494e-10
5.511370389488351e-10
6.940467279481355e-10
8.961178073560018e-10
1.173371994955300e-09
1.535851395944105e-09
2.026931906666992e-09
2.681658664730117e-09
3.545249989306957e-09
4.733774853847003e-09
6.283256123755877e-09
8.329323392434218e-09
1.106052214367924e-08
1.482630925515690e-08
1.973937166726708e-08
2.630144740464478e-08
3.544058886441227e-08
4.750955350164766e-08
6.406716911082048e-08
8.682546668159573e-08
1.180256220620375e-07
1.613459648893742e-07
2.218998692063896e-07
3.068272790892920e-07
4.261852549450265e-07
5.964873692975120e-07
8.378881584942239e-07
1.180341957278567e-06
1.683052542823255e-06
2.413232696505215e-06
3.466310900637220e-06
5.012527951008066e-06
7.248861253422655e-06
1.052691932049648e-05
1.535142131913304e-05
2.237574239571535e-05
3.255102875836017e-05
4.749331299247955e-05
6.945679654338101e-05
1.011394566556762e-04
1.477797305863831e-04
2.155456706632719e-04
3.131920354546164e-04
4.551154772147924e-04
6.594039609068441e-04
9.545118194919783e-04
1.377195737611047e-03
1.988140681458016e-03
2.860832788074695e-03
4.103784488975679e-03
5.868857850255768e-03
8.378321876940240e-03
1.193180679658781e-02
1.694279432423271e-02
2.399441902640892e-02
3.394761329276087e-02
4.798447363796532e-02
6.775569412637768e-02
9.573827543383447e-02
1.349731487975885e-01
1.905790613865236e-01
2.690150515715802e-01
3.767650015811700e-01
5.149792380882557e-01
6.649264753394978e-01
8.040721111715947e-01
9.999999875582694e-01
1.000000000000000e+00
1.000000000000000e+00
1.000000000000000e+00
1.000000000000000e+00
1.000000000000000e+00
1.000000000000000e+00
1.000000000000000e+00
1.000000000000000e+00
1.000000000000000e+00
1.000000000000000e+00
1.000000000000000e+00
###4.800000000000000e+00
7.908379904266461e-10
-4.840760194336178e-11
-2.071009466438450e-10
-8.126610816486329e-12
1.982994634973824e-10
1.956178177787781e-10
-6.664255851703040e-11
1.225710026688432e-10
1.212605980388341e-10
8.506906020010564e-11
1.577791558166285e-10
1.550834935512934e-10
1.097834316048583e-10
7.664159156386047e-11
1.805264005473190e-10
1.669599136840493e-10
1.398916049142529e-10
2.188712387230850e-10
1.950214139098832e-10
2.545680476237231e-10
3.524373647501225e-10
4.123222580390888e-10
4.972030506706634e-10
6.569568250890525e-10
8.229656872184541e-10
1.056755572538329e-09
1.374817608094593e-09
1.777886102948890e-09
2.340159024566520e-09
3.088290446500974e-09
4.069866164318318e-09
5.440947661983545e-09
7.225760780709004e-09
9.575718390203649e-09
1.276314347143891e-08
1.711695022955132e-08
2.285686852424120e-08
3.060066592740240e-08
4.133641121838751e-08
5.570214092853360e-08
7.547955598722947e-08
1.028676850412700e-07
1.406012541018799e-07
1.932811399542704e-07
2.673917190520738e-07
3.720909113130651e-07
5.197025321316314e-07
7.308837015206603e-07
1.031685257897693e-06
1.459522965087874e-06
2.090550071896876e-06
3.004610573646218e-06
4.324224853034918e-06
6.256134143974267e-06
9.044041529333478e-06
1.313012686453635e-05
1.912746484562251e-05
2.781301724868108e-05
4.040377558202073e-05
5.878329872058032e-05
8.568417992667417e-05
1.243997823690429e-04
1.810060020347650e-04
2.629917250325536e-04
3.804340915252646e-04
5.503857006410079e-04
7.937453187963754e-04
1.143325981889948e-03
1.641343548541880e-03
2.357466121498677e-03
3.373739207388116e-03
4.813487320232257e-03
6.844513692028927e-03
9.713728448948087e-03
1.374700337340254e-02
1.939195100722903e-02
2.726766604948024e-02
3.828755809217615e-02
5.365928824658782e-02
7.506749949553519e-02
1.049479355750070e-01
1.462227891362510e-01
2.035833815935375e-01
2.826991250423185e-01
3.887341011114940e-01
5.217481262971566e-01
6.651837758779147e-01
8.020567334758848e-01
9.999999875582694e-01
1.000000000000000e+00
1.000000000000000e+00
1.000000000000000e+00
1.000000000000000e+00
1.000000000000000e+00
1.000000000000000e+00
1.000000000000000e+00
1.000000000000000e+00
1.000000000000000e+00
1.000000000000000e+00
1.000000000000000e+00
###5.200000000000000e+00
7.903371819623911e-10
-4.307111808441463e-11
-1.994752976402682e-10
1.267929879369555e-11
2.079796247550798e-10
2.287668971223574e-10
-5.123423061272797e-11
1.588806570134838e-10
1.454850142377806e-10
1.112513099353426e-10
1.972416202433967e-10
2.042756506081023e-10
1.303628409199159e-10
9.416536380674911e-11
2.045855039879978e-10
1.947147234804543e-10
1.744633984762798e-10
2.693269118308367e-10
2.356759236669737e-10
3.014248308718681e-10
4.069360738042626e-10
4.712634374909789e-10
5.987598974036089e-10
7.415415703701657e-10
9.467630953545519e-10
1.210398205498435e-09
1.571533626265418e-09
2.031877768644059e-09
2.668652096822189e-09
3.527836807489847e-09
4.664872908487794e-09
6.206237980537278e-09
8.261544866689341e-09
1.097484942943036e-08
1.466322544731698e-08
1.968976566823437e-08
2.640343430878400e-08
3.554043138394591e-08
4.814364775732667e-08
6.517437701992194e-08
8.882467395086379e-08
1.216840891339766e-07
1.671367718594322e-07
2.310895209886466e-07
3.214350888512607e-07
4.497866973119579e-07
6.312644127930478e-07
8.915372662523742e-07
1.263352315428026e-06
1.792975755042629e-06
2.576555170603665e-06
3.710257751148957e-06
5.341388887023581e-06
7.732986457108207e-06
1.117539321296592e-05
1.620616010883459e-05
2.354540629659623e-05
3.419367641550481e-05
4.958448597441263e-05
7.191720296132006e-05
1.044679105811824e-04
1.512184551847916e-04
2.192015976526984e-04
3.172610007802863e-04
4.569854694545448e-04
6.583254978870630e-04
9.451504359670979e-04
1.354852600020635e-03
1.935814440587935e-03
2.766653979918850e-03
3.939296230075680e-03
5.590706243898205e-03
7.906423793403655e-03
1.115666901597160e-02
1.569414979113794e-02
2.200125475563897e-02
3.072478465763845e-02
4.282679139056030e-02
5.953865445950800e-02
8.255724272102193e-02
1.142639454517116e-01
1.574690260449763e-01
2.164176694286372e-01
2.960910116655877e-01
4.004943541739750e-01
5.289242828060867e-01
6.666998975504753e-01
8.012093525052330e-01
9.999999875582694e-01
1.000000000000000e+00
1.000000000000000e+00
1.000000000000000e+00
1.000000000000000e+00
1.000000000000000e+00
1.000000000000000e+00
1.000000000000000e+00
1.000000000000000e+00
1.000000000000000e+00
1.000000000000000e+00
1.000000000000000e+00
###5.600000000000001e+00
7.648959219472336e-10
-4.840423005710348e-11
-1.884256384212800e-10
-8.676888165241295e-12
2.303304560882068e-10
3.314729842244674e-10
-7.699873499589507e-11
1.793199149140254e-10
1.435351125286835e-10
1.302540456206008e-10
2.187794927661914e-10
2.605383966375093e-10
1.456392724935060e-10
1.345801138342795e-10
2.316470278140551e-10
2.271265905635973e-10
2.140010908510010e-10
3.036115997591377e-10
2.843590739704449e-10
3.587203351997570e-10
4.584180759127418e-10
5.463002801311327e-10
6.877712091624744e-10
8.442844253818849e-10
1.085708417343418e-09
1.381508829308288e-09
1.787662933586366e-09
2.315586749661270e-09
3.033284146611735e-09
4.014406338988261e-09
5.306294455581559e-09
7.066544771529195e-09
9.417851859563297e-09
1.254064736908501e-08
1.681149802536244e-08
2.262407168477188e-08
3.045003837590521e-08
4.117721876372727e-08
5.598987494872632e-08
7.617306600613852e-08
1.043913366173450e-07
1.436956108416217e-07
1.984710751826642e-07
2.757874624209873e-07
3.856776231750565e-07
5.421631108614133e-07
7.638282583839806e-07
1.083040014439097e-06
1.539429405352577e-06
2.191057340908746e-06
3.153827354554241e-06
4.546732094707811e-06
6.548877995363010e-06
9.477544937824695e-06
1.368815615402857e-05
1.981770250663977e-05
2.871773923058860e-05
4.163331251258384e-05
6.024764740834980e-05
8.712441344364155e-05
1.261476966265495e-04
1.820209036879975e-04
2.628058393547331e-04
3.789770453713954e-04
5.436201245368879e-04
7.798419319648370e-04
1.114806202718047e-03
1.590826818701705e-03
2.262432831595471e-03
3.218062711149935e-03
4.559160517372934e-03
6.437924047763298e-03
9.056822666817588e-03
1.270924911757985e-02
1.777450153002205e-02
2.476896537467740e-02
3.435859455938046e-02
4.756187148327616e-02
6.561687434312014e-02
9.022071227689794e-02
1.236965021489166e-01
1.687211674074149e-01
2.291283847234417e-01
3.092590865689621e-01
4.121377662956309e-01
5.364781170755474e-01
6.692711507309516e-01
8.014066064515957e-01
9.999999875582694e-01
1.000000000000000e+00
1.000000000000000e+00
1.000000000000000e+00
1.000000000000000e+00
1.000000000000000e+00
1.000000000000000e+00
1.000000000000000e+00
1.000000000000000e+00
1.000000000000000e+00
1.000000000000000e+00
1.000000000000000e+00
###6.000000000000001e+00
7.121216821836352e-10
-4.366578000489703e-11
-2.043442348021293e-10
1.731362538390980e-11
2.521371910126371e-10
3.333838836855923e-10
2.975325815627439e-11
1.938626902950886e-10
1.732766321362595e-10
1.735980223784511e-10
2.346370375683100e-10
2.702370841755895e-10
1.820883132785906e-10
1.614898299284382e-10
2.576815737317376e-10
2.601373395509761e-10
2.575157751477434e-10
3.306830734947919e-10
3.357773812990548e-10
4.079180089702861e-10
5.268546793104592e-10
6.273080904230359e-10
7.857336058983751e-10
9.629861605086882e-10
1.230996262855954e-09
1.567030631002698e-09
2.024228791329104e-09
2.621787927534788e-09
3.432899250474870e-09
4.549062260363037e-09
6.013487941232797e-09
8.020491456022199e-09
1.071218907844657e-08
1.430836975492271e-08
1.923920397755373e-08
2.596429674691920e-08
3.504420129875432e-08
4.765817318809610e-08
6.508459811372905e-08
8.901317544902963e-08
1.226097137379019e-07
1.695920698294983e-07
2.353497275047111e-07
3.285626972332682e-07
4.615787007481312e-07
6.516795824030004e-07
9.213897987587767e-07
1.309854633143190e-06
1.866483685995010e-06
2.662626514205148e-06
3.837546632667167e-06
5.532185757753260e-06
7.969202883246101e-06
1.152280672418059e-05
1.662256487638867e-05
2.403169698217268e-05
3.473681321242745e-05
5.025507346271363e-05
7.255476024526656e-05
1.046230112544854e-04
1.509654101264134e-04
2.171428917730153e-04
3.123426558032416e-04
4.487471803371753e-04
6.411714259880267e-04
9.160266788686805e-04
1.304101513043066e-03
1.852755768501195e-03
2.623058405790130e-03
3.714061099175823e-03
5.236456678862336e-03
7.357842257119536e-03
1.029877907508115e-02
1.437467982334796e-02
1.999176682160930e-02
2.769818549599579e-02
3.817474164945284e-02
5.249319794079031e-02
7.189313594948177e-02
9.805664757529868e-02
1.332581733524691e-01
1.799963626251695e-01
2.417457890617572e-01
3.222376046760052e-01
4.236830447438506e-01
5.444000346447746e-01
6.727578162927451e-01
8.024510240264455e-01
9.999999875582694e-01
1.000000000000000e+00
1.000000000000000e+00
1.000000000000000e+00
1.000000000000000e+00
1.000000000000000e+00
1.000000000000000e+00
1.000000000000000e+00
1.000000000000000e+00
1.000000000000000e+00
1.000000000000000e+00
1.000000000000000e+00
###6.400000000000001e+00
7.233256013371783e-10
-3.905070515148366e-11
-2.091865523271837e-10
2.394474838939451e-11
2.533189170236770e-10
3.239054204201767e-10
3.615158799907186e-11
2.181965879499538e-10
2.623829223702242e-10
1.803329935372571e-10
2.429077413196720e-10
2.717837173783045e-10
2.007798851297273e-10
1.714126502053210e-10
2.748053661366819e-10
2.815951411611054e-10
2.896279261334529e-10
3.590739176050694e-10
3.747610759303358e-10
4.533712535120295e-10
5.714444692922827e-10
6.933829173166570e-10
8.698315903691069e-10
1.076691777858405e-09
1.367911593992304e-09
1.752197063581717e-09
2.270494504864457e-09
2.948538726856663e-09
3.866622839063314e-09
5.130844262755710e-09
6.795053417917670e-09
9.083880608683433e-09
1.216257343483496e-08
1.630194797638687e-08
2.199848082630492e-08
2.978299362784463e-08
4.039848275975246e-08
5.514998835809392e-08
7.566785658935931e-08
1.040470563727152e-07
1.438965132558658e-07
1.999954853101573e-07
2.788117455882567e-07
3.907466129814755e-07
5.512391806198001e-07
7.810096496388392e-07
1.107363592744002e-06
1.577834625246996e-06
2.252666352946641e-06
3.218421672058779e-06
4.641601020564657e-06
6.689675216925542e-06
9.632355438324830e-06
1.391022238905084e-05
2.004224291518401e-05
2.891981336104796e-05
4.169586762387854e-05
6.018775451318493e-05
8.666813387878647e-05
1.246317778487238e-04
1.792573398773240e-04
2.570223258397271e-04
3.683241230038721e-04
5.272580936002476e-04
7.504856552684963e-04
1.067991975119228e-03
1.514258223389909e-03
2.142198390747657e-03
3.019706581660583e-03
4.256888370938891e-03
5.973790366521671e-03
8.354032688002423e-03
1.163513871151061e-02
1.615672374690943e-02
2.234869615963512e-02
3.078774923406087e-02
4.217781921616193e-02
5.762524808013251e-02
7.837115801291537e-02
1.060715645261644e-01
1.429292740591197e-01
1.913095725441611e-01
2.542883332404294e-01
3.350886535218650e-01
4.351837752316745e-01
5.526666156813979e-01
6.769928938697293e-01
8.042447998584550e-01
9.999999875582694e-01
1.000000000000000e+00
1.000000000000000e+00
1.000000000000000e+00
1.000000000000000e+00
1.000000000000000e+00
1.000000000000000e+00
1.000000000000000e+00
1.000000000000000e+00
1.000000000000000e+00
1.000000000000000e+00
1.000000000000000e+00
###6.800000000000002e+00
7.351433700008231e-10
-6.120757606964504e-11
-1.942992253637905e-10
2.432004467513957e-11
2.516837320388053e-10
3.133091808953004e-10
7.378574079568299e-11
2.160240710145365e-10
2.520285925124641e-10
1.908320371399397e-10
2.480642760055511e-10
2.758123518194859e-10
2.144750211670202e-10
1.883603329381853e-10
2.959396050479604e-10
3.028248611683149e-10
3.070626111286047e-10
3.909736019678575e-10
4.159599427607856e-10
5.017138029708340e-10
6.286697701447520e-10
7.664284078619214e-10
9.613744491293760e-10
1.197319366332001e-09
1.521137990765850e-09
1.955859651521834e-09
2.541206304609554e-09
3.303408594168285e-09
4.347548180525266e-09
5.777377322620891e-09
7.669612642806017e-09
1.027571351141116e-08
1.380623591787412e-08
1.857027196469961e-08
2.515727030245377e-08
3.417520944800783e-08
4.659082712787771e-08
6.383887919383987e-08
8.800181939842901e-08
1.215203157799834e-07
1.688927077433830e-07
2.357361032852226e-07
3.298221083964728e-07
4.640649852400719e-07
6.567811430814417e-07
9.334107807405612e-07
1.326489459576487e-06
1.893349982063362e-06
2.706379974841421e-06
3.866230502725317e-06
5.579684194163436e-06
8.040111290752790e-06
1.156612014061451e-05
1.668386191124260e-05
2.400045999101933e-05
3.456120925933274e-05
4.969828458689411e-05
7.157517369351590e-05
1.028003057657197e-04
1.473756165401769e-04
2.113362163463192e-04
3.020412280688926e-04
4.313202555278062e-04
6.152062078444969e-04
8.724739515685987e-04
1.236780811802796e-03
1.746696140513979e-03
2.460853751548808e-03
3.454203576425969e-03
4.848771254208740e-03
6.773711436609250e-03
9.429234133901798e-03
1.307008796675689e-02
1.805848681781516e-02
2.484813005440556e-02
3.403914955399361e-02
4.636500835630253e-02
6.295261024781912e-02
8.504420886458257e-02
1.142663833492527e-01
1.527447130976446e-01
2.026696690150657e-01
2.667864412644785e-01
3.478399450459145e-01
4.466869004514591e-01
5.612145448429487e-01
6.819193117584234e-01
8.066705244838061e-01
9.999999875582694e-01
1.000000000000000e+00
1.000000000000000e+00
1.000000000000000e+00
1.000000000000000e+00
1.000000000000000e+00
1.000000000000000e+00
1.000000000000000e+00
1.000000000000000e+00
1.000000000000000e+00
1.000000000000000e+00
1.000000000000000e+00
###7.200000000000002e+00
7.057925380627700e-10
-5.942871745747728e-11
-2.233311909092104e-10
-4.528852242390873e-12
3.086152771759190e-10
3.031969091680610e-10
7.851472884849104e-11
2.210959126715313e-10
2.604697718946504e-10
2.062790489804303e-10
2.606859615308522e-10
2.899270389402503e-10
2.372248717325693e-10
2.126192981310061e-10
3.137173318900921e-10
3.241079310513964e-10
3.381678974210828e-10
4.200750244196076e-10
4.631125726575727e-10
5.572657455003845e-10
6.952911404666061e-10
8.503990196861362e-10
1.068002495458953e-09
1.336236890041677e-09
1.695512455663124e-09
2.182004143115102e-09
2.840618317117898e-09
3.706149883140470e-09
4.883141099996671e-09
6.502845210668889e-09
8.659206851352676e-09
1.162939043369823e-08
1.567275279501800e-08
2.116334514711165e-08
2.877686739197335e-08
3.923974991181615e-08
5.375464678719015e-08
7.397704887217306e-08
1.024307977648448e-07
1.419642951561338e-07
1.982099744548596e-07
2.776327830171345e-07
3.898121150232892e-07
5.502252060531386e-07
7.810241430072808e-07
1.112601258979141e-06
1.583409016693120e-06
2.263054834862790e-06
3.236618459116430e-06
4.622731838793015e-06
6.673069180031190e-06
9.610044877947141e-06
1.380847340085071e-05
1.988566694491979e-05
2.855777024022956e-05
4.103446239660168e-05
5.886000113961604e-05
8.456835809426151e-05
1.211357962350662e-04
1.731644062756509e-04
2.475620277432531e-04
3.526721523690939e-04
5.018009739200521e-04
7.133240212704400e-04
1.008028410693118e-03
1.423538654084655e-03
2.002905905228481e-03
2.810496650268834e-03
3.929114434748087e-03
5.492098177859328e-03
7.639009402690467e-03
1.058651160718473e-02
1.460591386491494e-02
2.008298089251132e-02
2.749332142007846e-02
3.745853578600710e-02
5.073956078171377e-02
6.848048646088467e-02
9.191856427740805e-02
1.226389523228050e-01
1.626907648314550e-01
2.140942800147994e-01
2.792649458697530e-01
3.605164437776676e-01
4.582014881937544e-01
5.700393802828757e-01
6.873977402972495e-01
8.096363974213224e-01
9.999999875582694e-01
1.000000000000000e+00
1.000000000000000e+00
1.000000000000000e+00
1.000000000000000e+00
1.000000000000000e+00
1.000000000000000e+00
1.000000000000000e+00
1.000000000000000e+00
1.000000000000000e+00
1.000000000000000e+00
1.000000000000000e+00
###7.600000000000002e+00
7.130549325355023e-10
-1.642211322652051e-11
-2.263297394769746e-10
3.074303969232239e-12
2.899216911107245e-10
3.069351302390414e-10
8.495278733787801e-11
2.293309337654848e-10
2.773012533104688e-10
2.274974690922024e-10
2.875747967303942e-10
2.975740220575704e-10
2.584807810212130e-10
2.061200169133401e-10
3.310854546675949e-10
3.551093463356517e-10
3.745735887735747e-10
4.603969486655220e-10
5.135245901277546e-10
6.200451625121916e-10
7.680019309869926e-10
9.390822895642684e-10
1.183569629854411e-09
1.482964792602493e-09
1.887123917642381e-09
2.434072360799933e-09
3.172249213055117e-09
4.151495529355877e-09
5.482543125936381e-09
7.315092813006879e-09
9.775077767544898e-09
1.316692521136387e-08
1.780837870704675e-08
2.414584412804069e-08
3.296666890101070e-08
4.509169636749147e-08
6.205282009578982e-08
8.574016369446514e-08
1.192112410573253e-07
1.658255220762813e-07
2.324831432109750e-07
3.267589006095259e-07
4.601792102686672e-07
6.512016835561370e-07
9.265046006006547e-07
1.321967467754641e-06
1.883296302498000e-06
2.693486986374574e-06
3.853713310798948e-06
5.509425215673174e-06
7.940036685782743e-06
1.142273519775290e-05
1.639351727108414e-05
2.357279005887998e-05
3.378330404593300e-05
4.844173750812866e-05
6.933807172171782e-05
9.932627887681561e-05
1.418892091925085e-04
2.022824226586411e-04
2.882816109096787e-04
4.093755392025730e-04
5.805452637406342e-04
8.220801459085154e-04
1.158269111545555e-03
1.629580875699943e-03
2.284338908163631e-03
3.193177711981928e-03
4.445850385061180e-03
6.189493447044728e-03
8.572827147533138e-03
1.182874707383446e-02
1.624700828513515e-02
2.223329462340317e-02
3.028723330024318e-02
4.104801224185185e-02
5.530572438044189e-02
7.421184697905087e-02
9.899015097066266e-02
1.311935546651525e-01
1.727792889897974e-01
2.255889239090504e-01
2.917404297906194e-01
3.731515079121125e-01
4.697446137696600e-01
5.791193469536581e-01
6.933647105957247e-01
8.129928319904731e-01
9.999999875582694e-01
1.000000000000000e+00
1.000000000000000e+00
1.000000000000000e+00
1.000000000000000e+00
1.000000000000000e+00
1.000000000000000e+00
1.000000000000000e+00
1.000000000000000e+00
1.000000000000000e+00
1.000000000000000e+00
1.000000000000000e+00
###8.000000000000002e+00
1.049158197251623e-09
-1.463359647463820e-11
-2.249724856420817e-10
-2.847568062347966e-11
2.937852677302334e-10
3.058915472607359e-10
1.156104305996173e-10
3.508239904185961e-10
2.678600826327510e-10
2.453936225324150e-10
2.924504087098571e-10
3.095583213290085e-10
2.572817416176056e-10
2.324712214002016e-10
3.518449663207565e-10
3.870598677994957e-10
4.091436417997053e-10
4.945314424420504e-10
5.620339504953297e-10
6.801071340937584e-10
8.406776964737074e-10
1.034029455900116e-09
1.305961622121258e-09
1.640427090019218e-09
2.095010562085480e-09
2.709995940432080e-09
3.537112052732612e-09
4.647605022945233e-09
6.159228715423546e-09
8.233766646827194e-09
1.103873620695632e-08
1.492308097618996e-08
2.025016957001666e-08
2.756571381873371e-08
3.779455794686820e-08
5.188893026595457e-08
7.169917987926055e-08
9.948886519198846e-08
1.388200868994254e-07
1.937442968856555e-07
2.725149614756412e-07
3.841900158285589e-07
5.428549513305214e-07
7.690505502676120e-07
1.096254357756384e-06
1.565776160568981e-06
2.232569021064051e-06
3.194194086726887e-06
4.569323343906834e-06
6.537157986820273e-06
9.402744438314330e-06
1.351357867157488e-05
1.936221405848947e-05
2.779310153302764e-05
3.975566916983479e-05
5.687392174791111e-05
8.121652590987392e-05
1.160187989458094e-04
1.653154476322175e-04
2.350127904883737e-04
3.338543748829045e-04
4.726312527336186e-04
6.681265963198053e-04
9.425580680583375e-04
1.324049355436132e-03
1.856036965994218e-03
2.592532417100444e-03
3.610679137922345e-03
5.007947181888866e-03
6.943398543413607e-03
9.578282103453127e-03
1.315935890041229e-02
1.799574491817577e-02
2.451394073222002e-02
3.323495354416675e-02
4.481448334958692e-02
6.007219721132723e-02
8.014740157375363e-02
1.062653473813815e-01
1.399240332892621e-01
1.829995714780514e-01
2.371601151998490e-01
3.042403885373698e-01
3.857715213895633e-01
4.813201015802045e-01
5.884344017672470e-01
6.997652714951016e-01
8.167940590687829e-01
9.999999875582694e-01
1.000000000000000e+00
1.000000000000000e+00
1.000000000000000e+00
1.000000000000000e+00
1.000000000000000e+00
1.000000000000000e+00
1.000000000000000e+00
1.000000000000000e+00
1.000000000000000e+00
1.000000000000000e+00
1.000000000000000e+00
###8.400000000000002e+00
1.051228061313876e-09
-1.856080656222477e-11
-1.899133369106544e-10
-2.275422756905750e-11
2.900264111309278e-10
2.542109497999020e-10
1.387347161255147e-10
3.570742438714312e-10
2.748015162576449e-10
2.896091957891438e-10
3.102742441603186e-10
3.349865915420576e-10
2.851380487158726e-10
3.970072098673941e-10
3.811380359527281e-10
4.228741744505142e-10
4.662137034819410e-10
5.413083519509605e-10
6.194802540248274e-10
7.504838327324836e-10
9.261360845376056e-10
1.142252983570665e-09
1.442408881971440e-09
1.815034082584917e-09
2.327783441880043e-09
3.018689532707247e-09
3.950293525834645e-09
5.209900359001423e-09
6.919211710326597e-09
9.279328874581190e-09
1.248294762557661e-08
1.693048850874878e-08
2.306411786585458e-08
3.152048288419975e-08
4.335679769995322e-08
5.977283331704498e-08
8.289351411684281e-08
1.154830186654678e-07
1.616404894722074e-07
2.262438120636641e-07
3.192053572909063e-07
4.511508820753681e-07
6.390486720766261e-07
9.067548331083137e-07
1.293585183300437e-06
1.848255203794161e-06
2.637500288851893e-06
3.773601752200918e-06
5.395739938090619e-06
7.722415164706871e-06
1.108569773372757e-05
1.590966389075124e-05
2.275893460003738e-05
3.260967155482427e-05
4.655214632684469e-05
6.643318543959755e-05
9.465359585664476e-05
1.348419670144473e-04
1.916059851801656e-04
2.716598774090043e-04
3.847387598662512e-04
5.430631781715194e-04
7.651538962433627e-04
1.075731576595485e-03
1.506384535404689e-03
2.104436642140874e-03
2.929122637715950e-03
4.064582494677274e-03
5.618764548143077e-03
7.756492308094077e-03
1.065770242171151e-02
1.457894913371677e-02
1.985553263539135e-02
2.692843834628608e-02
3.633869519657331e-02
4.876222499342576e-02
6.503302405375924e-02
8.629185767018707e-02
1.137481949246724e-01
1.488485761847329e-01
1.933660685123615e-01
2.488260410820609e-01
3.167635685497195e-01
3.983964305557968e-01
4.929454053322547e-01
5.979174605939727e-01
7.065050750762677e-01
8.209397582153074e-01
9.999999875582694e-01
1.000000000000000e+00
1.000000000000000e+00
1.000000000000000e+00
1.000000000000000e+00
1.000000000000000e+00
1.000000000000000e+00
1.000000000000000e+00
1.000000000000000e+00
1.000000000000000e+00
1.000000000000000e+00
1.000000000000000e+00
###8.800000000000002e+00
1.078299559612211e-09
-6.339108230014576e-11
-1.731538446090155e-10
5.665776579354513e-11
3.110389749879948e-10
3.043748181347305e-10
1.471864103190556e-10
3.748246222419432e-10
2.905259790910664e-10
2.987067724987569e-10
3.359790581113409e-10
3.515354392761631e-10
3.053666299354439e-10
4.203054899653606e-10
4.091278946425065e-10
4.583878701712627e-10
5.058803425066380e-10
5.907147072810056e-10
6.841370067142369e-10
8.266692902353825e-10
1.018116564283171e-09
1.258630482075212e-09
1.591952947140997e-09
2.011359269636187e-09
2.588326809880910e-09
3.363142171884560e-09
4.411429889256411e-09
5.840308371730211e-09
7.780316309254099e-09
1.046933531419472e-08
1.413108832949244e-08
1.923501712689174e-08
2.628682242093527e-08
3.606005097437097e-08
4.979631031388514e-08
6.894362908682014e-08
9.593782135786114e-08
1.341077858702810e-07
1.881713093089642e-07
2.641327764815166e-07
3.736194891065132e-07
5.291173096207846e-07
7.507430698829791e-07
1.066699384574726e-06
1.522637746472870e-06
2.175754410223315e-06
3.106320722153867e-06
4.442608037330894e-06
6.349183568305615e-06
9.082137422534466e-06
1.301630463672930e-05
1.864573796594391e-05
2.662957927506835e-05
3.808227772280601e-05
5.425375425419596e-05
7.724466848621031e-05
1.097855935097648e-04
1.559849446711951e-04
2.210727150023988e-04
3.125765154184425e-04
4.413720567048326e-04
6.211268762508398e-04
8.724239871095448e-04
1.222491042339223e-03
1.706705053191453e-03
2.376055149726241e-03
3.295874623849630e-03
4.557590138013324e-03
6.279045711016120e-03
8.632267266136228e-03
1.181470447613945e-02
1.609413639240869e-02
2.183082143823339e-02
2.947929994549801e-02
3.960013719525634e-02
5.288952311012474e-02
7.019431914353967e-02
9.264375001369879e-02
1.214376553520636e-01
1.579663091829115e-01
2.038853163780220e-01
2.605895288060701e-01
3.293278520633375e-01
4.110317755728489e-01
5.046221185241840e-01
6.075744895029010e-01
7.135389607704610e-01
8.253483707833402e-01
9.999999875582694e-01
1.000000000000000e+00
1.000000000000000e+00
1.000000000000000e+00
1.000000000000000e+00
1.000000000000000e+00
1.000000000000000e+00
1.000000000000000e+00
1.000000000000000e+00
1.000000000000000e+00
1.000000000000000e+00
1.000000000000000e+00
###9.200000000000003e+00
1.073814687337865e-09
-6.666964537697333e-11
-1.779951361444183e-10
2.582516968292546e-11
3.124512717319506e-10
2.954000493366194e-10
1.555430523457773e-10
3.831169303688588e-10
2.965756592706793e-10
3.107289341570324e-10
3.434789375243366e-10
3.666614688842435e-10
3.270174131311405e-10
4.402715271742619e-10
4.385967991054157e-10
4.949907227641237e-10
5.520870073756202e-10
6.415927624832522e-10
7.500848831548616e-10
9.026531117135221e-10
1.115904213629118e-09
1.384711110694952e-09
1.754298141020049e-09
2.226387276444581e-09
2.892291436018244e-09
3.746573150220712e-09
4.932543517212817e-09
6.548791018501988e-09
8.755885964566373e-09
1.182142603144765e-08
1.601262037134495e-08
2.187200309540584e-08
3.000785687740536e-08
4.130339435347533e-08
5.724236928539905e-08
7.953041346378676e-08
1.111067250018988e-07
1.556726080041995e-07
2.190578218499074e-07
3.082105544781160e-07
4.368162328803005e-07
6.194836367874021e-07
8.804680283462165e-07
1.252208963339830e-06
1.787510768469746e-06
2.553868084412378e-06
3.646246173157217e-06
5.211638728465940e-06
7.441607562749106e-06
1.064082441268211e-05
1.521777844464420e-05
2.176422743336051e-05
3.102878400419324e-05
4.428121638910765e-05
6.294952426560208e-05
8.942049187669876e-05
1.267731769871716e-04
1.796675743403875e-04
2.539751403366918e-04
3.581123085003673e-04
5.041899334092446e-04
7.074363694402398e-04
9.907174853970844e-04
1.383644977609417e-03
1.925995071414430e-03
2.672397998266638e-03
3.694431006669219e-03
5.091204286188863e-03
6.990527592868404e-03
9.572863716818267e-03
1.305188758172079e-02
1.770984684292551e-02
2.392600673709362e-02
3.217076490897316e-02
4.302635797571264e-02
5.719684867722000e-02
7.555618253323398e-02
9.920336845326307e-02
1.293395685014823e-01
1.672693752050129e-01
2.145671742794043e-01
2.724552194974742e-01
3.419490579985782e-01
4.236940189228761e-01
5.163439148341105e-01
6.173916857561295e-01
7.208468621531481e-01
8.299615763727142e-01
9.999999875582694e-01
1.000000000000000e+00
1.000000000000000e+00
1.000000000000000e+00
1.000000000000000e+00
1.000000000000000e+00
1.000000000000000e+00
1.000000000000000e+00
1.000000000000000e+00
1.000000000000000e+00
1.000000000000000e+00
1.000000000000000e+00
###9.600000000000003e+00
1.087485466338781e-09
-1.160896928787205e-10
-1.907619243818095e-10
8.795372873598316e-11
3.150721320259229e-10
2.987902473916281e-10
5.083669568156879e-11
3.926629376562014e-10
2.754667254714387e-10
3.173229066776104e-10
3.654487601445562e-10
4.005423207209020e-10
3.539159187425302e-10
4.692816393870283e-10
4.755033963057907e-10
5.380017421644019e-10
5.773417287062057e-10
6.995022886756736e-10
8.230340769554057e-10
9.922976831205570e-10
1.234200789190233e-09
1.529870539127749e-09
1.938296357325969e-09
2.466742870610011e-09
3.211171871683495e-09
4.179699815284663e-09
5.518431704397133e-09
7.356398045042027e-09
9.867715180272759e-09
1.336732308094852e-08
1.817589290761542e-08
2.490162412192608e-08
3.429506506423505e-08
4.737156699728370e-08
6.585019858652396e-08
9.182249009506405e-08
1.286321820374455e-07
1.806802070332496e-07
2.548958044153804e-07
3.592874537884197e-07
5.100565371709359e-07
7.241857157065037e-07
1.030070429858012e-06
1.465946940690662e-06
2.092897926004493e-06
2.989409281575064e-06
4.266263973092083e-06
6.092363878211527e-06
8.690199149244677e-06
1.241719054900444e-05
1.772373581719923e-05
2.530219825929575e-05
3.600437338777116e-05
5.128151425727659e-05
7.274450696724540e-05
1.030959653607523e-04
1.458087249090675e-04
2.061088718459571e-04
2.905772140494048e-04
4.086456637451847e-04
5.736794590444357e-04
8.026596089554544e-04
1.120726867041135e-03
1.560242156414570e-03
2.165449982357382e-03
2.994816852769067e-03
4.126599326115264e-03
5.667818638268154e-03
7.756760906372482e-03
1.058172677161047e-02
1.437370978527476e-02
1.942796213248684e-02
2.614471929374663e-02
3.500895907951780e-02
4.661750257346559e-02
6.169210163408815e-02
8.112117822606589e-02
1.059800804252010e-01
1.374466132991903e-01
1.767745561924886e-01
2.254052141077512e-01
2.844342298904943e-01
3.546233039807522e-01
4.363782086949988e-01
5.281224194404082e-01
6.273323190590145e-01
7.283510532197889e-01
8.347823583612285e-01
9.999999875582694e-01
1.000000000000000e+00
1.000000000000000e+00
1.000000000000000e+00
1.000000000000000e+00
1.000000000000000e+00
1.000000000000000e+00
1.000000000000000e+00
1.000000000000000e+00
1.000000000000000e+00
1.000000000000000e+00
1.000000000000000e+00
###1.000000000000000e+01
1.081812843784979e-09
-1.075764485704158e-10
-1.866988711346469e-10
9.015590182935958e-11
3.055171276537483e-10
2.935629020171938e-10
6.759326564382554e-11
4.021584547621238e-10
2.870592876467681e-10
3.345566704108620e-10
3.750277015494252e-10
4.226874126012273e-10
3.742221744809082e-10
4.940507906477315e-10
5.089775429987911e-10
5.860124466475193e-10
6.257072495552700e-10
7.560938276240930e-10
8.958885649457057e-10
1.078204868960287e-09
1.349676378873858e-09
1.681437086814091e-09
2.136550226276862e-09
2.731819014158850e-09
3.563243894963536e-09
4.665124267835801e-09
6.178942873281769e-09
8.265316662953403e-09
1.113130138106579e-08
1.513493059106656e-08
2.064698293445291e-08
2.838425888931479e-08
3.922908252855998e-08
5.436658295831457e-08
7.583314897283573e-08
1.060538605708287e-07
1.489113408221693e-07
2.096244185158787e-07
2.963002543552542e-07
4.183252702549556e-07
5.946224317804726e-07
8.448791300749687e-07
1.202538647520383e-06
1.711256997053891e-06
2.443803376348608e-06
3.489896284803733e-06
4.975354071264261e-06
7.098561561763061e-06
1.011347948695534e-05
1.441154744090133e-05
2.056512871535421e-05
2.930682933564148e-05
4.162454398887295e-05
5.916468956124916e-05
8.374781787502923e-05
1.184072174389916e-04
1.670661289026104e-04
2.355485017543006e-04
3.312320759474339e-04
4.645687812538160e-04
6.503465737157204e-04
9.073949797517009e-04
1.263321093739258e-03
1.753326740533447e-03
2.426042905404194e-03
3.345075403674412e-03
4.594463778819770e-03
6.289532183848885e-03
8.579658569337694e-03
1.166138727406800e-02
1.578269423583599e-02
2.125118201132612e-02
2.848974122916483e-02
3.799580111045255e-02
5.037991329600550e-02
6.637963144775788e-02
8.689364632350054e-02
1.129780117027819e-01
1.457660206190066e-01
1.864738403187886e-01
2.364100275238583e-01
2.965336315446288e-01
3.673737386377476e-01
4.490982812367544e-01
5.399582800389059e-01
6.374047024073783e-01
7.360391992526245e-01
8.397059519184901e-01
9.999999875582694e-01
1.000000000000000e+00
1.000000000000000e+00
1.000000000000000e+00
1.000000000000000e+00
1.000000000000000e+00
1.000000000000000e+00
1.000000000000000e+00
1.000000000000000e+00
1.000000000000000e+00
1.000000000000000e+00
1.000000000000000e+00
###1.040000000000000e+01
1.242971861978022e-09
3.639298108219244e-11
-1.859380452469224e-10
1.064308941240985e-10
3.049212674991366e-10
3.031714314965642e-10
-1.310723563656885e-10
3.946428509442729e-10
2.984133970152166e-10
3.458382539220883e-10
3.072881530746466e-10
4.330208817673650e-10
4.136595282245061e-10
5.280253433939270e-10
5.417244216727691e-10
6.221376006656037e-10
6.789527502749844e-10
8.203718578516587e-10
9.761856730570191e-10
1.191631671130565e-09
1.480575343816119e-09
1.854808118997104e-09
2.349551950066762e-09
3.029193847825532e-09
3.962732552484387e-09
5.210257714441925e-09
6.927900391079514e-09
9.298912108919025e-09
1.257722771477039e-08
1.715921110807317e-08
2.348741842371969e-08
3.240381171468186e-08
4.492763345306863e-08
6.245378552559712e-08
8.734210282835460e-08
1.224747441069819e-07
1.723542710956546e-07
2.430888548634345e-07
3.441658755491001e-07
4.864725192596209e-07
6.920514153812504e-07
9.839307700844187e-07
1.400917656903889e-06
1.993508207418706e-06
2.845440007956078e-06
4.060836339957204e-06
5.784494613907453e-06
8.244513733147026e-06
1.173106157320840e-05
1.669735380891601e-05
2.377872817135070e-05
3.382825887930737e-05
4.794520373615570e-05
6.800952682687776e-05
9.605171195695963e-05
1.354953742529843e-04
1.907206137409778e-04
2.682384194248134e-04
3.762329501465102e-04
5.262914930210244e-04
7.347668866752874e-04
1.022355685088921e-03
1.419380240995642e-03
1.964019072905261e-03
2.709396542812424e-03
3.724649560569380e-03
5.099793886577273e-03
6.958822421888364e-03
9.457947879010446e-03
1.281522328113958e-02
1.728265191497379e-02
2.318388841957376e-02
3.096540866792363e-02
4.113603852874218e-02
5.432179454257730e-02
7.126253675785003e-02
9.287752929494679e-02
1.201903769024135e-01
1.543022763520722e-01
1.963712811189301e-01
2.475917626960652e-01
3.087492189082437e-01
3.801932360759602e-01
4.618622149878430e-01
5.518402056689810e-01
6.475657516618389e-01
7.438532669680277e-01
8.447801740628790e-01
9.999999875582694e-01
1.000000000000000e+00
1.000000000000000e+00
1.000000000000000e+00
1.000000000000000e+00
1.000000000000000e+00
1.000000000000000e+00
1.000000000000000e+00
1.000000000000000e+00
1.000000000000000e+00
1.000000000000000e+00
1.000000000000000e+00
###1.080000000000000e+01
1.237427612907727e-09
4.843834438959039e-11
-1.611357140592562e-10
1.189525694509810e-10
2.183284239491529e-10
3.300809272201656e-10
-9.819257027727403e-11
4.198374644543590e-10
3.373691549249993e-10
3.878740146810796e-10
3.446282128874481e-10
4.779577708186423e-10
4.628518998565929e-10
5.759067967098573e-10
5.901660050552312e-10
6.882874652028557e-10
7.571637865881259e-10
9.104956312174827e-10
1.084711356031231e-09
1.328343154824531e-09
1.645065003941601e-09
2.067922607816439e-09
2.628145875063201e-09
3.396696068553902e-09
4.433194450377075e-09
5.839807086117985e-09
7.794462275887136e-09
1.049753039896969e-08
1.424583089237855e-08
1.949525803279544e-08
2.677610203984223e-08
3.708580101014710e-08
5.150672577838432e-08
7.180395506475021e-08
1.006306503745199e-07
1.414366080625643e-07
1.994159793531488e-07
2.816868264626910e-07
3.992955607023277e-07
5.649026529882920e-07
8.041695409309922e-07
1.143566402198679e-06
1.628404985682840e-06
2.317017958817813e-06
3.304699463325012e-06
4.711263906322987e-06
6.705996277617995e-06
9.545431626879201e-06
1.356404677085520e-05
1.928272273963222e-05
2.740547321021368e-05
3.891575826607123e-05
5.504167428152192e-05
7.790848592582943e-05
1.097899702283571e-04
1.545301747029205e-04
2.170065613135230e-04
3.044468988442512e-04
4.259571421545382e-04
5.943045387109161e-04
8.274964583498432e-04
1.148282442744577e-03
1.589768365634069e-03
2.193399784910962e-03
3.016978066053301e-03
4.135129560240275e-03
5.644460023444847e-03
7.677443844553606e-03
1.039766243264092e-02
1.404610181841780e-02
1.887724091778197e-02
2.522994264596853e-02
3.357537876918640e-02
4.443426126516519e-02
5.844319841433502e-02
7.634660099836606e-02
9.907467084708560e-02
1.276248877070434e-01
1.630555305951777e-01
2.064658912041571e-01
2.589328478379599e-01
3.210904362528189e-01
3.930921361928375e-01
4.746611658266475e-01
5.637518336274225e-01
6.577894123282908e-01
7.517755590374918e-01
8.499117435656894e-01
9.999999875582694e-01
1.000000000000000e+00
1.000000000000000e+00
1.000000000000000e+00
1.000000000000000e+00
1.000000000000000e+00
1.000000000000000e+00
1.000000000000000e+00
1.000000000000000e+00
1.000000000000000e+00
1.000000000000000e+00
1.000000000000000e+00
###1.120000000000000e+01
1.195824974903096e-09
6.125768613824765e-11
-1.490101439646429e-10
1.344765765052516e-10
2.426444577264113e-10
3.531178748986249e-10
-6.462782649727202e-11
4.557423588283851e-10
3.757702721762899e-10
4.295972077106269e-10
3.965768287093793e-10
5.298260560139112e-10
5.180815281984457e-10
6.292673730516230e-10
6.557531100022222e-10
7.624912552650645e-10
8.384059683529787e-10
1.010899076382795e-09
1.206499410127063e-09
1.476232703197576e-09
1.828913416100032e-09
2.301155503139158e-09
2.931567339828380e-09
3.795901441739206e-09
4.959156595142884e-09
6.557694045884059e-09
8.780735546393135e-09
1.186398802392798e-08
1.616025216562218e-08
2.217678033372735e-08
3.054338269400736e-08
4.242727694345985e-08
5.910052449983400e-08
8.257415519291733e-08
1.159643114671375e-07
1.632556861979444e-07
2.305549715207959e-07
3.261209845981413e-07
4.626594140100607e-07
6.549603210686095e-07
9.327459167434115e-07
1.326552962071174e-06
1.888486772567721e-06
2.685872361985165e-06
3.827812534415876e-06
5.450332684181026e-06
7.750713982715485e-06
1.101784148571698e-05
1.563575139515020e-05
2.219611161493264e-05
3.148251818113445e-05
4.462750609795940e-05
6.298847132454190e-05
8.896126603865068e-05
1.250868960228673e-04
1.756651417200569e-04
2.461188430594866e-04
3.444610452642877e-04
4.807504109442412e-04
6.690455580922116e-04
9.291529553050973e-04
1.285903106916674e-03
1.775426750098470e-03
2.443665940853238e-03
3.350130922136586e-03
4.578632007170850e-03
6.230606951621627e-03
8.448826844196979e-03
1.140308186748467e-02
1.535765904693966e-02
2.056940715296051e-02
2.739484741403744e-02
3.632304087394260e-02
4.789434297169575e-02
6.274855210421720e-02
8.163485408293714e-02
1.054904034353385e-01
1.352827748023939e-01
1.720321978660474e-01
2.167625691508759e-01
2.704477582642730e-01
3.335502884977865e-01
4.060679396176310e-01
4.875125026627106e-01
5.756954747790616e-01
6.680543863964808e-01
7.597720351627937e-01
8.551557787326871e-01
9.999999875582694e-01
1.000000000000000e+00
1.000000000000000e+00
1.000000000000000e+00
1.000000000000000e+00
1.000000000000000e+00
1.000000000000000e+00
1.000000000000000e+00
1.000000000000000e+00
1.000000000000000e+00
1.000000000000000e+00
1.000000000000000e+00
###1.160000000000000e+01
1.134648734359925e-09
1.031751208956632e-10
-1.441988019192055e-10
1.568405417898850e-10
2.594787053487106e-10
4.306479191507459e-10
-3.201953221226376e-11
5.009184715034551e-10
4.280188470386445e-10
4.729299808041619e-10
4.559056826376498e-10
5.813546482874412e-10
5.851122523630110e-10
6.919378136800419e-10
7.301273309879887e-10
8.433901332293189e-10
9.342714450570573e-10
1.122426364358811e-09
1.341266352952764e-09
1.641805406498804e-09
2.035045124253841e-09
2.564654275926831e-09
3.273092704473093e-09
4.249295846499565e-09
5.558489113098018e-09
7.375766118561404e-09
9.911492067667143e-09
1.342759411732136e-08
1.835163865088474e-08
2.526085241469654e-08
3.489187200443373e-08
4.857277359157813e-08
6.783388442175270e-08
9.497575228203623e-08
1.336356077111477e-07
1.883967714865346e-07
2.663698023817610e-07
3.771229259869716e-07
5.353594193428660e-07
7.581692306876535e-07
1.079645386097749e-06
1.535567367832435e-06
2.185097921691416e-06
3.105497902253960e-06
4.422234792036113e-06
6.289232257651132e-06
8.932771783625402e-06
1.268186634186047e-05
1.796777586100335e-05
2.547311396205589e-05
3.605596360212499e-05
5.101521479270315e-05
7.186072438634275e-05
1.012762342888058e-04
1.420953978752027e-04
1.991004750738333e-04
2.783088951940668e-04
3.885793036014036e-04
5.410094984631955e-04
7.510364353406685e-04
1.040354330435666e-03
1.436010469907554e-03
1.977445572454344e-03
2.715220336424135e-03
3.710407917680844e-03
5.056498713930786e-03
6.860567833187264e-03
9.275079721821993e-03
1.247638021647835e-02
1.675250327930944e-02
2.236318630309297e-02
2.968184137576087e-02
3.921662978610356e-02
5.152084752904142e-02
6.724285471765166e-02
8.712700133272501e-02
1.121138527735595e-01
1.431685645749889e-01
1.812313143635505e-01
2.272654048661969e-01
2.821219356014230e-01
3.461389976027152e-01
4.191092001099307e-01
5.003918745936750e-01
5.876594429772694e-01
6.783641365061820e-01
7.678132141198215e-01
8.604284204681004e-01
9.999999875582694e-01
1.000000000000000e+00
1.000000000000000e+00
1.000000000000000e+00
1.000000000000000e+00
1.000000000000000e+00
1.000000000000000e+00
1.000000000000000e+00
1.000000000000000e+00
1.000000000000000e+00
1.000000000000000e+00
1.000000000000000e+00
###1.200000000000001e+01
1.076601943985718e-09
1.111024269362527e-10
-7.059632724785583e-11
1.838788518378105e-10
2.719916588833881e-10
4.621237945753060e-10
3.353691617235859e-11
5.363136803939880e-10
4.794743223412493e-10
5.242999492675096e-10
5.129274999824227e-10
6.467657921340585e-10
6.499301843127002e-10
7.226208409635785e-10
8.049744928348158e-10
9.294791514798015e-10
1.038402168289568e-09
1.242804036013058e-09
1.485699056762161e-09
1.821998029747449e-09
2.262727228388963e-09
2.855282734082845e-09
3.656875166658679e-09
4.758399425816556e-09
6.235018906792590e-09
8.306368303983515e-09
1.119567989324457e-08
1.521395288354587e-08
2.085423181477446e-08
2.879493748825750e-08
3.987379854671903e-08
5.562854997979877e-08
7.786164122830920e-08
1.092196373470616e-07
1.538697737180450e-07
2.173450256325391e-07
3.075162555158780e-07
4.356444354518877e-07
6.186200197741371e-07
8.761335855914024e-07
1.247632050977326e-06
1.773905421307240e-06
2.522720999763315e-06
3.582306256971193e-06
5.096106227286356e-06
7.239253368012247e-06
1.026891441304260e-05
1.455636979222293e-05
2.059032369242667e-05
2.915081973600809e-05
4.117838827399364e-05
5.814641799126783e-05
8.173912859294098e-05
1.149582306240346e-04
1.609569499062824e-04
2.250076543062160e-04
3.138319974363937e-04
4.371272675974677e-04
6.071320745827692e-04
8.408123122233134e-04
1.161729839806586e-03
1.599438496439236e-03
2.196805514073397e-03
3.009069950238981e-03
4.099239888215563e-03
5.570645431438798e-03
7.536132010910867e-03
1.015866308365360e-02
1.362155368676315e-02
1.823480408829648e-02
2.426243631642015e-02
3.209424589179548e-02
4.225799918353729e-02
5.531695512770845e-02
7.192887079998492e-02
9.283369975102161e-02
1.189642799048639e-01
1.512852824956470e-01
1.906531642535449e-01
2.379671503569490e-01
2.939669841894618e-01
3.588519764929831e-01
4.322318774310975e-01
5.133022455879852e-01
5.996572843102930e-01
6.886849992193342e-01
7.759039622989834e-01
8.657394593276506e-01
9.999999875582694e-01
1.000000000000000e+00
1.000000000000000e+00
1.000000000000000e+00
1.000000000000000e+00
1.000000000000000e+00
1.000000000000000e+00
1.000000000000000e+00
1.000000000000000e+00
1.000000000000000e+00
1.000000000000000e+00
1.000000000000000e+00
###1.240000000000001e+01
1.088629698015824e-09
1.512982770768933e-10
1.078020410626901e-11
1.940642894374033e-10
2.896036816708669e-10
4.612308730052359e-10
-4.981347363428717e-11
5.618010749107897e-10
5.231329348654087e-10
5.471095478289174e-10
5.557633241484576e-10
6.931699029268524e-10
7.024995933825987e-10
7.804635649078454e-10
8.735358655267496e-10
1.010091973135509e-09
1.139576390713690e-09
1.361722759016795e-09
1.634072609397662e-09
2.008979024207031e-09
2.502616839463824e-09
3.166736759425787e-09
4.067754015783038e-09
5.317264121645880e-09
6.993799113167529e-09
9.354080398865917e-09
1.264929238539798e-08
1.724619882818730e-08
2.371504917876218e-08
3.282649613974038e-08
4.558749912079998e-08
6.371994082296454e-08
8.934498043353807e-08
1.255488240934573e-07
1.771097619644988e-07
2.504376951536980e-07
3.545552381166390e-07
5.025191517248814e-07
7.138086223402957e-07
1.010707853812987e-06
1.438865594638658e-06
2.044817732001888e-06
2.905516224327466e-06
4.122202773504308e-06
5.857517489213029e-06
8.310377868636302e-06
1.177342021866161e-05
1.666296650478374e-05
2.353224950385033e-05
3.326632672642456e-05
4.689242095503084e-05
6.608235120031618e-05
9.272337638148049e-05
1.301405729744162e-04
1.818271907377294e-04
2.536017554959610e-04
3.529227909086004e-04
4.904380955198505e-04
6.796047063666068e-04
9.388904009615442e-04
1.294062098298875e-03
1.777097173744190e-03
2.434456783892335e-03
3.326680706717849e-03
4.518588858121858e-03
6.123535189263815e-03
8.260277380589388e-03
1.110209256249615e-02
1.484142988196242e-02
1.980730469552542e-02
2.627177790379786e-02
3.463617575192982e-02
4.545146389529133e-02
5.928882890998604e-02
7.681025201992361e-02
9.875527352666294e-02
1.260431227640799e-01
1.596342264474989e-01
2.003106366300192e-01
2.488740037122825e-01
3.059797882576172e-01
3.716857773117299e-01
4.454320591031424e-01
5.262534577209793e-01
6.116531657504990e-01
6.990194561704717e-01
7.840224406362665e-01
8.710254011953201e-01
9.999999875582694e-01
1.000000000000000e+00
1.000000000000000e+00
1.000000000000000e+00
1.000000000000000e+00
1.000000000000000e+00
1.000000000000000e+00
1.000000000000000e+00
1.000000000000000e+00
1.000000000000000e+00
1.000000000000000e+00
1.000000000000000e+00
###1.280000000000001e+01
1.094444976156288e-09
1.558470281634430e-10
2.154225302434558e-11
2.034811918116220e-10
3.054555304566020e-10
4.802790552566616e-10
-1.613588600117294e-11
5.898986645840535e-10
5.569126677718311e-10
5.948817938878551e-10
6.134670153866838e-10
7.473098718164115e-10
7.652592657674061e-10
8.501844730752374e-10
9.554623204316261e-10
1.101881635569116e-09
1.243301245261260e-09
1.496089572687234e-09
1.802095743182486e-09
2.221920636920763e-09
2.772298882350800e-09
3.522295900117248e-09
4.543041294743203e-09
5.954259780191919e-09
7.860152461895175e-09
1.054412786701333e-08
1.431651202503528e-08
1.957326292066641e-08
2.698924430923976e-08
3.745330804448123e-08
5.213376971025743e-08
7.299089301332950e-08
1.025284325445381e-07
1.442284539041761e-07
2.036952183316339e-07
2.881703999161161e-07
4.082189337530217e-07
5.788175528720898e-07
8.221449435649110e-07
1.163970623808191e-06
1.656307786793381e-06
2.352066000102633e-06
3.338915160974237e-06
4.732584209736934e-06
6.716773556702980e-06
9.516353443788099e-06
1.346316743254958e-05
1.902530471101173e-05
2.682366423187543e-05
3.785730776145871e-05
5.326053749472762e-05
7.490715907249043e-05
1.049056733741394e-04
1.469438365791076e-04
2.048610825082406e-04
2.851111347095142e-04
3.958993315975979e-04
5.489042216157149e-04
7.588741354222091e-04
1.045903525484363e-03
1.438054540083200e-03
1.969913010310194e-03
2.691754778090276e-03
3.669447339182633e-03
4.970153828582908e-03
6.716960692586816e-03
9.035640965544770e-03
1.210873588785923e-02
1.613862968799714e-02
2.147466834044439e-02
2.839456488398587e-02
3.731416261586897e-02
4.880142339783673e-02
6.343750700835019e-02
8.189585413417855e-02
1.048933004346166e-01
1.333540694694137e-01
1.682132633633163e-01
2.101900558683125e-01
2.599829650117527e-01
3.181634904151001e-01
3.846446506853502e-01
4.586993050521159e-01
5.392418700779057e-01
6.236562743397175e-01
7.093572918521128e-01
7.921215725608892e-01
8.763076228647907e-01
9.999999875582694e-01
1.000000000000000e+00
1.000000000000000e+00
1.000000000000000e+00
1.000000000000000e+00
1.000000000000000e+00
1.000000000000000e+00
1.000000000000000e+00
1.000000000000000e+00
1.000000000000000e+00
1.000000000000000e+00
1.000000000000000e+00
###1.320000000000001e+01
1.324170317841342e-09
1.713451960902332e-10
4.347762172074597e-11
2.112503706763756e-10
3.152629091530207e-10
4.891332950339329e-10
9.102772005037673e-11
6.064873038312032e-10
5.794955051810502e-10
6.307019586916488e-10
6.469882840391612e-10
7.864181433929656e-10
8.121284679590143e-10
9.088346764132644e-10
1.023742506612526e-09
1.187498380538608e-09
1.349761602047480e-09
1.627719889236176e-09
1.971123154297765e-09
2.439657393151810e-09
3.061423873220743e-09
3.905698440049941e-09
5.064024743374338e-09
6.660140159547092e-09
8.832416159234428e-09
1.189692568115702e-08
1.620439288923313e-08
2.222245797172424e-08
3.072089718880742e-08
4.273064980684719e-08
5.960991570335826e-08
8.360657971867463e-08
1.175760281714996e-07
1.656000410017975e-07
2.340352918505262e-07
3.313469929055917e-07
4.695399149295346e-07
6.656584794292696e-07
9.453758865476482e-07
1.337865153223404e-06
1.902583217706583e-06
2.699493105554134e-06
3.828553628575687e-06
5.420334961426417e-06
7.684288512220197e-06
1.087079615554354e-05
1.535694307543903e-05
2.166708516905178e-05
3.049780640839770e-05
4.297084911265138e-05
6.034437735369644e-05
8.470523204539303e-05
1.183954056368692e-04
1.655019204045588e-04
2.302584768485736e-04
3.197545624271142e-04
4.430398862395176e-04
6.128850880400071e-04
8.454018757220135e-04
1.162429596567059e-03
1.594414864261221e-03
2.178844095808026e-03
2.969860212010356e-03
4.038696210924669e-03
5.455488102818332e-03
7.352894383987593e-03
9.864060036822962e-03
1.318149547460445e-02
1.751664029739687e-02
2.323990721247038e-02
3.063520917389874e-02
4.012996891022035e-02
5.231269073503547e-02
6.777121911133964e-02
8.718178278515351e-02
1.112519333404006e-01
1.408978541185410e-01
1.770311808912127e-01
2.202924580082325e-01
2.712955811809430e-01
3.305147405140599e-01
3.977205177947165e-01
4.720313724088359e-01
5.522341404502229e-01
6.356401550500185e-01
7.196574572538723e-01
8.002100569898096e-01
8.815806737519695e-01
9.999999875582694e-01
1.000000000000000e+00
1.000000000000000e+00
1.000000000000000e+00
1.000000000000000e+00
1.000000000000000e+00
1.000000000000000e+00
1.000000000000000e+00
1.000000000000000e+00
1.000000000000000e+00
1.000000000000000e+00
1.000000000000000e+00
###1.360000000000001e+01
1.324103259561701e-09
1.747241885519372e-10
5.285123616953127e-11
2.407364598999894e-10
3.223053766543258e-10
4.998961393597168e-10
1.399638178027378e-10
6.163985966548241e-10
5.966246750518424e-10
6.149533508408268e-10
6.792384725161476e-10
8.168256895288463e-10
8.536467865219069e-10
9.612312038266142e-10
1.089479040219133e-09
1.269246394411489e-09
1.458593133635260e-09
1.763693492740683e-09
2.148908900685054e-09
2.676727885381646e-09
3.373195230528555e-09
4.328768450663784e-09
5.639512363944738e-09
7.451439224099882e-09
9.932673616225903e-09
1.342773778520306e-08
1.834853313658064e-08
2.524164138447132e-08
3.498048909545481e-08
4.875320050975090e-08
6.813290275755680e-08
9.571309844984181e-08
1.347669099358864e-07
1.900415487387555e-07
2.686607911446150e-07
3.805053751904345e-07
5.392182061369910e-07
7.644299367013368e-07
1.085173814523604e-06
1.534796885493206e-06
2.181035162432040e-06
3.092032852235652e-06
4.381014780986557e-06
6.195599397451625e-06
8.770614768284477e-06
1.238973356488449e-05
1.747692604323957e-05
2.461973530729119e-05
3.459687344376778e-05
4.865667911972462e-05
6.820184213402777e-05
9.554769842152288e-05
1.333001553982658e-04
1.859643211062252e-04
2.581880108127907e-04
3.577849361683854e-04
4.946814527932890e-04
6.828000710985827e-04
9.396816378941610e-04
1.289103608692811e-03
1.764003611929270e-03
2.404856497136852e-03
3.269972689168929e-03
4.436085440650822e-03
5.976320910899787e-03
8.033583220837696e-03
1.074862505462827e-02
1.432278674376341e-02
1.897878426800710e-02
2.510779470565451e-02
3.299679229867557e-02
4.309110360191612e-02
5.598952538020736e-02
7.229311949450286e-02
9.267750016070825e-02
1.178372015719552e-01
1.486765738829856e-01
1.860808641882382e-01
2.306192580215372e-01
2.828104426849939e-01
3.430264767113044e-01
4.109019826609228e-01
4.854243307448844e-01
5.652429852041628e-01
6.476076459114734e-01
7.299157830641489e-01
8.082610763547950e-01
8.867969083715047e-01
9.999999875582694e-01
1.000000000000000e+00
1.000000000000000e+00
1.000000000000000e+00
1.000000000000000e+00
1.000000000000000e+00
1.000000000000000e+00
1.000000000000000e+00
1.000000000000000e+00
1.000000000000000e+00
1.000000000000000e+00
1.000000000000000e+00
###1.400000000000001e+01
1.323470168258212e-09
1.654668751656279e-10
9.146465688167960e-11
2.340132404161981e-10
3.294758383389676e-10
5.068404157696291e-10
1.537133244599208e-10
6.210744037017307e-10
6.205163489620660e-10
5.952379889707330e-10
7.064656657480148e-10
8.498622346238487e-10
8.986632711529797e-10
1.017076008481837e-09
1.163527070560289e-09
1.359521359558279e-09
1.575622508720364e-09
1.913432643635531e-09
2.346819727809810e-09
2.937762552972883e-09
3.724075664064263e-09
4.803696364034348e-09
6.288971320937750e-09
8.346191761427571e-09
1.118052062091519e-08
1.517298897139386e-08
2.079157732029737e-08
2.868229070632155e-08
3.984156747842972e-08
5.563558564189715e-08
7.788299953878988e-08
1.095509073547213e-07
1.543907572488706e-07
2.178617436826952e-07
3.081691389546430e-07
4.363889749504122e-07
6.183843778764636e-07
8.764479185212701e-07
1.243332368471811e-06
1.757579692897003e-06
2.495384027646289e-06
3.534225618810879e-06
5.001942695117568e-06
7.067273191070120e-06
9.988414726370655e-06
1.408954901555909e-05
1.984339229782873e-05
2.790999247759404e-05
3.915691652108409e-05
5.496649449832923e-05
7.690449019204133e-05
1.075265254469413e-04
1.497387691037097e-04
2.084820087350257e-04
2.888657839065719e-04
3.994412588256507e-04
5.511240225355607e-04
7.590648402787599e-04
1.042329610825539e-03
1.426585880255831e-03
1.947762326828896e-03
2.649034449076805e-03
3.593346904811176e-03
4.863324836005318e-03
6.534764702965303e-03
8.761368077552316e-03
1.169116964048394e-02
1.553685557824093e-02
2.052898315848821e-02
2.708028532320427e-02
3.548485329591534e-02
4.619752472287095e-02
5.983545535056000e-02
7.700675238490619e-02
9.838338957696090e-02
1.246522533804960e-01
1.566939971169623e-01
1.953707703549163e-01
2.411727684906505e-01
2.945259697754312e-01
3.556947100073075e-01
4.242044940272313e-01
4.988728322447047e-01
5.782561772784468e-01
6.595375862567807e-01
7.401363993709993e-01
8.162543608861442e-01
8.919722647605803e-01
9.999999875582694e-01
1.000000000000000e+00
1.000000000000000e+00
1.000000000000000e+00
1.000000000000000e+00
1.000000000000000e+00
1.000000000000000e+00
1.000000000000000e+00
1.000000000000000e+00
1.000000000000000e+00
1.000000000000000e+00
1.000000000000000e+00
###1.440000000000001e+01
1.330564045733646e-09
1.696392601328955e-10
9.819386806884977e-11
2.295248095103755e-10
3.636948820116541e-10
5.132595490533409e-10
1.658458328397198e-10
6.312293346815331e-10
6.300301023095296e-10
6.217170622460415e-10
7.414129374414343e-10
8.815323217185512e-10
9.459432195277872e-10
1.075943111150214e-09
1.239357346802365e-09
1.452941414170824e-09
1.702913996284127e-09
2.077248868747464e-09
2.565355519744906e-09
3.227930414089404e-09
4.115517621872406e-09
5.338730302921088e-09
7.022378741463258e-09
9.361655034050404e-09
1.259564865149321e-08
1.715353692747109e-08
2.357619889022514e-08
3.260402066561364e-08
4.538252601694156e-08
6.349049773139519e-08
8.897923053072885e-08
1.252826556295710e-07
1.767206941495734e-07
2.494719378984758e-07
3.529697516533947e-07
4.997986915371382e-07
7.081206076080204e-07
1.003100809928281e-06
1.422229184808870e-06
2.008708983197873e-06
2.849576326687105e-06
4.031696927149453e-06
5.698672800028880e-06
8.043135897015308e-06
1.134984680338294e-05
1.598656163011659e-05
2.248031598681888e-05
3.156666268279739e-05
4.421788580320805e-05
6.195882583284034e-05
8.652886284562197e-05
1.207449452159366e-04
1.678309335133256e-04
2.332167371762730e-04
3.224893241370084e-04
4.450173407424370e-04
6.127367499196456e-04
8.421223024504215e-04
1.153845521032230e-03
1.575721772745737e-03
2.146506449249921e-03
2.912517471848857e-03
3.941375391270800e-03
5.321709010750101e-03
7.132589522778171e-03
9.538563702384125e-03
1.269514567067724e-02
1.682615605491091e-02
2.217018811000661e-02
2.916367482805677e-02
3.810398412723028e-02
4.945671788589117e-02
6.385809364460365e-02
8.191947698377856e-02
1.043060684115543e-01
1.317001341162018e-01
1.649532210653770e-01
2.048949318509007e-01
2.519479802220007e-01
3.064326979049342e-01
3.685212876424401e-01
4.375970379659584e-01
5.123699248133521e-01
5.912605577410254e-01
6.714027703626529e-01
7.502853455056475e-01
8.241718814048378e-01
8.970801164273642e-01
9.999999875582694e-01
1.000000000000000e+00
1.000000000000000e+00
1.000000000000000e+00
1.000000000000000e+00
1.000000000000000e+00
1.000000000000000e+00
1.000000000000000e+00
1.000000000000000e+00
1.000000000000000e+00
1.000000000000000e+00
1.000000000000000e+00
###1.480000000000001e+01
1.332192613236317e-09
1.543905096082544e-10
1.046573320965668e-10
2.342754784615458e-10
3.712511550662706e-10
5.202876333414461e-10
1.828161222152521e-10
6.454241465543205e-10
6.480016120372810e-10
6.457175401879074e-10
7.726686735695449e-10
9.183349089583637e-10
9.963127671741738e-10
1.139173444278208e-09
1.320297823703696e-09
1.558524782096460e-09
1.843598348860184e-09
2.259577291153689e-09
2.806878826111917e-09
3.551056512333091e-09
4.554964202636712e-09
5.939860122344127e-09
7.850155997491773e-09
1.050788941269423e-08
1.420412970962147e-08
1.940619372673772e-08
2.673881971697118e-08
3.707101239534676e-08
5.170807921099397e-08
7.243687704971384e-08
1.016359330155055e-07
1.431951844325865e-07
2.020711625898457e-07
2.854032672535751e-07
4.037877559353523e-07
5.716476048314667e-07
8.096620760360755e-07
1.146363733778021e-06
1.624105891895472e-06
2.291697510793817e-06
3.247719826586380e-06
4.589851174688949e-06
6.479692783713948e-06
9.135028366447378e-06
1.287056074198755e-05
1.810080486527815e-05
2.541215979157687e-05
3.562829012792169e-05
4.982472137983799e-05
6.968688514791046e-05
9.715323411755792e-05
1.352914718893545e-04
1.877204470653250e-04
2.603555749716139e-04
3.592890577744048e-04
4.948125761592592e-04
6.798777499456400e-04
9.324707956010967e-04
1.274826144578843e-03
1.737162930946236e-03
2.361121927461014e-03
3.196503197055070e-03
4.315531157235677e-03
5.813143411379941e-03
7.771802106296486e-03
1.036750074948997e-02
1.376309427296730e-02
1.819363938123110e-02
2.390693929239760e-02
3.136063221685369e-02
4.085662479593103e-02
5.287136145691754e-02
6.805906096278840e-02
8.703160409226293e-02
1.104515354063591e-01
1.389835200620089e-01
1.734559549555693e-01
2.146565949926017e-01
2.629471171613921e-01
3.185335953373597e-01
3.814992571570627e-01
4.510902545728451e-01
5.258883404082447e-01
6.042508246284660e-01
6.832128298339136e-01
7.603474249368001e-01
8.320150215689849e-01
9.021156950357193e-01
9.999999875582694e-01
1.000000000000000e+00
1.000000000000000e+00
1.000000000000000e+00
1.000000000000000e+00
1.000000000000000e+00
1.000000000000000e+00
1.000000000000000e+00
1.000000000000000e+00
1.000000000000000e+00
1.000000000000000e+00
1.000000000000000e+00
###1.520000000000001e+01
1.331719948184887e-09
1.624799489474641e-10
1.103151600086587e-10
2.403361347341171e-10
3.820986282819862e-10
5.317035575866054e-10
2.149331549841008e-10
6.642464427203115e-10
6.517754485083344e-10
6.605423393631514e-10
8.057620257185067e-10
9.574446790251266e-10
1.046312002526065e-09
1.209260263288304e-09
1.409783082500992e-09
1.673165832092187e-09
1.994264379704470e-09
2.459962228575543e-09
3.077726967644601e-09
3.913238363404122e-09
5.048399355277525e-09
6.617683419791376e-09
8.784864421394420e-09
1.181065241083875e-08
1.602783557229848e-08
2.196971294381442e-08
3.034230110802033e-08
4.214634057111821e-08
5.887273223463271e-08
8.259670218756154e-08
1.160039467387244e-07
1.635346704275579e-07
2.308587949473708e-07
3.261173736071514e-07
4.613012172424964e-07
6.528759214087347e-07
9.242072666820901e-07
1.307817241529740e-06
1.851365293775843e-06
2.609899090501113e-06
3.694686994475518e-06
5.215139031426147e-06
7.353224880704770e-06
1.035393297273921e-05
1.456585929364880e-05
2.045320021945133e-05
2.867090593621546e-05
4.012924815695506e-05
5.602863556962994e-05
7.821925909485971e-05
1.088518738639274e-04
1.512856982185540e-04
2.095503113097927e-04
2.900788729213747e-04
3.995186279291001e-04
5.490987476876733e-04
7.529426732460360e-04
1.030552680277014e-03
1.405907180152671e-03
1.911725310976338e-03
2.592678394598044e-03
3.502274685996528e-03
4.717309030881877e-03
6.339644196510516e-03
8.455185851885646e-03
1.125079182517996e-02
1.489818180437033e-02
1.964292761970018e-02
2.574267761192603e-02
3.367626720746197e-02
4.374905767633341e-02
5.644867935629985e-02
7.244317500239765e-02
9.235008706450072e-02
1.168194476942587e-01
1.465016492006927e-01
1.821987659776997e-01
2.246578823931444e-01
2.741606890001115e-01
3.308259083698258e-01
3.946170866127691e-01
4.646733053502269e-01
5.394449198755786e-01
6.172133666308501e-01
6.949621981559122e-01
7.703131536761247e-01
8.397538323041299e-01
9.070629503097963e-01
9.999999875582694e-01
1.000000000000000e+00
1.000000000000000e+00
1.000000000000000e+00
1.000000000000000e+00
1.000000000000000e+00
1.000000000000000e+00
1.000000000000000e+00
1.000000000000000e+00
1.000000000000000e+00
1.000000000000000e+00
1.000000000000000e+00
###1.560000000000001e+01
1.332337650868542e-09
1.644156385683085e-10
1.168372868698960e-10
2.476366795795415e-10
3.898572923263628e-10
5.424174675624800e-10
2.357158689822391e-10
6.789969562567332e-10
6.711454238075507e-10
6.920541594338949e-10
8.426724251786041e-10
1.002652498398563e-09
1.104956835531104e-09
1.285187891527983e-09
1.506893518739802e-09
1.801833900854958e-09
2.162948668523512e-09
2.682612522345838e-09
3.378086015925896e-09
4.320150017937740e-09
5.603170049011764e-09
7.382640273554144e-09
9.847617503564619e-09
1.328764420576212e-08
1.809375688541199e-08
2.487079837398642e-08
3.443291064197320e-08
4.792031512156968e-08
6.702016302704159e-08
9.413438150568333e-08
1.323149725678202e-07
1.866073918222847e-07
2.634702166187997e-07
3.721932716856071e-07
5.262991425049008e-07
7.444916860592723e-07
1.053259951201784e-06
1.489328278786977e-06
2.106582874557885e-06
2.967004808192547e-06
4.195182886584773e-06
5.914821015605724e-06
8.328434706797604e-06
1.171169116577191e-05
1.645091713141545e-05
2.306337720692372e-05
3.227893093425979e-05
4.510889818695112e-05
6.288479842595518e-05
8.762499089881503e-05
1.217239270116799e-04
1.688590922654265e-04
2.334740852975872e-04
3.225920605245226e-04
4.434313332794967e-04
6.082433250874158e-04
8.323504863911898e-04
1.136910507439213e-03
1.547802889334054e-03
2.100185884657520e-03
2.842047235400701e-03
3.830665526425735e-03
5.148055344929516e-03
6.902607836769867e-03
9.184079283837717e-03
1.219134826257463e-02
1.610319217129472e-02
2.117779367973843e-02
2.768069449447153e-02
3.611372158224981e-02
4.678514878133396e-02
6.019102658669970e-02
7.701730703107974e-02
9.787821988912226e-02
1.234162257665378e-01
1.542636507918248e-01
1.911870634875394e-01
2.348996035437330e-01
2.855882664552941e-01
3.433031577194715e-01
4.078793773729081e-01
4.783322831541869e-01
5.530190184303929e-01
6.301281557614096e-01
7.066234337166749e-01
7.801836102796521e-01
8.473740741039829e-01
9.119244341437374e-01
9.999999875582694e-01
1.000000000000000e+00
1.000000000000000e+00
1.000000000000000e+00
1.000000000000000e+00
1.000000000000000e+00
1.000000000000000e+00
1.000000000000000e+00
1.000000000000000e+00
1.000000000000000e+00
1.000000000000000e+00
1.000000000000000e+00
