# NLO BK equation solver 0.0-dev build  (build Oct 13 2025 12:18:44)
# Initial condition: MV model, Q_s0^2 = 0.115241 GeV^2, \gamma = 3.88475, coefficient of E inside Log is 1, x0=0.01, \Lambda_QCD = 0.241 GeV
# # LO Kernel RC:  Parent dipole. NLO Kernel RC:  Parent dipole
# Nc=3, Nf=4
# Using RungeKutta method in K1
# Resumming double log
# Resumming single log, K_sub=0.65 resum rc: parent
# BK K1 integration relative accuracy: 0.02# NLO BK as^2 terms: MC integration method: Vegas, points=1000000
# Kinematical constraint: none
# Target kinematical constraint: disabled

###1.000000000000000e-05
###1.160836920850890e+00
###100
###1.000000000000000e+00
###0.000000000000000e+00
1.039540172754200e-42
3.273743621827559e-42
1.030834567390665e-41
3.245434137312829e-41
1.021632482489742e-40
3.215534301879278e-40
1.011920984252247e-39
3.184002792797574e-39
1.001686871100769e-38
3.150797437195874e-38
9.909166718107528e-38
3.115875207891023e-37
9.795966448441440e-37
3.079192223717681e-36
9.677127793625679e-36
3.040703756120116e-35
9.552507985728922e-35
3.000364244421290e-34
9.421961662982178e-34
2.958127323072176e-33
9.285340979957178e-33
2.913945865397302e-32
9.142495778909780e-32
2.867772050009235e-31
8.993273845104666e-31
2.819557458324398e-30
8.837521277283124e-30
2.769253214694113e-29
8.675083015806929e-29
2.716810184859692e-28
8.505803586483047e-28
2.662179254143792e-27
8.329528139086257e-27
2.605311714526786e-26
8.146103888061146e-26
2.546159800220770e-25
7.955382101312128e-25
2.484677425448690e-24
7.757220834619793e-24
2.420821197017696e-23
7.551488678138905e-23
2.354551799372967e-22
7.338069872585536e-22
2.285835882818448e-21
7.116871271731788e-21
2.214648628312547e-20
6.887831780329375e-20
2.140977216312981e-19
6.650935086637870e-19
2.064825493244953e-18
6.406226735515147e-18
1.986220205597596e-17
6.153836839483258e-17
1.905219251610408e-16
5.894009966660608e-16
1.821922467390132e-15
5.627143899645130e-15
1.736485484132898e-14
5.353838881125781e-14
1.649137103633660e-13
5.074958392836826e-13
1.560200336695695e-12
4.791701047527708e-12
1.470116578901627e-11
4.505680245734294e-11
1.379471166256545e-10
4.219003243837196e-10
1.289016590436426e-09
3.934333875427899e-09
1.199686984206411e-08
3.654914084585708e-08
1.112594634783350e-07
3.384511554969005e-07
1.028997627989743e-06
3.127259988610421e-06
9.502295744940612e-06
2.887331301915097e-05
8.775515696890501e-05
2.668391042810470e-04
8.118785985000709e-04
2.471459531280140e-03
7.520654709893160e-03
2.280278506948374e-02
6.817541520050396e-02
1.947365701459262e-01
4.861309687678971e-01
8.714371826598122e-01
9.982273954866990e-01
9.999999969641523e-01
1.000000000000000e+00
1.000000000000000e+00
1.000000000000000e+00
1.000000000000000e+00
1.000000000000000e+00
1.000000000000000e+00
1.000000000000000e+00
1.000000000000000e+00
1.000000000000000e+00
1.000000000000000e+00
1.000000000000000e+00
###4.000000000000000e-01
-3.606040335853310e-11
4.089789284269862e-12
-3.266975833872831e-12
-4.987497703767603e-11
-7.499484300632463e-12
1.219160624296800e-11
-8.284724589698741e-12
9.456346446596719e-12
7.294376221771488e-12
-1.576734633218995e-11
5.474847166115646e-13
2.676020407898054e-13
2.996322825811519e-12
8.025156811565922e-12
-3.343009154700377e-12
1.247645824299381e-12
1.427251436594885e-12
3.900070388212292e-12
4.341729854786743e-12
-6.403865471686581e-13
4.479575276140940e-12
1.748690563836247e-11
1.997484191597761e-11
2.300236174650460e-11
3.293365827721734e-11
4.561794973870987e-11
6.610127220515396e-11
8.323725194898091e-11
1.131972321368470e-10
1.591795328215751e-10
2.092857306018138e-10
2.764253893024332e-10
3.722135289237738e-10
4.955717587041021e-10
6.638644884093764e-10
8.793747252991803e-10
1.170743048042367e-09
1.556783235961538e-09
2.044539457231561e-09
2.702691438959908e-09
3.570267909098629e-09
4.669874991933843e-09
6.139118221157585e-09
8.064686901080319e-09
1.046447534215749e-08
1.369800903120200e-08
1.775512220781594e-08
2.319316281914444e-08
3.001579083501038e-08
3.917227879863561e-08
5.113350756975587e-08
6.692149022890807e-08
8.837658971571952e-08
1.176121403269334e-07
1.566753314858470e-07
2.144265701478094e-07
2.946190898715410e-07
4.125858165425513e-07
5.854970471788432e-07
8.490708309547475e-07
1.243057665140424e-06
1.849067197098975e-06
2.786162559285680e-06
4.209536443071985e-06
6.459446521667316e-06
9.915602061863859e-06
1.528435693639692e-05
2.367052704928726e-05
3.666864888698978e-05
5.696518001806106e-05
8.823862119800378e-05
1.367294964417609e-04
2.121956283923399e-04
3.295853967210907e-04
5.133865043574882e-04
8.034281326885562e-04
1.269256117430721e-03
2.030641550555921e-03
3.327009413851249e-03
5.660356399953592e-03
1.017667548215791e-02
1.966303546760304e-02
4.142163050297804e-02
9.408854971502707e-02
2.213125554274259e-01
4.869380322145128e-01
8.245411281295876e-01
9.596602571161384e-01
9.999999969641523e-01
1.000000000000000e+00
1.000000000000000e+00
1.000000000000000e+00
1.000000000000000e+00
1.000000000000000e+00
1.000000000000000e+00
1.000000000000000e+00
1.000000000000000e+00
1.000000000000000e+00
1.000000000000000e+00
1.000000000000000e+00
###8.000000000000000e-01
-5.393394166896572e-11
-5.802330141118815e-12
-8.118858353608422e-13
-2.951139253074819e-11
-8.253094048997370e-12
3.220918725469948e-11
-8.864655967365518e-12
1.177125720833192e-11
1.616197875104560e-11
-1.570093217700028e-11
1.315439612395237e-11
1.179757112989201e-11
5.668204286944550e-12
9.848815102807701e-13
9.403563535507087e-13
4.461723971696676e-12
2.461967586634013e-12
1.100000260819745e-11
1.633218058713277e-11
7.799998349005243e-12
1.565284168467217e-11
3.371007910429289e-11
4.685425366531719e-11
5.139365080822370e-11
7.227480459977263e-11
8.896661353238131e-11
1.360914414364996e-10
1.768823428091571e-10
2.413807622866476e-10
3.268858324163871e-10
4.377357060453550e-10
5.765237593630922e-10
7.784315677703331e-10
1.033259341715561e-09
1.377096672848190e-09
1.831054387061962e-09
2.429640180535784e-09
3.229512406647889e-09
4.246329845880729e-09
5.601706275615412e-09
7.379863876729170e-09
9.657948904555462e-09
1.273208262353352e-08
1.677003197646100e-08
2.172609788593737e-08
2.861047989853457e-08
3.710623229478163e-08
4.885274257785107e-08
6.369927357335954e-08
8.386145973415852e-08
1.107667947526419e-07
1.465044927167316e-07
1.964358116489603e-07
2.656075735196152e-07
3.622419541329172e-07
5.019364163213898e-07
7.016655348080310e-07
9.962258909821463e-07
1.434524875132432e-06
2.094754875617738e-06
3.091132022449327e-06
4.591028908971248e-06
6.937139611430189e-06
1.047138454771883e-05
1.595191165936325e-05
2.427848622909624e-05
3.720677246871476e-05
5.699768967633301e-05
8.742018752164139e-05
1.343788341733827e-04
2.059208499246329e-04
3.151314587889426e-04
4.828922665460042e-04
7.412023703998136e-04
1.138983083596399e-03
1.752256983748235e-03
2.715063018942347e-03
4.234433203252072e-03
6.694237157407040e-03
1.083902442109333e-02
1.812097900943710e-02
3.173939517297311e-02
5.918390210559545e-02
1.177510590574179e-01
2.445165585414362e-01
4.878607417374531e-01
7.868462962031167e-01
9.271743823615631e-01
9.999999969641523e-01
1.000000000000000e+00
1.000000000000000e+00
1.000000000000000e+00
1.000000000000000e+00
1.000000000000000e+00
1.000000000000000e+00
1.000000000000000e+00
1.000000000000000e+00
1.000000000000000e+00
1.000000000000000e+00
1.000000000000000e+00
###1.200000000000000e+00
-3.866070750017402e-11
4.011588448437533e-12
6.398948178036442e-12
-4.346690645546352e-11
-1.893925717487496e-11
-9.562970339250378e-11
-1.286854542348808e-11
1.076356059609013e-11
2.507198735857414e-11
-1.378699498656230e-11
3.176433321368153e-11
1.681547739381822e-11
6.045337905207711e-12
5.555135621456808e-12
4.932218520242784e-12
4.022648011003485e-12
1.044006269826425e-11
2.033829225641989e-11
3.287366167882228e-11
1.899982427914609e-11
3.386928573106530e-11
5.300442235478693e-11
7.138283335377594e-11
8.691143006896000e-11
1.276721667901736e-10
1.523877610212170e-10
2.130337474093575e-10
2.894537156873916e-10
3.839063404201742e-10
5.115957488570552e-10
6.851151702859255e-10
9.066569164645718e-10
1.220988516890109e-09
1.617447609358545e-09
2.148377373915793e-09
2.859805580774474e-09
3.784273202470310e-09
5.018709109688885e-09
6.620488704404718e-09
8.701526964427891e-09
1.147261038264797e-08
1.505490223804768e-08
1.984790372553645e-08
2.613682849351931e-08
3.401820597516017e-08
4.499812932706931e-08
5.859565548903960e-08
7.786507755745197e-08
1.024069495628455e-07
1.360427591423519e-07
1.814885116109557e-07
2.430878347819544e-07
3.304161891128255e-07
4.543760049023280e-07
6.287313877116841e-07
8.798336725038867e-07
1.248966815378242e-06
1.793442928419436e-06
2.601204024673295e-06
3.820985824779556e-06
5.653789031334223e-06
8.403443544818689e-06
1.267940775948160e-05
1.906832374399916e-05
2.888417441016013e-05
4.364747795704878e-05
6.646750572545411e-05
1.008501388434184e-04
1.533640845161338e-04
2.334509404127849e-04
3.545463761747482e-04
5.377366266682200e-04
8.147811227049719e-04
1.236592039364183e-03
1.878895938595228e-03
2.853570803479258e-03
4.359001948704271e-03
6.683600467974864e-03
1.035267035584100e-02
1.631148780998677e-02
2.627132323142702e-02
4.371929336777311e-02
7.615547941893400e-02
1.394808262501823e-01
2.650290136141829e-01
4.891119583451554e-01
7.566699838948188e-01
9.000515799530074e-01
9.999999969641523e-01
1.000000000000000e+00
1.000000000000000e+00
1.000000000000000e+00
1.000000000000000e+00
1.000000000000000e+00
1.000000000000000e+00
1.000000000000000e+00
1.000000000000000e+00
1.000000000000000e+00
1.000000000000000e+00
1.000000000000000e+00
###1.600000000000000e+00
-4.870264881055912e-11
5.461792020008128e-12
1.191711688070184e-11
-3.965158702183992e-11
-7.057663429735828e-13
-9.036128426349423e-11
8.083567223953046e-12
1.794534197441801e-11
3.531355258349819e-11
-1.197063386687176e-11
6.078707357615482e-12
2.151499768817682e-11
4.651893466934990e-12
6.834185700049281e-12
9.159119151394080e-12
1.503147650482738e-11
1.349345661146064e-11
3.365154005316046e-11
4.188007035164739e-11
3.321144856205565e-11
3.905829053896720e-11
7.271240985602228e-11
9.728055866816085e-11
1.265596904863628e-10
1.750360387524703e-10
2.166229052055422e-10
2.988899657902010e-10
4.068520856354720e-10
5.408627677870621e-10
7.153586623542943e-10
9.652176023728255e-10
1.265669872608438e-09
1.695453544793332e-09
2.240782210672301e-09
2.979212261320372e-09
3.974894295687115e-09
5.248122886417655e-09
6.944108873607755e-09
9.181821798029335e-09
1.205122115208575e-08
1.590255529594445e-08
2.091715074623804e-08
2.761174240648465e-08
3.646088960832739e-08
4.780034259221813e-08
6.329422590081652e-08
8.287799297574033e-08
1.111752118550421e-07
1.474945801806507e-07
1.978203246660293e-07
2.668448994173813e-07
3.619629406552127e-07
4.983217051441620e-07
6.924130619046966e-07
9.692028360962849e-07
1.374514886397236e-06
1.968981358675182e-06
2.849131451032278e-06
4.151232920553429e-06
6.112590496817714e-06
9.062787035156526e-06
1.347577958634787e-05
2.022065118146747e-05
3.033594876310112e-05
4.564265470454578e-05
6.870782994606929e-05
1.037987180603959e-04
1.562779426120520e-04
2.356757206209269e-04
3.555851469856230e-04
5.358002029375036e-04
8.057812896849927e-04
1.209450550877567e-03
1.817351706855501e-03
2.733708402804313e-03
4.106144029693276e-03
6.197446234882329e-03
9.374666638505199e-03
1.428610223406327e-02
2.205226659205486e-02
3.459909380087280e-02
5.559843045729505e-02
9.238237906972649e-02
1.595778553408741e-01
2.833989768674834e-01
4.908455094572287e-01
7.327200147426325e-01
8.775998411332986e-01
9.999999969641523e-01
1.000000000000000e+00
1.000000000000000e+00
1.000000000000000e+00
1.000000000000000e+00
1.000000000000000e+00
1.000000000000000e+00
1.000000000000000e+00
1.000000000000000e+00
1.000000000000000e+00
1.000000000000000e+00
1.000000000000000e+00
###2.000000000000000e+00
-4.740534039073435e-11
1.653687436541505e-11
1.330585750229842e-11
-3.870547679440880e-11
-1.059495489203150e-11
-7.854605037759942e-11
-1.401476845732630e-11
1.537469596816962e-11
1.917854197188271e-11
-7.067328971541150e-12
5.960027486276318e-12
2.624426489747136e-11
5.490134290808863e-12
1.628300392376182e-11
1.753519459581811e-11
3.561974673346982e-11
2.027654322690097e-11
4.243801238936002e-11
5.382340844491385e-11
4.319071226491516e-11
5.435217028036647e-11
9.917965324913768e-11
1.142781036516808e-10
1.653671999065474e-10
2.277742589648724e-10
2.858180838276881e-10
3.934612289219957e-10
5.310755311754486e-10
7.027342200651926e-10
9.379552765310415e-10
1.240382980518938e-09
1.656199877494634e-09
2.211136445916080e-09
2.925142527404450e-09
3.882860803093978e-09
5.161431794252857e-09
6.827786737241753e-09
9.030657969211024e-09
1.196185399361715e-08
1.569980391136211e-08
2.075840696313427e-08
2.737114829583974e-08
3.621995146038245e-08
4.795094507674777e-08
6.332985242796091e-08
8.429774756086742e-08
1.114771699496467e-07
1.500096387836618e-07
2.007848789605691e-07
2.719793292808261e-07
3.710396540948193e-07
5.085972546103106e-07
7.079817431251264e-07
9.932534978765716e-07
1.404766157991759e-06
2.008988208133307e-06
2.900017067494134e-06
4.218469698135080e-06
6.154435769071127e-06
9.072392447883998e-06
1.345623599046764e-05
1.998233481613560e-05
2.981758285884077e-05
4.463538976082853e-05
6.682029229639815e-05
9.999449870461389e-05
1.500187587129479e-04
2.244943992587891e-04
3.357000390922021e-04
5.026181790744558e-04
7.517534514739923e-04
1.121284651803116e-03
1.668965771878021e-03
2.485620521643005e-03
3.704543837680836e-03
5.509447006482910e-03
8.225285541049440e-03
1.229425846189236e-02
1.847577827046051e-02
2.803862801943066e-02
4.307815764339362e-02
6.736505757984054e-02
1.079852748365374e-01
1.782802927298457e-01
3.000953990775055e-01
4.931485558757632e-01
7.138872388654400e-01
8.592028279480927e-01
9.999999969641523e-01
1.000000000000000e+00
1.000000000000000e+00
1.000000000000000e+00
1.000000000000000e+00
1.000000000000000e+00
1.000000000000000e+00
1.000000000000000e+00
1.000000000000000e+00
1.000000000000000e+00
1.000000000000000e+00
1.000000000000000e+00
###2.400000000000000e+00
-6.752680779555211e-11
1.949703703437891e-11
6.124004570161690e-11
-3.369634095746611e-11
-2.898550231944543e-11
-8.220042103704530e-11
-1.064586055108871e-11
-1.520652791199549e-10
3.149353334678233e-11
-1.431639434881769e-12
5.984117828490172e-12
6.611667341463661e-11
9.101427132172332e-12
1.977307426864619e-11
3.188150049458869e-11
3.534355937389248e-11
6.271873991658654e-11
2.150896715377959e-11
6.129388821359047e-11
7.207591740873650e-11
7.151294860000429e-11
1.220742852122437e-10
1.456195720398854e-10
2.124210116052829e-10
2.815836743786325e-10
3.637414542527334e-10
5.013692904282284e-10
6.626925976914746e-10
8.847057610571411e-10
1.177061546085062e-09
1.560778682576218e-09
2.076403080413075e-09
2.768774208023866e-09
3.666344429096033e-09
4.887601508569829e-09
6.462249070647620e-09
8.546223692822097e-09
1.130262761743486e-08
1.500397858224938e-08
1.971849585449198e-08
2.611467552597664e-08
3.456185719740172e-08
4.587257522621072e-08
6.097168779061649e-08
8.107446084045757e-08
1.085563725875970e-07
1.449240237302006e-07
1.961711214370886e-07
2.645381463477000e-07
3.618658089005337e-07
4.983016011859386e-07
6.904937883678341e-07
9.694285768767656e-07
1.373416176272754e-06
1.956876021871655e-06
2.813801368891463e-06
4.081137916845552e-06
5.958153769211470e-06
8.691475794887235e-06
1.282109290061622e-05
1.899566044044415e-05
2.812305472119103e-05
4.182908518404716e-05
6.234182991818544e-05
9.288697559588856e-05
1.382132590935802e-04
2.060365361708256e-04
3.064406088639856e-04
4.548806252095159e-04
6.763122227070865e-04
1.004240693109824e-03
1.486855846541276e-03
2.195603349986419e-03
3.242934485990121e-03
4.792293508652386e-03
7.066493729166848e-03
1.043634324327593e-02
1.543360230066979e-02
2.290948307899194e-02
3.425067450239278e-02
5.169287941370894e-02
7.903399536127867e-02
1.230537173164205e-01
1.958169076216395e-01
3.154521935096503e-01
4.960606024834314e-01
6.992909682718366e-01
8.442580382386683e-01
9.999999969641523e-01
1.000000000000000e+00
1.000000000000000e+00
1.000000000000000e+00
1.000000000000000e+00
1.000000000000000e+00
1.000000000000000e+00
1.000000000000000e+00
1.000000000000000e+00
1.000000000000000e+00
1.000000000000000e+00
1.000000000000000e+00
###2.800000000000000e+00
-5.137058122129007e-11
2.139662352742456e-11
9.201380392383477e-11
-3.907271525161379e-11
-1.066040654945044e-11
-6.435675950384903e-11
2.214648577995283e-11
-1.757686032792558e-10
2.372969129016186e-11
-1.521952807159749e-12
-1.373254053364783e-11
6.861212087150064e-11
2.289605843953773e-11
2.775932768224736e-11
3.849437774902442e-11
3.116354971411795e-11
7.075249308210004e-11
3.214056908985424e-11
8.013612777519103e-11
8.687956934425820e-11
9.799952408852246e-11
1.518704410704636e-10
1.888494659188429e-10
2.392000110196010e-10
3.470193489456453e-10
4.491627106892409e-10
6.066353871259811e-10
8.039945896124114e-10
1.080460293266783e-09
1.436865398640860e-09
1.903927795002812e-09
2.537142225928421e-09
3.375192345049130e-09
4.464674232362812e-09
5.939086260536382e-09
7.895108325319276e-09
1.042139194801769e-08
1.379630163297740e-08
1.834161615730877e-08
2.418272029427122e-08
3.206711655787599e-08
4.261243877523892e-08
5.674088938737174e-08
7.583742145083642e-08
1.015495240495186e-07
1.367594076162901e-07
1.841001060906215e-07
2.510320244887359e-07
3.411124543092813e-07
4.709457618851546e-07
6.541682813859310e-07
9.144014854033842e-07
1.294715461247770e-06
1.847807114393936e-06
2.647223300274879e-06
3.820462892341548e-06
5.558315414625771e-06
8.130267700777922e-06
1.186450869526385e-05
1.747366763278016e-05
2.584553768325223e-05
3.812994065585728e-05
5.651212055682323e-05
8.388120521086652e-05
1.243704536688555e-04
1.840481803790295e-04
2.726326650083340e-04
4.031394034960337e-04
5.945873568176364e-04
8.783513039099353e-04
1.295527693405448e-03
1.904589960682434e-03
2.792810649316747e-03
4.093549613848059e-03
5.998708066795064e-03
8.772447333388861e-03
1.283307566104826e-02
1.878849371630164e-02
2.757331099475304e-02
4.067534263881158e-02
6.045585961659691e-02
9.061007698593182e-02
1.376461601038412e-01
2.123642384360068e-01
3.297555218725189e-01
4.996092711966915e-01
6.882422688877401e-01
8.323126028039864e-01
9.999999969641523e-01
1.000000000000000e+00
1.000000000000000e+00
1.000000000000000e+00
1.000000000000000e+00
1.000000000000000e+00
1.000000000000000e+00
1.000000000000000e+00
1.000000000000000e+00
1.000000000000000e+00
1.000000000000000e+00
1.000000000000000e+00
###3.200000000000000e+00
-1.291187933055596e-10
1.984054726551346e-11
1.019488843091701e-10
-2.431681799950043e-11
-1.533702889009717e-11
-4.989760080281988e-11
5.340178019934260e-11
-1.592751455682508e-10
-1.240926404881692e-11
-9.765529845928428e-11
3.385663688454229e-12
6.764193693236567e-11
3.223530929824890e-11
4.742066597324570e-11
3.667750135987852e-11
4.498732202447354e-11
7.935228055254431e-11
5.428564608444353e-11
8.859452094678688e-11
1.067155244262762e-10
1.266365189685734e-10
1.801954018349673e-10
2.300959865562777e-10
2.909534442802766e-10
4.183455213054353e-10
5.432404535545839e-10
7.300434530130503e-10
9.646860655308246e-10
1.293215174099222e-09
1.717318630964256e-09
2.278352314718525e-09
3.032068348345020e-09
4.029660379121454e-09
5.337391738188553e-09
7.090800052555251e-09
9.441937788377807e-09
1.248245009624402e-08
1.653576902505104e-08
2.205764052975632e-08
2.914652328223033e-08
3.876998348030214e-08
5.173175671095759e-08
6.922895874841437e-08
9.297259641002722e-08
1.253371301175810e-07
1.698951089961769e-07
2.306773818046086e-07
3.167500515818335e-07
4.346405720252409e-07
6.037729819812928e-07
8.454700780383165e-07
1.190949163685185e-06
1.695290003092153e-06
2.432452439648995e-06
3.500018100959432e-06
5.068304598178054e-06
7.381246772297851e-06
1.080576845820749e-05
1.559964744606941e-05
2.316279038867715e-05
3.418010710357740e-05
5.025232013502918e-05
7.396295505711862e-05
1.096924898953946e-04
1.617506234021203e-04
2.382921745446539e-04
3.507834991426165e-04
5.159220699926026e-04
7.563731246209158e-04
1.110599540953482e-03
1.627237038172526e-03
2.376433426744015e-03
3.461816153855575e-03
5.038447994141794e-03
7.326234374271803e-03
1.062988205820833e-02
1.541805228483606e-02
2.235329052195557e-02
3.246093433885047e-02
4.730876206678492e-02
6.933631403513192e-02
1.021047524215382e-01
1.518203279526534e-01
2.280876711051333e-01
3.432385850260650e-01
5.037853041296931e-01
6.801851139593638e-01
8.229633944738770e-01
9.999999969641523e-01
1.000000000000000e+00
1.000000000000000e+00
1.000000000000000e+00
1.000000000000000e+00
1.000000000000000e+00
1.000000000000000e+00
1.000000000000000e+00
1.000000000000000e+00
1.000000000000000e+00
1.000000000000000e+00
1.000000000000000e+00
###3.600000000000000e+00
3.422460526123536e-11
6.732151883727137e-11
1.796201637772521e-10
-1.391278803072149e-11
-3.726926167930238e-11
-4.755393377405400e-11
1.905301659918660e-10
-1.441199127685249e-10
-1.141853771060330e-11
-6.973781350384801e-11
6.002091684922857e-11
5.425122925017980e-11
3.497456667704789e-11
5.304225498280829e-11
3.522680385920418e-11
5.920197590849317e-11
1.037429282468991e-10
6.699560700075492e-11
1.007077140049834e-10
1.328412012460210e-10
8.727309520403193e-11
1.984392894913524e-10
2.755920795325921e-10
3.206159061830581e-10
4.898083465039109e-10
6.425965113279932e-10
8.724088609347436e-10
1.137375225761915e-09
1.517871135411761e-09
2.026499555040005e-09
2.671555009787358e-09
3.571470442750049e-09
4.744792910656686e-09
6.293558239357273e-09
8.355591808323471e-09
1.114636595399655e-08
1.476569033451131e-08
1.956568165976448e-08
2.619433006847907e-08
3.474620932629093e-08
4.639053770525631e-08
6.219212263221320e-08
8.361451979944325e-08
1.129108802410648e-07
1.532627068685195e-07
2.090591276087190e-07
2.861404082024606e-07
3.956067702129432e-07
5.478963228441482e-07
7.648043899347049e-07
1.078512414259179e-06
1.529016438698319e-06
2.186237753360124e-06
3.148420845995793e-06
4.542330797186065e-06
6.589039127929548e-06
9.605329352415986e-06
1.403988929058912e-05
2.033939451585881e-05
3.003092377511097e-05
4.419706095444348e-05
6.475619562250993e-05
9.507825013826798e-05
1.402364794152294e-04
2.057298554734743e-04
3.017165831386764e-04
4.416129537534312e-04
6.460182168671838e-04
9.418394454533144e-04
1.374842392874419e-03
2.002221204035953e-03
2.905247741368602e-03
4.205382750175631e-03
6.078357981679237e-03
8.775962010168881e-03
1.263818138438118e-02
1.818107801998079e-02
2.612364214809879e-02
3.756331629325153e-02
5.413437172682307e-02
7.832271090206595e-02
1.135270373840266e-01
1.656325517630614e-01
2.431328137086468e-01
3.561028065694083e-01
5.085507006570743e-01
6.746214874617776e-01
8.157869059385479e-01
9.999999969641523e-01
1.000000000000000e+00
1.000000000000000e+00
1.000000000000000e+00
1.000000000000000e+00
1.000000000000000e+00
1.000000000000000e+00
1.000000000000000e+00
1.000000000000000e+00
1.000000000000000e+00
1.000000000000000e+00
1.000000000000000e+00
###4.000000000000000e+00
2.605900362001542e-11
1.083059914750029e-10
2.857169975324095e-10
-3.293908086125913e-11
-2.658465490502328e-11
-5.737769097416233e-11
1.986457922224988e-10
-1.658467292462158e-10
1.755290572143170e-11
-9.226209181984021e-11
1.051584274046266e-10
9.585763739277323e-11
-5.668386312085394e-10
3.907178172759501e-11
4.052681107101801e-11
8.686315089658761e-11
1.120923115565631e-10
8.296945372288907e-11
1.232251186834824e-10
1.676143426917948e-10
1.316258510502138e-10
2.469798804756572e-10
3.229644491365538e-10
3.708136008459114e-10
5.796232118530527e-10
7.560665754310809e-10
1.019093852479933e-09
1.329910043193506e-09
1.775827212274160e-09
2.367625715028037e-09
3.123930174263791e-09
4.156572197987234e-09
5.308232798868777e-09
7.341668750341694e-09
9.760350286014882e-09
1.301116440542939e-08
1.728914099942127e-08
2.296172001352394e-08
3.081747150067168e-08
4.111186563378744e-08
5.511222359003984e-08
7.428296944438515e-08
1.003666664881987e-07
1.362627993354153e-07
1.861981907883959e-07
2.557311865316478e-07
3.525233059710538e-07
4.903476668169783e-07
6.839170020581569e-07
9.597722297239513e-07
1.361876537104329e-06
1.941813555445422e-06
2.784350806796509e-06
4.018852155913779e-06
5.803699588074570e-06
8.427739434398207e-06
1.229050675118422e-05
1.792122484504287e-05
2.601633974967980e-05
3.823014886583017e-05
5.610737006685695e-05
8.192379989983411e-05
1.199394091080954e-04
1.759977036040646e-04
2.569451615503413e-04
3.751261254869708e-04
5.461113614788292e-04
7.947785127488971e-04
1.152560414351158e-03
1.673084327874464e-03
2.421910394189529e-03
3.493728059205793e-03
5.026458819606314e-03
7.219128936479509e-03
1.035005378433329e-02
1.479811506607964e-02
2.111826082334032e-02
3.009718419475650e-02
4.287646392596307e-02
6.114545267508367e-02
8.741448286535337e-02
1.248925283168394e-01
1.791339558889289e-01
2.576217618669190e-01
3.684919784931840e-01
5.138963560524522e-01
6.711718732354233e-01
8.105225074670357e-01
9.999999969641523e-01
1.000000000000000e+00
1.000000000000000e+00
1.000000000000000e+00
1.000000000000000e+00
1.000000000000000e+00
1.000000000000000e+00
1.000000000000000e+00
1.000000000000000e+00
1.000000000000000e+00
1.000000000000000e+00
1.000000000000000e+00
###4.399999999999999e+00
2.071806130882457e-10
1.845317753570730e-10
3.111766567970443e-10
2.829065831101212e-12
1.089728979521964e-11
-7.684872688175030e-11
5.671681595718332e-11
-1.808234219757823e-10
4.631116714519719e-11
-6.648054767007599e-11
1.261941369375458e-10
5.032081204332461e-11
-4.944574979447642e-10
8.873634433164752e-11
1.054674105548095e-10
1.261043003360786e-10
1.421574273093171e-10
1.297251843200037e-10
1.659644915033388e-10
2.203817155682111e-10
1.993178810964830e-10
3.171785925372984e-10
4.051287806783362e-10
4.737232363209219e-10
6.953350499756849e-10
9.021902443366208e-10
1.201054668699975e-09
1.566423011267991e-09
2.067036154115566e-09
2.745480765594551e-09
3.613668411478496e-09
4.797734642310900e-09
6.197407121345149e-09
8.507900267730231e-09
1.131143942791768e-08
1.509345629757525e-08
2.013455289922606e-08
2.684362825490911e-08
3.608588181031257e-08
4.834272612632267e-08
6.514411575466240e-08
8.831718786588447e-08
1.199258359063920e-07
1.637854004961261e-07
2.251922570316210e-07
3.113309849186706e-07
4.319548128870336e-07
6.092854087907279e-07
8.478010675870494e-07
1.195028533057527e-06
1.704125057549479e-06
2.439508650115720e-06
3.505047357937190e-06
5.068822530407536e-06
7.322217486677291e-06
1.063643188995147e-05
1.550386505953014e-05
2.255608386091374e-05
3.275554339689198e-05
4.792143112136656e-05
7.013000573487924e-05
1.020609077453882e-04
1.489389259560472e-04
2.174909392337297e-04
3.161022776336919e-04
4.593587460074159e-04
6.655501573136073e-04
9.634925505354828e-04
1.390153084601075e-03
2.007254219598377e-03
2.889059610180016e-03
4.144506042076048e-03
5.928156627794797e-03
8.461817724107760e-03
1.205087786830983e-02
1.711108510633577e-02
2.423551320434743e-02
3.427182466517258e-02
4.839485994051018e-02
6.833724080335490e-02
9.661091562856218e-02
1.362260759784018e-01
1.923814905202016e-01
2.716472639049834e-01
3.805227463098365e-01
5.197769431280325e-01
6.695126759020946e-01
8.069242916830696e-01
9.999999969641523e-01
1.000000000000000e+00
1.000000000000000e+00
1.000000000000000e+00
1.000000000000000e+00
1.000000000000000e+00
1.000000000000000e+00
1.000000000000000e+00
1.000000000000000e+00
1.000000000000000e+00
1.000000000000000e+00
1.000000000000000e+00
###4.800000000000000e+00
2.358059590968882e-10
9.166168395395860e-11
3.224462697617786e-10
1.092495506642655e-10
-5.856408566314864e-12
-4.892254625438041e-11
5.206367328772658e-11
-1.563188501452495e-10
-1.797600495954924e-11
-2.476839472991491e-11
1.599182810799688e-10
9.250999249337009e-11
-4.289788854763663e-10
1.340640119186371e-10
1.098686648543505e-10
1.729725035646694e-10
1.939334323753721e-10
1.772081404069528e-10
2.147289928050961e-10
2.565250078532834e-10
2.615723651914843e-10
3.876461057634460e-10
4.884217485757594e-10
5.800510624952892e-10
8.168009067574043e-10
1.046596253286118e-09
1.381078805619113e-09
1.803331945851745e-09
2.379664704890277e-09
3.144771137826350e-09
4.157815661810974e-09
5.505448010271953e-09
7.165909488002224e-09
9.780131474765161e-09
1.304036398001311e-08
1.743041103190092e-08
2.335380450288860e-08
3.123507682793104e-08
4.210380027928441e-08
5.665372522837746e-08
7.676309711986385e-08
1.046241319832827e-07
1.428691140117197e-07
1.962412780943947e-07
2.714747952106897e-07
3.775781194249487e-07
5.268292425468271e-07
7.448588903374416e-07
1.044332057656860e-06
1.477526717902443e-06
2.117807348741813e-06
3.037296334078205e-06
4.369097344905581e-06
6.324346474359932e-06
9.138576591573669e-06
1.326349712479209e-05
1.929622466575557e-05
2.804593989422181e-05
4.068636420252152e-05
5.930261872562382e-05
8.647100396996354e-05
1.255181503771244e-04
1.824472414642034e-04
2.653035118799622e-04
3.838980542815912e-04
5.553665996670103e-04
8.010416254395810e-04
1.153809065124742e-03
1.656321102490018e-03
2.379691302101149e-03
3.406511715685962e-03
4.860468368013670e-03
6.912610093207123e-03
9.808675561292512e-03
1.388152215951944e-02
1.957976031844769e-02
2.753217664288722e-02
3.864233148062123e-02
5.411062607874068e-02
7.570051479428480e-02
1.058682501020253e-01
1.475257209585331e-01
2.054140001705919e-01
2.852942976175895e-01
3.923086038326702e-01
5.261517768540801e-01
6.693490927050483e-01
8.046435828529054e-01
9.999999969641523e-01
1.000000000000000e+00
1.000000000000000e+00
1.000000000000000e+00
1.000000000000000e+00
1.000000000000000e+00
1.000000000000000e+00
1.000000000000000e+00
1.000000000000000e+00
1.000000000000000e+00
1.000000000000000e+00
1.000000000000000e+00
###5.200000000000000e+00
2.175895431907739e-10
-3.130944744274432e-11
3.330601427414710e-10
1.389144594777109e-10
2.188013358724872e-10
-1.103927788723041e-11
1.369684145087455e-10
-1.188388450038750e-10
2.233378511793378e-11
-3.169569850550940e-11
2.235215107416549e-10
5.270727945228329e-13
-3.497211747562192e-10
1.817650192314540e-10
1.752395448683373e-10
2.382144324719740e-10
2.500876037990639e-10
2.404292068952971e-10
2.777336451313454e-10
3.255467539146404e-10
3.421341980817912e-10
4.737220024810532e-10
5.908923266007949e-10
7.017565237238572e-10
9.609389084010087e-10
1.223712675752304e-09
1.585472539743108e-09
2.075078993747787e-09
2.726118208768364e-09
3.594258988206145e-09
4.762122897432062e-09
6.297338533757648e-09
8.248201196905721e-09
1.121238259635193e-08
1.496983275454740e-08
2.006496302286132e-08
2.698907538628565e-08
3.622188867859566e-08
4.903655774223849e-08
6.635138187379796e-08
9.042753298251829e-08
1.237138477442609e-07
1.698903178152588e-07
2.345857987043342e-07
3.263189518672933e-07
4.563235398664732e-07
6.400424644865069e-07
9.071152327737714e-07
1.279157857172170e-06
1.814913504013828e-06
2.609746913937633e-06
3.750101974286686e-06
5.398280395712634e-06
7.814249328703779e-06
1.128788711720834e-05
1.636624333264757e-05
2.375420570939751e-05
3.448051122051349e-05
4.995499971845964e-05
7.255931141147240e-05
1.054226561530287e-04
1.525917454170562e-04
2.209646299451660e-04
3.200059869379221e-04
4.610316762648823e-04
6.641099645234008e-04
9.536255782003198e-04
1.367018809811331e-03
1.953132292520018e-03
2.792292931930602e-03
3.976222784132562e-03
5.643907762663088e-03
7.982487768118480e-03
1.126272044877002e-02
1.584270399112656e-02
2.220762490630017e-02
3.101167577660031e-02
4.321108925133938e-02
6.002904686257817e-02
8.323377819222472e-02
1.152283381442202e-01
1.588125646332703e-01
2.182739387484647e-01
2.986502997498481e-01
4.039077834097660e-01
5.330138413319637e-01
6.704866936042202e-01
8.035982461916925e-01
9.999999969641523e-01
1.000000000000000e+00
1.000000000000000e+00
1.000000000000000e+00
1.000000000000000e+00
1.000000000000000e+00
1.000000000000000e+00
1.000000000000000e+00
1.000000000000000e+00
1.000000000000000e+00
1.000000000000000e+00
1.000000000000000e+00
###5.600000000000001e+00
2.300031865391089e-10
-1.651872059729226e-10
4.347482315949997e-10
2.771957056635082e-10
2.343522822841470e-10
-3.841884749408775e-11
1.564642511034902e-10
-1.136744070393296e-10
-1.160399158900707e-10
-4.499313528392236e-12
2.241574444359308e-10
-1.026729966359119e-10
-3.007871319185072e-10
2.319642730987488e-10
2.160481501038874e-10
2.564121157676751e-10
2.734825756861610e-10
2.859118027815568e-10
3.255598665441639e-10
3.639182750232607e-10
4.222181239303184e-10
5.525143618735057e-10
7.125026770842065e-10
8.160639633990789e-10
1.102986709925361e-09
1.390397421239895e-09
1.799913053440629e-09
2.347829344281883e-09
3.095575589561120e-09
4.081807906336621e-09
5.412010709064928e-09
7.170910747643829e-09
9.440739446295985e-09
1.280242649755515e-08
1.714497155463095e-08
2.305168231252626e-08
3.109791850139401e-08
4.196527894989654e-08
5.702270868682240e-08
7.757309442317738e-08
1.062119869012379e-07
1.460840816150833e-07
2.017686045756830e-07
2.799399386802208e-07
3.914552002844950e-07
5.498501301916479e-07
7.742882150524758e-07
1.100346712069995e-06
1.558521824887191e-06
2.220295580124314e-06
3.193203262235119e-06
4.594994175376431e-06
6.617229144887390e-06
9.575046607424109e-06
1.382204379515280e-05
2.001172976606334e-05
2.897309688534071e-05
4.198546802687044e-05
6.070908367711327e-05
8.789439312991399e-05
1.272415877849185e-04
1.836102156340510e-04
2.649404385350664e-04
3.821965372574401e-04
5.483590594406493e-04
7.866002714090810e-04
1.124636677502673e-03
1.604789564485610e-03
2.282167264978893e-03
3.247078961944793e-03
4.601409268127203e-03
6.497626072117661e-03
9.141417554781237e-03
1.282681801418108e-02
1.793648676544941e-02
2.499477749884595e-02
3.466847246193586e-02
4.797479513983874e-02
6.614749795011947e-02
9.094327552479746e-02
1.247063552205178e-01
1.700938959332482e-01
2.309963301554694e-01
3.117679713860541e-01
4.153898773506985e-01
5.402752506050322e-01
6.727048023051475e-01
8.036273398871181e-01
9.999999969641523e-01
1.000000000000000e+00
1.000000000000000e+00
1.000000000000000e+00
1.000000000000000e+00
1.000000000000000e+00
1.000000000000000e+00
1.000000000000000e+00
1.000000000000000e+00
1.000000000000000e+00
1.000000000000000e+00
1.000000000000000e+00
###6.000000000000001e+00
2.135511623611854e-10
-1.697800679319415e-10
4.029611034307157e-10
1.556107042850139e-10
1.746650196241521e-10
-3.461407561691996e-11
1.771201703608640e-10
-8.622930767612609e-11
-7.886383835800246e-11
1.531698830356604e-11
2.284019187376490e-10
-7.425532050507599e-11
-2.702937075201263e-10
2.470634360732444e-10
2.414462907154267e-10
2.876475369217795e-10
3.054386632699597e-10
3.229543885381288e-10
3.741498809377420e-10
4.181181743732664e-10
4.686897744446006e-10
6.254361060161233e-10
7.961353148426761e-10
9.352066345584908e-10
1.241237801937202e-09
1.570964725577923e-09
2.027521942133231e-09
2.648716109236178e-09
3.494509831103372e-09
4.613292998699601e-09
6.129613912667727e-09
8.140584962177587e-09
1.076748320667277e-08
1.458932987493391e-08
1.959003906730975e-08
2.645635379169864e-08
3.581163660795246e-08
4.854741295076963e-08
6.630056775268618e-08
9.061529135549300e-08
1.246287498077031e-07
1.723432177146829e-07
2.392090350315727e-07
3.334427458020442e-07
4.683912417779364e-07
6.605630860211053e-07
9.336681725279460e-07
1.329059206100365e-06
1.889083924744680e-06
2.695176099531467e-06
3.884055118420131e-06
5.591595945908776e-06
8.049788020402223e-06
1.164129422122635e-05
1.678804735682979e-05
2.425581224220024e-05
3.504136478578941e-05
5.068580093978642e-05
7.312210560145241e-05
1.055162778554781e-04
1.522688983282531e-04
2.190224738846237e-04
3.148966186173293e-04
4.524587698680269e-04
6.466649582573025e-04
9.238170046887393e-04
1.315340171368259e-03
1.868563759184729e-03
2.645559482195859e-03
3.746489496131415e-03
5.283442808221844e-03
7.424370360279168e-03
1.039282590139702e-02
1.450456050003139e-02
2.017041155705226e-02
2.794262015214204e-02
3.850645851209630e-02
5.293618716153423e-02
7.246221843662545e-02
9.882430990416265e-02
1.343029416109255e-01
1.814024893966363e-01
2.436184012413703e-01
3.247018557895103e-01
4.268027254083648e-01
5.479349847996802e-01
6.758692608812702e-01
8.045047083349729e-01
9.999999969641523e-01
1.000000000000000e+00
1.000000000000000e+00
1.000000000000000e+00
1.000000000000000e+00
1.000000000000000e+00
1.000000000000000e+00
1.000000000000000e+00
1.000000000000000e+00
1.000000000000000e+00
1.000000000000000e+00
1.000000000000000e+00
###6.400000000000001e+00
-1.630999140330407e-10
-2.816444883826875e-10
4.072881811352865e-10
8.564355793735129e-11
2.484885396571031e-10
-1.914653263317554e-11
1.496493038226162e-10
-6.514457786300775e-11
-4.826467429825525e-11
6.921783492973806e-11
2.211380453381884e-10
-4.898534520745776e-11
-2.186268534596060e-10
2.855075606096808e-10
2.934458343285247e-10
3.138324298313554e-10
4.085107224533379e-10
3.687884180629028e-10
4.263927148413687e-10
4.733993939052524e-10
5.501961888376273e-10
7.111202659982664e-10
8.984151640449992e-10
1.068397519574632e-09
1.399849167518510e-09
1.779280911478679e-09
2.284530486647720e-09
2.982898284512979e-09
3.938707538667639e-09
5.206893757473661e-09
6.924522487939813e-09
9.227935614391155e-09
1.226617077685341e-08
1.661916907985827e-08
2.239706320334352e-08
3.035043323820656e-08
4.123700960977659e-08
5.614030410509006e-08
7.707002656934166e-08
1.058338063763629e-07
1.462760291024321e-07
2.032398355827855e-07
2.832001912838569e-07
3.964739210918871e-07
5.591122184730161e-07
7.913001453710626e-07
1.122261364176774e-06
1.599339251492306e-06
2.278892690393364e-06
3.253851914002946e-06
4.694311163054729e-06
6.758861584095579e-06
9.728089276065013e-06
1.405161088325540e-05
2.023479272840161e-05
2.917817613885334e-05
4.205458425765719e-05
6.069808424767249e-05
8.736951463356933e-05
1.256724647849871e-04
1.807728310806644e-04
2.591928710621062e-04
3.713279559395938e-04
5.315861063228287e-04
7.567723023107529e-04
1.076885453044569e-03
1.526963779301917e-03
2.160047510338981e-03
3.045088767756252e-03
4.292827412380078e-03
6.026079086382152e-03
8.427514325532364e-03
1.173896878820531e-02
1.629866334664661e-02
2.254266798010354e-02
3.105255597109169e-02
4.253048583829121e-02
5.809634116922678e-02
7.897429187473121e-02
1.068789210432394e-01
1.440205499152367e-01
1.927422159813962e-01
2.561615981280163e-01
3.374900913753777e-01
4.381696176809021e-01
5.559499847492594e-01
6.798316457454551e-01
8.060675276777047e-01
9.999999969641523e-01
1.000000000000000e+00
1.000000000000000e+00
1.000000000000000e+00
1.000000000000000e+00
1.000000000000000e+00
1.000000000000000e+00
1.000000000000000e+00
1.000000000000000e+00
1.000000000000000e+00
1.000000000000000e+00
1.000000000000000e+00
###6.800000000000002e+00
-6.660583669709753e-11
1.032361107300040e-10
2.899355235099871e-10
8.211910980264578e-11
3.908811727530982e-10
8.713239301001817e-11
5.651073146328717e-10
-4.472526026769181e-11
-2.928738285459619e-11
9.387397715393447e-11
2.380109013921607e-10
-8.381131681080074e-12
-1.756383586632071e-10
2.888786217097606e-10
3.396362124079971e-10
3.851556028761476e-10
4.456307369478832e-10
4.180056751081922e-10
4.815276498876148e-10
5.424685850191086e-10
6.248807142755308e-10
7.925550246204820e-10
1.008131710427200e-09
1.207330745020300e-09
1.572374893303190e-09
1.998231584995476e-09
2.579668646664428e-09
3.351007390984857e-09
4.425712982923412e-09
5.869687875210024e-09
7.823325492883002e-09
1.044536227361609e-08
1.394792799155029e-08
1.892097458181940e-08
2.561868487803130e-08
3.480176736260859e-08
4.750249299841970e-08
6.497597130297053e-08
8.960137269087503e-08
1.235590736633465e-07
1.716052639382938e-07
2.394115315642533e-07
3.347644245717091e-07
4.706346483896925e-07
6.660951066391894e-07
9.454274923629834e-07
1.343551882068224e-06
1.918096657436431e-06
2.736290050877831e-06
3.908410838039275e-06
5.641488760626025e-06
8.122147886092555e-06
1.168057435507675e-05
1.684465172080638e-05
2.422412982160944e-05
3.486457116753495e-05
5.012205509458936e-05
7.217039536271726e-05
1.036306289067854e-04
1.486129919539116e-04
2.130852929869178e-04
3.045473939130008e-04
4.347910770476294e-04
6.202141491639489e-04
8.796272063685726e-04
1.246917861715490e-03
1.761103998310876e-03
2.481091921349174e-03
3.482659350347353e-03
4.889046287792163e-03
6.831594016898548e-03
9.510224462199169e-03
1.318330952051329e-02
1.821316014894182e-02
2.505841000897964e-02
3.432403710048795e-02
4.673948612294867e-02
6.345083696504385e-02
8.568248885324374e-02
1.151134119465498e-01
1.538660028955885e-01
2.041298648819608e-01
2.686629737833179e-01
3.501918533055928e-01
4.495301920328323e-01
5.642864439902513e-01
6.844920535694490e-01
8.083269900246473e-01
9.999999969641523e-01
1.000000000000000e+00
1.000000000000000e+00
1.000000000000000e+00
1.000000000000000e+00
1.000000000000000e+00
1.000000000000000e+00
1.000000000000000e+00
1.000000000000000e+00
1.000000000000000e+00
1.000000000000000e+00
1.000000000000000e+00
###7.200000000000002e+00
-4.586910868957291e-11
4.477783321921477e-10
2.691055359874030e-10
2.662330494992138e-10
3.066470478692215e-10
1.634501090525111e-10
5.510958335940241e-10
4.608151942352596e-11
-9.325938045037603e-13
1.133379102194779e-10
2.842137223983160e-10
2.970801621132304e-11
-1.343629297949115e-10
3.248434270213307e-10
3.751767729572306e-10
4.310720531037738e-10
4.898459998327087e-10
4.684732537340438e-10
5.492357052012369e-10
6.140614384987809e-10
7.160943437270846e-10
8.900744811200361e-10
1.129972609895706e-09
1.361788579863419e-09
1.763427833380306e-09
2.255393211656807e-09
2.896690733857326e-09
3.766690409982924e-09
4.983693631978608e-09
6.616044041253827e-09
8.837523083436389e-09
1.186489036030219e-08
1.586451673798350e-08
2.156315994639982e-08
2.931903900548852e-08
3.994308056110952e-08
5.476715124173476e-08
7.523801968427887e-08
1.041854934189585e-07
1.443334452664992e-07
2.013092418405465e-07
2.818563352365623e-07
3.955047130242111e-07
5.577743220290937e-07
7.915811129280682e-07
1.126007020847286e-06
1.603269731422485e-06
2.291153291849904e-06
3.271818243144439e-06
4.673206364016389e-06
6.742884107277142e-06
9.704328255399945e-06
1.394039827422433e-05
2.007605952600031e-05
2.882132321877749e-05
4.139577850203696e-05
5.936058846394415e-05
8.526492716045953e-05
1.221128756671745e-04
1.745815231914398e-04
2.495525671965332e-04
3.555570142393228e-04
5.059344479558768e-04
7.191168261795225e-04
1.016103829049336e-03
1.435049361821579e-03
2.018985282887225e-03
2.833281778229444e-03
3.960518767404272e-03
5.536721606961429e-03
7.702673428780657e-03
1.067513574846018e-02
1.472900927340042e-02
2.025047131507740e-02
2.771903194944258e-02
3.776454590950686e-02
5.113864268612593e-02
6.900891363989681e-02
9.259179644395142e-02
1.235225227393041e-01
1.638454261901481e-01
2.155694651253143e-01
2.811398401023847e-01
3.628235925779759e-01
4.609004195633362e-01
5.729028283767236e-01
6.897772695078264e-01
8.111119644312353e-01
9.999999969641523e-01
1.000000000000000e+00
1.000000000000000e+00
1.000000000000000e+00
1.000000000000000e+00
1.000000000000000e+00
1.000000000000000e+00
1.000000000000000e+00
1.000000000000000e+00
1.000000000000000e+00
1.000000000000000e+00
1.000000000000000e+00
###7.600000000000002e+00
-3.997700337863400e-11
3.796067855829909e-10
-3.448473828135806e-11
3.017163531819911e-10
3.082858702898293e-10
1.582987479206994e-10
5.448799473852888e-10
7.447891250882038e-11
5.310672149187844e-11
1.517197933607370e-10
3.047766803590617e-10
7.595136073696154e-11
-8.013375058650067e-11
3.702904049282028e-10
4.284235143716985e-10
4.860693619297131e-10
5.339660537478226e-10
5.284473085887718e-10
6.138820622601134e-10
6.976289145662197e-10
8.269705364190203e-10
1.000893037824287e-09
1.262018485591438e-09
1.545666415797836e-09
1.975310710993674e-09
2.526820685977775e-09
3.251852732351936e-09
4.239852307261782e-09
5.610528277017764e-09
7.463536840632458e-09
9.993003998562276e-09
1.343955182404986e-08
1.806603967571191e-08
2.460146902908994e-08
3.356975352210325e-08
4.590147521074280e-08
6.319823555074956e-08
8.719144468960796e-08
1.212040358710709e-07
1.686234913082507e-07
2.360675590492868e-07
3.315480248677415e-07
4.666627596287628e-07
6.599600320543973e-07
9.385364694563249e-07
1.337703359635458e-06
1.906269171026554e-06
2.726421092420633e-06
3.895487240203119e-06
5.567134102231616e-06
8.021694381188872e-06
1.153269458431067e-05
1.654952507584877e-05
2.379146950542988e-05
3.409040080402968e-05
4.885673858867745e-05
6.991824697319851e-05
1.001448975955735e-04
1.430360608256823e-04
2.039316965028657e-04
2.905675879650526e-04
4.126784947915155e-04
5.852774782694884e-04
8.287034703925252e-04
1.167361597421913e-03
1.642339224967099e-03
2.302294892050671e-03
3.218579437891926e-03
4.480981256776393e-03
6.238572188431529e-03
8.642425068742536e-03
1.192567415285261e-02
1.637970847434385e-02
2.241414189209424e-02
3.053054496202883e-02
4.137558806067344e-02
5.572778644178619e-02
7.476817985081415e-02
9.969512092495179e-02
1.321063523214958e-01
1.739632408245847e-01
2.270772301036392e-01
2.936027353030467e-01
3.754147155984924e-01
4.723124501002962e-01
5.817706926075777e-01
6.955286446944217e-01
8.143763331288504e-01
9.999999969641523e-01
1.000000000000000e+00
1.000000000000000e+00
1.000000000000000e+00
1.000000000000000e+00
1.000000000000000e+00
1.000000000000000e+00
1.000000000000000e+00
1.000000000000000e+00
1.000000000000000e+00
1.000000000000000e+00
1.000000000000000e+00
###8.000000000000002e+00
-7.502467838060319e-11
4.287554618805123e-10
-2.000913271971117e-11
4.064427543502665e-10
3.077806752827790e-10
1.283170601144994e-10
5.496365016002317e-10
1.826669903113896e-10
7.748418059017942e-11
1.835415568990999e-10
2.898161385441675e-10
9.150725805065632e-11
-4.936517899295729e-12
4.095293358931248e-10
4.698367058862193e-10
5.337018027428835e-10
5.872419080625818e-10
5.915754804260929e-10
6.810316112877400e-10
7.792852426963779e-10
9.225097230046653e-10
1.093638862972625e-09
1.404959517362904e-09
1.727097123486524e-09
2.208530173847486e-09
2.821233642304428e-09
3.634984720477330e-09
4.754113578976434e-09
6.304942578238531e-09
8.410610286351071e-09
1.129260769860790e-08
1.523480366656029e-08
2.056728591905387e-08
2.808634999781460e-08
3.846843018212962e-08
5.282737888488295e-08
7.296511876108628e-08
1.011476990436810e-07
1.410325370602965e-07
1.968911074789363e-07
2.765992975740846e-07
3.896515650921642e-07
5.502778042511928e-07
7.791366108548057e-07
1.110136222179715e-06
1.584204022064527e-06
2.259128042502007e-06
3.231278913152435e-06
4.617591089946830e-06
6.604977869561376e-06
9.497819439289853e-06
1.363904269763900e-05
1.954025486004932e-05
2.804377174729061e-05
4.010995470830381e-05
5.735745477693234e-05
8.188912596984098e-05
1.169569183419135e-04
1.666309316567313e-04
2.368990483287945e-04
3.364996160353269e-04
4.764164777086791e-04
6.734517963057710e-04
9.500711219828136e-04
1.334386410588928e-03
1.870451500335879e-03
2.612599719066580e-03
3.638784048851595e-03
5.046552456250234e-03
6.997643692807272e-03
9.653826607540918e-03
1.326488524796259e-02
1.813907591120099e-02
2.470852623480871e-02
3.349443453521580e-02
4.516183630008865e-02
6.051779099775212e-02
8.073001659784949e-02
1.070000148074653e-01
1.408740285952016e-01
1.842065194692213e-01
2.386616676998127e-01
3.060808036365980e-01
3.879812515613016e-01
4.837706094031675e-01
5.908855260841379e-01
7.017057002374710e-01
8.179903697765342e-01
9.999999969641523e-01
1.000000000000000e+00
1.000000000000000e+00
1.000000000000000e+00
1.000000000000000e+00
1.000000000000000e+00
1.000000000000000e+00
1.000000000000000e+00
1.000000000000000e+00
1.000000000000000e+00
1.000000000000000e+00
1.000000000000000e+00
###8.400000000000002e+00
-7.081008926090041e-11
4.284383747227961e-10
-1.240304096514353e-11
4.853531403982537e-10
2.035129377383526e-10
1.388114127852099e-10
5.527917448605350e-10
1.729871504149051e-10
1.123106887709096e-10
2.658924101430693e-10
3.129209689808057e-10
1.182899476521958e-10
4.821876574599064e-11
4.405085029335108e-10
4.627161443632133e-10
5.752142152266802e-10
6.444974860535984e-10
6.477305065868327e-10
7.505132165774935e-10
8.619951267781105e-10
1.018947582902391e-09
1.222533786720472e-09
1.559895144208931e-09
1.921840943598873e-09
2.456540883956034e-09
3.143803387861873e-09
4.067509512850426e-09
5.330535645716178e-09
7.091655372454430e-09
9.477271677930007e-09
1.275748318283893e-08
1.728454741595956e-08
2.343044302392262e-08
3.208821028846887e-08
4.412936350470754e-08
6.082661163554679e-08
8.431573554860092e-08
1.173169613512897e-07
1.641815179711529e-07
2.297889594588551e-07
3.238721141783010e-07
4.573630175716945e-07
6.473666890256445e-07
9.182155868691824e-07
1.309632754979654e-06
1.869802457211282e-06
2.668041524111871e-06
3.815986410103513e-06
5.452300864612041e-06
7.801024128390789e-06
1.119504013321494e-05
1.605427830193888e-05
2.296351638100577e-05
3.289659185428415e-05
4.695764565400433e-05
6.698968039563197e-05
9.542639761841240e-05
1.359203567680569e-04
1.931328661858590e-04
2.738191138644503e-04
3.877576923623922e-04
5.473250607904365e-04
7.711897581897171e-04
1.084136592273431e-03
1.517979305118686e-03
2.120457505722258e-03
2.951531904636846e-03
4.095919353568863e-03
5.661555262435228e-03
7.816194594091655e-03
1.074027834804566e-02
1.469283825522580e-02
2.001002974476928e-02
2.713604592364417e-02
3.661394039351851e-02
4.912786836679161e-02
6.550168309703294e-02
8.689704515397843e-02
1.145131593705695e-01
1.498257694411329e-01
1.945916297853104e-01
2.503364509061513e-01
3.185859457073298e-01
4.005451606039810e-01
4.952813139143759e-01
6.001952758424308e-01
7.082678210059680e-01
8.219710814911050e-01
9.999999969641523e-01
1.000000000000000e+00
1.000000000000000e+00
1.000000000000000e+00
1.000000000000000e+00
1.000000000000000e+00
1.000000000000000e+00
1.000000000000000e+00
1.000000000000000e+00
1.000000000000000e+00
1.000000000000000e+00
1.000000000000000e+00
###8.800000000000002e+00
-7.268189109632374e-11
7.112576347683709e-10
-1.870215885372954e-12
5.184062412715752e-10
1.485585664516842e-10
2.121968871411586e-10
5.427742938364929e-10
2.006293366190093e-10
1.732811546697645e-10
4.983173139113339e-10
3.419611317458346e-10
1.554294141218204e-10
9.026731263446755e-11
4.666428200440877e-10
4.971241954963428e-10
6.154055521604740e-10
6.852615536791962e-10
7.074985735131742e-10
8.197548736902484e-10
9.461124633212391e-10
1.123646928042674e-09
1.354711751155299e-09
1.722242719067229e-09
2.133526930517838e-09
2.728247799704324e-09
3.501982976744535e-09
4.549756567622240e-09
5.984397082164700e-09
7.979700203779166e-09
1.069008261401570e-08
1.444376961459813e-08
1.963861291421112e-08
2.672294912578844e-08
3.670742014408400e-08
5.066756463517691e-08
7.008600151673810e-08
9.754759023236221e-08
1.361202899145216e-07
1.910313519726536e-07
2.681238881782916e-07
3.788167477370655e-07
5.361376807729924e-07
7.602488406645597e-07
1.079792023698391e-06
1.540580598691750e-06
2.200409218939633e-06
3.140583150389257e-06
4.490462719805427e-06
6.413264498435994e-06
9.172374662893212e-06
1.314021920229775e-05
1.881323102225108e-05
2.686627411607899e-05
3.841322587782706e-05
5.471472885801082e-05
7.787407022642185e-05
1.106797454427214e-04
1.572335679989736e-04
2.228163008361322e-04
3.150193370244431e-04
4.447567325214568e-04
6.259538857702161e-04
8.791990666932310e-04
1.231840706050097e-03
1.719656999189594e-03
2.393917712540239e-03
3.320534633825202e-03
4.591920086660414e-03
6.325878061618261e-03
8.697124435156899e-03
1.190396437666480e-02
1.621720310376347e-02
2.199614054178349e-02
2.970097786012688e-02
3.989386952851901e-02
5.327406967916056e-02
7.068353090482538e-02
9.327099878129123e-02
1.222309651446084e-01
1.589631062436897e-01
2.051305791972236e-01
2.621036843633518e-01
3.311343101279609e-01
4.131091637922781e-01
5.068466502441893e-01
6.097058253693266e-01
7.151456943051937e-01
8.263021853357119e-01
9.999999969641523e-01
1.000000000000000e+00
1.000000000000000e+00
1.000000000000000e+00
1.000000000000000e+00
1.000000000000000e+00
1.000000000000000e+00
1.000000000000000e+00
1.000000000000000e+00
1.000000000000000e+00
1.000000000000000e+00
1.000000000000000e+00
###9.200000000000003e+00
-6.285685247599913e-11
-8.695789112436578e-10
1.772639613041416e-10
5.231629121966095e-10
1.547753774489471e-10
2.230027789431984e-10
4.398981885588546e-10
2.173990530296102e-10
1.895330865051377e-10
4.816093587799107e-10
3.167872025809687e-10
1.848153819770603e-10
1.279944666618520e-10
4.866589603984219e-10
5.237163167474454e-10
6.515902154937939e-10
7.256548923213923e-10
7.635098211818354e-10
8.866261270843776e-10
1.031249698847819e-09
1.229749036688828e-09
1.491228991093248e-09
1.893793699357910e-09
2.361988166483845e-09
3.025443092264165e-09
3.898532245642573e-09
5.087608679479898e-09
6.712843863680000e-09
8.979529454256248e-09
1.207482620102769e-08
1.636830615291850e-08
2.232789083087314e-08
3.049618682385278e-08
4.204117580552259e-08
5.823067558637308e-08
8.083138014634168e-08
1.128937776418469e-07
1.578979985843878e-07
2.223083141876948e-07
3.126500256055424e-07
4.426229251316213e-07
6.275126467150539e-07
8.910890072751830e-07
1.266704825665448e-06
1.808046514275776e-06
2.581767708084879e-06
3.684916249100552e-06
5.266534617778858e-06
7.515406349991309e-06
1.074197092243479e-05
1.536024761775837e-05
2.195593975934191e-05
3.129978899008627e-05
4.466022735588309e-05
6.347589965828537e-05
9.014443728301260e-05
1.278096900461672e-04
1.810842691250104e-04
2.559344929743982e-04
3.608712330027976e-04
5.080198519119812e-04
7.128590014723905e-04
9.982710952289617e-04
1.394085188868343e-03
1.940328939624691e-03
2.692102180488392e-03
3.721576388515010e-03
5.128992501119476e-03
7.041658530193628e-03
9.643788042006305e-03
1.314870241859014e-02
1.784168710361887e-02
2.410249134220982e-02
3.240660694199880e-02
4.333820625968580e-02
5.759724223224760e-02
7.606523037139638e-02
9.985709168307613e-02
1.301574584830402e-01
1.682909153084372e-01
2.158206558363209e-01
2.739720101501811e-01
3.437288277372831e-01
4.256964438931398e-01
5.184641996855806e-01
6.193740502856832e-01
7.222814941235832e-01
8.308313766486115e-01
9.999999969641523e-01
1.000000000000000e+00
1.000000000000000e+00
1.000000000000000e+00
1.000000000000000e+00
1.000000000000000e+00
1.000000000000000e+00
1.000000000000000e+00
1.000000000000000e+00
1.000000000000000e+00
1.000000000000000e+00
1.000000000000000e+00
###9.600000000000003e+00
-7.553047251136480e-11
-8.764053806336729e-10
2.534195638108949e-10
5.323742385115862e-10
2.458933334366662e-10
2.779553290364007e-10
4.681007454601770e-10
2.294656167776900e-10
2.095321879199666e-10
4.969374476411049e-10
3.408026968500321e-10
2.207369411189372e-10
1.769196550757900e-10
5.059481313548685e-10
5.595694900918769e-10
6.888311562877864e-10
7.767307621628993e-10
8.322389337110694e-10
1.032587542084198e-09
1.129427060553887e-09
1.351976770708574e-09
1.645473401307094e-09
2.086401118773862e-09
2.614865658141200e-09
3.357744495501349e-09
4.346515156506869e-09
5.696977074979457e-09
7.541672274638279e-09
1.011491684867371e-08
1.365558887552982e-08
1.856599984753804e-08
2.542188537375111e-08
3.486087809075229e-08
4.819115724974871e-08
6.696039249932806e-08
9.328268127060058e-08
1.306039605984543e-07
1.831933231441558e-07
2.584794126257599e-07
3.642022671533894e-07
5.164953141367593e-07
7.331388945351847e-07
1.042304669047365e-06
1.482111837655479e-06
2.115972389430478e-06
3.020811153547243e-06
4.310215280004018e-06
6.154798269122572e-06
8.773931712995385e-06
1.253177337645435e-05
1.788643150713858e-05
2.552258829083746e-05
3.631790780915132e-05
5.171406747132122e-05
7.333905458467127e-05
1.039103611073268e-04
1.469852165440243e-04
2.077234395468941e-04
2.928026038363545e-04
4.117256443508309e-04
5.779881386681517e-04
8.087004710021766e-04
1.129168330814030e-03
1.571927981054649e-03
2.181229411898470e-03
3.016593802423817e-03
4.156423583780374e-03
5.708730683378068e-03
7.811916927809690e-03
1.065825823907968e-02
1.447787076500037e-02
1.956860131018008e-02
2.633301434444544e-02
3.525856575055947e-02
4.694392205813668e-02
6.210985188424726e-02
8.165488307163085e-02
1.066546332754340e-01
1.382834708735214e-01
1.778153859368219e-01
2.266734816944213e-01
2.859490455576607e-01
3.563857434505505e-01
4.383321214220073e-01
5.301487788779436e-01
6.291939113128582e-01
7.296538118850378e-01
8.355053048558441e-01
9.999999969641523e-01
1.000000000000000e+00
1.000000000000000e+00
1.000000000000000e+00
1.000000000000000e+00
1.000000000000000e+00
1.000000000000000e+00
1.000000000000000e+00
1.000000000000000e+00
1.000000000000000e+00
1.000000000000000e+00
1.000000000000000e+00
###1.000000000000000e+01
-6.961765533015276e-11
-8.725389181709539e-10
3.141997864399213e-10
8.897131432964746e-10
2.179517090298366e-10
2.738375220403815e-10
4.797694267786383e-10
2.532424247577623e-10
2.276844878445045e-10
4.868102998797997e-10
3.547115130756700e-10
2.451932334205889e-10
2.207656654212251e-10
5.329067906075915e-10
5.996161643975641e-10
7.338636068406201e-10
8.362473217493421e-10
9.072398482581616e-10
1.110550005818157e-09
1.236790069709968e-09
1.507447536306138e-09
1.816519113769919e-09
2.301657198002462e-09
2.896850556212778e-09
3.731373850837851e-09
4.853526062887955e-09
6.384012681957295e-09
8.480443477870620e-09
1.141371548761520e-08
1.546418258828767e-08
2.108929534317268e-08
2.897367352761624e-08
3.986831411995526e-08
5.529568079870865e-08
7.705660784270649e-08
1.076573484703607e-07
1.510634234220063e-07
2.125045241368554e-07
3.002966531356477e-07
4.238125190160971e-07
6.019062579086605e-07
8.551959333941070e-07
1.216285550350224e-06
1.729343007891404e-06
2.469619176163417e-06
3.525126060369383e-06
5.025660554013751e-06
7.168906395475244e-06
1.020861342578011e-05
1.453808044482376e-05
2.075086866509166e-05
2.956131333390658e-05
4.198178255799095e-05
5.966255473542335e-05
8.441228682796255e-05
1.193230762797153e-04
1.683894273936278e-04
2.373819144569600e-04
3.337296526843485e-04
4.680440844416669e-04
6.552043568571486e-04
9.141310512937840e-04
1.272780716010981e-03
1.766277683776935e-03
2.443455105692940e-03
3.368873918708212e-03
4.627007684888360e-03
6.334148146189230e-03
8.639585659378965e-03
1.174391799643221e-02
1.589449324011052e-02
2.140073572558588e-02
2.868904263914096e-02
3.826087198534988e-02
5.072207743583400e-02
6.681704672945044e-02
8.745024478022718e-02
1.136708779931583e-01
1.466366578687649e-01
1.875316363631018e-01
2.376890846161372e-01
2.980401627427919e-01
3.691105250283854e-01
4.509930163293176e-01
5.418805893112730e-01
6.391505883361788e-01
7.372090092267370e-01
8.403498771183259e-01
9.999999969641523e-01
1.000000000000000e+00
1.000000000000000e+00
1.000000000000000e+00
1.000000000000000e+00
1.000000000000000e+00
1.000000000000000e+00
1.000000000000000e+00
1.000000000000000e+00
1.000000000000000e+00
1.000000000000000e+00
1.000000000000000e+00
###1.040000000000000e+01
-6.959455680374749e-11
-8.615803699552331e-10
3.284166247057200e-10
8.771131395337766e-10
2.284108556846594e-10
3.473903691802972e-10
4.932402189916567e-10
2.826484347280884e-10
2.544940750516515e-10
5.028046924010537e-10
3.843681997847103e-10
2.792920121887675e-10
2.676409334969616e-10
5.656013957603812e-10
6.465228040240638e-10
7.847603159866210e-10
8.970413504284389e-10
9.840303652318116e-10
1.200321503033373e-09
1.356688484951524e-09
1.651701591235736e-09
2.005264738800053e-09
2.538975664131391e-09
3.216299281698368e-09
4.151544993590571e-09
5.423609043541555e-09
7.163756801221868e-09
9.549057133722129e-09
1.290132323334610e-08
1.754049355085383e-08
2.398894701057020e-08
3.306528900955927e-08
4.565396563699905e-08
6.350176542496151e-08
8.871461904015631e-08
1.242681017494071e-07
1.747754606014076e-07
2.463333016220204e-07
3.486303408943652e-07
4.926439220204563e-07
7.002855044808431e-07
9.956745677024707e-07
1.416323741269535e-06
2.014300583110410e-06
2.874933987601134e-06
4.100025451606362e-06
5.840950052714413e-06
8.322852307814306e-06
1.183783906703551e-05
1.684556291422788e-05
2.398923449960712e-05
3.411313053593775e-05
4.834863444187397e-05
6.856849445334328e-05
9.681253255935621e-05
1.365304142655463e-04
1.922084914060142e-04
2.702957050146851e-04
3.790438790064925e-04
5.301983417532809e-04
7.401655680888510e-04
1.029819125384568e-03
1.429740019383577e-03
1.978335234633615e-03
2.728660135077329e-03
3.750770268250701e-03
5.135385718238561e-03
7.007164506520750e-03
9.522589550623860e-03
1.290406750913977e-02
1.740232195251013e-02
2.334241689932859e-02
3.117658360110313e-02
4.141622839557974e-02
5.468128764116997e-02
7.171966833444150e-02
9.345508054655347e-02
1.209055563129552e-01
1.551910993770322e-01
1.974454839783926e-01
2.488639778872017e-01
3.102501552027735e-01
3.819011057374643e-01
4.636922927312644e-01
5.536672673702223e-01
6.491882111151037e-01
7.449075664378663e-01
8.453176940176306e-01
9.999999969641523e-01
1.000000000000000e+00
1.000000000000000e+00
1.000000000000000e+00
1.000000000000000e+00
1.000000000000000e+00
1.000000000000000e+00
1.000000000000000e+00
1.000000000000000e+00
1.000000000000000e+00
1.000000000000000e+00
1.000000000000000e+00
###1.080000000000000e+01
-7.590941224921716e-11
-8.833973967111527e-10
3.810698923191757e-10
8.930123873841875e-10
2.458750182791020e-10
3.619266227140785e-10
4.965889097648684e-10
3.103129492767581e-10
2.893272638424633e-10
5.252700105115522e-10
4.079031068568941e-10
3.176661905645347e-10
3.119425011963287e-10
6.058000972674008e-10
6.948745570327316e-10
8.442166417880677e-10
9.619967424505965e-10
1.062212753362066e-09
1.299495307739578e-09
1.479844754431751e-09
1.814725204313079e-09
2.214040977754053e-09
2.806657335664284e-09
3.570800725481293e-09
4.624370906122460e-09
6.069463413091756e-09
8.052329655629106e-09
1.076627226093638e-08
1.459080058855024e-08
1.991270770933383e-08
2.731599915582535e-08
3.776351835160210e-08
5.231365624003418e-08
7.294347824438834e-08
1.021651089184386e-07
1.434366268820639e-07
2.021308783087359e-07
2.853265530704852e-07
4.043152166780730e-07
5.718256710001010e-07
8.134509071017648e-07
1.156844403957326e-06
1.645813920252223e-06
2.340286129004749e-06
3.337756114918420e-06
4.755614219192126e-06
6.768627605876732e-06
9.633614433568958e-06
1.368776818592862e-05
1.945175709956141e-05
2.764190625971455e-05
3.923685711981240e-05
5.549599468242808e-05
7.853491841260011e-05
1.106419522936684e-04
1.556879787298234e-04
2.186677719393401e-04
3.067456217182842e-04
4.291007770763745e-04
5.986671232528421e-04
8.335053235497935e-04
1.156509670423959e-03
1.601191068494757e-03
2.209361549223095e-03
3.037980081899655e-03
4.163822912921656e-03
5.683134255009988e-03
7.730017828739254e-03
1.046759964044602e-02
1.414154801827869e-02
1.900485265008837e-02
2.539922243387787e-02
3.379904561961154e-02
4.472794575208849e-02
5.881940361468481e-02
7.682310192474137e-02
9.967370541261011e-02
1.283604223692687e-01
1.639649071602917e-01
2.075536149047221e-01
2.602106889389736e-01
3.225820812667313e-01
3.947605052162073e-01
4.764452377200117e-01
5.654935268323871e-01
6.592885890312400e-01
7.527057095552048e-01
8.503684854178540e-01
9.999999969641523e-01
1.000000000000000e+00
1.000000000000000e+00
1.000000000000000e+00
1.000000000000000e+00
1.000000000000000e+00
1.000000000000000e+00
1.000000000000000e+00
1.000000000000000e+00
1.000000000000000e+00
1.000000000000000e+00
1.000000000000000e+00
###1.120000000000000e+01
-5.616285558463570e-11
-8.671732055554503e-10
3.857783491627501e-10
8.943163455576851e-10
2.807775718969123e-10
3.507397251179754e-10
5.166333027544950e-10
3.374266683248504e-10
3.128159717810070e-10
5.593374804108346e-10
4.532217963668135e-10
3.611255158411092e-10
3.622017346324264e-10
6.439440919673528e-10
7.458680424549853e-10
9.027580695550883e-10
1.033062299628566e-09
1.153150160530204e-09
1.408520238433781e-09
1.620933623463613e-09
1.993587859589183e-09
2.442762785118204e-09
3.102643407987433e-09
3.965912352305355e-09
5.156054167405347e-09
6.798631328901371e-09
9.058774162111245e-09
1.215671222929533e-08
1.652666204060630e-08
2.262891307035198e-08
3.113546201438756e-08
4.316676730962070e-08
5.997953191439159e-08
8.381316338661979e-08
1.176604423512349e-07
1.655015817644678e-07
2.335977141508479e-07
3.302115465224875e-07
4.682731733588597e-07
6.627645336978696e-07
9.430110088361934e-07
1.341269785779295e-06
1.908050646034792e-06
2.712208733224450e-06
3.864847718788287e-06
5.500987999870992e-06
7.822390978846254e-06
1.111805734163801e-05
1.577306479333720e-05
2.239044522791818e-05
3.174973017859110e-05
4.498577016924575e-05
6.349279770179035e-05
8.966964273863557e-05
1.260483107876548e-04
1.769762208349734e-04
2.479899514202859e-04
3.470313534349411e-04
4.842607693906095e-04
6.738919299876551e-04
9.357963383793984e-04
1.294975902225444e-03
1.787977998116702e-03
2.461283996065638e-03
3.373223504120742e-03
4.609558826198806e-03
6.272627166965386e-03
8.505484773031247e-03
1.147835044232705e-02
1.545961266334063e-02
2.070586715268925e-02
2.757396673855363e-02
3.656103036696593e-02
4.820123576142159e-02
6.314164595789629e-02
8.212892836355974e-02
1.061085859532981e-01
1.360398536243526e-01
1.729562951544741e-01
2.178624408232679e-01
2.717224405615679e-01
3.350360861609069e-01
4.076997948007134e-01
4.892432229363238e-01
5.773660217684302e-01
6.694626600784781e-01
7.606036555264473e-01
8.555002993849968e-01
9.999999969641523e-01
1.000000000000000e+00
1.000000000000000e+00
1.000000000000000e+00
1.000000000000000e+00
1.000000000000000e+00
1.000000000000000e+00
1.000000000000000e+00
1.000000000000000e+00
1.000000000000000e+00
1.000000000000000e+00
1.000000000000000e+00
###1.160000000000000e+01
-4.551345105040531e-11
-8.810490743930308e-10
5.000135713723072e-10
1.456440322742695e-10
2.986366823645525e-10
3.643554333201514e-10
5.324917486610518e-10
3.439018329050835e-10
3.448041309349387e-10
5.825831335217684e-10
4.885916795092534e-10
4.329578156854654e-10
4.136822592999352e-10
6.917372784182945e-10
8.016619942531301e-10
9.638001423012065e-10
1.109229597630275e-09
1.250506096211250e-09
1.525330191697699e-09
1.827129431212439e-09
2.188581555582981e-09
2.696392763199039e-09
3.434168507161680e-09
4.411167239905757e-09
5.755842533306685e-09
7.620380106174037e-09
1.019919895593952e-08
1.373946525220084e-08
1.874125768988065e-08
2.574096783492588e-08
3.552519141275219e-08
4.938429165955503e-08
6.881094804872466e-08
9.633685833403230e-08
1.354896921237769e-07
1.908879995586268e-07
2.698129636215364e-07
3.817120793106898e-07
5.417006084735356e-07
7.669547301982320e-07
1.091400810798760e-06
1.552261597247118e-06
2.207216270206788e-06
3.135176383033082e-06
4.464113515866217e-06
6.346376422971985e-06
9.014683698303085e-06
1.279419091932371e-05
1.812249296673376e-05
2.569509934023580e-05
3.635651490518196e-05
5.141855194441297e-05
7.242709147165874e-05
1.020668888308800e-04
1.431728401170885e-04
2.005705060000155e-04
2.803903343214688e-04
3.914332461158379e-04
5.449063632813486e-04
7.563934259557562e-04
1.047643997449269e-03
1.445945079522486e-03
1.991153737122141e-03
2.734416506291766e-03
3.735659527292870e-03
5.090144793359360e-03
6.906393914564102e-03
9.336103905797135e-03
1.255784204960492e-02
1.686194128790114e-02
2.250844347885446e-02
2.987100061619638e-02
3.946656984195444e-02
5.184201931906379e-02
6.765150655547227e-02
8.764388811073100e-02
1.127650193665135e-01
1.439467995560336e-01
1.821711815317499e-01
2.283752468040639e-01
2.833986692990719e-01
3.476091253154995e-01
4.207185160911627e-01
5.020694228537742e-01
5.892632991467522e-01
6.796911132843302e-01
7.685788788947400e-01
8.606556447503636e-01
9.999999969641523e-01
1.000000000000000e+00
1.000000000000000e+00
1.000000000000000e+00
1.000000000000000e+00
1.000000000000000e+00
1.000000000000000e+00
1.000000000000000e+00
1.000000000000000e+00
1.000000000000000e+00
1.000000000000000e+00
1.000000000000000e+00
###1.200000000000001e+01
-6.235551582560668e-11
-8.910131928623450e-10
4.947409098995136e-10
2.530833577081492e-10
4.617626004511078e-10
4.233578094539407e-10
5.464951188549845e-10
3.330079707863339e-10
3.729131008789360e-10
6.048873008975281e-10
4.410430529335079e-10
4.728836100543570e-10
4.652014694721807e-10
7.353785399266758e-10
8.539035171834829e-10
1.027171184417091e-09
1.187451153117513e-09
1.352647640414026e-09
1.650999891788956e-09
1.988537972103117e-09
2.400024940266382e-09
2.974504848707874e-09
3.804118151579253e-09
4.909476892524250e-09
6.429519291768731e-09
8.551798801149119e-09
1.148979967879910e-08
1.554307212313903e-08
2.127113373530456e-08
2.930109460609269e-08
4.054933322746660e-08
5.651409433423898e-08
7.892957627202815e-08
1.106999948673185e-07
1.559634447933212e-07
2.200232822636878e-07
3.113168722105864e-07
4.407620959666134e-07
6.256760563164216e-07
8.860778807577219e-07
1.260791409652136e-06
1.792386326951396e-06
2.547301023367979e-06
3.615755793979716e-06
5.143202973554151e-06
7.303207328479411e-06
1.035988905958645e-05
1.468282134580171e-05
2.076372242935112e-05
2.939768749398449e-05
4.150880164728592e-05
5.859008962014985e-05
8.237638136369530e-05
1.158513213794370e-04
1.621559803480752e-04
2.266609938695442e-04
3.161277405192876e-04
4.402936915883524e-04
6.114409314246641e-04
8.467389396272108e-04
1.169754196250641e-03
1.610357053783384e-03
2.211723524540003e-03
3.029819980661074e-03
4.126807434975207e-03
5.607306148367483e-03
7.586143369874082e-03
1.022426248273223e-02
1.370889188529153e-02
1.835121126258905e-02
2.441607626917577e-02
3.229361834861799e-02
4.251944303771763e-02
5.565279944375665e-02
7.235391152536748e-02
9.336774653998273e-02
1.196320243372331e-01
1.520760509046282e-01
1.916101634579044e-01
2.390929414656350e-01
2.952527774244922e-01
3.603078529619498e-01
4.338113225491447e-01
5.149396046868721e-01
6.011859761872077e-01
6.899316362265431e-01
7.765855128899065e-01
8.658965868514727e-01
9.999999969641523e-01
1.000000000000000e+00
1.000000000000000e+00
1.000000000000000e+00
1.000000000000000e+00
1.000000000000000e+00
1.000000000000000e+00
1.000000000000000e+00
1.000000000000000e+00
1.000000000000000e+00
1.000000000000000e+00
1.000000000000000e+00
###1.240000000000001e+01
-6.749462519204270e-11
-9.125896641483420e-10
5.038936705403053e-10
2.595586999857867e-10
4.678418212309940e-10
4.343740847642148e-10
5.563235517398922e-10
3.608018671262975e-10
4.113342194076416e-10
6.287824346595386e-10
4.729912895836980e-10
5.094748286951240e-10
5.121612708671026e-10
7.804730135037178e-10
9.079896938970479e-10
1.092388131258225e-09
1.271392170431449e-09
1.461710583215406e-09
1.786148133793683e-09
2.163177083069826e-09
2.632961007680516e-09
3.283293301265030e-09
4.217414260558680e-09
5.469469438813181e-09
7.194558574375611e-09
9.609247499835976e-09
1.296093374898906e-08
1.760315951882724e-08
2.415956535843327e-08
3.337528820550333e-08
4.631365888749467e-08
6.468578503752260e-08
9.054364635319019e-08
1.271670179841193e-07
1.794279143664243e-07
2.534001302128821e-07
3.587581797043208e-07
5.082408040569210e-07
7.215852902779021e-07
1.021779007674238e-06
1.453491521108333e-06
2.065359818263361e-06
2.933160469165430e-06
4.160058893583890e-06
5.910816026999976e-06
8.382424578577430e-06
1.187467231826304e-05
1.680471277480811e-05
2.372557666754985e-05
3.353635571387827e-05
4.726243211498529e-05
6.658076499954897e-05
9.343145633223766e-05
1.311322714761806e-04
1.831484931463162e-04
2.554634143977669e-04
3.554770306855466e-04
4.939909282481144e-04
6.843744759314084e-04
9.454120166993304e-04
1.302871851575576e-03
1.789135069891405e-03
2.450806759117203e-03
3.349133344830789e-03
4.548532018676304e-03
6.163083862566331e-03
8.314378227536848e-03
1.117264015876062e-02
1.493424210313828e-02
1.993119203696750e-02
2.643424759170357e-02
3.484637217450767e-02
4.572462442649475e-02
5.963652044139010e-02
7.725202823346615e-02
9.930649548042662e-02
1.267273281879941e-01
1.604423214753434e-01
2.012699668774029e-01
2.500109232047136e-01
3.072661009802734e-01
3.731269077346925e-01
4.469830812913417e-01
5.278424941828743e-01
6.131215297634590e-01
7.001947354917096e-01
7.846270981127650e-01
8.711120361887473e-01
9.999999969641523e-01
1.000000000000000e+00
1.000000000000000e+00
1.000000000000000e+00
1.000000000000000e+00
1.000000000000000e+00
1.000000000000000e+00
1.000000000000000e+00
1.000000000000000e+00
1.000000000000000e+00
1.000000000000000e+00
1.000000000000000e+00
###1.280000000000001e+01
-5.991530671581684e-11
-8.641884106718386e-10
5.043369451093704e-10
2.656288003489966e-10
4.751453017337895e-10
4.457836499030109e-10
5.646607131171171e-10
3.843346475492243e-10
4.323732793053189e-10
6.486995953132856e-10
5.087846386564926e-10
5.518837500183296e-10
5.549223453159128e-10
8.273490459941337e-10
9.702099149028735e-10
1.163926146941118e-09
1.362032092819448e-09
1.582146407054910e-09
1.935591896329941e-09
2.357077826175329e-09
2.891038752320295e-09
3.629998680465755e-09
4.682583718337901e-09
6.103292608846336e-09
8.058802782768487e-09
1.081028528274406e-08
1.463258661333159e-08
1.994942904361739e-08
2.746078524213860e-08
3.804228482988389e-08
5.290517525922010e-08
7.405304855740301e-08
1.038315264628128e-07
1.460373108240173e-07
2.062541275510414e-07
2.915181924878976e-07
4.129141057996508e-07
5.852182015914928e-07
8.308547465470589e-07
1.176158798161816e-06
1.672572721222939e-06
2.374733040187202e-06
3.370143368701908e-06
4.775201242965977e-06
6.776766181357168e-06
9.597672804795900e-06
1.357729047701975e-05
1.918559966190376e-05
2.704045334340983e-05
3.815683001860433e-05
5.367727280200027e-05
7.546872246616204e-05
1.056954398690338e-04
1.480416540356563e-04
2.063354246677903e-04
2.871794767971157e-04
3.987247631795081e-04
5.528008776536365e-04
7.641180110535262e-04
1.053047142942811e-03
1.447695417682572e-03
1.983097772313391e-03
2.709579741247839e-03
3.693655384572938e-03
5.002292267750257e-03
6.759547230263001e-03
9.093368188631214e-03
1.218456618437182e-02
1.623737509631664e-02
2.160605801472276e-02
2.856607078426081e-02
3.753371289696915e-02
4.908685058176379e-02
6.380146750057296e-02
8.234988170390357e-02
1.054643394755693e-01
1.340529514465770e-01
1.690408160300393e-01
2.111641641261971e-01
2.611311031078973e-01
3.194497977867828e-01
3.860693881360910e-01
4.602274807061819e-01
5.407732343828026e-01
6.250537960135947e-01
7.104502989246028e-01
7.926445603521005e-01
8.763500622968156e-01
9.999999969641523e-01
1.000000000000000e+00
1.000000000000000e+00
1.000000000000000e+00
1.000000000000000e+00
1.000000000000000e+00
1.000000000000000e+00
1.000000000000000e+00
1.000000000000000e+00
1.000000000000000e+00
1.000000000000000e+00
1.000000000000000e+00
###1.320000000000001e+01
-5.249873241268344e-11
-8.560672764236761e-10
4.719665812444993e-10
2.691518933549479e-10
4.791786988018177e-10
4.565761866967439e-10
5.816009392938887e-10
4.036105806496316e-10
4.581403275930243e-10
6.709726829549560e-10
5.429356428746511e-10
5.935663294353291e-10
6.100191490262831e-10
8.851160326809861e-10
1.034004232700561e-09
1.242053793294132e-09
1.457724064698452e-09
1.710140027876215e-09
2.099491583979399e-09
2.571234315972140e-09
3.178540040901503e-09
4.016581940865801e-09
5.203579236712146e-09
6.816529451685991e-09
9.039543004306567e-09
1.217585390863697e-08
1.654195052078650e-08
2.263211598442383e-08
3.123668402270420e-08
4.338153047691295e-08
6.045218760986664e-08
8.477158822295851e-08
1.190616728669817e-07
1.676163147977881e-07
2.369616371434936e-07
3.350862690754660e-07
4.747060123729706e-07
6.729087565101637e-07
9.550910783462844e-07
1.351516695752689e-06
1.920797469613349e-06
2.724986566320341e-06
3.863674763283576e-06
5.469445029749753e-06
7.750895776345415e-06
1.096292283821594e-05
1.548537359294926e-05
2.184755940284838e-05
3.074236094837935e-05
4.330538191877701e-05
6.080822076988851e-05
8.532453383238167e-05
1.192717023928238e-04
1.667117398845443e-04
2.318937259317903e-04
3.220398770181785e-04
4.461477588947357e-04
6.171613586201816e-04
8.511781166530092e-04
1.170280692913069e-03
1.604975683487647e-03
2.193184322609953e-03
2.989209239806897e-03
4.064865215612671e-03
5.490079167584068e-03
7.398722198931672e-03
9.925690546914520e-03
1.326268618066602e-02
1.762182531830783e-02
2.337937694873891e-02
3.081532355327151e-02
4.036093675937127e-02
5.261149023537671e-02
6.815024491992451e-02
8.765140918260568e-02
1.118406961394404e-01
1.416130394993328e-01
1.778735777932990e-01
2.212805475092737e-01
2.724496962123264e-01
3.318008919466497e-01
3.991390047255430e-01
4.735344618995196e-01
5.537225322595022e-01
6.369830605554466e-01
7.207011976174754e-01
8.006676553775739e-01
8.815608487316547e-01
9.999999969641523e-01
1.000000000000000e+00
1.000000000000000e+00
1.000000000000000e+00
1.000000000000000e+00
1.000000000000000e+00
1.000000000000000e+00
1.000000000000000e+00
1.000000000000000e+00
1.000000000000000e+00
1.000000000000000e+00
1.000000000000000e+00
###1.360000000000001e+01
-4.340415210329634e-11
-8.396971170544485e-10
4.765458665405572e-10
2.809240302347449e-10
4.809747962757128e-10
4.666198388290403e-10
5.989748228169518e-10
4.271641527732657e-10
4.979540616547221e-10
6.940795582292684e-10
5.835768786014877e-10
6.359148931885807e-10
6.660537189998907e-10
9.399173145944765e-10
1.103897428356704e-09
1.326275665869963e-09
1.566295956997535e-09
1.852042129584107e-09
2.281157894112446e-09
2.809480220390643e-09
3.497796132226351e-09
4.449185826793694e-09
5.787683631258231e-09
7.623960280768863e-09
1.015563792133434e-08
1.373062670402901e-08
1.871754349648845e-08
2.569181127914194e-08
3.552452714289318e-08
4.947830903313334e-08
6.908199037349624e-08
9.700870162538943e-08
1.364223580280734e-07
1.922792450448644e-07
2.719266767699540e-07
3.846747133170918e-07
5.449801213648975e-07
7.724377584995199e-07
1.096056745166221e-06
1.550136463440114e-06
2.201669915469894e-06
3.120509686878713e-06
4.419678338104502e-06
6.250855117107376e-06
8.845383650096271e-06
1.249266854833705e-05
1.761842408044090e-05
2.481875768017412e-05
3.486962651681491e-05
4.902702929161458e-05
6.871763413126401e-05
9.624062450581935e-05
1.342676661884656e-04
1.873024128266381e-04
2.600140061246887e-04
3.602886930405661e-04
4.980756319328944e-04
6.874778359553026e-04
9.460418050219214e-04
1.297707865728163e-03
1.775629420886536e-03
2.420418900295024e-03
3.290807113049919e-03
4.464334700936582e-03
6.013612431670482e-03
8.083134522886889e-03
1.081450970262385e-02
1.440985481765860e-02
1.909082278696042e-02
2.525474238099532e-02
3.318656382467774e-02
4.333276505873477e-02
5.630217006361484e-02
7.268868670390026e-02
9.316242516474096e-02
1.184449133173070e-01
1.494079416272160e-01
1.869402557802700e-01
2.316240895936284e-01
2.839705704057605e-01
3.443185330283720e-01
4.123132793326382e-01
4.868980293770046e-01
5.666829786326338e-01
6.488873621636342e-01
7.309058199112440e-01
8.086584411479203e-01
8.867501509013950e-01
9.999999969641523e-01
1.000000000000000e+00
1.000000000000000e+00
1.000000000000000e+00
1.000000000000000e+00
1.000000000000000e+00
1.000000000000000e+00
1.000000000000000e+00
1.000000000000000e+00
1.000000000000000e+00
1.000000000000000e+00
1.000000000000000e+00
###1.400000000000001e+01
-6.481602284349979e-11
-8.326996450599494e-10
4.853566464421158e-10
2.716693108727796e-10
4.975271083818370e-10
4.951300850823562e-10
5.927713559552716e-10
4.515074401960742e-10
5.256134491668006e-10
7.177521461738809e-10
6.163164476989491e-10
6.829056464704593e-10
7.260948990589077e-10
9.993064060618765e-10
1.178201030943572e-09
1.417041835142854e-09
1.682784962129248e-09
2.007550045916626e-09
2.481974631202746e-09
3.075843528601649e-09
3.856861924880712e-09
4.934759457504055e-09
6.452539392820006e-09
8.529936457223869e-09
1.142073950000292e-08
1.549467155167136e-08
2.119047409499428e-08
2.917977142113030e-08
4.043909988159178e-08
5.643759619353080e-08
7.891568505552881e-08
1.109670358250561e-07
1.562224855309065e-07
2.203368829912618e-07
3.117108440259818e-07
4.410662432871147e-07
6.247840819965295e-07
8.854445431564705e-07
1.255777689454815e-06
1.774794748098923e-06
2.518576846350706e-06
3.566140625753761e-06
5.045892976171418e-06
7.128912441824305e-06
1.007102306003655e-05
1.420383224623638e-05
2.000227251365040e-05
2.812975555307270e-05
3.945835729454748e-05
5.537752049950868e-05
7.747424455453344e-05
1.083054064081336e-04
1.507999583928083e-04
2.099663298906509e-04
2.908784138393100e-04
4.021882564450998e-04
5.548319417530476e-04
7.641460928620394e-04
1.049248875738856e-03
1.436088933325000e-03
1.960357498230283e-03
2.665983179391613e-03
3.616000630412999e-03
4.893573272955975e-03
6.574807967531378e-03
8.814488833177366e-03
1.176213288283424e-02
1.562937445702970e-02
2.064791850536111e-02
2.723618954387771e-02
3.568421313742646e-02
4.645158656779559e-02
6.016344525239314e-02
7.741899090892863e-02
9.888676143520192e-02
1.252780794041920e-01
1.574418200710110e-01
1.962464672868919e-01
2.421926761812609e-01
2.956889339410457e-01
3.569848166200981e-01
4.255927096950432e-01
5.003135722208836e-01
5.796471133793242e-01
6.607557591415661e-01
7.410719177904379e-01
8.166003114702830e-01
8.918801832386982e-01
9.999999969641523e-01
1.000000000000000e+00
1.000000000000000e+00
1.000000000000000e+00
1.000000000000000e+00
1.000000000000000e+00
1.000000000000000e+00
1.000000000000000e+00
1.000000000000000e+00
1.000000000000000e+00
1.000000000000000e+00
1.000000000000000e+00
###1.440000000000001e+01
-5.616126343893060e-11
-7.258808968700210e-10
4.905412235736570e-10
2.784960867544488e-10
5.007957641975978e-10
5.053648514864122e-10
6.095733986988046e-10
4.715349772801430e-10
5.534059287758550e-10
7.416041753286500e-10
6.569379461015254e-10
7.309263842055322e-10
7.895243607928850e-10
1.061306655871578e-09
1.259889298452559e-09
1.516416221642337e-09
1.813109994158373e-09
2.178942407914061e-09
2.706998030055777e-09
3.371172817181393e-09
4.258225409657457e-09
5.481559210509735e-09
7.202164449139147e-09
9.559354350942507e-09
1.285109795341426e-08
1.750034156396140e-08
2.401153522093223e-08
3.314886221733164e-08
4.604253375024591e-08
6.436656418202704e-08
9.012723266703706e-08
1.268811949946986e-07
1.787300559272317e-07
2.522417526321656e-07
3.568890185950418e-07
5.050129308115240e-07
7.152499693243699e-07
1.013087180869224e-06
1.436092451783613e-06
2.027965907672864e-06
2.875207970942237e-06
4.067292457476145e-06
5.748060428797986e-06
8.111928309276103e-06
1.144211603269927e-05
1.611546536220104e-05
2.265839834124593e-05
3.181443005464241e-05
4.455542550550683e-05
6.241469207020900e-05
8.715619595367859e-05
1.216166345294630e-04
1.690145599426341e-04
2.348637012668303e-04
3.247111343975339e-04
4.480555894508571e-04
6.168059784451226e-04
8.476720093951297e-04
1.161397526996492e-03
1.586020417743448e-03
2.160078984353938e-03
2.930777867536459e-03
3.965852137118595e-03
5.354220540510807e-03
7.175527662726830e-03
9.595478907961251e-03
1.277078046236561e-02
1.692375765852768e-02
2.229689089306686e-02
2.932748654354230e-02
3.831313613621493e-02
4.972330573000885e-02
6.419860811269297e-02
8.234438551280332e-02
1.048264085166867e-01
1.323421238948160e-01
1.657158416456630e-01
2.057886624401203e-01
2.529781979596988e-01
3.076041267638261e-01
3.698095222212690e-01
4.389779003709146e-01
5.137734592851652e-01
5.926085597969946e-01
6.725697062655748e-01
7.511625484295149e-01
8.244752944457099e-01
8.969608621626469e-01
9.999999969641523e-01
1.000000000000000e+00
1.000000000000000e+00
1.000000000000000e+00
1.000000000000000e+00
1.000000000000000e+00
1.000000000000000e+00
1.000000000000000e+00
1.000000000000000e+00
1.000000000000000e+00
1.000000000000000e+00
1.000000000000000e+00
###1.480000000000001e+01
-3.674040410505985e-11
-7.186324682516999e-10
4.912714309778577e-10
2.850558224718887e-10
5.093567363290215e-10
5.072364669062406e-10
6.176306563010186e-10
4.980459262421510e-10
5.791360315141798e-10
7.693004618002128e-10
6.989257848402874e-10
7.849192192626638e-10
8.546982136775702e-10
1.130031950415679e-09
1.344790812973059e-09
1.626659362586941e-09
1.955916297062840e-09
2.368288984052867e-09
2.953798895116503e-09
3.702187924222564e-09
4.709534011412530e-09
6.096535459295852e-09
8.045943068437893e-09
1.072416306614415e-08
1.447888739850917e-08
1.978076186304443e-08
2.721941074843224e-08
3.765752715539201e-08
5.242657194652388e-08
7.339971843285835e-08
1.028966690526879e-07
1.449701535226382e-07
2.043171334089420e-07
2.884851546353809e-07
4.081003775041757e-07
5.774747826119490e-07
8.174587475048588e-07
1.158204185734144e-06
1.639570328200954e-06
2.313072718270979e-06
3.276519923274862e-06
4.629539564342865e-06
6.534942505037496e-06
9.210391424624690e-06
1.297304311242110e-05
1.824412641753536e-05
2.561180857475811e-05
3.590213224785153e-05
5.019704097321703e-05
7.019465649997973e-05
9.784122572109819e-05
1.362560265251379e-04
1.890293537586584e-04
2.621597112375173e-04
3.617308777087585e-04
4.981256696767031e-04
6.843283747495180e-04
9.384602659041637e-04
1.283040711445087e-03
1.748276193910903e-03
2.375811477690961e-03
3.216155565417801e-03
4.341828739881136e-03
5.848345731290483e-03
7.818107619424803e-03
1.042828556660334e-02
1.384334125498532e-02
1.829752915221880e-02
2.404134627087697e-02
3.153346979756134e-02
4.107615664954124e-02
5.315086461735451e-02
6.841333653054710e-02
8.747242468886136e-02
1.109874524291472e-01
1.396383256863032e-01
1.742303151814719e-01
2.155743590671687e-01
2.639895113113993e-01
3.197045487734825e-01
3.827873628422051e-01
4.524607970914576e-01
5.272752200510983e-01
6.055642043785578e-01
6.843337455895335e-01
7.611862939650719e-01
8.322712536451238e-01
9.019898242917854e-01
9.999999969641523e-01
1.000000000000000e+00
1.000000000000000e+00
1.000000000000000e+00
1.000000000000000e+00
1.000000000000000e+00
1.000000000000000e+00
1.000000000000000e+00
1.000000000000000e+00
1.000000000000000e+00
1.000000000000000e+00
1.000000000000000e+00
###1.520000000000001e+01
-3.763231551342572e-11
-7.105540080805622e-10
5.047764528871825e-10
3.164460446812292e-10
5.169826192344046e-10
5.115004992149031e-10
7.236144305196291e-10
5.162654324775813e-10
6.050074911365404e-10
8.004945003698326e-10
7.431023817243971e-10
8.359574391944668e-10
9.195260977410404e-10
1.206726045389333e-09
1.440841263280218e-09
1.747362424746800e-09
2.110069380323819e-09
2.577388061216062e-09
3.229735874670519e-09
4.074522690749105e-09
5.214437510987381e-09
6.787803948189861e-09
9.000468265922587e-09
1.204514163001881e-08
1.632683560844389e-08
2.236760913167976e-08
3.086244418565360e-08
4.279168507121623e-08
5.968270738529871e-08
8.366409473427682e-08
1.174117022094755e-07
1.654976114228070e-07
2.333722707341158e-07
3.295621104892699e-07
4.661481393779745e-07
6.593551451741175e-07
9.328615762303955e-07
1.320795110767441e-06
1.868403100676071e-06
2.633441437258326e-06
3.726665625955545e-06
5.259136034846345e-06
7.414870683354004e-06
1.043712328207825e-05
1.467942476853785e-05
2.061104095899985e-05
2.888966432846500e-05
4.043313889190795e-05
5.643616914508031e-05
7.878548391523128e-05
1.096191138130637e-04
1.523555705700889e-04
2.109919295478873e-04
2.920545005150651e-04
4.022174180845505e-04
5.527441564831918e-04
7.577979181050093e-04
1.037093541014758e-03
1.414850285530038e-03
1.923736109245002e-03
2.608417414260353e-03
3.523249884815440e-03
4.745539923045912e-03
6.377264861394248e-03
8.504162046574512e-03
1.131586825606615e-02
1.498342856004962e-02
1.975283766711068e-02
2.588432602622913e-02
3.385752884405865e-02
4.397886375498673e-02
5.674032967685075e-02
7.281352669479811e-02
9.280542488083264e-02
1.173739812327137e-01
1.471739979879240e-01
1.829888448805931e-01
2.255930991133699e-01
2.752128842485513e-01
3.319992618854892e-01
3.958954694816919e-01
4.660279724287148e-01
5.408047218371537e-01
6.184896312347216e-01
6.960328551867733e-01
7.711044159879922e-01
8.399719315030925e-01
9.069308069117095e-01
9.999999969641523e-01
1.000000000000000e+00
1.000000000000000e+00
1.000000000000000e+00
1.000000000000000e+00
1.000000000000000e+00
1.000000000000000e+00
1.000000000000000e+00
1.000000000000000e+00
1.000000000000000e+00
1.000000000000000e+00
1.000000000000000e+00
###1.560000000000001e+01
-2.838387306002355e-11
-7.032766690414419e-10
5.152721478936903e-10
3.292735869021777e-10
5.232973190004186e-10
5.211601976181038e-10
7.423557638723006e-10
5.397692060044425e-10
6.385689812397177e-10
8.356330043048757e-10
7.890479129862573e-10
8.943604884040106e-10
9.921789664390490e-10
1.289352197812337e-09
1.542878410411430e-09
1.880259865691835e-09
2.285093610986606e-09
2.809575440432143e-09
3.537616096689817e-09
4.489382325379207e-09
5.784473185137824e-09
7.569421092196855e-09
1.007992759232468e-08
1.354394933872597e-08
1.842448594810803e-08
2.530673730185831e-08
3.500047212551106e-08
4.862703240550471e-08
6.791997969344857e-08
9.531813528300064e-08
1.338725461735633e-07
1.887823931300009e-07
2.662539237055774e-07
3.760350897561357e-07
5.317064731053523e-07
7.518289076092331e-07
1.062954189906530e-06
1.503724560525439e-06
2.125680949795665e-06
2.992837095948644e-06
4.230877562293960e-06
5.963449005760748e-06
8.397097896420948e-06
1.180470274937951e-05
1.657724967062695e-05
2.323980432329146e-05
3.252195416863938e-05
4.544375448053216e-05
6.332901274111975e-05
8.824735449611662e-05
1.225683221521078e-04
1.700225384103197e-04
2.350581015590302e-04
3.247511442055868e-04
4.463771367377628e-04
6.122137606641597e-04
8.376824066645886e-04
1.144052085589736e-03
1.557565919927015e-03
2.113207524647048e-03
2.859140750031354e-03
3.853357803517987e-03
5.178578960639027e-03
6.943163858185900e-03
9.236717549352205e-03
1.226076990184620e-02
1.619329666102431e-02
2.129334822272076e-02
2.782974504244504e-02
3.630407860449871e-02
4.702560577094515e-02
6.049576522091323e-02
7.740114170652104e-02
9.834998460731685e-02
1.239870257132810e-01
1.549505267159705e-01
1.919935818810417e-01
2.358502827464557e-01
2.866581470954903e-01
3.444793902779371e-01
4.091446087321193e-01
4.796672432992747e-01
5.543536364195151e-01
6.313710176651124e-01
7.076475343198009e-01
7.809037714794327e-01
8.475590967184166e-01
9.117680774403545e-01
9.999999969641523e-01
1.000000000000000e+00
1.000000000000000e+00
1.000000000000000e+00
1.000000000000000e+00
1.000000000000000e+00
1.000000000000000e+00
1.000000000000000e+00
1.000000000000000e+00
1.000000000000000e+00
1.000000000000000e+00
1.000000000000000e+00
