# NLO BK equation solver 0.0-dev build  (build Oct 13 2025 12:18:44)
# Initial condition: MV model, Q_s0^2 = 0.0908233 GeV^2, \gamma = 2.25809, coefficient of E inside Log is 1, x0=0.01, \Lambda_QCD = 0.241 GeV
# # LO Kernel RC:  Parent dipole. NLO Kernel RC:  Parent dipole
# Nc=3, Nf=4
# Using RungeKutta method in K1
# Resumming double log
# Resumming single log, K_sub=0.65 resum rc: parent
# BK K1 integration relative accuracy: 0.02# NLO BK as^2 terms: MC integration method: Vegas, points=1000000
# Kinematical constraint: none
# Target kinematical constraint: disabled

###1.000000000000000e-05
###1.160836920850890e+00
###100
###1.000000000000000e+00
###0.000000000000000e+00
3.769971157462573e-25
7.308369671059906e-25
1.416589132672214e-24
2.745407547277468e-24
5.319953140278901e-24
1.030731033122182e-23
1.996723356346182e-23
3.867442157607704e-23
7.489648904264046e-23
1.450203845598960e-22
2.807532518057001e-22
5.434339997963029e-22
1.051703043445086e-21
2.034987444080006e-21
3.936864794370314e-21
7.614777625175666e-21
1.472582431626702e-20
2.847182316922964e-20
5.503788293667952e-20
1.063693097842493e-19
2.055305696550389e-19
3.970444589267021e-19
7.668342810563451e-19
1.480677475293579e-18
2.858332523080978e-18
5.516390136051997e-18
1.064347850229910e-17
2.053028008878778e-17
3.958994844617165e-17
7.632198979797018e-17
1.470905691929595e-16
2.833908764329087e-16
5.458182594919934e-16
1.050912224067471e-15
2.022720084569169e-15
3.891800687101747e-15
7.485228598021725e-15
1.439107145168442e-14
2.765720962605468e-14
5.313051316059183e-14
1.020217957763832e-13
1.958157986305480e-13
3.756647216091449e-13
7.203485840403010e-13
1.380593620699853e-12
2.644604146352344e-12
5.063111197969917e-12
9.687820208085348e-12
1.852575109433653e-11
3.540426315163872e-11
6.761664264921841e-11
1.290499331853789e-10
2.461248456012980e-10
4.690655432235100e-10
8.932613170494531e-10
1.699717099977470e-09
3.231572207270890e-09
6.138695498195928e-09
1.165062764415903e-08
2.209122906284904e-08
4.184799864121451e-08
7.919571154128784e-08
1.497235457532586e-07
2.827686477599106e-07
5.334809779097690e-07
1.005426410039349e-06
1.892895382561287e-06
3.560035678780018e-06
6.688768215016569e-06
1.255507311315185e-05
2.354535137660818e-05
4.412041489620933e-05
8.261698818678997e-05
1.546148439385275e-04
2.892348728014138e-04
5.409282044721575e-04
1.011558028281567e-03
1.891765673783907e-03
3.538374400764877e-03
6.618676858656580e-03
1.237693675235041e-02
2.311682628523293e-02
4.303796579931973e-02
7.955281755830534e-02
1.448857561080540e-01
2.563459163245215e-01
4.297842494213231e-01
6.562827705377854e-01
8.693387372362089e-01
9.795056326570983e-01
9.994148235042336e-01
9.999993743202503e-01
9.999999999988266e-01
1.000000000000000e+00
1.000000000000000e+00
1.000000000000000e+00
1.000000000000000e+00
1.000000000000000e+00
1.000000000000000e+00
1.000000000000000e+00
###4.000000000000000e-01
-2.224285596288934e-12
-1.346621202970804e-13
1.639872915506745e-11
5.130298510684416e-11
-1.121556591609062e-12
1.233980914676928e-12
-3.327924204407800e-12
5.376070705906860e-12
3.811059064876539e-12
8.330720616989548e-12
-5.924088773631444e-12
8.537459235670643e-12
1.489885194196354e-11
1.022911770610845e-11
6.534350734512187e-14
-3.785250118078190e-12
4.925343601825616e-12
1.772036516416871e-12
5.396837925285897e-12
7.546788724648574e-12
9.657165668247135e-12
7.583811452880740e-12
1.475269188178512e-11
2.174588901378338e-11
2.841991171448584e-11
3.321477547161653e-11
4.585022447915469e-11
6.010442286721125e-11
7.966403039158125e-11
1.108989524656242e-10
1.493540085152662e-10
1.943108594647728e-10
2.611383049650423e-10
3.491175356870491e-10
4.656214512787375e-10
6.097806490072480e-10
8.069026502962664e-10
1.066536627899802e-09
1.391607939065384e-09
1.820435397645756e-09
2.394655658551970e-09
3.089776740506492e-09
4.045311115488749e-09
5.281978275734497e-09
6.824888547393929e-09
8.920783169882734e-09
1.155677943638826e-08
1.516857459975164e-08
1.979670710472758e-08
2.621884147371922e-08
3.464148047217217e-08
4.646928376181476e-08
6.330813583603964e-08
8.677777163843223e-08
1.222994087288132e-07
1.754906577299648e-07
2.548896812223902e-07
3.766423068943171e-07
5.627574899508446e-07
8.543751829895235e-07
1.305458580493326e-06
2.008115970865449e-06
3.118930283872351e-06
4.865417162193474e-06
7.611099064643212e-06
1.193019018432552e-05
1.877339615233188e-05
2.958466183728886e-05
4.679893608525520e-05
7.426001542383667e-05
1.179848256895422e-04
1.881486220763570e-04
3.020916257583824e-04
4.886325864472386e-04
7.958596910903208e-04
1.304650843202025e-03
2.160493446037887e-03
3.609313092642346e-03
6.087028104234192e-03
1.038190622699703e-02
1.784229795242664e-02
3.088257763517865e-02
5.370444583268631e-02
9.334885643647836e-02
1.608873599128080e-01
2.713435980615457e-01
4.367279761989954e-01
6.470426052193994e-01
8.447892553262347e-01
9.560641841193879e-01
9.885415569309154e-01
9.999993743202503e-01
9.999999999988266e-01
1.000000000000000e+00
1.000000000000000e+00
1.000000000000000e+00
1.000000000000000e+00
1.000000000000000e+00
1.000000000000000e+00
1.000000000000000e+00
###8.000000000000000e-01
1.219497726486541e-11
-6.218357149980942e-12
1.887803335277212e-11
5.087442754201623e-11
-1.152619506370328e-11
1.132464273854930e-12
7.553426355457341e-12
-4.975768635278219e-12
1.201959569704491e-11
8.939798903809059e-12
8.326866950456812e-12
1.088038963813277e-11
1.842609182237341e-11
1.356427946034414e-11
7.084906342660433e-12
1.668126862984354e-12
8.858339982536218e-12
8.864746308979658e-12
1.202049893416798e-11
1.063509803559893e-11
2.227618733869099e-11
2.148915530682821e-11
3.275368422040325e-11
4.501934983144128e-11
5.686345245913780e-11
7.232503350711752e-11
9.498525957013171e-11
1.244456624770315e-10
1.696002256071419e-10
2.271214470309753e-10
3.085992099419315e-10
4.044819513684489e-10
5.421189563268437e-10
7.102808092000879e-10
9.593152344244551e-10
1.252669439111731e-09
1.650640943052149e-09
2.180740266572231e-09
2.837601504366329e-09
3.732110678186213e-09
4.924389348412985e-09
6.317484385136914e-09
8.316958301705527e-09
1.092203994793514e-08
1.410761737999014e-08
1.861632072500465e-08
2.421478695961548e-08
3.211942640844196e-08
4.222806609679788e-08
5.661406716485462e-08
7.621946657340110e-08
1.036872348248253e-07
1.438040975266203e-07
2.011679942354961e-07
2.863562888115336e-07
4.142908929347735e-07
6.056918473245521e-07
8.980800401452113e-07
1.344090799768988e-06
2.033722296133431e-06
3.099216680885002e-06
4.712038064385154e-06
7.261844395609125e-06
1.115572368062431e-05
1.721427215923209e-05
2.650106753440188e-05
4.097147937696529e-05
6.325830010371713e-05
9.787963548434646e-05
1.516110662371295e-04
2.344537774827884e-04
3.633635506883940e-04
5.641063954976542e-04
8.804014293579783e-04
1.380252201503361e-03
2.170321615506836e-03
3.442065958890247e-03
5.492183523499913e-03
8.834419692822419e-03
1.435130216439443e-02
2.349247377604019e-02
3.874423583767299e-02
6.424893622159683e-02
1.067163556734613e-01
1.760827651355764e-01
2.853244899761614e-01
4.433529338732287e-01
6.395759241602967e-01
8.241818920150114e-01
9.357192930847915e-01
9.781320485873108e-01
9.999993743202503e-01
9.999999999988266e-01
1.000000000000000e+00
1.000000000000000e+00
1.000000000000000e+00
1.000000000000000e+00
1.000000000000000e+00
1.000000000000000e+00
1.000000000000000e+00
###1.200000000000000e+00
6.917038860307008e-12
-2.252350355481563e-12
2.045896214460082e-11
4.339129321204053e-11
-9.938219907290875e-12
-9.140370085855164e-12
6.032833428843196e-12
1.009851362735270e-14
2.594420361379490e-11
9.492799339247401e-12
1.365210738282858e-11
1.476186012194928e-11
2.819826748796155e-11
1.155438742857823e-11
1.604335188140716e-11
8.093264073234749e-12
1.480408581764197e-11
1.636422286029916e-11
2.576271131208040e-11
2.123701222678113e-11
3.420199012143505e-11
2.177916750203389e-11
5.191913409763794e-11
7.007562711722900e-11
8.637640841245634e-11
1.117091856199651e-10
1.485763758007608e-10
1.969975686765750e-10
2.654187877052177e-10
3.541322198451209e-10
4.759976268341470e-10
6.274100771422854e-10
8.449489084206241e-10
1.107001471104334e-09
1.473202485620484e-09
1.948843400652784e-09
2.547170185802547e-09
3.348452558308009e-09
4.388950308976559e-09
5.745305015823261e-09
7.592824361788502e-09
9.802458742381712e-09
1.287462443095139e-08
1.700687506739407e-08
2.208874753646777e-08
2.934786217270367e-08
3.840362043126207e-08
5.163256538932053e-08
6.866974549871356e-08
9.311584630139413e-08
1.271786206500962e-07
1.754335646783354e-07
2.468180400773337e-07
3.501839347775722e-07
5.033167940655127e-07
7.341803856543173e-07
1.081612234074568e-06
1.606672176085874e-06
2.402290155513248e-06
3.629958024982251e-06
5.498396647508996e-06
8.336907885246870e-06
1.274258830807701e-05
1.940995936164675e-05
2.966301657833771e-05
4.517367247987097e-05
6.914863911266832e-05
1.053289905507011e-04
1.607981902752806e-04
2.456119644811181e-04
3.744368884807484e-04
5.710671306344059e-04
8.704700670652005e-04
1.331986726684454e-03
2.044447960474366e-03
3.139980851915066e-03
4.856424919478753e-03
7.537421169176161e-03
1.184210058204586e-02
1.851675930115170e-02
2.931738287657542e-02
4.669629306110679e-02
7.470198870025482e-02
1.197116057901634e-01
1.905841179888561e-01
2.984828310411964e-01
4.498036743204697e-01
6.337004579590998e-01
8.069666898546077e-01
9.180743384648908e-01
9.683894560405294e-01
9.999993743202503e-01
9.999999999988266e-01
1.000000000000000e+00
1.000000000000000e+00
1.000000000000000e+00
1.000000000000000e+00
1.000000000000000e+00
1.000000000000000e+00
1.000000000000000e+00
###1.600000000000000e+00
1.603382307099003e-11
-1.852436026387297e-11
2.844806081479061e-11
4.984735141049161e-11
-9.649811645544403e-12
-1.235938018047267e-11
7.669863936540788e-12
1.455167952397443e-12
4.585053367966361e-11
-1.089281057086151e-11
2.039954621073259e-11
1.966687283213002e-11
3.505560296304971e-11
1.901398091112649e-11
2.188215640198236e-11
1.654428828847413e-11
2.292964212937675e-11
2.623905715670154e-11
3.589737396629970e-11
3.031167860662139e-11
4.727021887848728e-11
5.112921680848583e-11
7.344549862695428e-11
9.655241162293180e-11
1.228712160085408e-10
1.445119850780609e-10
2.070830184178231e-10
2.740845420104820e-10
3.718759259420646e-10
4.929022794823943e-10
6.561787829030448e-10
8.663919106277886e-10
1.158609332611796e-09
1.525889197611827e-09
2.017201111624630e-09
2.711765585185849e-09
3.493737471890812e-09
4.591259380361139e-09
6.032937199077962e-09
7.893342044440594e-09
1.041738395699431e-08
1.357508116239902e-08
1.787504392567852e-08
2.367551647917159e-08
3.104888502302216e-08
4.145112238738218e-08
5.479184505133215e-08
7.464055782902949e-08
1.003385202199618e-07
1.378243901168179e-07
1.905725662646040e-07
2.662353140986751e-07
3.789745972127881e-07
5.428401139066453e-07
7.867138371593254e-07
1.153755567615890e-06
1.707572800402967e-06
2.542120182354767e-06
3.797547951358968e-06
5.712125559084467e-06
8.629096459009867e-06
1.303047688017750e-05
1.971868711020046e-05
2.990962582665197e-05
4.531444205509859e-05
6.850282718343125e-05
1.038270992070617e-04
1.567849057505174e-04
2.367246869001179e-04
3.576844585989892e-04
5.394950427771793e-04
8.131024850634414e-04
1.223580307209127e-03
1.845608640799793e-03
2.790265446003649e-03
4.214646068147365e-03
6.404310764275196e-03
9.744164220626888e-03
1.494848511076306e-02
2.287479083989723e-02
3.531214421101025e-02
5.473363596037655e-02
8.508112044669329e-02
1.323719708468622e-01
2.044895441030480e-01
3.109740265146346e-01
4.561858419620569e-01
6.292804310138499e-01
7.926513661765617e-01
9.028663261517997e-01
9.594304559786494e-01
9.999993743202503e-01
9.999999999988266e-01
1.000000000000000e+00
1.000000000000000e+00
1.000000000000000e+00
1.000000000000000e+00
1.000000000000000e+00
1.000000000000000e+00
1.000000000000000e+00
###2.000000000000000e+00
-9.141946704622742e-13
-1.551575091638950e-11
2.757611713094346e-11
2.356601242909634e-10
-2.168016703424146e-11
-1.734715868682674e-11
9.865392282467096e-12
1.005092171456795e-11
5.787566748742615e-11
-8.467930277694710e-12
2.943709524283912e-11
2.789476700077581e-11
4.174809160708082e-11
2.465789961590333e-11
2.923900200681727e-11
2.415187869001097e-11
3.083744937299350e-11
3.873806471765880e-11
5.242404132029083e-11
4.839987180383725e-11
1.430932283058636e-11
8.819612483089378e-11
1.003449976541888e-10
1.215575928283597e-10
1.564488246737804e-10
1.954170128531600e-10
2.732537695859268e-10
3.593327112067397e-10
4.808999108814526e-10
6.408750986683141e-10
8.498829048927118e-10
1.122847957886501e-09
1.502235114847922e-09
1.973523824806748e-09
2.592326993472056e-09
3.500272197212348e-09
4.511030644060386e-09
5.927414934018484e-09
7.802709476525073e-09
1.021192124014247e-08
1.349717407601283e-08
1.773129336483887e-08
2.347342501355391e-08
3.123349323149242e-08
4.138636329912351e-08
5.562926661450191e-08
7.454035658861432e-08
1.020845485030948e-07
1.390359065435393e-07
1.930233531212517e-07
2.700371323444367e-07
3.814151629344168e-07
5.473999191631173e-07
7.905665798964065e-07
1.152549958607011e-06
1.696572493293594e-06
2.515208472295046e-06
3.746840278335935e-06
5.578746094412138e-06
8.371003720770445e-06
1.259669421128220e-05
1.893011584314024e-05
2.847920347653925e-05
4.292565700242452e-05
6.460086068184465e-05
9.695773669906601e-05
1.457501370990185e-04
2.184138860333300e-04
3.266895764724536e-04
4.891987451394698e-04
7.312178689117381e-04
1.091339825307506e-03
1.625097318861129e-03
2.423425599259724e-03
3.619869641207313e-03
5.395771414882515e-03
8.084783283412772e-03
1.210828914296986e-02
1.823322401396426e-02
2.741560455067871e-02
4.147812808424577e-02
6.285110555494111e-02
9.539123907667435e-02
1.447463858431008e-01
2.178892160462946e-01
3.229223344433024e-01
4.625735839760565e-01
6.261729195886281e-01
7.808770076411421e-01
8.898465507420013e-01
9.513368423747318e-01
9.999993743202503e-01
9.999999999988266e-01
1.000000000000000e+00
1.000000000000000e+00
1.000000000000000e+00
1.000000000000000e+00
1.000000000000000e+00
1.000000000000000e+00
1.000000000000000e+00
###2.400000000000000e+00
2.185687219696894e-11
-1.033565869617796e-11
3.049532900291400e-11
2.358611795072256e-10
-1.706205951055247e-11
-1.344179328438007e-11
2.286153763030408e-11
2.063837841113100e-11
6.397596050484337e-11
1.486150496113171e-12
3.911125992554552e-11
3.470753378520383e-11
4.900223830782549e-11
3.762700532991718e-11
4.128503869363321e-11
4.031846563763824e-11
4.363997834157347e-11
5.347474633938813e-11
6.958115647505656e-11
6.527979376790109e-11
3.670750713885232e-11
1.108469915859734e-10
1.300062026917242e-10
1.626262200047255e-10
2.008500389013288e-10
2.533864068696371e-10
3.451731911167190e-10
4.499261415294207e-10
5.991724021788930e-10
8.009905511259274e-10
1.062904464948323e-09
1.394925201838575e-09
1.859467835041062e-09
2.443846817150084e-09
3.211300963998033e-09
4.308810505976431e-09
5.604614645491478e-09
7.366661167941691e-09
9.734737375479799e-09
1.277038045100176e-08
1.692099017776546e-08
2.238732417784960e-08
2.982787457081757e-08
3.990271291157397e-08
5.343164839963565e-08
7.239673940114579e-08
9.826845229840226e-08
1.354419406022440e-07
1.863474003617651e-07
2.612875487956040e-07
3.697853147428054e-07
5.263621210137735e-07
7.610052798953616e-07
1.106187899293461e-06
1.618866088576861e-06
2.384157512441991e-06
3.537153340196144e-06
5.267553286976196e-06
7.819567292667058e-06
1.169483073537726e-05
1.752632499292829e-05
2.620044464187289e-05
3.921132293989420e-05
5.876828360269867e-05
8.787668471600804e-05
1.310313491773548e-04
1.955134818140833e-04
2.908544125620568e-04
4.316577293072601e-04
6.414210482030783e-04
9.512712758337638e-04
1.407495992882847e-03
2.077005803331704e-03
3.067406917467638e-03
4.535310287099305e-03
6.685255600670283e-03
9.897577623827276e-03
1.462923655720236e-02
2.169441439932222e-02
3.212894610562125e-02
4.779576819283785e-02
7.104836397398692e-02
1.056596753835750e-01
1.568692367977006e-01
2.308481732921741e-01
3.344438433346104e-01
4.690326479213866e-01
6.242478953455673e-01
7.713373278088326e-01
8.787928734584687e-01
9.441118169649448e-01
9.999993743202503e-01
9.999999999988266e-01
1.000000000000000e+00
1.000000000000000e+00
1.000000000000000e+00
1.000000000000000e+00
1.000000000000000e+00
1.000000000000000e+00
1.000000000000000e+00
###2.800000000000000e+00
2.278991478908592e-11
-1.702958510120092e-11
4.025280339631921e-11
2.355218584386630e-10
-1.431231573981709e-11
-5.990440619461504e-12
3.148415710826378e-11
2.658747393579629e-11
7.787240846346818e-11
-3.119149785587478e-12
6.649514705933577e-11
4.358519699795626e-11
6.328395390782448e-11
5.294625662477446e-11
5.257719970146731e-11
5.538387415411495e-11
5.856926347863784e-11
6.733960724782781e-11
8.636501444053354e-11
8.636191772048071e-11
6.439357133341865e-11
1.407912629663413e-10
1.670780858666324e-10
2.060760273607667e-10
2.505694432550317e-10
3.157986219002260e-10
4.235915690569177e-10
5.503632364802419e-10
7.320215772507223e-10
9.734823174672183e-10
1.287577498171753e-09
1.687874866978806e-09
2.249394236699005e-09
2.956578374428115e-09
3.882773020357167e-09
5.192890091280921e-09
6.791980020814080e-09
8.949160283153024e-09
1.187053505226015e-08
1.562088420466147e-08
2.078853016971078e-08
2.769674229346276e-08
3.712839958560624e-08
4.999228905799370e-08
6.760405682484474e-08
9.245221673362626e-08
1.267068083368008e-07
1.762405943789202e-07
2.448703672080164e-07
3.461063688117540e-07
4.935005600212645e-07
7.076177552825296e-07
1.028365635768132e-06
1.501879802805267e-06
2.202338877732892e-06
3.247779947148548e-06
4.812128291575023e-06
7.155913161586151e-06
1.059181100276241e-05
1.577754786467754e-05
2.355379666463009e-05
3.502162243527620e-05
5.217255191513054e-05
7.773969318282803e-05
1.155007079329531e-04
1.712579333671757e-04
2.537438455521248e-04
3.750835002489834e-04
5.528113415773870e-04
8.157786472941896e-04
1.201241850504906e-03
1.763448671333216e-03
2.582004285134403e-03
3.779919156420195e-03
5.537860927343962e-03
8.084868809462825e-03
1.184448889131827e-02
1.730603604420499e-02
2.533004984720831e-02
3.701817815715493e-02
5.426197474191956e-02
7.932794906077828e-02
1.158910982263738e-01
1.687857153341500e-01
2.434510936331701e-01
3.456247058497896e-01
4.756076843293234e-01
6.234030235260332e-01
7.637506530389268e-01
8.694987337521746e-01
9.377698869219177e-01
9.999993743202503e-01
9.999999999988266e-01
1.000000000000000e+00
1.000000000000000e+00
1.000000000000000e+00
1.000000000000000e+00
1.000000000000000e+00
1.000000000000000e+00
1.000000000000000e+00
###3.200000000000000e+00
1.635925774717241e-11
-1.466081749287908e-11
5.106387453454855e-11
2.552147820518337e-10
-1.262404318034168e-11
2.245671320085912e-12
4.626440620901650e-11
4.101626430645161e-11
9.420588760227284e-11
4.308777312656696e-12
6.810913083910807e-11
5.803711845747748e-11
7.933774584459485e-11
6.810212595572684e-11
6.210176424724582e-11
7.215027603095397e-11
7.817512370126951e-11
8.699782696687935e-11
1.126435100902159e-10
1.116857262396585e-10
1.025976409439050e-10
1.719671566297221e-10
2.082045850115522e-10
2.522339513746662e-10
3.058217900411888e-10
3.858107311145395e-10
5.105810072415691e-10
6.600770783980697e-10
8.733156257454242e-10
1.159833163467165e-09
1.529238322101346e-09
2.011226058578859e-09
2.670562241962693e-09
3.512636988266665e-09
4.602798883283221e-09
6.158229050747176e-09
8.103834260071391e-09
1.069868804260765e-08
1.427094279662274e-08
1.884627416197381e-08
2.520491243290631e-08
3.379658443768986e-08
4.568484040755222e-08
6.191873103776462e-08
8.454004241035695e-08
1.164701379372104e-07
1.612810446332029e-07
2.261282082392728e-07
3.174309988468196e-07
4.505878503448369e-07
6.469990726586518e-07
9.334039102805732e-07
1.360135069766443e-06
1.991735909385742e-06
2.923440473131624e-06
4.311905099344229e-06
6.380003935057824e-06
9.467603331335679e-06
1.397238480829458e-05
2.072628704237666e-05
3.081071774756554e-05
4.558734124838228e-05
6.759698432204738e-05
1.002011125714898e-04
1.479859763142680e-04
2.182574083179280e-04
3.212354756643831e-04
4.721702692145641e-04
6.914439807938110e-04
1.013690854254030e-03
1.482975844519322e-03
2.160926996604279e-03
3.141906591460465e-03
4.563167839000613e-03
6.631247091146771e-03
9.600791884087139e-03
1.392586396628355e-02
2.013891370099886e-02
2.913902570159744e-02
4.208370668613193e-02
6.087517936529382e-02
8.768965263075673e-02
1.260917119218379e-01
1.805239343829776e-01
2.557602110915964e-01
3.565506986688364e-01
4.823402748826193e-01
6.235503272214831e-01
7.578817988184028e-01
8.617793513795995e-01
9.322845373762799e-01
9.999993743202503e-01
9.999999999988266e-01
1.000000000000000e+00
1.000000000000000e+00
1.000000000000000e+00
1.000000000000000e+00
1.000000000000000e+00
1.000000000000000e+00
1.000000000000000e+00
###3.600000000000000e+00
5.185923699406904e-11
-1.182829732016074e-11
6.165937893050661e-11
2.521779779935048e-10
-9.904872944428901e-12
1.768027705416883e-11
6.971383324009943e-11
6.634272101557638e-11
1.194531782031241e-10
2.402834877212027e-11
9.142457854530850e-11
8.058756155770110e-11
1.022459844789222e-10
9.048873585301817e-11
8.915281496160937e-11
9.982804967223098e-11
1.055139867882531e-10
1.211734790725446e-10
1.440833165902918e-10
1.493036688228737e-10
1.451754135183345e-10
2.142756227344508e-10
2.594522733251092e-10
3.131245286502706e-10
3.772814179287943e-10
4.650577049765654e-10
6.090706216035532e-10
7.793188749269674e-10
1.032288836502967e-09
1.363296072440388e-09
1.796283801700654e-09
2.355274801594720e-09
3.134609532873237e-09
4.112499304442533e-09
5.403577327893890e-09
7.225932963446209e-09
9.562437118173628e-09
1.265477557664176e-08
1.698214295376773e-08
2.252327607108480e-08
3.029347964956904e-08
4.094756315335178e-08
5.579830140158259e-08
7.609824599800836e-08
1.047577455671982e-07
1.454722813570813e-07
2.033143766924022e-07
2.870830774048676e-07
4.063123989743228e-07
5.791938775305668e-07
8.358252740117452e-07
1.210903695801538e-06
1.765844952138116e-06
2.592897880488744e-06
3.806250175503363e-06
5.606147533033655e-06
8.283926679878684e-06
1.225628744295011e-05
1.803562705256078e-05
2.665826079787331e-05
3.945713297983743e-05
5.811010637175444e-05
8.578495118398064e-05
1.264905001127970e-04
1.857747370852185e-04
2.725963165584608e-04
3.987350214972149e-04
5.830150870327815e-04
8.486677534278508e-04
1.236787651573291e-03
1.797977133677814e-03
2.602507176749003e-03
3.759157635591663e-03
5.421904449303375e-03
7.817245674381508e-03
1.123086041679412e-02
1.614453494784985e-02
2.312867265083883e-02
3.311879111001098e-02
4.732252703974440e-02
6.762991526645874e-02
9.613977410035371e-02
1.362791566790759e-01
1.921212512583463e-01
2.678407537164655e-01
3.672939309420504e-01
4.892610833638266e-01
6.245923858917671e-01
7.535240361134564e-01
8.555023450126191e-01
9.276191293263938e-01
9.999993743202503e-01
9.999999999988266e-01
1.000000000000000e+00
1.000000000000000e+00
1.000000000000000e+00
1.000000000000000e+00
1.000000000000000e+00
1.000000000000000e+00
1.000000000000000e+00
###4.000000000000000e+00
5.566562667948090e-11
2.759557752008830e-12
7.158783903432186e-11
3.060076766798425e-10
1.517891565637655e-12
-1.701395838894570e-10
9.485234537545683e-11
9.019406058170833e-11
1.406708206563010e-10
5.366601419509293e-11
1.166771237897893e-10
1.068113408508600e-10
1.313881064996686e-10
1.198676963050920e-10
1.173127783169050e-10
1.276337077422960e-10
1.314984250540339e-10
1.553560214279581e-10
1.796765162942204e-10
1.881285790418379e-10
1.953058031025129e-10
2.605419940184348e-10
3.148208772116901e-10
3.799817254117267e-10
4.572844841174786e-10
5.566658892215112e-10
7.219357324285565e-10
9.124650387134300e-10
1.205337066094023e-09
1.588872326344233e-09
2.089927608357577e-09
2.734372376734031e-09
3.639488040604106e-09
4.785908275029482e-09
6.298499183189642e-09
8.421738856553824e-09
1.120119963767409e-08
1.486921595376260e-08
2.007447509129618e-08
2.682463384017759e-08
3.627505992172146e-08
4.935823048166538e-08
6.776170385422282e-08
9.307908985282136e-08
1.291474028413240e-07
1.806685564853380e-07
2.543678063097921e-07
3.614303329735957e-07
5.144836438478351e-07
7.362004464774442e-07
1.066311554312279e-06
1.549946019253459e-06
2.262547377351056e-06
3.323068475418397e-06
4.870795195454201e-06
7.166907700820968e-06
1.056878298658307e-05
1.557253938002359e-05
2.287507845446903e-05
3.368199178329676e-05
4.965844629917062e-05
7.279883052941071e-05
1.069988080212368e-04
1.570117854620080e-04
2.294338837935836e-04
3.349370292788817e-04
4.872025156941733e-04
7.085966460529628e-04
1.025762124838855e-03
1.486440921426538e-03
2.148080915396270e-03
3.090389342096287e-03
4.436094789360958e-03
6.357442733114683e-03
9.098740599295645e-03
1.297629600496207e-02
1.849464798076357e-02
2.627569081257464e-02
3.727098028073120e-02
5.272944401516913e-02
7.453404210139755e-02
1.046798022806805e-01
1.464657574572698e-01
2.036110977023040e-01
2.797348053836422e-01
3.779010922193747e-01
4.963749066268092e-01
6.264367161989962e-01
7.505049221549609e-01
8.504977607506689e-01
9.237334160140883e-01
9.999993743202503e-01
9.999999999988266e-01
1.000000000000000e+00
1.000000000000000e+00
1.000000000000000e+00
1.000000000000000e+00
1.000000000000000e+00
1.000000000000000e+00
1.000000000000000e+00
###4.399999999999999e+00
1.113974813337811e-10
-2.107908477725316e-11
6.543725847782595e-11
2.891532757119904e-10
6.508260389835907e-12
-1.461445266221328e-10
1.044925144568886e-10
9.387204444533622e-11
1.404085158033372e-10
6.860922856516724e-11
1.269000681182041e-10
1.115395254731316e-10
1.451014999416612e-10
1.325239752279177e-10
1.272493604589840e-10
1.423839143447780e-10
1.493513953182884e-10
1.734200395583769e-10
1.963820291217770e-10
2.124471082106431e-10
2.259228353969539e-10
3.076389953815161e-10
3.584954797249793e-10
4.407395691146753e-10
5.244769357526651e-10
6.428448874111588e-10
8.312723319641464e-10
1.052995064340346e-09
1.386251186184357e-09
1.825333794247320e-09
2.401470402964957e-09
3.149031473149865e-09
4.186519451958825e-09
5.525999559297666e-09
7.293473709705776e-09
9.795615810891646e-09
1.305402728928725e-08
1.741926005968468e-08
2.360972941312027e-08
3.181607542298143e-08
4.330553089609802e-08
5.934391864336093e-08
8.194353140172872e-08
1.134307386531132e-07
1.585183513151267e-07
2.231197509147954e-07
3.161816030924938e-07
4.516445348099045e-07
6.458438950625128e-07
9.269902524927340e-07
1.346024720339409e-06
1.961512715779452e-06
2.863037665938622e-06
4.200443001015879e-06
6.148893815503353e-06
9.031081367671517e-06
1.328831415639885e-05
1.950902279574798e-05
2.858666691834733e-05
4.192601085928025e-05
6.155547493425204e-05
8.989081923740377e-05
1.315475274451556e-04
1.921204240448953e-04
2.793739526250361e-04
4.059188245085528e-04
5.876365927864400e-04
8.499496482355173e-04
1.224136199566324e-03
1.764287818765547e-03
2.534649891962386e-03
3.626539353186418e-03
5.174893312774865e-03
7.370317327555336e-03
1.047701553855057e-02
1.484058630631570e-02
2.098351195073058e-02
2.958126578723529e-02
4.159651444310601e-02
5.830597196071596e-02
8.157739563726683e-02
1.133181001897791e-01
1.566694592933617e-01
2.150215486539421e-01
2.914744012963447e-01
3.884245096822673e-01
5.037080259415855e-01
6.290268634556323e-01
7.486823904999007e-01
8.466521163808288e-01
9.205826132032047e-01
9.999993743202503e-01
9.999999999988266e-01
1.000000000000000e+00
1.000000000000000e+00
1.000000000000000e+00
1.000000000000000e+00
1.000000000000000e+00
1.000000000000000e+00
1.000000000000000e+00
###4.800000000000000e+00
1.114837988237779e-10
-3.321913191257622e-11
5.166839976543223e-11
2.883583834079591e-10
1.628634639668155e-11
-1.393227548599443e-10
9.969080167995615e-11
1.014159672057697e-10
1.486181259278325e-10
8.436066986776395e-11
1.356190960601469e-10
1.223645745422919e-10
1.567654663030922e-10
1.435680229906112e-10
1.436163504046244e-10
1.581055663197029e-10
1.780666877724275e-10
1.920268169464149e-10
2.191651125884926e-10
2.388213490529423e-10
2.601619902934999e-10
3.456920381518946e-10
4.028431650590451e-10
4.992020480864522e-10
5.951670697588896e-10
7.345185675491666e-10
9.507301939286475e-10
1.206005550928524e-09
1.582008503909633e-09
2.084093351554701e-09
2.745278253367953e-09
3.609106474783019e-09
4.797242261344767e-09
6.357705468206888e-09
8.424505147987805e-09
1.132747476286083e-08
1.517882353825248e-08
2.036002853008627e-08
2.773582446332510e-08
3.764166655655607e-08
5.159811716142587e-08
7.119547389438985e-08
9.884450217950516e-08
1.377667102945802e-07
1.938008812209506e-07
2.743653768065764e-07
3.907084486831339e-07
5.598560547011528e-07
8.039413347046076e-07
1.156136291136274e-06
1.684512135853136e-06
2.454854920247719e-06
3.582042675360318e-06
5.247110818012688e-06
7.670944064751645e-06
1.124235424444782e-05
1.647992778715792e-05
2.413479879790352e-05
3.526800742695176e-05
5.153762072580266e-05
7.532544822740590e-05
1.096629653229868e-04
1.597469730973706e-04
2.323168757231869e-04
3.361959409410633e-04
4.862069240923624e-04
7.006392932680290e-04
1.008214024312609e-03
1.444890222176674e-03
2.071813823280268e-03
2.960068235023837e-03
4.213087661050156e-03
5.977896883918271e-03
8.464335322654594e-03
1.195552262305781e-02
1.682541234470520e-02
2.361480018446940e-02
3.304650329556789e-02
4.609195283006796e-02
6.405398891009689e-02
8.874338343534056e-02
1.220584829250881e-01
1.669026346242588e-01
2.263781961060319e-01
3.031124857531181e-01
3.989060264759920e-01
5.112589281625705e-01
6.322979583426248e-01
7.479141435721408e-01
8.438487979434094e-01
9.180930674259143e-01
9.999993743202503e-01
9.999999999988266e-01
1.000000000000000e+00
1.000000000000000e+00
1.000000000000000e+00
1.000000000000000e+00
1.000000000000000e+00
1.000000000000000e+00
1.000000000000000e+00
###5.200000000000000e+00
1.499558923060587e-10
-2.751661319815947e-11
5.125724902431421e-11
2.883393282353368e-10
2.288883361569626e-11
-1.303436248874855e-10
9.894570648177185e-11
1.099115838945763e-10
1.622315075188362e-10
9.624302342769407e-11
1.398423662292074e-10
1.316775539837320e-10
1.677205444176092e-10
1.552240637744439e-10
1.602904508541768e-10
1.708660359071849e-10
1.934747300394556e-10
2.149089088773172e-10
2.425788287199362e-10
2.681227404183127e-10
2.952977415578075e-10
3.856594580967563e-10
4.530116267897620e-10
5.631757393694666e-10
6.724329993570975e-10
8.355642507597052e-10
1.077945943492206e-09
1.370332984768703e-09
1.796717638098328e-09
2.368892792482757e-09
3.120187797165658e-09
4.117756795205159e-09
5.480222494977418e-09
7.285481337013809e-09
9.699475502637147e-09
1.308052346960497e-08
1.763593172604574e-08
2.380052586074469e-08
3.258751576140919e-08
4.452023743806379e-08
6.142651861411511e-08
8.525379680161708e-08
1.190567185827339e-07
1.669672649763510e-07
2.362267260865116e-07
3.360196576938636e-07
4.804781321403979e-07
6.902428271524415e-07
9.937659276268252e-07
1.431857806027918e-06
2.090267303523618e-06
3.043070270406866e-06
4.436958813605798e-06
6.489294104647835e-06
9.469802387141117e-06
1.384143745851782e-05
2.023533158666086e-05
2.953872268631132e-05
4.304121286532843e-05
6.265745392331982e-05
9.122309803859920e-05
1.323541808379877e-04
1.919515296137041e-04
2.780031913594003e-04
4.005042213130861e-04
5.766088221605506e-04
8.271924347608608e-04
1.184598410609528e-03
1.689598409982881e-03
2.411064376613067e-03
3.426689836173728e-03
4.852541476291474e-03
6.848117779469511e-03
9.642151230707332e-03
1.353696086516272e-02
1.893096197022281e-02
2.639060848184381e-02
3.667435745018114e-02
5.076118092452753e-02
6.997078140226282e-02
9.606247935697752e-02
1.309074847444094e-01
1.771749413524024e-01
2.376967665333779e-01
3.146709767741911e-01
4.093801136616730e-01
5.190449144146040e-01
6.361890744622581e-01
7.481002430909823e-01
8.419780445828624e-01
9.162282678200484e-01
9.999993743202503e-01
9.999999999988266e-01
1.000000000000000e+00
1.000000000000000e+00
1.000000000000000e+00
1.000000000000000e+00
1.000000000000000e+00
1.000000000000000e+00
1.000000000000000e+00
###5.600000000000001e+00
1.555734949963387e-10
-2.958259397890975e-11
4.248860035867137e-11
2.934104168424019e-10
4.234150150269114e-11
-1.459250571205327e-10
1.027610929601059e-10
1.141925948762801e-10
1.577900834053414e-10
1.229241860294651e-10
1.452916117376711e-10
1.434356079573226e-10
1.778402665156907e-10
1.658836055185132e-10
1.753024547329716e-10
1.846166812834131e-10
2.127387923404087e-10
2.359842321825258e-10
2.663875013075310e-10
2.982243745989090e-10
3.330532961225455e-10
4.291488606476105e-10
5.097346467104118e-10
6.293087438030033e-10
7.582219358956338e-10
9.468870052727000e-10
1.217971062296562e-09
1.552468876274525e-09
2.035914942630880e-09
2.685293907524488e-09
3.540998153011549e-09
4.688168751899655e-09
6.252236491865950e-09
8.346440327947891e-09
1.116464904551655e-08
1.510180720474779e-08
2.048061376086446e-08
2.784471295991755e-08
3.825527939168359e-08
5.263272987491674e-08
7.307826518671483e-08
1.019940356490788e-07
1.431187555526493e-07
2.018570105606666e-07
2.869729623117156e-07
4.097810980918577e-07
5.875180896627797e-07
8.461006914612389e-07
1.220235077173376e-06
1.760623963539413e-06
2.570365128280236e-06
3.739789541137896e-06
5.445740877185239e-06
7.952168782495388e-06
1.157975726832164e-05
1.687948939350529e-05
2.460740188816792e-05
3.580176088970887e-05
5.201460862941815e-05
7.544753502887209e-05
1.094359366860862e-04
1.581969272181081e-04
2.285150173052687e-04
3.296222020962084e-04
4.728729056677479e-04
6.778896745010743e-04
9.682504006159292e-04
1.380258302785157e-03
1.959755293164255e-03
2.783441266274651e-03
3.936275692908567e-03
5.546946957945157e-03
7.787804805443587e-03
1.090632899690430e-02
1.522479192989703e-02
2.116385590455699e-02
2.931236290547560e-02
4.046458955945499e-02
5.560306844511092e-02
7.605544825545604e-02
1.035404097376162e-01
1.398682688814063e-01
1.875062457160681e-01
2.490156392667919e-01
3.261890943406359e-01
4.198693078440848e-01
5.270545120765546e-01
6.406520954529185e-01
7.491252560092114e-01
8.409696107078740e-01
9.149373786393005e-01
9.999993743202503e-01
9.999999999988266e-01
1.000000000000000e+00
1.000000000000000e+00
1.000000000000000e+00
1.000000000000000e+00
1.000000000000000e+00
1.000000000000000e+00
1.000000000000000e+00
###6.000000000000001e+00
1.532578791687004e-10
-3.107378179098448e-11
3.963022971512024e-11
2.901674950043364e-10
2.479442724705138e-11
-1.376928053078360e-10
1.150069900086629e-10
1.297650415127225e-10
1.651995378377899e-10
1.356042343460951e-10
1.561445276778500e-10
1.560936432840042e-10
1.931664106614823e-10
1.870199300225185e-10
1.888963592235016e-10
1.952449664494015e-10
2.319098700185087e-10
2.627951009743917e-10
2.958787741840258e-10
3.319344394707523e-10
3.841891658976578e-10
4.790123738762018e-10
5.685958624861990e-10
7.022362907504643e-10
8.518463373401845e-10
1.071043906568473e-09
1.370972824902280e-09
1.752797253492436e-09
2.300297509041490e-09
3.038497594530706e-09
4.013469678060791e-09
5.326949225231904e-09
7.131349612335913e-09
9.555079879057584e-09
1.285579331706052e-08
1.745157582127737e-08
2.379884089697548e-08
3.260797810596979e-08
4.494354512273033e-08
6.223182717683959e-08
8.689372123028504e-08
1.218874980029640e-07
1.717863715834001e-07
2.434481331283853e-07
3.474859592378937e-07
4.977029463829369e-07
7.149147773393049e-07
1.030765418598939e-06
1.488765861323632e-06
2.148318893767987e-06
3.134199238189257e-06
4.560495806651180e-06
6.630240038862246e-06
9.663693397371551e-06
1.403883801855436e-05
2.040907718535385e-05
2.967245667859896e-05
4.302758539305419e-05
6.232003940555443e-05
9.007515090884725e-05
1.302069252990696e-04
1.875369220049566e-04
2.698474646280253e-04
3.876945834251356e-04
5.539265930693695e-04
7.908975611346407e-04
1.124911475984389e-03
1.596510001478596e-03
2.256800968374690e-03
3.190871403853737e-03
4.491175764106635e-03
6.298980397675245e-03
8.800085968418648e-03
1.225990113982841e-02
1.702049130254275e-02
2.352572772127753e-02
3.238784667600136e-02
4.442041134599801e-02
6.062571271342784e-02
8.231630505364755e-02
1.111762200912401e-01
1.489461527789744e-01
1.979025411413030e-01
2.603405754310316e-01
3.376803660994097e-01
4.303876261757625e-01
5.352875990987470e-01
6.456366472581977e-01
7.509048033001254e-01
8.407138926305774e-01
9.141766751231243e-01
9.999993743202503e-01
9.999999999988266e-01
1.000000000000000e+00
1.000000000000000e+00
1.000000000000000e+00
1.000000000000000e+00
1.000000000000000e+00
1.000000000000000e+00
1.000000000000000e+00
###6.400000000000001e+00
1.551997415696299e-10
-2.877733818446292e-11
3.558213641164795e-11
2.913874756422922e-10
3.272706215871574e-11
-1.292031103386271e-10
1.201669692041384e-10
1.368243200302165e-10
1.706383296591952e-10
1.409833974199448e-10
1.694094109909443e-10
1.689581964128912e-10
2.002479854964714e-10
2.039000120130266e-10
2.172244551223238e-10
2.157920811166125e-10
2.567776495150494e-10
2.875776771906249e-10
3.289498368701266e-10
3.836314717242924e-10
4.273479737481238e-10
5.303813451997258e-10
6.338014386288621e-10
7.813809220093189e-10
9.530633484362176e-10
1.200669877251419e-09
1.539933673483182e-09
1.968561131751681e-09
2.596891667263403e-09
3.430397308385813e-09
4.544886257894855e-09
6.053004792047474e-09
8.128771903317091e-09
1.094987984551693e-08
1.480341842643226e-08
2.017236663250924e-08
2.768306041121862e-08
3.817476065835895e-08
5.284291728044153e-08
7.357275755117688e-08
1.032388230822429e-07
1.454807247090522e-07
2.058310269869911e-07
2.927656122904244e-07
4.192701882846449e-07
6.019632715300772e-07
8.660251868291897e-07
1.249420942656866e-06
1.805545331470356e-06
2.604289750071217e-06
3.797007225075659e-06
5.521025565726229e-06
8.012504891937839e-06
1.165202331776137e-05
1.689053235770008e-05
2.448690225171271e-05
3.550408675786039e-05
5.131690744902250e-05
7.409390821732075e-05
1.067269696589020e-04
1.537466381493193e-04
2.206683586983145e-04
3.162969038667305e-04
4.527549644692061e-04
6.443655649657376e-04
9.163732367044153e-04
1.298096930731622e-03
1.834474910023505e-03
2.582238889441683e-03
3.635086158627634e-03
5.093327407841354e-03
7.110647952315915e-03
9.887079099411620e-03
1.370552505335802e-02
1.892768165448562e-02
2.602020708477510e-02
3.561405053332799e-02
4.854411806332978e-02
6.582593663335620e-02
8.875392246768994e-02
1.189749263273235e-01
1.581524726967175e-01
2.083726162336486e-01
2.716802741479000e-01
3.491751628436584e-01
4.409669745607256e-01
5.437461449697563e-01
6.510922432468724e-01
7.533731198846155e-01
8.411314449444193e-01
9.138861691084735e-01
9.999993743202503e-01
9.999999999988266e-01
1.000000000000000e+00
1.000000000000000e+00
1.000000000000000e+00
1.000000000000000e+00
1.000000000000000e+00
1.000000000000000e+00
1.000000000000000e+00
###6.800000000000002e+00
1.531453351277012e-10
-2.168083239341197e-11
4.149253386676138e-11
2.896856439833235e-10
3.744959439380167e-11
-1.225132760148905e-10
1.266701670017125e-10
1.456120266883859e-10
1.788558114438379e-10
1.552607156883102e-10
1.819681445188665e-10
1.807748886287951e-10
2.152395848360938e-10
2.192909868960253e-10
2.345172458669590e-10
2.354031392685427e-10
2.791028982545696e-10
3.133657427842404e-10
3.591453852878532e-10
4.222138293549827e-10
4.741336549228517e-10
5.854809998466205e-10
6.990650284833216e-10
8.682638623161037e-10
1.063413054607878e-09
1.343091855479130e-09
1.726357578316578e-09
2.215637616885028e-09
2.927159347871473e-09
3.870317307702853e-09
5.147043728934442e-09
6.885054666394572e-09
9.281278251604594e-09
1.255737589618893e-08
1.707167549348144e-08
2.336555227466771e-08
3.223146201586202e-08
4.470941775270918e-08
6.214886289976466e-08
8.694714848198499e-08
1.225515948342433e-07
1.734153774171411e-07
2.461251580734797e-07
3.510940073231571e-07
5.042439160288928e-07
7.251474891659775e-07
1.044061437347118e-06
1.506854815160262e-06
2.177210105187602e-06
3.138330780129016e-06
4.571638028343461e-06
6.639417940283571e-06
9.615933247435071e-06
1.395253266583953e-05
2.017685801909515e-05
2.917371398203161e-05
4.217853981129345e-05
6.077366482294547e-05
8.749207243479474e-05
1.255952681739882e-04
1.803119836646899e-04
2.579034403410497e-04
3.683685531308502e-04
5.253413379629362e-04
7.448067006833511e-04
1.055213574647326e-03
1.488931979956884e-03
2.095611918329458e-03
2.937766731280137e-03
4.118036487042601e-03
5.744878599475433e-03
7.984929261372729e-03
1.105212599757225e-02
1.524655212469680e-02
2.095017585583936e-02
2.865000262606915e-02
3.899479235088621e-02
5.283959918321763e-02
7.120946219651939e-02
9.537340550959271e-02
1.269324864346667e-01
1.674939782558202e-01
2.189262897352171e-01
2.830612023662875e-01
3.606713161604003e-01
4.516083228874241e-01
5.524145412960288e-01
6.569741304320122e-01
7.564371282663994e-01
8.421716372517271e-01
9.140289083943230e-01
9.999993743202503e-01
9.999999999988266e-01
1.000000000000000e+00
1.000000000000000e+00
1.000000000000000e+00
1.000000000000000e+00
1.000000000000000e+00
1.000000000000000e+00
1.000000000000000e+00
###7.200000000000002e+00
1.674365084053132e-10
1.036194289397920e-11
3.814719448806358e-11
2.893216698226517e-10
4.297095247254439e-11
-1.162258169826394e-10
1.300804545646174e-10
1.803217191806584e-10
1.893357038302876e-10
1.651124877326598e-10
1.903449614997241e-10
1.932002982212594e-10
2.205190217945425e-10
2.360422139719871e-10
2.532704493184434e-10
2.571010503696872e-10
2.995056729017427e-10
3.421313437430608e-10
3.935205715617140e-10
4.628899733644343e-10
5.250429090490403e-10
6.463812190014324e-10
7.740658258020569e-10
9.610879851736205e-10
1.183714836311232e-09
1.501185854181685e-09
1.932999114439550e-09
2.492299347158686e-09
3.296768627157991e-09
4.374844049639211e-09
5.834828947770112e-09
7.842412303904571e-09
1.061019781408625e-08
1.442898919383010e-08
1.970552498519481e-08
2.709460034433820e-08
3.757223082754502e-08
5.240705507840985e-08
7.310876960923936e-08
1.027295340038121e-07
1.453754215217132e-07
2.063874957463468e-07
2.936795030538596e-07
4.199864592597768e-07
6.041771734169575e-07
8.699533050577164e-07
1.252873180847345e-06
1.807978405389136e-06
2.611373600056368e-06
3.760677159312511e-06
5.470434455773182e-06
7.934489750423000e-06
1.146914013649231e-05
1.660426506198914e-05
2.394947392337308e-05
3.453271306101804e-05
4.975569781169361e-05
7.152493048957836e-05
1.026558991360643e-04
1.468901722392425e-04
2.101895714419326e-04
2.996378595846895e-04
4.264518785581595e-04
6.060288631805508e-04
8.560982430620997e-04
1.208320050910388e-03
1.698502027784123e-03
2.381266553534996e-03
3.324882400134648e-03
4.642048161372087e-03
6.448414938182870e-03
8.924638288441828e-03
1.229774222943143e-02
1.688676889583817e-02
2.309036191621775e-02
3.141724271981980e-02
4.252968553578062e-02
5.730855738362277e-02
7.677459720983225e-02
1.021733576399844e-01
1.350628289703688e-01
1.769710549241261e-01
2.295802337995217e-01
2.945004423784766e-01
3.722094564800280e-01
4.623359376349333e-01
5.612915752095288e-01
6.632524511922957e-01
7.600370486154691e-01
8.437463871189156e-01
9.145624706201722e-01
9.999993743202503e-01
9.999999999988266e-01
1.000000000000000e+00
1.000000000000000e+00
1.000000000000000e+00
1.000000000000000e+00
1.000000000000000e+00
1.000000000000000e+00
1.000000000000000e+00
###7.600000000000002e+00
1.722273887195475e-10
1.911361938192331e-11
4.233737301822373e-11
2.939143328109030e-10
4.831004145381949e-11
-1.113427518050144e-10
1.338092397605362e-10
1.861599618728721e-10
2.018927574344574e-10
1.737689218950006e-10
2.034915712010962e-10
2.095624934096333e-10
2.384192798134537e-10
2.457787639246943e-10
2.740264373966834e-10
2.840547024921954e-10
3.291476809509827e-10
3.768821495143378e-10
4.305103032992990e-10
5.064623321413918e-10
5.800677410777184e-10
7.123315936064838e-10
8.528762705645411e-10
1.067554532640424e-09
1.318674439896449e-09
1.671144445873585e-09
2.164741981659095e-09
2.802616534604666e-09
3.713744000452039e-09
4.947456475985993e-09
6.622707042106885e-09
8.941503514136125e-09
1.214840007257468e-08
1.659473884319903e-08
2.278592273146331e-08
3.145302115055765e-08
4.382223080584240e-08
6.146355234511186e-08
8.600444497224759e-08
1.213343680833401e-07
1.722535921576891e-07
2.452180674146127e-07
3.496725330868199e-07
5.009016010692958e-07
7.215226240293617e-07
1.039634611552472e-06
1.497007101331835e-06
2.159388139755046e-06
3.116457960741036e-06
4.482494325002718e-06
6.511344591731297e-06
9.428311263934939e-06
1.360008638361616e-05
1.964456422324123e-05
2.825957141656067e-05
4.063894222696313e-05
5.835520092146831e-05
8.368922384194965e-05
1.197550074730440e-04
1.708304762672956e-04
2.436591381309391e-04
3.461988775100488e-04
4.910538129395220e-04
6.954249370234463e-04
9.789576845593388e-04
1.376726433935514e-03
1.928101280888563e-03
2.692813593845134e-03
3.745614899862632e-03
5.208835995478916e-03
7.206403726543117e-03
9.932170813966123e-03
1.362725804355058e-02
1.862847976797397e-02
2.535228704896840e-02
3.432700752200967e-02
4.622569025754043e-02
6.195528046447586e-02
8.252657029545209e-02
1.091627826764595e-01
1.433796340878406e-01
1.865938107147639e-01
2.403399807620019e-01
3.060053331641580e-01
3.838009431856558e-01
4.731491152462184e-01
5.703619716605851e-01
6.698863839563129e-01
7.641176043607013e-01
8.458239644202172e-01
9.154576512253485e-01
9.999993743202503e-01
9.999999999988266e-01
1.000000000000000e+00
1.000000000000000e+00
1.000000000000000e+00
1.000000000000000e+00
1.000000000000000e+00
1.000000000000000e+00
1.000000000000000e+00
###8.000000000000002e+00
1.730368001805678e-10
2.040434639768437e-11
4.712818979752818e-11
2.923702508100601e-10
5.032370680514104e-11
-1.005528484472544e-10
1.413953214176380e-10
1.941334711712129e-10
2.103321689805328e-10
1.848021055725719e-10
2.167123158181210e-10
2.260558399446091e-10
2.537766886974308e-10
2.678931296823586e-10
2.949037584212641e-10
3.059752460870023e-10
3.577649865732501e-10
4.107049412359384e-10
4.692712689780392e-10
5.527782352844639e-10
6.392259264895998e-10
7.920463060599134e-10
9.427722676957474e-10
1.180205974641197e-09
1.467526691408003e-09
1.864947103414166e-09
2.424077437868179e-09
3.153850217737678e-09
4.188893861128696e-09
5.598524737089440e-09
7.526825194981716e-09
1.020843578569106e-08
1.392861563651239e-08
1.911035972180874e-08
2.637832957596931e-08
3.656362427965611e-08
5.116134291647540e-08
7.206601681868169e-08
1.011490690396037e-07
1.432065651088618e-07
2.038339280724830e-07
2.906931747742025e-07
4.152448243882226e-07
5.956777371546881e-07
8.581909351119191e-07
1.237255565092917e-06
1.781143486596329e-06
2.567221747728637e-06
3.701160264050752e-06
5.317825254605974e-06
7.710921492785375e-06
1.114326338105234e-05
1.604051119462218e-05
2.311124013027598e-05
3.316498810608210e-05
4.756482309463700e-05
6.808617855933888e-05
9.740253050713173e-05
1.389591929460738e-04
1.976332952050807e-04
2.809914373232411e-04
3.979750868952814e-04
5.626516027411308e-04
7.942425967646096e-04
1.114189872424755e-03
1.561376105821675e-03
2.178864705980958e-03
3.031842561824031e-03
4.201497078943468e-03
5.820385634415268e-03
8.021347930169205e-03
1.101066172513958e-02
1.504305856566530e-02
2.047537738291350e-02
2.773932342445521e-02
3.738065371934175e-02
5.008560990372671e-02
6.678278641671566e-02
8.846622487152672e-02
1.163395771082599e-01
1.518695559758813e-01
1.963627209435101e-01
2.512109790844725e-01
3.175826875175058e-01
3.954547586659475e-01
4.840510348101191e-01
5.796284419590509e-01
6.768377432629645e-01
7.686289707551633e-01
8.483384250935198e-01
9.166519578026294e-01
9.999993743202503e-01
9.999999999988266e-01
1.000000000000000e+00
1.000000000000000e+00
1.000000000000000e+00
1.000000000000000e+00
1.000000000000000e+00
1.000000000000000e+00
1.000000000000000e+00
###8.400000000000002e+00
1.870027877170421e-10
2.318425727040968e-11
5.685452656614458e-11
2.763915958803285e-10
5.543268817201113e-11
-9.149481457795231e-11
1.475790835640624e-10
2.033022540353907e-10
2.169159359749796e-10
2.104499835970157e-10
2.328036852459644e-10
2.400158092732459e-10
2.716975057371577e-10
2.867304054138883e-10
3.175714107703318e-10
3.371135071443535e-10
3.878698594226180e-10
4.485795433714862e-10
5.123561585710988e-10
6.032703080247438e-10
7.037501574710232e-10
8.696884534660783e-10
1.040473652321791e-09
1.298356971055752e-09
1.634451928307274e-09
2.084318171045875e-09
2.715323355095406e-09
3.550474538049679e-09
4.730736642364390e-09
6.346473702140037e-09
8.566523834861666e-09
1.167080575698874e-08
1.599304323012474e-08
2.204299497598331e-08
3.055564068911309e-08
4.253337385353220e-08
5.974495978641288e-08
8.444610140325047e-08
1.189048094894386e-07
1.687426882955185e-07
2.407788289505885e-07
3.439668156173706e-07
4.918278522932876e-07
7.060471198347178e-07
1.017578213826950e-06
1.466873558989554e-06
2.110351316994277e-06
3.039495858716903e-06
4.375703449864211e-06
6.278440633361435e-06
9.087081986270948e-06
1.310654464636806e-05
1.882231742069568e-05
2.705611095127109e-05
3.872867030283439e-05
5.539436414012350e-05
7.904916867521816e-05
1.128047952844946e-04
1.604688543362782e-04
2.275612336562893e-04
3.225527712608227e-04
4.554216722554343e-04
6.418082699202460e-04
9.030510735883943e-04
1.262540030417599e-03
1.763320344343707e-03
2.452148927626091e-03
3.399975130125789e-03
4.694633991282254e-03
6.479183858520114e-03
8.895874796134498e-03
1.216283625802598e-02
1.654953463881079e-02
2.243104125623864e-02
3.025505459784657e-02
4.058264513974918e-02
5.411298581023220e-02
7.179424082413417e-02
9.459878352236693e-02
1.237063412146445e-01
1.605358572960310e-01
2.062894117271707e-01
2.622023516334040e-01
3.292535156294389e-01
4.071808092193124e-01
4.950590866304776e-01
5.890649728154647e-01
6.840675474341509e-01
7.735238461751627e-01
8.512278553334753e-01
9.181162086671119e-01
9.999993743202503e-01
9.999999999988266e-01
1.000000000000000e+00
1.000000000000000e+00
1.000000000000000e+00
1.000000000000000e+00
1.000000000000000e+00
1.000000000000000e+00
1.000000000000000e+00
###8.800000000000002e+00
1.959132524023664e-10
2.501073833650236e-11
5.557512889506650e-11
2.791327700587139e-10
6.731102301100999e-11
-6.389948033190898e-11
1.580096840852418e-10
2.116499566333284e-10
2.279536114927751e-10
2.177048722582116e-10
2.489725587578508e-10
2.534170465770012e-10
2.873940513560031e-10
3.106283618779435e-10
3.414835228876584e-10
3.669783627059735e-10
4.222868097535234e-10
4.865452946282375e-10
5.497804671289513e-10
6.588278032042159e-10
7.733986521590296e-10
9.543844894999281e-10
1.148814536794465e-09
1.437521191640122e-09
1.818116638256420e-09
2.328873509169991e-09
3.039399149846829e-09
3.997610687390897e-09
5.350824021532657e-09
7.205990003491707e-09
9.766224956421030e-09
1.337000868538468e-08
1.839164994782502e-08
2.545231357135238e-08
3.543720747683264e-08
4.952820621226711e-08
6.977626080047354e-08
9.896995496901135e-08
1.396585343238670e-07
1.986071406920204e-07
2.838904103528068e-07
4.060822544484457e-07
5.809705753152336e-07
8.342888789178431e-07
1.202393823823968e-06
1.732679641986583e-06
2.490466072344582e-06
3.583185368294167e-06
5.150978395415742e-06
7.390480885685773e-06
1.066020039387763e-05
1.534427200954394e-05
2.198429776639285e-05
3.152790756334082e-05
4.501603299443887e-05
6.421863802914247e-05
9.137950012808561e-05
1.300659440276678e-04
1.844841425887751e-04
2.608532650981203e-04
3.686376737457556e-04
5.189458500997757e-04
7.290463884473037e-04
1.022573512853312e-03
1.424998885552487e-03
1.983609275919276e-03
2.749248801277390e-03
3.798881586530324e-03
5.226995967081074e-03
7.187861487780335e-03
9.831814838278516e-03
1.339122129314730e-02
1.814941773525601e-02
2.449887473185841e-02
3.290230820524661e-02
4.393845918915168e-02
5.831203112642912e-02
7.699056348650525e-02
1.009274562698705e-01
1.312694179338990e-01
1.693909699840233e-01
2.163705892368955e-01
2.733131213052590e-01
3.410165410024444e-01
4.189870272184444e-01
5.061591129868930e-01
5.986678043595958e-01
6.915640713233910e-01
7.787455767485828e-01
8.544587370547123e-01
9.198421798456762e-01
9.999993743202503e-01
9.999999999988266e-01
1.000000000000000e+00
1.000000000000000e+00
1.000000000000000e+00
1.000000000000000e+00
1.000000000000000e+00
1.000000000000000e+00
1.000000000000000e+00
###9.200000000000003e+00
1.861699440660868e-10
2.927087445704797e-11
6.432021934914497e-11
2.840633342154706e-10
7.780957151747147e-11
-5.527732001702141e-11
1.588932527101739e-10
2.217567124781796e-10
2.465550744105597e-10
2.334155261499369e-10
2.619283984462612e-10
2.709069111115158e-10
3.073081516168350e-10
3.264840570360135e-10
3.708813485416394e-10
3.981694287128026e-10
4.578558637001077e-10
5.284822930954947e-10
6.013924329914335e-10
7.217066145212347e-10
8.499725584842843e-10
1.050659081953840e-09
1.269813975445948e-09
1.592695075572381e-09
2.024685218158025e-09
2.600304087315793e-09
3.412795487902296e-09
4.505512992086807e-09
6.060493336933973e-09
8.187649530600871e-09
1.115112032734478e-08
1.533120731640396e-08
2.117823047675414e-08
2.942021213826821e-08
4.113086449309463e-08
5.767003418422664e-08
8.147423340186677e-08
1.157916926244622e-07
1.639136750968925e-07
2.333459499776201e-07
3.340148535392733e-07
4.782213467946358e-07
6.847180978933891e-07
9.830193498464438e-07
1.415863365511047e-06
2.038478936709138e-06
2.927582762196933e-06
4.207010429841063e-06
6.038364591314258e-06
8.658181246285655e-06
1.245228449981244e-05
1.788555092062271e-05
2.556735624203553e-05
3.658053659946786e-05
5.209245988842240e-05
7.412480753043325e-05
1.051752440817540e-04
1.493253268675892e-04
2.112342941811380e-04
2.978318091698156e-04
4.196599434723483e-04
5.890098423739702e-04
8.249674539356472e-04
1.153563003209226e-03
1.602421340435780e-03
2.223405376054915e-03
3.071605269642900e-03
4.230011141886068e-03
5.800107656047540e-03
7.948271446600541e-03
1.083252559152715e-02
1.469939528357176e-02
1.984585397290288e-02
2.668159856716903e-02
3.568527693829171e-02
4.745041872948517e-02
6.268679687449480e-02
8.237698727471401e-02
1.074538803532568e-01
1.390335328733747e-01
1.784321109972583e-01
2.266229898666179e-01
2.845611357202019e-01
3.528759088158290e-01
4.308719008541857e-01
5.173477448115565e-01
6.084100930687243e-01
6.992849264463781e-01
7.842650894326524e-01
8.579703071445686e-01
9.217616446373856e-01
9.999993743202503e-01
9.999999999988266e-01
1.000000000000000e+00
1.000000000000000e+00
1.000000000000000e+00
1.000000000000000e+00
1.000000000000000e+00
1.000000000000000e+00
1.000000000000000e+00
###9.600000000000003e+00
1.962306919524035e-10
2.405207669203228e-11
7.873291166676563e-11
2.866873643030325e-10
9.067636026146147e-11
-4.280657351398050e-11
1.667794475460703e-10
2.296486719373693e-10
2.551274539926406e-10
2.512166640992340e-10
2.795829219150578e-10
2.926231402959914e-10
3.295302382085452e-10
3.486121476568172e-10
3.958741177669449e-10
4.304040388758790e-10
4.916826315511859e-10
5.739351668951954e-10
6.555683355258652e-10
7.887408446173670e-10
9.325236494205843e-10
1.152827233920463e-09
1.408169756566460e-09
1.766713856327882e-09
2.254020537935413e-09
2.912508699089005e-09
3.838527728935550e-09
5.090840776448708e-09
6.872821432624477e-09
9.322991931478338e-09
1.274700311796857e-08
1.760059738279985e-08
2.440447435930234e-08
3.402581551117977e-08
4.774686399782442e-08
6.713885504587264e-08
9.507939336839870e-08
1.352906228941431e-07
1.920865979013619e-07
2.737419269805642e-07
3.922797386893215e-07
5.617117189644365e-07
8.044162003478024e-07
1.154522535643392e-06
1.661799512549383e-06
2.390400898043059e-06
3.428743651678008e-06
4.920731516323712e-06
7.050119332443529e-06
1.008491624272693e-05
1.448663271901842e-05
2.076233065618950e-05
2.961190532514344e-05
4.226707234466644e-05
6.004281651161552e-05
8.522007240795393e-05
1.205972229744452e-04
1.707724076505433e-04
2.409298739282590e-04
3.387422489722048e-04
4.759500064554197e-04
6.660927678225400e-04
9.301806108318931e-04
1.296775289676098e-03
1.795828276602910e-03
2.483917720743298e-03
3.420686061743622e-03
4.695259212858321e-03
6.416487514855141e-03
8.762764261925061e-03
1.190090409430540e-02
1.609010623731573e-02
2.164300310508325e-02
2.898395855036394e-02
3.860921681161247e-02
5.112186878257994e-02
6.724019074853695e-02
8.795918197979290e-02
1.141797632053674e-01
1.469982936713677e-01
1.876634048555378e-01
2.370383034615613e-01
2.959480007369262e-01
3.648370234396333e-01
4.428488626364582e-01
5.286335233301230e-01
6.182865166440833e-01
7.072080936548781e-01
7.900420054915128e-01
8.617570006048763e-01
9.238790768900296e-01
9.999993743202503e-01
9.999999999988266e-01
1.000000000000000e+00
1.000000000000000e+00
1.000000000000000e+00
1.000000000000000e+00
1.000000000000000e+00
1.000000000000000e+00
1.000000000000000e+00
###1.000000000000000e+01
1.895162869909444e-10
3.976162684782869e-11
8.245803917765229e-11
2.891766993495458e-10
9.275596487328022e-11
-3.395329821324233e-11
1.755182677070220e-10
2.334572184371293e-10
2.685129038146011e-10
2.715575841299253e-10
2.985686255925695e-10
3.124450266853883e-10
3.596275916947355e-10
3.747876198422221e-10
4.253924320911928e-10
4.668279483078998e-10
5.329222760472572e-10
6.227205900011181e-10
7.161836695264028e-10
8.610082307629690e-10
1.022155746760175e-09
1.268664659396217e-09
1.558316994032818e-09
1.960565716429151e-09
2.513671254037421e-09
3.265693043615421e-09
4.323591657229309e-09
5.757954869239871e-09
7.805840572874333e-09
1.063552017821915e-08
1.459412274906466e-08
2.023201212491290e-08
2.814645844689119e-08
3.938637711587948e-08
5.544488509748624e-08
7.817235728323264e-08
1.109310293117171e-07
1.579862440504092e-07
2.247996617271928e-07
3.206154116073278e-07
4.595735815356061e-07
6.582798000384491e-07
9.430579475883343e-07
1.351777972695267e-06
1.944131744865668e-06
2.793438495599400e-06
4.001474851347764e-06
5.734382668690421e-06
8.200933240749822e-06
1.170380253677836e-05
1.678577544108294e-05
2.400965475598018e-05
3.416462854316508e-05
4.865407393217218e-05
6.893796797389586e-05
9.761109599642706e-05
1.377642787148116e-04
1.945912682886785e-04
2.738033639136311e-04
3.839018272844173e-04
5.379178454889380e-04
7.507132386935481e-04
1.045298800548220e-03
1.453052018997886e-03
2.006226053671310e-03
2.766491172430089e-03
3.797874551719660e-03
5.196227697398213e-03
7.078274265268220e-03
9.634246581571432e-03
1.303979079021324e-02
1.756743135821967e-02
2.354324698021740e-02
3.140952985796425e-02
4.167551328590915e-02
5.495744454442712e-02
7.197691892789536e-02
9.373774967538590e-02
1.211161104338274e-01
1.551702575514310e-01
1.970889823059830e-01
2.476283839007089e-01
3.074739958455663e-01
3.769045868512729e-01
4.549113137624453e-01
5.400079891695023e-01
6.282939944024487e-01
7.153082250730899e-01
7.960341293765665e-01
8.657549779174863e-01
9.261482764305690e-01
9.999993743202503e-01
9.999999999988266e-01
1.000000000000000e+00
1.000000000000000e+00
1.000000000000000e+00
1.000000000000000e+00
1.000000000000000e+00
1.000000000000000e+00
1.000000000000000e+00
###1.040000000000000e+01
1.937665769604235e-10
4.390757134003765e-11
9.008312527639400e-11
2.897848172825874e-10
9.538711917911703e-11
-2.165430142815004e-11
1.874209110401870e-10
2.418375934978041e-10
2.851659226110353e-10
2.957889215473070e-10
3.159704955955245e-10
3.348377774111164e-10
3.833440437386697e-10
4.037753845143684e-10
4.546507191170610e-10
5.042717003156344e-10
5.782148611191245e-10
6.738545905295666e-10
7.804890136225509e-10
9.407382017639455e-10
1.122051246189154e-09
1.393354480915749e-09
1.722504633020845e-09
2.181264357008162e-09
2.795398872371175e-09
3.668675782638743e-09
4.876446811440611e-09
6.528751292387461e-09
8.878552572869949e-09
1.215074003476657e-08
1.673846489310630e-08
2.328196317162496e-08
3.249667028230756e-08
4.560756817483692e-08
6.430921650681975e-08
9.096789110166456e-08
1.292951171910508e-07
1.842952014166959e-07
2.626619779808557e-07
3.746632726510850e-07
5.371680808093718e-07
7.693404870470861e-07
1.102036056342719e-06
1.578490798437463e-06
2.267213581875548e-06
3.252543326725972e-06
4.653957999544389e-06
6.659322906314677e-06
9.506242733793814e-06
1.355640202783966e-05
1.938149648800884e-05
2.766290341451585e-05
3.927825075139131e-05
5.579697823734477e-05
7.888228223115149e-05
1.114067124406802e-04
1.568327749950256e-04
2.209746693262716e-04
3.101281547756960e-04
4.337404192583054e-04
6.059954458451353e-04
8.434417382436155e-04
1.171048245309052e-03
1.623254264898543e-03
2.234559061306343e-03
3.072252417745934e-03
4.204826695553133e-03
5.735052376051618e-03
7.787553656151894e-03
1.056502336758732e-02
1.425163812811822e-02
1.913391591766731e-02
2.555071091210900e-02
3.396251482046368e-02
4.488942150829440e-02
5.896238170362514e-02
7.689894469967903e-02
9.971652126588157e-02
1.282620657981489e-01
1.635460870295974e-01
2.067069343662749e-01
2.583841782554555e-01
3.191338176043427e-01
3.890804456377445e-01
4.670547890453840e-01
5.514668127380044e-01
6.384070512870184e-01
7.235619884725307e-01
8.022072347052750e-01
8.699307113164468e-01
9.285367555635704e-01
9.999993743202503e-01
9.999999999988266e-01
1.000000000000000e+00
1.000000000000000e+00
1.000000000000000e+00
1.000000000000000e+00
1.000000000000000e+00
1.000000000000000e+00
1.000000000000000e+00
###1.080000000000000e+01
2.009864900626703e-10
4.959210562304433e-11
1.232873304719006e-10
2.949647003581557e-10
1.037723885391171e-10
-1.041177579633282e-11
1.480299745225190e-10
2.552366035814695e-10
2.929472125780590e-10
3.177168209718516e-10
3.377050592702203e-10
3.581470763978690e-10
4.053294591658640e-10
4.361540585880231e-10
4.880991679240404e-10
5.430716986386967e-10
6.278815539313683e-10
7.309157677177672e-10
8.500932904633642e-10
1.026086460215288e-09
1.233417287436250e-09
1.533182352579915e-09
1.905991303848361e-09
2.427888654384139e-09
3.126861459983246e-09
4.126822051765780e-09
5.511012257905187e-09
7.411156192873676e-09
1.011544506807510e-08
1.389706436864740e-08
1.921544377185339e-08
2.680976502464911e-08
3.754308570815395e-08
5.280537752661329e-08
7.463845599142174e-08
1.057630767481583e-07
1.505400757086384e-07
2.147416416837109e-07
3.062988062720864e-07
4.369421203388418e-07
6.263352193455177e-07
8.968990206854849e-07
1.284079642865787e-06
1.837980663690632e-06
2.635865031540905e-06
3.775468732027843e-06
5.394939262671538e-06
7.706844854839717e-06
1.098200560311880e-05
1.564338503929278e-05
2.230456662070188e-05
3.176307395006608e-05
4.500093257623910e-05
6.378046038795926e-05
8.995297026031908e-05
1.267341898125467e-04
1.780286033521620e-04
2.501364540379156e-04
3.501526617517337e-04
4.885115234755389e-04
6.806413047959800e-04
9.447332421764114e-04
1.308141027285156e-03
1.808212376159873e-03
2.482054444214771e-03
3.402598934710183e-03
4.643117654090458e-03
6.313611513447488e-03
8.546236764268312e-03
1.155802251798048e-02
1.553997570249189e-02
2.079288944419368e-02
2.767004359184311e-02
3.664639476328090e-02
4.825682863095977e-02
6.313716816079504e-02
8.201349289642076e-02
1.059015661643987e-01
1.356216755781150e-01
1.721366745022331e-01
2.165261645565175e-01
2.693155679916076e-01
3.309361347836181e-01
4.013737363755711e-01
4.792935393060413e-01
5.630094734373315e-01
6.486201992588047e-01
7.319456191671917e-01
8.085325974665560e-01
8.742644846530238e-01
9.310389075748861e-01
9.999993743202503e-01
9.999999999988266e-01
1.000000000000000e+00
1.000000000000000e+00
1.000000000000000e+00
1.000000000000000e+00
1.000000000000000e+00
1.000000000000000e+00
1.000000000000000e+00
###1.120000000000000e+01
2.064883921161443e-10
4.903888577418780e-11
1.306918165044488e-10
3.003404399302304e-10
1.116585795701786e-10
1.182618583497367e-12
1.584335502243818e-10
2.833165535664385e-10
3.099611604402054e-10
3.479819258206209e-10
3.566678260192998e-10
3.789817697686200e-10
4.274162375820121e-10
4.681155803768083e-10
5.226828166050098e-10
5.842006324292179e-10
6.771010672272048e-10
7.911320770268543e-10
9.251551386775705e-10
1.118894416951537e-09
1.353492997644999e-09
1.689620973108098e-09
2.110872914543080e-09
2.706888896901743e-09
3.505958690667690e-09
4.647894359705703e-09
6.234130256273412e-09
8.421138661126433e-09
1.154015588108055e-08
1.591210036273899e-08
2.207005055723341e-08
3.088878989179376e-08
4.337066628696019e-08
6.113511882430365e-08
8.657341406809640e-08
1.228631881537699e-07
1.749979237971735e-07
2.497603952491327e-07
3.564753921727662e-07
5.084419063918184e-07
7.287119396532519e-07
1.042742456347931e-06
1.492065348487310e-06
2.133580579583279e-06
3.055312007253464e-06
4.369181331439540e-06
6.234826308782956e-06
8.891505719388958e-06
1.265062606291097e-05
1.798955412403315e-05
2.558586969796432e-05
3.635548152535929e-05
5.139332643851304e-05
7.267673070487585e-05
1.022598485693346e-04
1.437302158723415e-04
2.014809076065101e-04
2.822986596261886e-04
3.942064294849216e-04
5.486112327780060e-04
7.623173822808517e-04
1.055283945566445e-03
1.457345560482192e-03
2.008899418025963e-03
2.749899696429552e-03
3.758954285461353e-03
5.114499870263615e-03
6.934021342338314e-03
9.357445185569867e-03
1.261572815476069e-02
1.690739119456646e-02
2.254855280255998e-02
2.990392356051793e-02
3.946678744162362e-02
5.177933035485292e-02
6.749016947221165e-02
8.732112689635524e-02
1.122952716235701e-01
1.431965288706079e-01
1.809369929646865e-01
2.265400016499108e-01
2.804224094719074e-01
3.428888195058071e-01
4.137698215574782e-01
4.916087760282566e-01
5.746162114105572e-01
6.589065869061435e-01
7.404379046780083e-01
8.149880472058539e-01
8.787209636830838e-01
9.336208703070965e-01
9.999993743202503e-01
9.999999999988266e-01
1.000000000000000e+00
1.000000000000000e+00
1.000000000000000e+00
1.000000000000000e+00
1.000000000000000e+00
1.000000000000000e+00
1.000000000000000e+00
###1.160000000000000e+01
2.154417274759182e-10
6.035719561393942e-11
1.320382053673935e-10
3.054771955768237e-10
1.195533236672815e-10
1.026843603834096e-11
1.684297989149357e-10
2.870489750281126e-10
3.146884709372292e-10
3.596524350585396e-10
3.694974131766190e-10
3.877166427422881e-10
4.499384013659771e-10
4.918800759292407e-10
5.521217073368803e-10
6.215995173438892e-10
7.235020700030514e-10
8.491251798683300e-10
9.996004009750477e-10
1.214854342054236e-09
1.477151031055240e-09
1.857279258677561e-09
2.337986477239412e-09
3.015609526659598e-09
3.930586505990095e-09
5.236141445683476e-09
7.056257461492371e-09
9.575618882988659e-09
1.317338918609509e-08
1.822955117982752e-08
2.536540928233836e-08
3.559254140807789e-08
5.009734821443449e-08
7.072830083239201e-08
1.003103938450644e-07
1.425513154501499e-07
2.031667981863901e-07
2.900599682453298e-07
4.141053913039929e-07
5.904164721911558e-07
8.457816230499985e-07
1.209349124353856e-06
1.728990754643914e-06
2.469352470189916e-06
3.531740953775480e-06
5.041641055952544e-06
7.183166547163577e-06
1.022610339006989e-05
1.452528161064372e-05
2.061798997482494e-05
2.925883922486563e-05
4.148391569192411e-05
5.851689956809739e-05
8.256538442008563e-05
1.159062267562562e-04
1.625354738101415e-04
2.273335838623993e-04
3.176952786315032e-04
4.425514347468289e-04
6.144026261459288e-04
8.514575277908435e-04
1.175659861704537e-03
1.619353308174028e-03
2.226268022762127e-03
3.039133126893578e-03
4.142734892685004e-03
5.620786169678438e-03
7.598231010957271e-03
1.022388582891809e-02
1.374084236754992e-02
1.835743326605644e-02
2.440364070442730e-02
3.225671448531403e-02
4.242562683813800e-02
5.546262196107374e-02
7.202258709493238e-02
9.282817092040306e-02
1.188983616144373e-01
1.509841245439786e-01
1.899535425196540e-01
2.367567801810164e-01
2.916998823520275e-01
3.549743245076520e-01
4.262682728531921e-01
5.039928817798948e-01
5.862875866019039e-01
6.692623169041433e-01
7.490188827288483e-01
8.215412044043924e-01
8.832772446051473e-01
9.362805448368450e-01
9.999993743202503e-01
9.999999999988266e-01
1.000000000000000e+00
1.000000000000000e+00
1.000000000000000e+00
1.000000000000000e+00
1.000000000000000e+00
1.000000000000000e+00
1.000000000000000e+00
###1.200000000000001e+01
2.137945812134399e-10
6.436259785146341e-11
1.393678172361528e-10
3.058219875077040e-10
1.256407180678901e-10
1.474872404147959e-11
1.747256235287715e-10
2.838443474077420e-10
3.213267205824298e-10
3.675678921139975e-10
3.844560147947564e-10
4.054844159926654e-10
4.616150824206009e-10
5.208766201031852e-10
5.846016758850940e-10
6.622287077330537e-10
7.715976495045411e-10
9.125015829550745e-10
1.081865899000065e-09
1.320862604338836e-09
1.619610507060321e-09
2.046354081419181e-09
2.594030336131038e-09
3.366567497977871e-09
4.414325211641028e-09
5.908118326027784e-09
7.997926174353167e-09
1.090352539269183e-08
1.505565376086084e-08
2.089950030860908e-08
2.916019754628180e-08
4.101151888170334e-08
5.784056592440810e-08
8.177976062606330e-08
1.161552461991334e-07
1.651687219904315e-07
2.354897049154627e-07
3.362276223497599e-07
4.800157382193218e-07
6.840510929704361e-07
9.792875964854240e-07
1.399113728499445e-06
1.998071348471257e-06
2.849979836214129e-06
4.070181148679672e-06
5.801134923304833e-06
8.251755994408348e-06
1.172737433108340e-05
1.662615285004426e-05
2.356350720348460e-05
3.336027127395554e-05
4.719495543688461e-05
6.643660598052771e-05
9.353241049581503e-05
1.310040219309507e-04
1.833018219520991e-04
2.557809190817651e-04
3.566028676352850e-04
4.955381520023085e-04
6.863301710364480e-04
9.486614677885990e-04
1.306569731722169e-03
1.795087028653813e-03
2.461261321280868e-03
3.351071972227502e-03
4.555741474338453e-03
6.163725148279502e-03
8.308785236735537e-03
1.114682448836151e-02
1.493652646040545e-02
1.989363705858703e-02
2.636165217779112e-02
3.473192114791328e-02
4.552688572602101e-02
5.931139889604568e-02
7.673988857260514e-02
9.853699135015723e-02
1.257168531466913e-01
1.589894903339275e-01
1.991843017436123e-01
2.471762029863947e-01
3.031525465783333e-01
3.672040464164009e-01
4.388726679038498e-01
5.164452909738402e-01
5.979999983401809e-01
6.796612190290006e-01
7.576573710006167e-01
8.281699384458248e-01
8.879015748283433e-01
9.389941431727371e-01
9.999993743202503e-01
9.999999999988266e-01
1.000000000000000e+00
1.000000000000000e+00
1.000000000000000e+00
1.000000000000000e+00
1.000000000000000e+00
1.000000000000000e+00
1.000000000000000e+00
###1.240000000000001e+01
2.161970175118473e-10
6.736010993826288e-11
1.541932039430212e-10
3.067736533908959e-10
1.293470278717469e-10
4.268715285276587e-11
1.679133440575754e-10
2.909811047446010e-10
3.296142698172127e-10
3.753528587193964e-10
3.986882492469808e-10
4.232455818098416e-10
4.843005453648580e-10
5.469525697581992e-10
6.183937708553070e-10
7.059368934644627e-10
8.227704391844937e-10
9.814054455667609e-10
1.172130935217345e-09
1.437917626686967e-09
1.777374668566024e-09
2.256692255961787e-09
2.883320706800013e-09
3.763794270998534e-09
4.966420773235476e-09
6.676082346547553e-09
9.076056614510858e-09
1.242769211887407e-08
1.721006642527756e-08
2.395461118206839e-08
3.353265254868074e-08
4.724810477588706e-08
6.674976649008441e-08
9.448661872946248e-08
1.343158153032384e-07
1.911095161834789e-07
2.725179731588187e-07
3.890038592548358e-07
5.553110218901582e-07
7.907529059518920e-07
1.131199902538488e-06
1.614394080836597e-06
2.303088143492620e-06
3.280498074844163e-06
4.677974027090773e-06
6.656230545211632e-06
9.454117359714343e-06
1.341121582555915e-05
1.897779099570917e-05
2.685121712853122e-05
3.792983727223335e-05
5.354901036614864e-05
7.521174754233609e-05
1.056735504129976e-04
1.476779555503485e-04
2.061836372247473e-04
2.870534773393650e-04
3.992288455314976e-04
5.534804825610502e-04
7.647824769752016e-04
1.054505592710311e-03
1.448677757678572e-03
1.985339052015350e-03
2.715200866273777e-03
3.687105362840309e-03
4.999180776159106e-03
6.745197089073129e-03
9.067925275353489e-03
1.212934505048881e-02
1.620626036107883e-02
2.151914921023429e-02
2.842773014188207e-02
3.733510644502885e-02
4.877663755594845e-02
6.332718198060740e-02
8.164614861101349e-02
1.044521856799060e-01
1.327523313258641e-01
1.672212660426841e-01
2.086366947378786e-01
2.577964786333606e-01
3.147870037355654e-01
3.795682444552358e-01
4.515778425057815e-01
5.289714077275605e-01
6.097579178978432e-01
6.900929493946262e-01
7.663243463909818e-01
8.348487213877906e-01
8.925762033696559e-01
9.417233831190277e-01
9.999993743202503e-01
9.999999999988266e-01
1.000000000000000e+00
1.000000000000000e+00
1.000000000000000e+00
1.000000000000000e+00
1.000000000000000e+00
1.000000000000000e+00
1.000000000000000e+00
###1.280000000000001e+01
2.234194900280895e-10
7.992841547797004e-11
1.556798001442237e-10
3.061092653119570e-10
1.340354775060871e-10
5.214200789985639e-11
1.808553285403430e-10
2.987370722184352e-10
3.410163182416514e-10
3.856021403691012e-10
4.135438999010581e-10
4.392374708501930e-10
5.061654863321768e-10
5.777084460596467e-10
6.539135613491894e-10
7.523427019871300e-10
8.819805427783900e-10
1.062810939031802e-09
1.273353532865773e-09
1.569348238070722e-09
1.954669573125918e-09
2.494679002201584e-09
3.209948857042454e-09
4.215552086076102e-09
5.597083145882191e-09
7.553136191662360e-09
1.031174982026225e-08
1.417188421665820e-08
1.968781150995125e-08
2.748222691803184e-08
3.855575148930579e-08
5.440949048128863e-08
7.696203397833920e-08
1.090685024336648e-07
1.551252324338196e-07
2.207974881837024e-07
3.148386375371315e-07
4.491971039843536e-07
6.409904336582415e-07
9.120965950904776e-07
1.303619554904406e-06
1.858605089943783e-06
2.648033226391883e-06
3.766700788660744e-06
5.363035046420649e-06
7.618156010287458e-06
1.080213839847555e-05
1.529691591677208e-05
2.160492147156789e-05
3.051810947130304e-05
4.301732805354807e-05
6.059211354543336e-05
8.494118974939300e-05
1.190815903756167e-04
1.660538285278231e-04
2.313400729298699e-04
3.213604145474882e-04
4.458918974100661e-04
6.167366765154802e-04
8.502397133166134e-04
1.169480799192582e-03
1.602720324009651e-03
2.191029340290187e-03
2.989074048907856e-03
4.048504308537143e-03
5.474732240575311e-03
7.367101094669204e-03
9.877492221765413e-03
1.317482926832922e-02
1.755203056088550e-02
2.323731941461272e-02
3.060467324557002e-02
4.006830307119857e-02
5.217779680587583e-02
6.751694455664348e-02
8.674575260355659e-02
1.105780292038490e-01
1.400058308698653e-01
1.756773155102504e-01
2.183075570062524e-01
2.686151005651652e-01
3.265870736502605e-01
3.920753262244447e-01
4.643750477817191e-01
5.415526160507309e-01
6.215461490596987e-01
7.005437324172583e-01
7.750140026791117e-01
8.415393062351179e-01
8.972847396894648e-01
9.444780946156103e-01
9.999993743202503e-01
9.999999999988266e-01
1.000000000000000e+00
1.000000000000000e+00
1.000000000000000e+00
1.000000000000000e+00
1.000000000000000e+00
1.000000000000000e+00
1.000000000000000e+00
###1.320000000000001e+01
2.278205891808683e-10
9.345069063459587e-11
1.641549217667159e-10
3.063688157152137e-10
1.359695915368047e-10
6.462618939502932e-11
1.819628390084401e-10
3.085009289586856e-10
3.463202608137928e-10
3.959388131896079e-10
4.288619777222501e-10
4.582160054044599e-10
5.317201126006466e-10
6.086119655401064e-10
6.955093359564924e-10
8.028914224231933e-10
9.468482170646477e-10
1.147203978381784e-09
1.385195219779726e-09
1.716232930802197e-09
2.152668545069904e-09
2.764537379702032e-09
3.581519887009107e-09
4.729833884744174e-09
6.315040229893595e-09
8.557583884543446e-09
1.172503797021452e-08
1.617480655229721e-08
2.252527382341641e-08
3.152986072064862e-08
4.431167348492539e-08
6.261591284161490e-08
8.866049537710192e-08
1.257613644794145e-07
1.789112011469870e-07
2.546913805673009e-07
3.630720366054993e-07
5.177209518931804e-07
7.383500352803086e-07
1.049755582056141e-06
1.498883441668154e-06
2.134737583685629e-06
3.036971466807268e-06
4.314918420271601e-06
6.132517653910683e-06
8.696697611946874e-06
1.231088272121028e-05
1.740316262626933e-05
2.453637771285808e-05
3.459340081037265e-05
4.866015964200683e-05
6.839355421167629e-05
9.569126557934243e-05
1.338706472364835e-04
1.862950237708155e-04
2.589433158689008e-04
3.589437695857969e-04
4.968758227026953e-04
6.857040588975449e-04
9.431871333186987e-04
1.294237396887978e-03
1.769492599564426e-03
2.413065584206214e-03
3.283946542077758e-03
4.436492540288241e-03
5.984423481494270e-03
8.031604328206403e-03
1.073993099648836e-02
1.428536503211454e-02
1.897760510387796e-02
2.505237750416470e-02
3.289638211687303e-02
4.293743653972090e-02
5.573494255157560e-02
7.188399460760293e-02
9.204151345037480e-02
1.169151727985261e-01
1.474854722638904e-01
1.843599754694536e-01
2.281921878941008e-01
2.796350186597748e-01
3.385588985506101e-01
4.047077511210829e-01
4.772609650567890e-01
5.541768320830092e-01
6.333488199429846e-01
7.109932355188940e-01
7.836970691722172e-01
8.482478315050258e-01
9.019931711050782e-01
9.472248184966887e-01
9.999993743202503e-01
9.999999999988266e-01
1.000000000000000e+00
1.000000000000000e+00
1.000000000000000e+00
1.000000000000000e+00
1.000000000000000e+00
1.000000000000000e+00
1.000000000000000e+00
###1.360000000000001e+01
2.322632779537550e-10
9.774923674159351e-11
1.677642126512640e-10
3.042842417904811e-10
1.423384903893098e-10
7.306184564568889e-11
1.910292677865002e-10
3.158048412006792e-10
3.581057426936593e-10
4.042624742269500e-10
4.458176766766834e-10
4.811671144041749e-10
5.584560537362821e-10
6.409668259905715e-10
7.383432613976653e-10
8.578644101642096e-10
1.018117081125990e-09
1.239503222500742e-09
1.508338283372273e-09
1.879698449165628e-09
2.375727143939583e-09
3.067960784185155e-09
4.001019112574111e-09
5.312566080835654e-09
7.130620363371626e-09
9.703466061265017e-09
1.334100981073719e-08
1.847117510424979e-08
2.577443478942142e-08
3.616576289282186e-08
5.089857098980284e-08
7.200576838923850e-08
1.020401163208893e-07
1.448142615045065e-07
2.060561776049769e-07
2.932856906013145e-07
4.179606643031188e-07
5.956108168344811e-07
8.488497411740376e-07
1.205539488824090e-06
1.719476806382265e-06
2.445950186144921e-06
3.475316771857230e-06
4.930826178327806e-06
6.995601490282173e-06
9.903670831169998e-06
1.399554687039265e-05
1.974982618255245e-05
2.779738781220098e-05
3.911634674457185e-05
5.491085954572794e-05
7.701822616065646e-05
1.075464760271101e-04
1.501425195822911e-04
2.085157772874118e-04
2.892004490633256e-04
4.000271175286199e-04
5.525044231516374e-04
7.607842155927981e-04
1.044092003605598e-03
1.429401445176773e-03
1.949704564108664e-03
2.652490114625100e-03
3.601127044071283e-03
4.852971167121742e-03
6.529475880789830e-03
8.740720070188307e-03
1.165749645759013e-02
1.546387034984095e-02
2.048630841623344e-02
2.696718101554871e-02
3.530693596689661e-02
4.594690901609341e-02
5.945385346189005e-02
7.643106062311003e-02
9.753742126809675e-02
1.234679853491540e-01
1.551902586753153e-01
1.932679232484159e-01
2.383004499818539e-01
2.908499757302168e-01
3.506952516649793e-01
4.174659083183660e-01
4.902311344972753e-01
5.668181878872340e-01
6.451468744695459e-01
7.214244087908631e-01
7.923570651612190e-01
8.549341388826035e-01
9.066791805983888e-01
9.499644264297981e-01
9.999993743202503e-01
9.999999999988266e-01
1.000000000000000e+00
1.000000000000000e+00
1.000000000000000e+00
1.000000000000000e+00
1.000000000000000e+00
1.000000000000000e+00
1.000000000000000e+00
###1.400000000000001e+01
2.342130139496839e-10
9.930752322968335e-11
1.740055239095152e-10
3.022104031970725e-10
1.409175259613995e-10
8.262295827723620e-11
1.980305331521594e-10
3.285307390795252e-10
3.688984154094134e-10
4.168306773684610e-10
4.646223076132995e-10
5.031530591766950e-10
5.874850432191290e-10
6.811365016537560e-10
7.847118110572346e-10
9.184003204260412e-10
1.095736743859354e-09
1.341798130877497e-09
1.645160745225267e-09
2.064224097823163e-09
2.625650579593428e-09
3.410844330061702e-09
4.477283279198542e-09
5.974432302847123e-09
8.057941596907921e-09
1.101293402141087e-08
1.518991531716535e-08
2.109187259693347e-08
2.949818158452466e-08
4.145587716233076e-08
5.841726099533632e-08
8.273987128197004e-08
1.173041395586204e-07
1.665401603647189e-07
2.369499836676491e-07
3.371622638322799e-07
4.802411588972348e-07
6.838038287822565e-07
9.738329651279834e-07
1.381600142635692e-06
1.968129461481511e-06
2.795940276352089e-06
3.967462710701203e-06
5.621648640205832e-06
7.961615178443031e-06
1.125236873632359e-05
1.587291731792995e-05
2.235957175623868e-05
3.141584200483931e-05
4.412893201669017e-05
6.182394312503420e-05
8.652866124201950e-05
1.206024673860381e-04
1.680204341714782e-04
2.328921987549664e-04
3.222986564594816e-04
4.448822368596939e-04
6.131225912453203e-04
8.423696034777833e-04
1.153520684247636e-03
1.575638822352451e-03
2.144271993565162e-03
2.910250579061286e-03
3.941781148488884e-03
5.299149243594252e-03
7.112166715924824e-03
9.497041884414921e-03
1.263302775788157e-02
1.671337013743219e-02
2.208174153510552e-02
2.898691983802744e-02
3.784130655024531e-02
4.909885416415291e-02
6.333819223694599e-02
8.116456276108508e-02
1.032369281113201e-01
1.302401596321839e-01
1.631239698935350e-01
2.024031689234709e-01
2.486221716770242e-01
3.022638893534704e-01
3.630011127020891e-01
4.303432864641301e-01
5.032685282075577e-01
5.794908082678669e-01
6.569262792738406e-01
7.318193071560891e-01
8.009748676752676e-01
8.615810620201944e-01
9.113417749173564e-01
9.526745338328861e-01
9.999993743202503e-01
9.999999999988266e-01
1.000000000000000e+00
1.000000000000000e+00
1.000000000000000e+00
1.000000000000000e+00
1.000000000000000e+00
1.000000000000000e+00
1.000000000000000e+00
###1.440000000000001e+01
2.331932768416675e-10
9.992717345432010e-11
1.745479702352314e-10
3.049466845954517e-10
1.439655736425700e-10
9.166214903321609e-11
2.071670986686079e-10
3.364886737845795e-10
3.767107008742837e-10
4.298294059587038e-10
4.826219658688068e-10
5.278838039971733e-10
6.169856602872813e-10
7.225072994764164e-10
8.335460447972751e-10
9.853861089658260e-10
1.182056946900714e-09
1.454650782289950e-09
1.796790285736373e-09
2.270584608258475e-09
2.908774068105937e-09
3.797961452424154e-09
5.017230871003069e-09
6.728500788544103e-09
9.117637706228618e-09
1.250532680255926e-08
1.730182107666709e-08
2.408740091392477e-08
3.375743826925936e-08
4.750399223288415e-08
6.700967596644632e-08
9.497671376636178e-08
1.346879576757362e-07
1.912742758714459e-07
2.720374164013359e-07
3.869341049654572e-07
5.507530566643909e-07
7.835979008776002e-07
1.114918341420171e-06
1.579914675292606e-06
2.247868486221961e-06
3.189252807340301e-06
4.519072581428683e-06
6.394378477473813e-06
9.040831971852522e-06
1.275514141402425e-05
1.796169387633270e-05
2.525875171291428e-05
3.542455858951832e-05
4.967061615373333e-05
6.945142633527222e-05
9.701136258758100e-05
1.349504504697006e-04
1.876395796628957e-04
2.595742698809808e-04
3.584674056301480e-04
4.937689031791035e-04
6.790316710350400e-04
9.309174429044938e-04
1.271971524361810e-03
1.733581085712741e-03
2.353869186178581e-03
3.187467831960684e-03
4.307079777265411e-03
5.776713993576982e-03
7.733818407795899e-03
1.030226516673451e-02
1.366950837261476e-02
1.803706716872583e-02
2.376677069050185e-02
3.111333918327060e-02
4.050303939445109e-02
5.239737920668990e-02
6.738966249745007e-02
8.608696142039876e-02
1.091453396531897e-01
1.372339704489368e-01
1.712868601821657e-01
2.117733543115130e-01
2.591636250714660e-01
3.138737513366083e-01
3.754639253552700e-01
4.433318563501999e-01
5.163636155596476e-01
5.921802108572954e-01
6.686750592535026e-01
7.421563672051776e-01
8.095356828126065e-01
8.681629299084234e-01
9.159511811725998e-01
9.553527227400066e-01
9.999993743202503e-01
9.999999999988266e-01
1.000000000000000e+00
1.000000000000000e+00
1.000000000000000e+00
1.000000000000000e+00
1.000000000000000e+00
1.000000000000000e+00
1.000000000000000e+00
###1.480000000000001e+01
2.385884810746144e-10
1.060331678169889e-10
1.735937455017270e-10
3.141485673115123e-10
1.482192235868348e-10
9.288461377837582e-11
2.167759149282280e-10
3.487832435773614e-10
3.893925137178670e-10
4.494190832029691e-10
5.013983020873235e-10
5.535179599332666e-10
6.497684169555316e-10
7.607834854388511e-10
8.892247206691552e-10
1.045574238444148e-09
1.276743391823363e-09
1.580863650449668e-09
1.967442542383110e-09
2.503137442848342e-09
3.226968607323438e-09
4.238330248861669e-09
5.628740561209889e-09
7.585934508645443e-09
1.032577670474042e-08
1.420721224815050e-08
1.971314389627848e-08
2.750465904701220e-08
3.860287184522957e-08
5.440168035280918e-08
7.681301113998670e-08
1.088966310029205e-07
1.544440077624183e-07
2.193253223314591e-07
3.118092739779403e-07
4.432799381466730e-07
6.304675995264766e-07
8.961681084603311e-07
1.273723280975359e-06
1.802969747278775e-06
2.562203060889135e-06
3.630062181116959e-06
5.136325804703696e-06
7.256973928383894e-06
1.024201908733562e-05
1.442706750457589e-05
2.028160624214176e-05
2.847139578792895e-05
3.986040009636737e-05
5.578918931144703e-05
7.785875927864867e-05
1.085422891479108e-04
1.507020631777578e-04
2.091282403287534e-04
2.887403285770976e-04
3.979108529819717e-04
5.470096316039970e-04
7.506661510146544e-04
1.026898328468771e-03
1.400115760564465e-03
1.904074384821174e-03
2.579628424047216e-03
3.485283786505974e-03
4.698834811126559e-03
6.287241237455939e-03
8.396767660994970e-03
1.115880410342561e-02
1.476892455697500e-02
1.943772398230735e-02
2.554561538968729e-02
3.335101446089537e-02
4.329508365394220e-02
5.584820972763253e-02
7.161564462994890e-02
9.120427798243286e-02
1.152651952890697e-01
1.444540634045061e-01
1.796816103960981e-01
2.213720188454657e-01
2.699213742973844e-01
3.256737977329363e-01
3.880702528542114e-01
4.564264410688669e-01
5.295102831445032e-01
6.048747058870458e-01
6.803898100030542e-01
7.524384137789426e-01
8.180120721476479e-01
8.746690211661113e-01
9.204985817187255e-01
9.579860542284894e-01
9.999993743202503e-01
9.999999999988266e-01
1.000000000000000e+00
1.000000000000000e+00
1.000000000000000e+00
1.000000000000000e+00
1.000000000000000e+00
1.000000000000000e+00
1.000000000000000e+00
###1.520000000000001e+01
2.384370615509803e-10
1.066658994310429e-10
1.743735628213030e-10
3.176724337389934e-10
1.529821903522247e-10
1.016361083042153e-10
2.292517211818883e-10
3.573680303563183e-10
4.024495726395012e-10
4.610587149378429e-10
5.217616665921984e-10
5.820582579350784e-10
6.838402108622446e-10
8.061832668201508e-10
9.505383972812499e-10
1.126033917028887e-09
1.381959545926697e-09
1.721193880456844e-09
2.161050858019415e-09
2.761778823136011e-09
3.586617514581741e-09
4.734639408382123e-09
6.325041217576860e-09
8.562135392025141e-09
1.169887473675626e-08
1.614664155549954e-08
2.245962798519290e-08
3.139738501323883e-08
4.413023100539337e-08
6.224776845970827e-08
8.796487624382172e-08
1.247093423487672e-07
1.768557198017087e-07
2.511181642366859e-07
3.568306763455640e-07
5.069421503694475e-07
7.203512586950208e-07
1.022949205211104e-06
1.452316972691567e-06
2.053432146903137e-06
2.914278491265738e-06
4.123228864398804e-06
5.825419009027757e-06
8.218602156331574e-06
1.157961657878610e-05
1.628416019131735e-05
2.285401655195618e-05
3.202691637606779e-05
4.476056948966229e-05
6.253318841449218e-05
8.710439679349537e-05
1.211929100614013e-04
1.679592088460685e-04
2.326247776049501e-04
3.205631470336036e-04
4.408906880466580e-04
6.048676247449947e-04
8.283465126603749e-04
1.130815964770337e-03
1.538596594798088e-03
2.087879544290102e-03
2.822443475735831e-03
3.804886427803304e-03
5.118231604440340e-03
6.832521640760288e-03
9.103231174537310e-03
1.206900661221052e-02
1.593456045849375e-02
2.091858207198057e-02
2.742011660398067e-02
3.570368273663316e-02
4.622296330083175e-02
5.945540858862342e-02
7.601843555603137e-02
9.651935583920822e-02
1.216017143093340e-01
1.519004674136827e-01
1.883085313745299e-01
2.312007247134167e-01
2.808951315348699e-01
3.376580521761805e-01
4.008268294676797e-01
4.696222278892724e-01
5.427013677716079e-01
6.175584935032509e-01
6.920530030377927e-01
7.626304185062613e-01
8.263880849604077e-01
8.810661165217459e-01
9.249702137039144e-01
9.605621899833184e-01
9.999993743202503e-01
9.999999999988266e-01
1.000000000000000e+00
1.000000000000000e+00
1.000000000000000e+00
1.000000000000000e+00
1.000000000000000e+00
1.000000000000000e+00
1.000000000000000e+00
###1.560000000000001e+01
2.448685828161959e-10
1.106275820760354e-10
1.730180393733068e-10
3.187669070041515e-10
1.589239720016828e-10
1.035292654149938e-10
2.421352056252374e-10
3.688337938094742e-10
4.124084590067129e-10
4.778752486042777e-10
5.327686791937701e-10
6.116041687080329e-10
7.223954319509413e-10
8.563474700583223e-10
1.015957731694683e-09
1.214305562964010e-09
1.499402078043611e-09
1.878064765232733e-09
2.375284791530147e-09
3.055018543335629e-09
3.994838401413390e-09
5.298422151082412e-09
7.114965957342371e-09
9.671323025837676e-09
1.326142886977132e-08
1.835376115080348e-08
2.558209181967305e-08
3.582649707067789e-08
5.040943940103060e-08
7.116351361391280e-08
1.006097977624764e-07
1.426325901460153e-07
2.022623110667653e-07
2.870984823779452e-07
4.077092442334516e-07
5.787562121364753e-07
8.216524799207481e-07
1.165538680040154e-06
1.652901135154315e-06
2.334021626250172e-06
3.308215485589538e-06
4.673648380040433e-06
6.593544301119040e-06
9.289170690858626e-06
1.306558093026392e-05
1.834210824990091e-05
2.570100271784704e-05
3.595583850421561e-05
5.016868832773926e-05
6.995667845888560e-05
9.726539836010845e-05
1.350719172561854e-04
1.868436650451178e-04
2.582887950534864e-04
3.552593991134827e-04
4.876343413515302e-04
6.676673447373567e-04
9.125085032039651e-04
1.243224714035124e-03
1.687911700218509e-03
2.285761252963646e-03
3.083304284383628e-03
4.147510816928841e-03
5.566685679758513e-03
7.414388526687045e-03
9.855101638372716e-03
1.303530634676942e-02
1.716881038476868e-02
2.248295466353326e-02
2.939513156873906e-02
3.817576612781354e-02
4.928953185499045e-02
6.322191594609261e-02
8.060378987189976e-02
1.020366741190013e-01
1.281579635276114e-01
1.595813128188148e-01
1.971749967126960e-01
2.412561573918777e-01
2.920748378825094e-01
3.498164081153795e-01
4.137261820236354e-01
4.829039136862825e-01
5.559210175405394e-01
6.302207207930379e-01
7.036447948485802e-01
7.727219563758854e-01
8.346547156009028e-01
8.873689098434687e-01
9.293439544630508e-01
9.630875231813899e-01
9.999993743202503e-01
9.999999999988266e-01
1.000000000000000e+00
1.000000000000000e+00
1.000000000000000e+00
1.000000000000000e+00
1.000000000000000e+00
1.000000000000000e+00
1.000000000000000e+00
