# NLO BK equation solver 0.0-dev build  (build Oct 13 2025 12:18:44)
# Initial condition: MV model, Q_s0^2 = 0.102117 GeV^2, \gamma = 2.93114, coefficient of E inside Log is 1, x0=0.01, \Lambda_QCD = 0.241 GeV
# # LO Kernel RC:  Parent dipole. NLO Kernel RC:  Parent dipole
# Nc=3, Nf=4
# Using RungeKutta method in K1
# Resumming double log
# Resumming single log, K_sub=0.65 resum rc: parent
# BK K1 integration relative accuracy: 0.02# NLO BK as^2 terms: MC integration method: Vegas, points=1000000
# Kinematical constraint: none
# Target kinematical constraint: disabled

###1.000000000000000e-05
###1.160836920850890e+00
###100
###1.000000000000000e+00
###0.000000000000000e+00
1.967492597527872e-32
4.662119838727333e-32
1.104573649480589e-31
2.616648836298337e-31
6.197753124889379e-31
1.467775602911966e-30
3.475522124165412e-30
8.228370396895280e-30
1.947777354444350e-29
4.609934468414213e-29
1.090883420202691e-28
2.581001156424240e-28
6.105515948745065e-28
1.444038658619069e-27
3.414722628488126e-27
8.073279802345725e-27
1.908359718269861e-26
4.510074858196068e-26
1.065658465912641e-25
2.517447991448947e-25
5.945774561172056e-25
1.403973785062166e-24
3.314432856560215e-24
7.822688236893660e-24
1.845848912969191e-23
4.354378922838174e-23
1.026934347685302e-22
2.421262153042601e-22
5.707155715263783e-22
1.344845260938692e-21
3.168073930256977e-21
7.460779248988672e-21
1.756443695928328e-20
4.133714353783756e-20
9.725180097518901e-20
2.287179779698738e-19
5.377032077448469e-19
1.263625947700538e-18
2.968394470224505e-18
6.970197912585229e-18
1.635994764249009e-17
3.838172775884756e-17
9.000467163582675e-17
2.109576080681104e-16
4.942039300662780e-16
1.157147852186253e-15
2.707905419028987e-15
6.333298282906459e-15
1.480360688617830e-14
3.458080714091466e-14
8.072740931323667e-14
1.883271972133730e-13
4.390344123324041e-13
1.022738215176346e-12
2.380659732348136e-12
5.537111759802301e-12
1.286792013238133e-11
2.987847520682752e-11
6.931376793704354e-11
1.606489573215230e-10
3.719808409068513e-10
8.604693210647668e-10
1.988436267790102e-09
4.590295814832933e-09
1.058561767069098e-08
2.438570979425324e-08
5.611766222927440e-08
1.290075584644744e-07
2.962748581592225e-07
6.797644859954207e-07
1.558241025711848e-06
3.569121732634860e-06
8.169346900306169e-06
1.868824806117164e-05
4.273462729953437e-05
9.770110520046504e-05
2.233641494647776e-04
5.107481447201856e-04
1.168279011322215e-03
2.673290807977180e-03
6.117665577297648e-03
1.398725555740621e-02
3.186650757181198e-02
7.187885594920118e-02
1.581529764580094e-01
3.284695099055581e-01
6.027286940416674e-01
8.829525781875021e-01
9.932411896752511e-01
9.999914316918231e-01
9.999999999986164e-01
1.000000000000000e+00
1.000000000000000e+00
1.000000000000000e+00
1.000000000000000e+00
1.000000000000000e+00
1.000000000000000e+00
1.000000000000000e+00
1.000000000000000e+00
1.000000000000000e+00
###4.000000000000000e-01
-1.329143305363742e-11
-8.378051909412016e-12
-1.510411609239710e-12
-3.106232942199061e-13
1.157547714346425e-11
3.539210616026537e-11
1.040532308492110e-12
-1.457285015663474e-11
2.967938876198141e-13
-8.480218308329719e-13
9.679106680602172e-13
1.312999609132393e-12
9.561393712698393e-12
2.925922661111324e-13
2.899669534966721e-12
3.932902269824949e-13
3.552279650481108e-12
9.740054183489929e-13
6.771967118863455e-12
4.929225495225997e-12
4.937961580033088e-12
1.678825291059713e-11
1.631863225499570e-11
2.096627463328482e-11
2.258727398140386e-11
3.790749215506138e-11
5.868512978704951e-11
7.359748815039075e-11
9.580978979437665e-11
1.258870201120174e-10
1.725238953327917e-10
2.272668182034892e-10
3.062861442454905e-10
4.100314687230196e-10
5.432939136218400e-10
7.206363491792267e-10
9.643914087955252e-10
1.269177886677009e-09
1.665128697454299e-09
2.202678557808737e-09
2.897623562534978e-09
3.788155295246028e-09
4.935549351812434e-09
6.449184930326789e-09
8.361362254862608e-09
1.091141428357157e-08
1.405773794942502e-08
1.840133567855072e-08
2.381525096539580e-08
3.116737440474686e-08
4.089361304735604e-08
5.375103992274207e-08
7.171167237122030e-08
9.603411391308674e-08
1.312500891780301e-07
1.820238916451697e-07
2.556737382183002e-07
3.647698970439565e-07
5.275339991983339e-07
7.795615043500279e-07
1.169295720441597e-06
1.752553127521528e-06
2.669791682651210e-06
4.097588589125729e-06
6.298403363462300e-06
9.721688180791125e-06
1.506059736803825e-05
2.331482497737497e-05
3.618422671360229e-05
5.620653676479879e-05
8.712502909365225e-05
1.354819569276599e-04
2.112890081721524e-04
3.313954431427004e-04
5.243260734515661e-04
8.385372754054019e-04
1.365158517362208e-03
2.268334583850156e-03
3.868743935506231e-03
6.824295387493672e-03
1.244197487138098e-02
2.345653319748719e-02
4.556921409046295e-02
9.022932058418784e-02
1.788315069782101e-01
3.425420438965697e-01
5.936337712099701e-01
8.477710490319489e-01
9.638192026139383e-01
9.999914316918231e-01
9.999999999986164e-01
1.000000000000000e+00
1.000000000000000e+00
1.000000000000000e+00
1.000000000000000e+00
1.000000000000000e+00
1.000000000000000e+00
1.000000000000000e+00
1.000000000000000e+00
1.000000000000000e+00
###8.000000000000000e-01
-2.027212223188743e-11
-7.223493345601604e-12
-1.652571507317705e-12
-3.174043363197012e-12
1.169913905963836e-11
3.425485525532485e-11
2.541395428787858e-12
-1.361939444825990e-11
1.882186497789345e-12
6.466887890087059e-13
1.706579698685361e-12
8.181708997152858e-12
1.040419888157818e-11
-8.268178827484445e-13
7.048345487119188e-12
3.004797488078738e-13
5.360480256336307e-12
3.700422314426528e-12
1.235333448823564e-11
8.119033203866508e-12
1.503691808141103e-11
3.142403085806840e-11
3.416423259258652e-11
4.188148959377962e-11
5.487849024872488e-11
7.742275277270577e-11
1.139742779761883e-10
1.457442227894853e-10
2.007344554618626e-10
2.658244719881170e-10
3.577174117955871e-10
4.753854135966604e-10
6.358286472173676e-10
8.481184879324689e-10
1.124479759276516e-09
1.491032223426325e-09
1.970664342492649e-09
2.605896652037817e-09
3.424900433580427e-09
4.513198824713650e-09
5.934283627228218e-09
7.758036445101302e-09
1.012471245411421e-08
1.328475900155322e-08
1.724428822216238e-08
2.260588174379575e-08
2.930075153065879e-08
3.863209192157365e-08
5.052882139891973e-08
6.669842321805798e-08
8.858174837944170e-08
1.184347607090167e-07
1.603735795976670e-07
2.187291470410251e-07
3.038835439248357e-07
4.267691107453000e-07
6.093691823995897e-07
8.796592563959425e-07
1.284862248866393e-06
1.905759912204422e-06
2.860816362958852e-06
4.293172061819707e-06
6.529674072309658e-06
9.944161254312029e-06
1.519571138654178e-05
2.321939582851991e-05
3.567565868783784e-05
5.462217905749831e-05
8.375696759049020e-05
1.285747440304068e-04
1.967629639133842e-04
3.015401692252356e-04
4.619196213126014e-04
7.100968556111075e-04
1.096787116674264e-03
1.700144260978805e-03
2.663535573945349e-03
4.224242501236986e-03
6.804790224322890e-03
1.122742200238722e-02
1.906476797182177e-02
3.296424498115979e-02
5.891754403983029e-02
1.075703947725143e-01
1.977856238369181e-01
3.551798621032299e-01
5.863686126538694e-01
8.187279368697464e-01
9.387696238848119e-01
9.999914316918231e-01
9.999999999986164e-01
1.000000000000000e+00
1.000000000000000e+00
1.000000000000000e+00
1.000000000000000e+00
1.000000000000000e+00
1.000000000000000e+00
1.000000000000000e+00
1.000000000000000e+00
1.000000000000000e+00
###1.200000000000000e+00
-2.036524349951624e-11
-8.111629205761753e-12
-3.150865413737987e-12
6.480788304166433e-13
3.255049279124439e-12
3.351758881834464e-11
-4.096558891615053e-12
-3.406645744128784e-12
1.951419319997129e-12
4.681883340464528e-12
-1.100155335579726e-12
1.128445720252294e-11
1.447873922277394e-11
-5.350094208660801e-12
1.530718122771719e-11
7.190264912216286e-12
1.200826484603149e-11
8.188370350100427e-12
1.731942219803536e-11
1.577944365690521e-11
2.496690898382895e-11
4.736324767318159e-11
5.388024434946633e-11
7.220112215571190e-11
8.423883828941406e-11
1.237464842892377e-10
1.774138963637778e-10
2.290556433303678e-10
3.110598154457585e-10
4.156194880284710e-10
5.565578455772650e-10
7.402603951489504e-10
9.870108201205192e-10
1.310853995010768e-09
1.738250711699883e-09
2.310155138855028e-09
3.048421372547733e-09
4.022313094700682e-09
5.294740714998408e-09
6.957301287106567e-09
9.145124247613653e-09
1.198422493690659e-08
1.569029722922134e-08
2.059459107161233e-08
2.691901732044687e-08
3.540559072774237e-08
4.618900228407479e-08
6.154701286267338e-08
8.122193915814980e-08
1.084108923144434e-07
1.456691634748989e-07
1.975872215745277e-07
2.714970461501529e-07
3.755350825523494e-07
5.282049957414540e-07
7.522601308628802e-07
1.085490128122975e-06
1.582152624936772e-06
2.322785309262002e-06
3.450154002706589e-06
5.177147226043387e-06
7.767850545944477e-06
1.173350566779034e-05
1.781532596053796e-05
2.698084186817001e-05
4.105723797340798e-05
6.250684720135196e-05
9.482738841789661e-05
1.440937333366471e-04
2.188953813436060e-04
3.321142762662424e-04
5.034857161117800e-04
7.622186867234680e-04
1.156688776915658e-03
1.760414283356695e-03
2.682722590829072e-03
4.120296897723104e-03
6.374079929713514e-03
9.970719144520985e-03
1.586684940403075e-02
2.576709953298696e-02
4.250481692602050e-02
7.192573002917473e-02
1.240205499681858e-01
2.153031879344536e-01
3.667282626913800e-01
5.807496710323226e-01
7.948421502599383e-01
9.175610784384673e-01
9.999914316918231e-01
9.999999999986164e-01
1.000000000000000e+00
1.000000000000000e+00
1.000000000000000e+00
1.000000000000000e+00
1.000000000000000e+00
1.000000000000000e+00
1.000000000000000e+00
1.000000000000000e+00
1.000000000000000e+00
###1.600000000000000e+00
-1.469528620171887e-11
1.009192614772976e-11
-1.295863902742385e-12
-4.445341806792850e-13
-1.912313881580245e-12
1.743899264033061e-11
-7.513688877854648e-12
-2.105387450902895e-12
5.789779558127212e-12
1.921542957450459e-12
-3.601151336213392e-13
2.249474238181820e-11
5.200082396658147e-12
1.530886024251408e-11
1.581333457820436e-11
1.488280611169931e-11
2.086404383087187e-11
1.145570820488083e-11
3.085222741671357e-11
2.930763253643640e-11
4.419242706004248e-11
7.216766722099331e-11
7.257989609932255e-11
1.023511162087644e-10
1.240777928395395e-10
1.762980575976840e-10
2.461087600995168e-10
3.212024673045974e-10
4.331632886832575e-10
5.773522827091912e-10
7.727924917909726e-10
1.025927326563154e-09
1.365401060000517e-09
1.828878040872092e-09
2.396878777979582e-09
3.187216337812726e-09
4.195692615649782e-09
5.529904563034190e-09
7.293928262811288e-09
9.568983470861613e-09
1.257276935347231e-08
1.653969386888630e-08
2.171756892928133e-08
2.860532262702570e-08
3.763533435030212e-08
4.983416274131002e-08
6.534366243768082e-08
8.793234639706133e-08
1.171805827852095e-07
1.581977020878015e-07
2.151825258173631e-07
2.951008582092694e-07
4.114855440550580e-07
5.762575443794952e-07
8.187135223779005e-07
1.178029761080910e-06
1.714679146020011e-06
2.511321683270788e-06
3.696844291651666e-06
5.489788600164869e-06
8.230486566722523e-06
1.232568074922989e-05
1.850429760769373e-05
2.799565651415735e-05
4.216896814869094e-05
6.371831751887456e-05
9.622786278631232e-05
1.449875625655800e-04
2.182972748671151e-04
3.287474161481305e-04
4.946216013504024e-04
7.430735457517284e-04
1.114025274269902e-03
1.672699480219768e-03
2.517138941369000e-03
3.786721261969423e-03
5.731900282041889e-03
8.714849010547462e-03
1.335420745977126e-02
2.072549112889769e-02
3.264016870112087e-02
5.205836463725781e-02
8.461970757515029e-02
1.396883324169753e-01
2.316197205419662e-01
3.774662176655077e-01
5.766655694352186e-01
7.753475813401238e-01
8.997265498384599e-01
9.999914316918231e-01
9.999999999986164e-01
1.000000000000000e+00
1.000000000000000e+00
1.000000000000000e+00
1.000000000000000e+00
1.000000000000000e+00
1.000000000000000e+00
1.000000000000000e+00
1.000000000000000e+00
1.000000000000000e+00
###2.000000000000000e+00
-5.961920560698982e-12
1.453748775444799e-11
-1.141365531877562e-12
-3.779421361608037e-12
3.207865688755838e-12
1.535224043777103e-11
-3.450757937210829e-11
-9.237320917271618e-12
-4.388058123636536e-12
5.366075504627742e-12
-2.948336357538008e-12
2.592650511363548e-11
2.216111328375081e-11
6.433884197071195e-12
1.879492657264790e-11
1.722110158908116e-11
2.306319930299542e-11
2.331023291044368e-11
3.985148681241870e-11
3.975871345123709e-11
5.852541208434872e-11
9.014923434722725e-11
9.508331847289601e-11
1.321712347732005e-10
1.658000378023561e-10
2.325257517708940e-10
3.180185643737150e-10
4.186287559046519e-10
5.624030740192161e-10
7.481551782545085e-10
1.000059161279074e-09
1.330427222939668e-09
1.767495359488890e-09
2.358071300782170e-09
3.097354778988471e-09
4.120297933923548e-09
5.420096095641539e-09
7.134746272034229e-09
9.442946340606955e-09
1.237698105104559e-08
1.631443298914656e-08
2.152820385458298e-08
2.838018885677588e-08
3.757079896467509e-08
4.974940786091624e-08
6.631868761072561e-08
8.785044878674702e-08
1.188177635857009e-07
1.600342675137057e-07
2.185197844726113e-07
3.006480447942364e-07
4.168764255449026e-07
5.876305343223059e-07
8.316667654458477e-07
1.192563010224706e-06
1.726926673359054e-06
2.523598934122254e-06
3.712957697642612e-06
5.465886185002716e-06
8.120949744209717e-06
1.214237676410332e-05
1.813062971927608e-05
2.709502676689010e-05
4.077239055093328e-05
6.112544237789061e-05
9.172562233368591e-05
1.375336644462653e-04
2.059194976631518e-04
3.074306457541769e-04
4.595852390933777e-04
6.863324142223203e-04
1.025807196769311e-03
1.519603901836390e-03
2.260856728533348e-03
3.368882416541054e-03
5.012189496279043e-03
7.498691635986338e-03
1.123900667017603e-02
1.694372727632595e-02
2.578864238056057e-02
3.966948859069304e-02
6.162340305845315e-02
9.705555906420348e-02
1.546768475348132e-01
2.469386898790751e-01
3.875944580838294e-01
5.739694045093544e-01
7.595816473432065e-01
8.848502073463519e-01
9.999914316918231e-01
9.999999999986164e-01
1.000000000000000e+00
1.000000000000000e+00
1.000000000000000e+00
1.000000000000000e+00
1.000000000000000e+00
1.000000000000000e+00
1.000000000000000e+00
1.000000000000000e+00
1.000000000000000e+00
###2.400000000000000e+00
-3.785464305394088e-12
1.880305949180896e-11
9.998757032915603e-12
-3.275014319462408e-12
1.605668817106742e-11
1.651426882902727e-11
-3.161851710285926e-11
-7.484049593639325e-12
1.214849984144751e-12
6.194854249445963e-12
-1.401544321577372e-13
2.593261692461497e-11
2.549121357754645e-11
1.314432261518765e-11
1.881912354976801e-11
2.124037814587392e-11
2.743657378224758e-11
3.106553711340060e-11
4.497642084695631e-11
4.893510321182460e-11
7.380056434913948e-11
1.092132944675582e-10
1.229859682871796e-10
1.671020027919420e-10
2.250012668480149e-10
2.940526838283656e-10
3.989441631609794e-10
5.287319012852555e-10
7.016554373121668e-10
9.456255467411373e-10
1.247153118917566e-09
1.656373004855724e-09
2.200342297526624e-09
2.923824970053643e-09
3.849219129185993e-09
5.122346996620292e-09
6.736142676986730e-09
8.875028032100733e-09
1.177469043378944e-08
1.547523455691244e-08
2.046597342358149e-08
2.705059001238418e-08
3.585293741629181e-08
4.769148202372773e-08
6.362330592425524e-08
8.543724573347560e-08
1.143141586741615e-07
1.558608781823373e-07
2.118202619681269e-07
2.922018062462885e-07
4.062604306108317e-07
5.687787487127095e-07
8.094375039839209e-07
1.155426775426206e-06
1.667875114910097e-06
2.424903408624241e-06
3.552442613257680e-06
5.236667621706983e-06
7.700217411875437e-06
1.142950981102912e-05
1.704595010001179e-05
2.535396824461379e-05
3.777156950026800e-05
5.648545186347917e-05
8.429013017417405e-05
1.256431838431904e-04
1.872419272885127e-04
2.784709878348367e-04
4.127746627829106e-04
6.128709368258286e-04
9.087953105534092e-04
1.346133241671864e-03
1.980757217014857e-03
2.922697445293573e-03
4.317271963432256e-03
6.360985209593955e-03
9.417623848997816e-03
1.394529974459281e-02
2.073671084827141e-02
3.104833155539080e-02
4.684906831049352e-02
7.119676549116430e-02
1.092672187014239e-01
1.690809102219842e-01
2.614286737271744e-01
3.972877886085510e-01
5.725404768679179e-01
7.470002455674789e-01
8.725774452311108e-01
9.999914316918231e-01
9.999999999986164e-01
1.000000000000000e+00
1.000000000000000e+00
1.000000000000000e+00
1.000000000000000e+00
1.000000000000000e+00
1.000000000000000e+00
1.000000000000000e+00
1.000000000000000e+00
1.000000000000000e+00
###2.800000000000000e+00
-3.260065555504130e-12
4.342562030838878e-11
-2.478019651741526e-12
1.362981862739846e-11
2.277768244742869e-11
2.539355777908413e-11
-3.134773981833932e-11
1.104790723737934e-12
-1.010588604931002e-11
1.195766944798217e-11
2.355167950158909e-12
2.435703455033699e-11
2.896001392337323e-11
1.351485574280003e-11
2.357886190884651e-11
2.486271141589887e-11
3.081993464490677e-11
2.871317826665550e-11
4.922906290767880e-11
5.445744798442695e-11
8.984519049752856e-11
1.258304159592449e-10
1.529953172129718e-10
1.976842968132204e-10
2.730769877646862e-10
3.587750552400225e-10
4.842460764285424e-10
6.452701388114470e-10
8.421184789889234e-10
1.144629786413656e-09
1.511157105790302e-09
2.006101129057816e-09
2.660605124200409e-09
3.534528451404787e-09
4.667188344538581e-09
6.205223333542121e-09
8.169814405186016e-09
1.076062469801757e-08
1.431451263716376e-08
1.889110491265617e-08
2.506174392563641e-08
3.329051340690471e-08
4.432843226384121e-08
5.934407981743007e-08
7.972421473120853e-08
1.078184941652411e-07
1.458140986141097e-07
2.002509246446555e-07
2.748537143269674e-07
3.824816562334798e-07
5.368928452942747e-07
7.580043570705563e-07
1.085606142609043e-06
1.561342034001133e-06
2.263113829303010e-06
3.297883953135239e-06
4.838852802538280e-06
7.135820499463586e-06
1.048534749555783e-05
1.552426589720727e-05
2.307539057037823e-05
3.418784739174886e-05
5.075498295296356e-05
7.551493771511509e-05
1.122248509151839e-04
1.660913229934914e-04
2.459555189496746e-04
3.634903391357347e-04
5.355103781729507e-04
7.901060018210252e-04
1.163626258233498e-03
1.710359283048934e-03
2.500375008626466e-03
3.660758101339593e-03
5.363645756638366e-03
7.834485919164032e-03
1.148886988309940e-02
1.682919799475774e-02
2.472394774683478e-02
3.649111490248683e-02
5.418898082502449e-02
8.078750912281216e-02
1.212826717294851e-01
1.829950710936597e-01
2.752359916612713e-01
4.066853358882785e-01
5.722722260139494e-01
7.371702676958140e-01
8.625660969797074e-01
9.999914316918231e-01
9.999999999986164e-01
1.000000000000000e+00
1.000000000000000e+00
1.000000000000000e+00
1.000000000000000e+00
1.000000000000000e+00
1.000000000000000e+00
1.000000000000000e+00
1.000000000000000e+00
1.000000000000000e+00
###3.200000000000000e+00
-3.334345433177774e-11
4.748288274154800e-11
-2.060327351397315e-11
1.227724601646360e-11
4.249855424222843e-11
6.136691848856767e-11
-2.679142481639098e-11
6.251297377705672e-12
-9.340025743224375e-12
2.081055968574399e-11
6.693881161308626e-12
2.585509246727867e-11
3.048162658682452e-11
1.652985644550508e-11
1.630080716854710e-11
2.909730134094629e-11
4.035692455099470e-11
3.628937111536684e-11
6.087891833148465e-11
7.070127119517053e-11
1.084608734680092e-10
1.529404159209608e-10
2.216263967275389e-10
2.412890178007258e-10
3.274924923952392e-10
4.326986518661874e-10
5.804845738409766e-10
7.707882846745738e-10
1.005856143806279e-09
1.357856192635721e-09
1.791454941564709e-09
2.385964441380789e-09
3.190377812783383e-09
4.196806140578211e-09
5.548490031758530e-09
7.390245382090718e-09
9.733268588850689e-09
1.284684275616603e-08
1.713397249565414e-08
2.270356763963125e-08
3.023376541756061e-08
4.036550350759696e-08
5.409002049500002e-08
7.288238643787113e-08
9.864173073903858e-08
1.343965031699365e-07
1.835930464188769e-07
2.540115578778837e-07
3.523979686550802e-07
4.926845251279722e-07
6.971801983698703e-07
9.920452634016444e-07
1.427791830968726e-06
2.063489142209767e-06
2.998302415074175e-06
4.377607709987241e-06
6.422225529029796e-06
9.471750970640031e-06
1.393417046565372e-05
2.051363633821448e-05
3.039287637844262e-05
4.484179491627012e-05
6.631912112301445e-05
9.819921749463524e-05
1.450426505638910e-04
2.136837703954361e-04
3.145127291858359e-04
4.621927910096783e-04
6.768500893957235e-04
9.926363628260538e-04
1.452834456625823e-03
2.120350502865491e-03
3.080667750791148e-03
4.477135271995009e-03
6.510719317258416e-03
9.436800776267757e-03
1.371213718777586e-02
1.988945779406065e-02
2.890082640602852e-02
4.211850310446897e-02
6.166775522423155e-02
9.039763302490965e-02
1.331152030938488e-01
1.964871931508624e-01
2.884869311831496e-01
4.159040125716164e-01
5.730430214717614e-01
7.296777397091047e-01
8.545034627467925e-01
9.999914316918231e-01
9.999999999986164e-01
1.000000000000000e+00
1.000000000000000e+00
1.000000000000000e+00
1.000000000000000e+00
1.000000000000000e+00
1.000000000000000e+00
1.000000000000000e+00
1.000000000000000e+00
1.000000000000000e+00
###3.600000000000000e+00
-4.085933474710713e-11
6.147120678002287e-11
-2.194385088383201e-11
8.691678548569662e-12
4.090788926483319e-11
5.844947041122592e-11
-3.325943461427432e-11
7.713233911030010e-12
-4.928417259322810e-12
1.320154686929523e-11
-1.284953127734806e-11
2.672839938434561e-11
3.931896481706403e-11
1.848127114279387e-11
2.137633961321701e-11
3.516996020299768e-11
4.357804947402945e-11
4.386915895262739e-11
7.491320139098717e-11
9.196045186310032e-11
1.287596738484047e-10
1.868837710065859e-10
2.522299847285011e-10
2.857915967407278e-10
3.849510215074838e-10
5.117132794263179e-10
6.795406742856884e-10
9.020740684572317e-10
1.181971789590516e-09
1.586119184328179e-09
2.098961216182528e-09
2.793884114543234e-09
3.725240613907470e-09
4.910605723695821e-09
6.510927987907363e-09
8.685227835972326e-09
1.145656045579084e-08
1.516737705665474e-08
2.030684940885512e-08
2.699147242351409e-08
3.614265261797283e-08
4.855665370700331e-08
6.540802413670351e-08
8.874694016058743e-08
1.210919966991359e-07
1.660818479120787e-07
2.290054546355657e-07
3.192873239765843e-07
4.464954873177130e-07
6.278999318104432e-07
8.939113935736077e-07
1.279482364618221e-06
1.847987316609526e-06
2.680566502108408e-06
3.899403008023537e-06
5.694208672456184e-06
8.356406480425727e-06
1.230286172414136e-05
1.808211998850894e-05
2.653069637451254e-05
3.915769682941530e-05
5.754511905832836e-05
8.478395692612770e-05
1.249186170430474e-04
1.834970264869854e-04
2.690771773779070e-04
3.936565900342185e-04
5.756061398330301e-04
8.382297367893699e-04
1.222322838922669e-03
1.778362275829899e-03
2.578064478775837e-03
3.723977019961763e-03
5.375245056311852e-03
7.760607656701451e-03
1.116744772865094e-02
1.608821088019202e-02
2.312408503643859e-02
3.326477700338598e-02
4.793177460661607e-02
6.927714918681124e-02
1.000328777807221e-01
1.447992527736354e-01
2.096190857006787e-01
3.012917380345626e-01
4.250164121617270e-01
5.747747461433225e-01
7.241837310321856e-01
8.481754493989209e-01
9.999914316918231e-01
9.999999999986164e-01
1.000000000000000e+00
1.000000000000000e+00
1.000000000000000e+00
1.000000000000000e+00
1.000000000000000e+00
1.000000000000000e+00
1.000000000000000e+00
1.000000000000000e+00
1.000000000000000e+00
###4.000000000000000e+00
-4.461623341252440e-11
6.591020329022044e-11
-4.445511899421955e-11
1.302507218881744e-11
3.899951831942750e-11
5.470701777792798e-11
-2.242439311958542e-11
2.344399209466225e-11
3.959759948941370e-12
2.035257582418581e-11
-8.354790998827792e-12
2.153562162677707e-11
4.446480756760935e-11
2.267389352557774e-11
2.956547658096561e-11
3.875789082838110e-11
4.902452382363426e-11
5.705294379889252e-11
8.021624388005803e-11
1.098472129676004e-10
1.485055185320174e-10
2.129373407131899e-10
2.863769707237080e-10
3.375013787679066e-10
4.484148108297424e-10
5.963101995512149e-10
7.883092670335732e-10
1.045490363499196e-09
1.372023694760048e-09
1.834848939833948e-09
2.431227725852365e-09
3.238872878807451e-09
4.311819579288631e-09
5.694964031801806e-09
7.558750637562106e-09
1.011211079043801e-08
1.337406824439273e-08
1.778198596798667e-08
2.386870781800569e-08
3.190550021807771e-08
4.296842419395591e-08
5.804059974498623e-08
7.870463719137657e-08
1.074925693259948e-07
1.477499824996427e-07
2.042096164359122e-07
2.837385260316484e-07
3.980518078645969e-07
5.604757464918616e-07
7.921480882454221e-07
1.133605907254659e-06
1.629696087497870e-06
2.358199807165334e-06
3.429214917208015e-06
4.987890092065936e-06
7.288466033114985e-06
1.068795221508912e-05
1.567985803942891e-05
2.300104330169000e-05
3.368278306674672e-05
4.954079155652789e-05
7.251922421353758e-05
1.064283294212653e-04
1.561023058537790e-04
2.281123814270821e-04
3.329619468125766e-04
4.843859104857210e-04
7.048728778253640e-04
1.020933170152249e-03
1.480634304795235e-03
2.141945158838998e-03
3.085733632985573e-03
4.432170470650655e-03
6.358697307766179e-03
9.115326992591655e-03
1.302618941170324e-02
1.861604829228548e-02
2.653328242868671e-02
3.781402388543127e-02
5.391971737642343e-02
7.701289537027164e-02
1.097033766216950e-01
1.563670982307305e-01
2.224630144473691e-01
3.137386849580169e-01
4.340882221236038e-01
5.773432838755800e-01
7.204380524666728e-01
8.433535938742009e-01
9.999914316918231e-01
9.999999999986164e-01
1.000000000000000e+00
1.000000000000000e+00
1.000000000000000e+00
1.000000000000000e+00
1.000000000000000e+00
1.000000000000000e+00
1.000000000000000e+00
1.000000000000000e+00
1.000000000000000e+00
###4.399999999999999e+00
-4.623492160198686e-11
8.375120276237943e-11
-4.262458808460752e-11
1.943572940293185e-11
3.576623977227867e-11
6.361224222896640e-11
-2.810686680447520e-11
2.655707113648835e-11
8.995114293011295e-12
1.672792157779491e-11
-4.642318973507161e-12
2.041973804626887e-11
4.867441992055109e-11
2.929157803608848e-11
5.264877449392842e-11
4.711910013120438e-11
6.062330686180776e-11
7.073432229293735e-11
9.491412270256654e-11
1.389801510494906e-10
1.676903153461256e-10
2.426544956440947e-10
3.204444661211808e-10
3.783534268934078e-10
5.159376573329654e-10
6.845060669876929e-10
9.046085805410853e-10
1.200267543839064e-09
1.578011791187661e-09
2.105604638362681e-09
2.794637136104268e-09
3.719769055897489e-09
4.952018204524279e-09
6.553609772858251e-09
8.729152358004397e-09
1.171071951690117e-08
1.553331011891352e-08
2.072812511683028e-08
2.794167113672507e-08
3.756715887448947e-08
5.087492746353135e-08
6.916934963132368e-08
9.431795702244492e-08
1.297039459790757e-07
1.794328448078574e-07
2.496421670426787e-07
3.494681753696008e-07
4.944330171617476e-07
6.979953965702700e-07
9.912173268530264e-07
1.423898624636820e-06
2.055502858971327e-06
2.975710029367237e-06
4.330730993810985e-06
6.297001519567765e-06
9.197627101187119e-06
1.347107487021741e-05
1.969166009050165e-05
2.883126910635872e-05
4.210164606863802e-05
6.173454803323998e-05
9.001216317695333e-05
1.316209735361048e-04
1.921567355675636e-04
2.794457091232558e-04
4.060212205662974e-04
5.876598442344237e-04
8.511481077025048e-04
1.226563450977294e-03
1.769351035527992e-03
2.545839492784380e-03
3.646268302587641e-03
5.208034775720257e-03
7.427572287833399e-03
1.057713177015578e-02
1.501468067140011e-02
2.129058348049285e-02
3.011596538121535e-02
4.254757136543869e-02
6.008138318482899e-02
8.487792203205444e-02
1.194159931296805e-01
1.678358721911018e-01
2.350628248861565e-01
3.259054232180341e-01
4.431758425580505e-01
5.806865843244581e-01
7.182075498911904e-01
8.398533147965586e-01
9.999914316918231e-01
9.999999999986164e-01
1.000000000000000e+00
1.000000000000000e+00
1.000000000000000e+00
1.000000000000000e+00
1.000000000000000e+00
1.000000000000000e+00
1.000000000000000e+00
1.000000000000000e+00
1.000000000000000e+00
###4.800000000000000e+00
-4.903515923469834e-11
9.146438249049623e-11
-4.135004413055159e-11
2.127747792566716e-11
3.419903799835654e-11
6.556856046012565e-11
-2.275297395632983e-11
2.708358098726105e-11
1.239599038081319e-11
2.208425338085144e-11
-6.734419503333383e-13
2.407337416547666e-11
5.199231410525018e-11
3.885572413862035e-11
5.607926760940101e-11
6.644202073712169e-11
7.701565593613569e-11
8.770644385280335e-11
1.061170928321757e-10
1.579930477772227e-10
1.939418456353507e-10
2.725257289601210e-10
3.938165475539390e-10
4.347767758984488e-10
5.902727215303084e-10
7.802015083094010e-10
1.031124153603347e-09
1.367632886334416e-09
1.800567506418957e-09
2.399567865954124e-09
3.184551043854654e-09
4.249168226648311e-09
5.661862242688865e-09
7.516742336354819e-09
1.003881589627339e-08
1.349416652102481e-08
1.798101614520253e-08
2.412328582140813e-08
3.262159690059794e-08
4.411991309456925e-08
6.011534189564194e-08
8.224999200463822e-08
1.127934611531833e-07
1.560599463773192e-07
2.173198967823302e-07
3.043278050750693e-07
4.283134943483513e-07
6.081538548604154e-07
8.634631089875452e-07
1.230326671682922e-06
1.773088618850364e-06
2.565587976437383e-06
3.716855923700712e-06
5.409871725782370e-06
7.856940554723382e-06
1.146843023232187e-05
1.676590572484133e-05
2.443925348852286e-05
3.568141880668992e-05
5.196449728459711e-05
7.594437453092841e-05
1.102859302770640e-04
1.606468614979118e-04
2.335226130102449e-04
3.380660707383283e-04
4.890954143561159e-04
7.046381038317877e-04
1.015455937235952e-03
1.456319916810162e-03
2.090259964202516e-03
2.991000636510515e-03
4.261611636579332e-03
6.054223545028487e-03
8.585137986275655e-03
1.214898196257888e-02
1.713508270286422e-02
2.412065599284010e-02
3.387227807224211e-02
4.746308187036024e-02
6.641547157132992e-02
9.286745782055228e-02
1.291771513455530e-01
1.792370134900815e-01
2.474599639770417e-01
3.378487639776621e-01
4.523182795748053e-01
5.847346868234853e-01
7.172820522928319e-01
8.375063802324807e-01
9.999914316918231e-01
9.999999999986164e-01
1.000000000000000e+00
1.000000000000000e+00
1.000000000000000e+00
1.000000000000000e+00
1.000000000000000e+00
1.000000000000000e+00
1.000000000000000e+00
1.000000000000000e+00
1.000000000000000e+00
###5.200000000000000e+00
-4.314727022829496e-11
8.870529229999931e-11
-4.423089207965197e-11
2.976032510658149e-11
3.617074072389388e-11
7.255958102440320e-11
-1.674808082626273e-11
2.277554648748564e-11
2.018885756308158e-11
1.180956316437901e-11
1.936572929417252e-12
2.800566094240532e-11
5.701304515009011e-11
4.660216664729919e-11
6.248930775769854e-11
7.383566037763776e-11
8.779194484967859e-11
1.015603797925238e-10
1.263293237310084e-10
1.945782241127321e-10
2.232575058469263e-10
3.070795005196686e-10
4.356195142347517e-10
4.971114901202576e-10
6.709284175664358e-10
8.909279360906344e-10
1.167725662461152e-09
1.550170994897803e-09
2.043980545432208e-09
2.724883208116819e-09
3.620163588039255e-09
4.835207990477025e-09
6.470031634909979e-09
8.595446833425826e-09
1.151241142847440e-08
1.549480075800834e-08
2.078206068727242e-08
2.803868878385796e-08
3.805628815311846e-08
5.177229638359608e-08
7.093480770336068e-08
9.756472655068093e-08
1.347050438377035e-07
1.874357086761709e-07
2.627047629425935e-07
3.696914718903281e-07
5.227057800575462e-07
7.447040010062088e-07
1.061946049307092e-06
1.516586227881486e-06
2.192636306150491e-06
3.174832528010080e-06
4.599356358334895e-06
6.689563511070024e-06
9.707476654405592e-06
1.414062490967344e-05
2.062755257572951e-05
2.999650740709151e-05
4.367206855419684e-05
6.341644108879414e-05
9.231995541181520e-05
1.336624930326513e-04
1.938775751757850e-04
2.806204569564366e-04
4.045882134226601e-04
5.828372928822728e-04
8.361984028282992e-04
1.199078447994244e-03
1.711747855578093e-03
2.445064507220977e-03
3.480507945367170e-03
4.934267350371071e-03
6.972725604579119e-03
9.833824241677907e-03
1.383370037511186e-02
1.939136172535246e-02
2.710786510826499e-02
3.780129995367127e-02
5.256047628086346e-02
7.291826937838958e-02
1.009549131256022e-01
1.389951636571229e-01
1.905874526133363e-01
2.597069789758867e-01
3.496390415239435e-01
4.615407142405245e-01
5.894042605405876e-01
7.174941756768097e-01
8.361650792076373e-01
9.999914316918231e-01
9.999999999986164e-01
1.000000000000000e+00
1.000000000000000e+00
1.000000000000000e+00
1.000000000000000e+00
1.000000000000000e+00
1.000000000000000e+00
1.000000000000000e+00
1.000000000000000e+00
1.000000000000000e+00
###5.600000000000001e+00
-5.085812461316565e-11
9.058156856790175e-11
-5.220007012348384e-11
3.140742459256996e-11
3.435952004124485e-11
7.568188148352500e-11
-1.299572275516347e-11
2.432991666210067e-11
1.792818108378130e-11
1.607524181183303e-10
9.576596450510744e-12
3.177066633573951e-11
5.691262283312563e-11
6.415656270096412e-11
6.642420606929597e-11
8.573346932046446e-11
1.070531813991353e-10
1.221733444664580e-10
1.480567731035581e-10
2.182108920082837e-10
2.527887799964312e-10
3.410619866134820e-10
4.814112236310130e-10
5.640449189790195e-10
7.577760574203565e-10
1.005694412605748e-09
1.319660180407515e-09
1.748439105022708e-09
2.309659475544819e-09
3.083031735673838e-09
4.101359307435320e-09
5.488519309899867e-09
7.350007165121242e-09
9.804039558683803e-09
1.317293387930636e-08
1.780108876243135e-08
2.398701761852663e-08
3.254911528323315e-08
4.438520044243021e-08
6.069694145843799e-08
8.370510317317886e-08
1.156952704720819e-07
1.606352845198224e-07
2.247092924791922e-07
3.165612330748319e-07
4.476456208587235e-07
6.352959304512315e-07
9.075061611232746e-07
1.298032688441936e-06
1.859540995195909e-06
2.689622347971290e-06
3.895533694171507e-06
5.641623209068082e-06
8.199283695437787e-06
1.188496177264731e-05
1.727390641231680e-05
2.513407358303744e-05
3.646071498185231e-05
5.292339412147381e-05
7.662434246653239e-05
1.111211596512735e-04
1.604105310651028e-04
2.317697309978172e-04
3.341700206769990e-04
4.797498213687822e-04
6.881771064211560e-04
9.833437497734599e-04
1.403355735917730e-03
1.994358688251967e-03
2.835629053514791e-03
4.016170173910390e-03
5.666546365854596e-03
7.967092001857582e-03
1.117638024365345e-02
1.563210827035222e-02
2.178658951548090e-02
3.025434163134854e-02
4.190540318145550e-02
5.783902191492291e-02
7.958865534464499e-02
1.091813347519929e-01
1.488763652835550e-01
2.019118335639121e-01
2.718379033135601e-01
3.613074602654947e-01
4.708595868493677e-01
5.946499362187958e-01
7.187026458345110e-01
8.356836247501651e-01
9.999914316918231e-01
9.999999999986164e-01
1.000000000000000e+00
1.000000000000000e+00
1.000000000000000e+00
1.000000000000000e+00
1.000000000000000e+00
1.000000000000000e+00
1.000000000000000e+00
1.000000000000000e+00
1.000000000000000e+00
###6.000000000000001e+00
-4.673736510180292e-11
9.768367572556570e-11
-5.616714466156864e-11
3.196291869590568e-11
3.470538973991470e-11
8.377671368655885e-11
6.425934417415649e-12
2.903034723893207e-11
-1.485543062755216e-11
1.544347739738309e-10
1.315827864774709e-11
3.287843796270231e-11
5.950561737669225e-11
7.382399116854135e-11
7.347317742453160e-11
9.186851057679170e-11
1.192923878427688e-10
1.392609017494883e-10
1.693578961191805e-10
2.405515004801543e-10
2.839143873826378e-10
3.807037831257725e-10
5.316062003261618e-10
6.387428747549493e-10
8.530064695491392e-10
1.129234535002754e-09
1.484558444992174e-09
1.964328002147391e-09
2.604091465602954e-09
3.488055113468933e-09
4.637739524450779e-09
6.218498736710717e-09
8.345913820925126e-09
1.117582089693594e-08
1.508345298068838e-08
2.047228518335154e-08
2.769702857967072e-08
3.780969642256016e-08
5.175972577129209e-08
7.119714194191827e-08
9.868589621184546e-08
1.371678955251114e-07
1.912630259127439e-07
2.688888337330682e-07
3.803793908052187e-07
5.403402614988654e-07
7.691023540022542e-07
1.101033398282659e-06
1.577805110107219e-06
2.262625281308220e-06
3.278800415712209e-06
4.746123528962217e-06
6.867761083887506e-06
9.968811211539272e-06
1.442182017632907e-05
2.092365203548555e-05
3.037986806798266e-05
4.393823903757126e-05
6.357926702908010e-05
9.177350155161195e-05
1.326498119646360e-04
1.908304926578664e-04
2.747168913499211e-04
3.945885700061345e-04
5.641209617251540e-04
8.058486444090470e-04
1.146989649442874e-03
1.629620761805050e-03
2.305881697191195e-03
3.263891214723659e-03
4.600726318513463e-03
6.460890974017843e-03
9.039510288583923e-03
1.261564879065527e-02
1.754844851388374e-02
2.431777113925373e-02
3.356052955114663e-02
4.618608826511141e-02
6.330125557281822e-02
8.642744241849652e-02
1.175487489423975e-01
1.588312476367142e-01
2.132259168960367e-01
2.838856835499980e-01
3.728956956537076e-01
4.802949941244806e-01
6.004073335625520e-01
7.207787639147596e-01
8.359585407332570e-01
9.999914316918231e-01
9.999999999986164e-01
1.000000000000000e+00
1.000000000000000e+00
1.000000000000000e+00
1.000000000000000e+00
1.000000000000000e+00
1.000000000000000e+00
1.000000000000000e+00
1.000000000000000e+00
1.000000000000000e+00
###6.400000000000001e+00
-4.633984573209485e-11
9.904546688677554e-11
-5.895908857408453e-11
2.397311407036199e-11
3.453368427279743e-11
9.148271713632459e-11
1.011695260711033e-11
3.942660864803332e-11
-1.002916425712141e-11
1.529547509342195e-10
1.778077291781753e-11
3.960986277975306e-11
6.088084383283964e-11
7.286875702415268e-11
8.250377177280540e-11
1.057518976534955e-10
1.316934547202797e-10
1.555359168566026e-10
1.919732657999242e-10
2.650661855337490e-10
3.188253970192016e-10
4.261733103829919e-10
5.846943136000861e-10
7.176379562738667e-10
9.547957914994771e-10
1.265539015589173e-09
1.662960143218206e-09
2.203197468974877e-09
2.931103491600237e-09
3.922718858533353e-09
5.237200583236435e-09
7.039079525302118e-09
9.470395910091046e-09
1.273998170392812e-08
1.727435348617034e-08
2.350592355665150e-08
3.200154849102748e-08
4.395261715492093e-08
6.039311662899431e-08
8.349577509218916e-08
1.162958325449335e-07
1.624700941613517e-07
2.275935848982334e-07
3.212823362484989e-07
4.561929032360390e-07
6.501971300620373e-07
9.274416054343130e-07
1.329394730842226e-06
1.907964095940641e-06
2.738223023454978e-06
3.970777542882517e-06
5.742698393003890e-06
8.299958835672071e-06
1.203091475917782e-05
1.737357373352467e-05
2.515136125255091e-05
3.643194389975557e-05
5.252914183048406e-05
7.578656725142213e-05
1.090559882184098e-04
1.571052572848035e-04
2.252750522372078e-04
3.231088486986211e-04
4.623937391748014e-04
6.584809677292506e-04
9.369566109290081e-04
1.328349136666953e-03
1.879166179230143e-03
2.647907512765544e-03
3.731725354716138e-03
5.236083588549399e-03
7.319837272229255e-03
1.019323705526216e-02
1.415503442045649e-02
1.958559753505679e-02
2.699007565517941e-02
3.702827814899787e-02
5.064330097966849e-02
6.894712462547863e-02
9.344091598508229e-02
1.260631055353594e-01
1.688674914754136e-01
2.245484223125553e-01
2.958748266474179e-01
3.844356720146897e-01
4.898552330112158e-01
6.066291199665877e-01
7.236028900728038e-01
8.369096374848346e-01
9.999914316918231e-01
9.999999999986164e-01
1.000000000000000e+00
1.000000000000000e+00
1.000000000000000e+00
1.000000000000000e+00
1.000000000000000e+00
1.000000000000000e+00
1.000000000000000e+00
1.000000000000000e+00
1.000000000000000e+00
###6.800000000000002e+00
-3.658495451158762e-11
9.827447287347266e-11
-4.863636649372373e-11
2.525845678718376e-11
3.763651318729605e-11
1.073663888825186e-10
3.152669528415124e-11
4.498333678977944e-11
-6.562194732204765e-12
1.574210907765178e-10
2.583857736370856e-11
4.840236778448175e-11
6.863752263543518e-11
7.547652005801906e-11
9.219176649049798e-11
1.189319262852104e-10
1.487428078866157e-10
1.751100942925807e-10
2.154869719279141e-10
2.939606551625054e-10
3.600135119287887e-10
4.775425049891830e-10
6.475758643654096e-10
8.041468364019205e-10
1.067324338820053e-09
1.413705697385551e-09
1.862547264746629e-09
2.471151485998052e-09
3.297250796586960e-09
4.418677573969507e-09
5.912992080670470e-09
7.972750769337544e-09
1.076421926225141e-08
1.453557437561536e-08
1.978912045983177e-08
2.703022168989044e-08
3.700839030820460e-08
5.109086647432703e-08
7.050958589448239e-08
9.795872255303834e-08
1.370828942984096e-07
1.923273913710659e-07
2.704194997807433e-07
3.831148525827951e-07
5.456211699676122e-07
7.795198067441655e-07
1.114042667715132e-06
1.598472596991029e-06
2.295521043189381e-06
3.300651704906768e-06
4.777029632077966e-06
6.905275277968007e-06
9.965375508738218e-06
1.441985968342235e-05
2.078622863386058e-05
3.001274590971950e-05
4.335839755156206e-05
6.235739001589421e-05
8.969770674889108e-05
1.286769405946100e-04
1.847585857349001e-04
2.641120910359924e-04
3.773941716698754e-04
5.382618794173794e-04
7.635608148430247e-04
1.082360655334350e-03
1.528602413856889e-03
2.153551101740536e-03
3.022142968632437e-03
4.241446518279024e-03
5.925114607988371e-03
8.246624808572335e-03
1.143101061905334e-02
1.579682998695433e-02
2.174652737770729e-02
2.980442247247867e-02
4.066037101450675e-02
5.527996996711761e-02
7.477681232458436e-02
1.006287667065051e-01
1.347225331526391e-01
1.789998839154845e-01
2.358964045830221e-01
3.078406355866560e-01
3.959632034757624e-01
4.995516374433846e-01
6.132813520735411e-01
7.270912266536151e-01
8.384441963385521e-01
9.999914316918231e-01
9.999999999986164e-01
1.000000000000000e+00
1.000000000000000e+00
1.000000000000000e+00
1.000000000000000e+00
1.000000000000000e+00
1.000000000000000e+00
1.000000000000000e+00
1.000000000000000e+00
1.000000000000000e+00
###7.200000000000002e+00
-3.117074477979205e-11
7.757176358722953e-11
-4.502715008498162e-11
2.622403065446030e-11
3.756536045985215e-11
1.148076597005132e-10
4.231944086533762e-11
5.274210150993196e-11
-2.107249183041879e-12
-2.494554658560275e-10
3.865083422325960e-11
6.792202161035732e-11
7.661256192315132e-11
8.650838288225656e-11
1.010365393714974e-10
1.363213395042763e-10
1.579039416524887e-10
1.968808624199674e-10
2.438640734994197e-10
3.280589842735800e-10
4.071193162746345e-10
5.323381038497286e-10
7.169890654931123e-10
8.977180100072411e-10
1.190954373125184e-09
1.578625247653814e-09
2.084348772095744e-09
2.773605832708059e-09
3.706466459303693e-09
4.973923526133251e-09
6.675581199399383e-09
9.032982185624585e-09
1.224188848870852e-08
1.659804780771502e-08
2.270341520584829e-08
3.112807552111822e-08
4.283727551729589e-08
5.937953641457994e-08
8.239826355516249e-08
1.149321463165412e-07
1.614992033909491e-07
2.275087190896320e-07
3.208972705800143e-07
4.558258350361218e-07
6.507297396581490e-07
9.316630303746469e-07
1.332604823555486e-06
1.914011245589486e-06
2.749183023135819e-06
3.955119716727877e-06
5.713572017132441e-06
8.253070739838504e-06
1.189247125308260e-05
1.717432002034137e-05
2.470819861276266e-05
3.558457657100539e-05
5.123582533315254e-05
7.354222917135395e-05
1.054860734420553e-04
1.508757467770555e-04
2.159071731931352e-04
3.076981444171740e-04
4.381048345378653e-04
6.227406972145087e-04
8.801151875556980e-04
1.243046987433471e-03
1.748977948772901e-03
2.454196507119443e-03
3.430583687257560e-03
4.794861965895562e-03
6.670173358569309e-03
9.243524624464417e-03
1.275571176193408e-02
1.754471014399117e-02
2.403391768389821e-02
3.276634269860623e-02
4.446511577278765e-02
6.009766435656399e-02
8.079271372651538e-02
1.079956545220974e-01
1.435308805761900e-01
1.892331178869447e-01
2.472840344920704e-01
3.197917577011915e-01
4.074899556776763e-01
5.093907742280929e-01
6.202934485969532e-01
7.311561896321845e-01
8.404700046884992e-01
9.999914316918231e-01
9.999999999986164e-01
1.000000000000000e+00
1.000000000000000e+00
1.000000000000000e+00
1.000000000000000e+00
1.000000000000000e+00
1.000000000000000e+00
1.000000000000000e+00
1.000000000000000e+00
1.000000000000000e+00
###7.600000000000002e+00
-2.880013511669398e-11
7.682850847040068e-11
-2.506802504567719e-11
2.617880378225148e-11
3.974021522443669e-11
1.137157832149535e-10
4.120697620937731e-11
4.915008318352101e-11
4.033974292563312e-12
-2.394701273588103e-10
5.164669497379606e-11
6.676678366308892e-11
8.082913640974474e-11
9.501388740888005e-11
1.124998912177052e-10
1.481777691372580e-10
1.766671842229822e-10
2.184372608196582e-10
2.732366503706767e-10
3.606621251079834e-10
4.517386498046332e-10
5.898053598845180e-10
7.905701755006577e-10
1.000340722625614e-09
1.324234971485324e-09
1.758244435578785e-09
2.328731133699010e-09
3.108385625963070e-09
4.162485154384946e-09
5.601411554519639e-09
7.543166260131291e-09
1.024225925251521e-08
1.393397584569311e-08
1.897575689795187e-08
2.607012154970311e-08
3.588580828105637e-08
4.963261054311831e-08
6.905626730804235e-08
9.634067216809390e-08
1.348287149041489e-07
1.901891211288008e-07
2.687148310781243e-07
3.801354247222727e-07
5.411688745230464e-07
7.740015148943541e-07
1.109489765157786e-06
1.588255561137963e-06
2.281592097073737e-06
3.277200066783671e-06
4.715255428376452e-06
6.798808311929046e-06
9.809246006996865e-06
1.411122143715153e-05
2.033945142048097e-05
2.920053260887733e-05
4.194458178793846e-05
6.018855587529528e-05
8.622354816327598e-05
1.233298772667517e-04
1.758595173240867e-04
2.508603678599966e-04
3.564086698994949e-04
5.057198251517447e-04
7.164710567115259e-04
1.009027582464975e-03
1.419967082908345e-03
1.990628390293189e-03
2.782703836096626e-03
3.874816747259281e-03
5.394319617877457e-03
7.473392221767169e-03
1.031299447931257e-02
1.417018401725326e-02
1.940115830521418e-02
2.645038531502557e-02
3.587862864538285e-02
4.843918989229252e-02
6.509822089383126e-02
8.699705893160080e-02
1.155402940724286e-01
1.524976825903646e-01
1.995664317443898e-01
2.587155632487706e-01
3.317486216465184e-01
4.190381692529612e-01
5.193446867033448e-01
6.276429472884697e-01
7.357172715954204e-01
8.429159602861745e-01
9.999914316918231e-01
9.999999999986164e-01
1.000000000000000e+00
1.000000000000000e+00
1.000000000000000e+00
1.000000000000000e+00
1.000000000000000e+00
1.000000000000000e+00
1.000000000000000e+00
1.000000000000000e+00
1.000000000000000e+00
###8.000000000000002e+00
-1.932396583164594e-11
6.216882691916919e-11
-3.962596835945920e-11
2.361763655912893e-11
3.049325790875880e-11
1.149242886047992e-10
3.416865185964525e-11
4.772394275735946e-11
6.605400423921489e-12
-2.333225732883194e-10
5.354161671434719e-11
7.000962725895624e-11
7.564514091325985e-11
1.037770201085702e-10
1.251313862501804e-10
1.679898538002740e-10
1.808536578227054e-10
2.441617244822001e-10
3.024973197013601e-10
3.959084098949044e-10
4.981569899964389e-10
6.529693626547551e-10
8.753089019946734e-10
1.113368986628462e-09
1.474335576405900e-09
1.957169727769157e-09
2.601302911310293e-09
3.479276622389898e-09
4.679114689824088e-09
6.313065263193588e-09
8.531560445220102e-09
1.162851531338503e-08
1.588685716973761e-08
2.172649240926677e-08
2.998258008012424e-08
4.143049982990942e-08
5.754840731801459e-08
8.035943927733781e-08
1.126121592558407e-07
1.581316736598751e-07
2.237841886851628e-07
3.169862495841726e-07
4.494960860312590e-07
6.409115405963946e-07
9.180107346955809e-07
1.316810030710371e-06
1.885916363956392e-06
2.708608583974128e-06
3.888786202813555e-06
5.593429626787321e-06
8.051753202572635e-06
1.159919625609764e-05
1.665607034489660e-05
2.395539048255770e-05
3.432079344783719e-05
4.917322244747265e-05
7.033890653268355e-05
1.005461540275509e-04
1.434072300268406e-04
2.038971934997026e-04
2.899377487697167e-04
4.106534669256296e-04
5.808102668057267e-04
8.201890316555012e-04
1.151163037493321e-03
1.614290655632351e-03
2.255063789292109e-03
3.140684256163239e-03
4.356843819533439e-03
6.042086628070203e-03
8.337310630547028e-03
1.145835307320130e-02
1.567756936984832e-02
2.137020601194439e-02
2.900035550838310e-02
3.914592376677398e-02
5.258708481882830e-02
7.028559940041049e-02
9.339505075247075e-02
1.232681133432798e-01
1.616154958141682e-01
2.100215317397683e-01
2.702098743357970e-01
3.437261040520737e-01
4.306125047895434e-01
5.294293986348838e-01
6.352982577831150e-01
7.407148250353615e-01
8.457777495945363e-01
9.999914316918231e-01
9.999999999986164e-01
1.000000000000000e+00
1.000000000000000e+00
1.000000000000000e+00
1.000000000000000e+00
1.000000000000000e+00
1.000000000000000e+00
1.000000000000000e+00
1.000000000000000e+00
1.000000000000000e+00
###8.400000000000002e+00
5.127055487226222e-13
6.346986026521348e-11
-3.727570918239874e-11
3.250973044758869e-11
3.160314506388000e-11
1.250765923391389e-10
1.242124820486389e-11
4.599547926201958e-11
1.377149118154368e-11
-2.251875645482269e-10
5.715698499199531e-11
8.040219550515370e-11
8.071682467750390e-11
1.121726704338798e-10
1.364610105005607e-10
1.879262740070122e-10
2.017052630908935e-10
2.688464329978858e-10
3.342598384125004e-10
4.366734145429401e-10
5.517813636954602e-10
7.211463278525481e-10
9.657719892644725e-10
1.237332418229088e-09
1.639621146830713e-09
2.180037788264766e-09
2.912188301544051e-09
3.901540452947963e-09
5.264305979310521e-09
7.125946184190809e-09
9.667094914402518e-09
1.322105140437747e-08
1.813824585256186e-08
2.490713206231017e-08
3.451943123434191e-08
4.787781938325838e-08
6.679518093124647e-08
9.359694908005471e-08
1.316553142370765e-07
1.853316614087181e-07
2.630080459288477e-07
3.733274255382208e-07
5.305489495874943e-07
7.571727334191374e-07
1.085559795721954e-06
1.557772683708668e-06
2.231137529229315e-06
3.202577615799776e-06
4.594758986557592e-06
6.605095325428543e-06
9.491121541964628e-06
1.364858191821542e-05
1.956277935487246e-05
2.807402970653927e-05
4.013217840476205e-05
5.735499401452970e-05
8.180558932323364e-05
1.166606047426122e-04
1.659284319877611e-04
2.352345331436455e-04
3.334822649113305e-04
4.709184593009924e-04
6.639241908591078e-04
9.345740455217925e-04
1.307334175898101e-03
1.827141494406536e-03
2.543466090195954e-03
3.529709324279317e-03
4.878643541938577e-03
6.740391338646056e-03
9.264723016918381e-03
1.268261292469722e-02
1.728076603548372e-02
2.345580643121710e-02
3.168745147644134e-02
4.257070492044815e-02
5.690835221442291e-02
7.566436010466591e-02
9.998161058650371e-02
1.311804176734745e-01
1.709018809949018e-01
2.205914651548855e-01
2.817795929232699e-01
3.557398322097838e-01
4.422341491952589e-01
5.396434545629805e-01
6.432297995435746e-01
7.461040697079975e-01
8.489276147465240e-01
9.999914316918231e-01
9.999999999986164e-01
1.000000000000000e+00
1.000000000000000e+00
1.000000000000000e+00
1.000000000000000e+00
1.000000000000000e+00
1.000000000000000e+00
1.000000000000000e+00
1.000000000000000e+00
1.000000000000000e+00
###8.800000000000002e+00
6.306112686188207e-12
4.980504949767752e-11
-3.175019143564650e-11
3.418186308685005e-11
4.149462683425657e-11
1.241144245636909e-10
1.533377321220718e-11
5.088476917101989e-11
2.067347599784854e-11
-2.184588348665297e-10
6.532907696923411e-11
8.970199069585703e-11
9.212414032380940e-11
1.240732233453710e-10
1.560745559457539e-10
2.033442466517183e-10
2.228244057048956e-10
2.949597767686100e-10
3.705262746440756e-10
4.803938108377616e-10
6.087063818775240e-10
8.024151874657969e-10
1.064615799619116e-09
1.375347757949946e-09
1.824130078743123e-09
2.432690217397918e-09
3.271258512925655e-09
4.380855334974697e-09
5.927600358388261e-09
8.054950989469699e-09
1.097203652959647e-08
1.505333006221622e-08
2.073903351017033e-08
2.860128160515661e-08
3.978598290781099e-08
5.537765201549855e-08
7.755640819125408e-08
1.090254203866784e-07
1.538008318015090e-07
2.171043202480542e-07
3.086671111379141e-07
4.389231366091643e-07
6.247347695125042e-07
8.921809834393218e-07
1.279875497629099e-06
1.836768098333631e-06
2.629896773054463e-06
3.772233859050325e-06
5.406486994573511e-06
7.764781136816823e-06
1.113769634692386e-05
1.598919856526257e-05
2.287098070781812e-05
3.275172907137752e-05
4.671133497090082e-05
6.658682348807476e-05
9.470827908338938e-05
1.347322229801246e-04
1.911044704664392e-04
2.701684520048280e-04
3.818497793611515e-04
5.376307313206931e-04
7.556512452620301e-04
1.060419448186322e-03
1.478500937585251e-03
2.059676963287064e-03
2.857304036916890e-03
3.951399143550581e-03
5.442192872738567e-03
7.491505041260631e-03
1.025843270089728e-02
1.398891840557263e-02
1.898386982054115e-02
2.565999983321569e-02
3.451353770124357e-02
4.615604324214816e-02
6.140911126796930e-02
8.123464192027521e-02
1.067639241129651e-01
1.392794866249265e-01
1.803524327066664e-01
2.312893197560810e-01
2.934316548456948e-01
3.678094761367812e-01
4.539096064432904e-01
5.499656461397575e-01
6.513992619834590e-01
7.518161789325293e-01
8.523428662416845e-01
9.999914316918231e-01
9.999999999986164e-01
1.000000000000000e+00
1.000000000000000e+00
1.000000000000000e+00
1.000000000000000e+00
1.000000000000000e+00
1.000000000000000e+00
1.000000000000000e+00
1.000000000000000e+00
1.000000000000000e+00
###9.200000000000003e+00
1.261990055876031e-11
4.947932221099575e-11
-2.892860130141066e-11
3.293057182618134e-11
4.350423103383070e-11
1.331562971808725e-10
1.684430822915624e-11
5.353215698986859e-11
2.941731103414388e-11
-2.045136470461296e-10
7.684846290274979e-11
9.817467345074346e-11
1.067996854069988e-10
1.426798006255547e-10
1.718052492849680e-10
2.229564868548716e-10
2.441475465263680e-10
3.229558265248667e-10
4.129285459445334e-10
5.328722681236299e-10
6.709123943543894e-10
8.878607761226972e-10
1.176397933282540e-09
1.529304832036897e-09
2.031980093482501e-09
2.717527635620460e-09
3.663107483935259e-09
4.925192125893011e-09
6.688527533247905e-09
9.120367463064913e-09
1.247318745661395e-08
1.717767680223639e-08
2.374796517226251e-08
3.288075325554299e-08
4.590024841454101e-08
6.412823957603284e-08
9.006590586037534e-08
1.269750218895730e-07
1.796127787282027e-07
2.540794543883902e-07
3.618081364773672e-07
5.151301498245210e-07
7.343657937061343e-07
1.048703605914687e-06
1.504382405784976e-06
2.157509782836782e-06
3.088616534084028e-06
4.426230066961668e-06
6.336358273217510e-06
9.089563640002695e-06
1.301438527744536e-05
1.864998180932350e-05
2.662105539480166e-05
3.804080681047398e-05
5.412738069191371e-05
7.696614931647248e-05
1.091676018090360e-04
1.549358848531494e-04
2.191724069550011e-04
3.090376785692505e-04
4.354595108563740e-04
6.113422135141754e-04
8.566742205704596e-04
1.198444599356523e-03
1.665724902887296e-03
2.312933114763850e-03
3.198039947827286e-03
4.407556632625834e-03
6.049460674264329e-03
8.298169707585696e-03
1.132143639052152e-02
1.538002294374905e-02
2.079004842396844e-02
2.798695067010776e-02
3.748394345278776e-02
4.990511869596845e-02
6.609245066459921e-02
8.699683128482487e-02
1.137444526070429e-01
1.475714984244544e-01
1.899639202823577e-01
2.421225629966946e-01
3.051730466597067e-01
3.799230165219651e-01
4.656405190993582e-01
5.604010039257591e-01
6.597758999861983e-01
7.577885510166940e-01
8.559930467946923e-01
9.999914316918231e-01
9.999999999986164e-01
1.000000000000000e+00
1.000000000000000e+00
1.000000000000000e+00
1.000000000000000e+00
1.000000000000000e+00
1.000000000000000e+00
1.000000000000000e+00
1.000000000000000e+00
1.000000000000000e+00
###9.600000000000003e+00
1.490819424510942e-11
5.431793937054543e-11
-2.968941095041227e-11
5.436083333858217e-11
4.912647687425166e-11
1.305225774650019e-10
2.264154220632523e-11
5.652494396353314e-11
3.468497997723263e-11
-1.894738707558732e-10
8.320358748565978e-11
1.102350920688959e-10
1.186776222859762e-10
1.585513831595926e-10
1.909390664055172e-10
2.435028936917065e-10
2.726892871073605e-10
3.549710369841185e-10
4.552581647866392e-10
5.869547662764118e-10
7.442694474160032e-10
9.836601755855983e-10
1.301515388105938e-09
1.701942507475490e-09
2.266613245557206e-09
3.040479614949237e-09
4.109201635856736e-09
5.548288185139477e-09
7.560711229458540e-09
1.034660811149240e-08
1.420068318178558e-08
1.962803284213118e-08
2.722957042589514e-08
3.784409346005099e-08
5.300692045873865e-08
7.428535269791899e-08
1.046146194820833e-07
1.478172391382371e-07
2.095843918041351e-07
2.968428149784072e-07
4.233739686872852e-07
6.033379116843410e-07
8.609464568163620e-07
1.229249829529451e-06
1.762987833723142e-06
2.527495585582106e-06
3.614818530626381e-06
5.174820538359508e-06
7.398161583511940e-06
1.059444012443197e-05
1.514668555187324e-05
2.166419382361238e-05
3.085889642162509e-05
4.400165311732793e-05
6.246558659405704e-05
8.859687011948515e-05
1.253903718140705e-04
1.774534241256464e-04
2.503700650899055e-04
3.521066297744805e-04
4.947018664856273e-04
6.925263986565722e-04
9.675671067210455e-04
1.349565303881651e-03
1.869922337103374e-03
2.588360194497120e-03
3.567188411234210e-03
4.900335395386249e-03
6.702665386721252e-03
9.162470581956517e-03
1.245604039480316e-02
1.685957718155568e-02
2.270326609766607e-02
3.044200517443566e-02
4.060208451567710e-02
5.382335075865325e-02
7.096012812959848e-02
9.295742351669924e-02
1.209247362226007e-01
1.560519732115980e-01
1.997468058040761e-01
2.530903250197046e-01
3.170111999448912e-01
3.921078181966280e-01
4.774269939605545e-01
5.709342497400692e-01
6.683213308608593e-01
7.640083032840170e-01
8.598383417790302e-01
9.999914316918231e-01
9.999999999986164e-01
1.000000000000000e+00
1.000000000000000e+00
1.000000000000000e+00
1.000000000000000e+00
1.000000000000000e+00
1.000000000000000e+00
1.000000000000000e+00
1.000000000000000e+00
1.000000000000000e+00
###1.000000000000000e+01
1.339618664472750e-11
4.914874145492945e-11
-2.636714230043523e-11
5.884913068583643e-11
5.056167123789396e-11
1.317196318288984e-10
2.664130900628323e-11
6.210342560467951e-11
4.310755647848296e-11
-1.708801373711245e-10
9.473141104031093e-11
1.249983066812614e-10
1.372719676044344e-10
1.697421303033377e-10
2.092995653601131e-10
2.698825573607476e-10
3.036461165393372e-10
3.914079650886366e-10
5.020867538683221e-10
6.477400489893325e-10
8.246654823647480e-10
1.089954042892994e-09
1.442621243317177e-09
1.896596466192518e-09
2.531388499476445e-09
3.404592860058648e-09
4.615731045659367e-09
6.260063769012721e-09
8.562164570104568e-09
1.175651127477855e-08
1.619592756891756e-08
2.246140133920808e-08
3.125477654871166e-08
4.358963616262463e-08
6.122453306827205e-08
8.607041493654430e-08
1.214784825074562e-07
1.719553622911596e-07
2.442575451067014e-07
3.463479341715708e-07
4.945786995505751e-07
7.052290070311818e-07
1.006895509359669e-06
1.436794475085794e-06
2.059924482617056e-06
2.950909317350247e-06
4.216460377854218e-06
6.028662274482590e-06
8.606557559143756e-06
1.228810317655806e-05
1.756200858307371e-05
2.506974265846806e-05
3.563666208342589e-05
5.070062250285934e-05
7.180599307961829e-05
1.016201583811081e-04
1.434971829358517e-04
2.024958555775308e-04
2.849476121462363e-04
3.997287368661536e-04
5.599734465513178e-04
7.817224004248183e-04
1.089055653150942e-03
1.514535811414574e-03
2.092182653921827e-03
2.887175892742634e-03
3.966390199435196e-03
5.431288026062913e-03
7.404138762048326e-03
1.008737136944223e-02
1.366547661472862e-02
1.843043354280589e-02
2.472558221135323e-02
3.302603956415237e-02
4.387200112548356e-02
5.791273403841613e-02
7.601564372442889e-02
9.911864647138081e-02
1.283112852865066e-01
1.647311224456187e-01
2.097016119285472e-01
2.641991641340788e-01
3.289487110832164e-01
4.043619604217325e-01
4.892767669810724e-01
5.815668748962911e-01
6.770293415736005e-01
7.704203073093254e-01
8.638518561109451e-01
9.999914316918231e-01
9.999999999986164e-01
1.000000000000000e+00
1.000000000000000e+00
1.000000000000000e+00
1.000000000000000e+00
1.000000000000000e+00
1.000000000000000e+00
1.000000000000000e+00
1.000000000000000e+00
1.000000000000000e+00
###1.040000000000000e+01
1.020004076244370e-11
6.520469490650150e-11
-2.785234754874401e-11
6.133811984765206e-11
5.612483011150886e-11
1.350695752293449e-10
3.316723425458175e-11
2.622498935570936e-11
5.161646436355647e-11
-1.619406688815936e-10
1.066205112803068e-10
1.405676410783274e-10
1.558599829295908e-10
1.898445988003051e-10
2.314046288062732e-10
2.962628506861878e-10
3.373624365047253e-10
4.319124424469899e-10
5.545616137557489e-10
7.158007638415019e-10
9.147558902439754e-10
1.208920882624002e-09
1.600364074251895e-09
2.116540041707367e-09
2.831334869027771e-09
3.820353184183747e-09
5.195022757763046e-09
7.073511521415566e-09
9.708279945931804e-09
1.337721531462360e-08
1.848956581452908e-08
2.572729099851294e-08
3.592120235057701e-08
5.024888835281341e-08
7.074375880054655e-08
9.968443016198144e-08
1.410112940365916e-07
1.998943033031166e-07
2.843135271690736e-07
4.035627578044774e-07
5.764309913207739e-07
8.224853545165944e-07
1.174329279739884e-06
1.675730576708696e-06
2.399924586860937e-06
3.433863346638114e-06
4.902024132316467e-06
7.000452085092952e-06
9.978245755404537e-06
1.423039969344974e-05
2.029043692794808e-05
2.890683876987518e-05
4.100624902056758e-05
5.820958580895818e-05
8.225492011508344e-05
1.161349878734862e-04
1.636026695960608e-04
2.302649233577619e-04
3.231846275191420e-04
4.522219943643210e-04
6.317564739728199e-04
8.795227302653000e-04
1.221841767918477e-03
1.694401689071783e-03
2.333725614414286e-03
3.210836562954013e-03
4.397371386960445e-03
6.002960564572670e-03
8.156759024568005e-03
1.107564048483116e-02
1.495326532334359e-02
2.009617827622218e-02
2.686254542867203e-02
3.574408166059469e-02
4.729689424333037e-02
6.217586267334962e-02
8.126179861791492e-02
1.054843441354943e-01
1.359028861162548e-01
1.736064123269969e-01
2.198384909049872e-01
2.754476218267550e-01
3.409930145625635e-01
4.166838527928021e-01
5.011829455396358e-01
5.922787737698445e-01
6.858773136390727e-01
7.770076275939313e-01
8.680067152673508e-01
9.999914316918231e-01
9.999999999986164e-01
1.000000000000000e+00
1.000000000000000e+00
1.000000000000000e+00
1.000000000000000e+00
1.000000000000000e+00
1.000000000000000e+00
1.000000000000000e+00
1.000000000000000e+00
1.000000000000000e+00
###1.080000000000000e+01
-2.900900063664724e-12
6.550434437258099e-11
-2.416989961114108e-11
6.882004827018002e-11
5.918314097657221e-11
1.337608976170460e-10
3.731094068193364e-11
3.230187719607260e-11
6.100990423557834e-11
-1.545588230258979e-10
1.178158107969700e-10
1.505636116821681e-10
1.768957473350778e-10
2.102230820209510e-10
2.566651007327089e-10
3.221769324337652e-10
3.739326888991190e-10
4.756560268843333e-10
6.106062255341171e-10
7.903006072174852e-10
1.013956111486968e-09
1.344812759745101e-09
1.778677583374134e-09
2.363618357521141e-09
3.170676593542885e-09
4.292455535022001e-09
5.856929399341310e-09
8.006073054868357e-09
1.102389840747368e-08
1.523919954560007e-08
2.113219322483624e-08
2.950308501887358e-08
4.129916893583497e-08
5.794119511927278e-08
8.174737385113821e-08
1.154415794766221e-07
1.635539668070652e-07
2.321911667969925e-07
3.305026919090599e-07
4.694468028252299e-07
6.705607298571177e-07
9.570023684226676e-07
1.366075712098023e-06
1.949072952237632e-06
2.787830244493908e-06
3.983762236135114e-06
5.680982005424249e-06
8.101942004297008e-06
1.153112371322631e-05
1.641802138839861e-05
2.336058390968067e-05
3.321830723749865e-05
4.702178835221009e-05
6.660277074096207e-05
9.390263836385465e-05
1.322833378191207e-04
1.859078327104673e-04
2.609870854960053e-04
3.653995768669379e-04
5.099793591390458e-04
7.105568920203736e-04
9.865308166755399e-04
1.366662668497594e-03
1.889991521158074e-03
2.595640718367852e-03
3.560733303396629e-03
4.861858590831282e-03
6.616798967048087e-03
8.962392061237969e-03
1.213000210492140e-02
1.632184892480274e-02
2.185946639857037e-02
2.911605740021117e-02
3.860034638350290e-02
5.087986466367512e-02
6.661844640860426e-02
8.670251138096192e-02
1.120593422783810e-01
1.437083842068323e-01
1.826867141972174e-01
2.301540142112179e-01
2.868442241832468e-01
3.531461586186678e-01
4.290782842849081e-01
5.131409288338453e-01
6.030682084112918e-01
6.948276847425520e-01
7.837269635478140e-01
8.722667831766229e-01
9.999914316918231e-01
9.999999999986164e-01
1.000000000000000e+00
1.000000000000000e+00
1.000000000000000e+00
1.000000000000000e+00
1.000000000000000e+00
1.000000000000000e+00
1.000000000000000e+00
1.000000000000000e+00
1.000000000000000e+00
###1.120000000000000e+01
-1.488818801382172e-12
6.634818423522227e-11
-2.579723961473437e-11
6.904015150279351e-11
6.137443403691399e-11
1.369476764000959e-10
4.831940749415876e-11
4.101349555229698e-11
7.052555716084561e-11
-1.396059394398094e-10
1.307605146753080e-10
1.612123335291372e-10
1.977098863578290e-10
2.292799552426593e-10
2.809923035133625e-10
3.516490971390017e-10
4.258637884331912e-10
5.260096917762464e-10
6.733435287497364e-10
8.725709027926814e-10
1.124711318443861e-09
1.493485587249579e-09
1.979171704807725e-09
2.642871112867898e-09
3.557598582897050e-09
4.831641360394958e-09
6.610931353627047e-09
9.074990574263703e-09
1.253473637156084e-08
1.738908308940342e-08
2.418767644081522e-08
3.387446193804723e-08
4.751230380495224e-08
6.681423930185099e-08
9.444262329302359e-08
1.335993715211437e-07
1.895444676400559e-07
2.693259502502568e-07
3.835857566798493e-07
5.450310789975170e-07
7.788024790859511e-07
1.110962659401853e-06
1.585221778487020e-06
2.260834467291084e-06
3.229284382284108e-06
4.608411739835414e-06
6.564196787480435e-06
9.346836658937013e-06
1.328141194377347e-05
1.888290517855841e-05
2.681130458718736e-05
3.805012350481550e-05
5.374714479816098e-05
7.596341791055072e-05
1.068628663878305e-04
1.501953541262895e-04
2.105906106838334e-04
2.949049349007365e-04
4.118551778393235e-04
5.733997343389306e-04
7.967739242639719e-04
1.103328226591297e-03
1.524323304627467e-03
2.102345259549582e-03
2.879149383875960e-03
3.938342186436122e-03
5.361709251923073e-03
7.275318001986059e-03
9.823407451616105e-03
1.325324970948208e-02
1.777522959927667e-02
2.372520130105019e-02
3.149164601520534e-02
4.159787454292384e-02
5.462567670810022e-02
7.124245076630369e-02
9.233399164233075e-02
1.188394243489990e-01
1.517221258666037e-01
1.919685410452104e-01
2.406505265161621e-01
2.983886116525655e-01
3.654046326576095e-01
4.415407933231313e-01
5.251577222519469e-01
6.139215425837764e-01
7.038682339830593e-01
7.905667303246697e-01
8.766146744877962e-01
9.999914316918231e-01
9.999999999986164e-01
1.000000000000000e+00
1.000000000000000e+00
1.000000000000000e+00
1.000000000000000e+00
1.000000000000000e+00
1.000000000000000e+00
1.000000000000000e+00
1.000000000000000e+00
1.000000000000000e+00
###1.160000000000000e+01
1.415824045807076e-11
6.588111292723110e-11
7.996125286957909e-12
6.322733798327093e-11
6.445244886302211e-11
1.105964043459422e-10
6.017426272252736e-11
5.033642241382292e-11
7.829606875630375e-11
-1.229689311847467e-10
1.365496961938804e-10
1.751025948574811e-10
2.156224327690700e-10
2.484635142274291e-10
2.916585719749310e-10
3.818701408852717e-10
4.673309142723070e-10
5.785492610610353e-10
7.415618510211999e-10
9.644209328073628e-10
1.248722454886575e-09
1.660725843905262e-09
2.208383673038938e-09
2.960311733013757e-09
3.997514701181004e-09
5.447559620524515e-09
7.476584175693944e-09
1.030233696456502e-08
1.427123348178368e-08
1.985574135373394e-08
2.771359055907708e-08
3.889367771076695e-08
5.467653227535217e-08
7.704085923877116e-08
1.090693076304386e-07
1.544915823301689e-07
2.194026462811056e-07
3.119664683133742e-07
4.445304160239852e-07
6.317082922109484e-07
9.023119163622504e-07
1.286853925310656e-06
1.834948591017341e-06
2.615484409009208e-06
3.730590314108355e-06
5.316263377682345e-06
7.562424958258990e-06
1.075193275042091e-05
1.525299272115156e-05
2.164994464305721e-05
3.067649149980836e-05
4.344767821199692e-05
6.124607517410807e-05
8.637823663138334e-05
1.212399080697516e-04
1.700236799706829e-04
2.378313294863274e-04
3.322638333428405e-04
4.629007430404450e-04
6.428712317924531e-04
8.910110353303139e-04
1.230664502897760e-03
1.695624981864884e-03
2.332557536245886e-03
3.185634107676227e-03
4.345218345498208e-03
5.898599368807639e-03
7.980637849707890e-03
1.074272486913013e-02
1.444810565006390e-02
1.931590207597771e-02
2.569635642433191e-02
3.399201198135459e-02
4.474154573289858e-02
5.853650034577038e-02
7.605333530252509e-02
9.816904525318065e-02
1.258331243225227e-01
1.599434324517152e-01
2.014543889310187e-01
2.513387467515726e-01
3.100836586200118e-01
3.777731527899250e-01
4.540689313187535e-01
5.372145814545032e-01
6.248228168339047e-01
7.129776841816671e-01
7.974999105747940e-01
8.810195276672772e-01
9.999914316918231e-01
9.999999999986164e-01
1.000000000000000e+00
1.000000000000000e+00
1.000000000000000e+00
1.000000000000000e+00
1.000000000000000e+00
1.000000000000000e+00
1.000000000000000e+00
1.000000000000000e+00
1.000000000000000e+00
###1.200000000000001e+01
1.792167161714157e-11
6.636529006080219e-11
-2.583741350992779e-11
6.591650586332111e-11
6.456616294217514e-11
1.146807645788047e-10
6.498643349855501e-11
5.693750166599027e-11
8.672683246251703e-11
-1.045343939866301e-10
1.523280869559663e-10
1.900650963340020e-10
2.422224100753588e-10
2.728839185969520e-10
3.223175306003752e-10
4.279639241096215e-10
5.120903555467570e-10
6.362690275912407e-10
8.170032982974430e-10
1.066376789843360e-09
1.387255323185007e-09
1.849094592826680e-09
2.467653589071678e-09
3.319917893033673e-09
4.500414219288320e-09
6.150204255971749e-09
8.471394207039218e-09
1.170846118635838e-08
1.626766340032734e-08
2.270181799383957e-08
3.175520625908785e-08
4.466870225486440e-08
6.291852774042210e-08
8.879613255506720e-08
1.258678147520950e-07
1.784867906036541e-07
2.536715057649062e-07
3.608249832235519e-07
5.141257702497361e-07
7.307557602577400e-07
1.043337004255276e-06
1.486990451704280e-06
2.118771995626849e-06
3.017578514113099e-06
4.298128477731165e-06
6.116370215240208e-06
8.688124386142398e-06
1.233278050016609e-05
1.746718520822056e-05
2.474866896456102e-05
3.499705730924776e-05
4.946752459308058e-05
6.959105912511120e-05
9.793595984268797e-05
1.371675698524312e-04
1.919324162762295e-04
2.678386954919600e-04
3.733184853508326e-04
5.188497734568335e-04
7.188389114800218e-04
9.938119175887197e-04
1.369140994440008e-03
1.881581406881089e-03
2.581529890169706e-03
3.516348241200326e-03
4.782954743692684e-03
6.474346955878082e-03
8.734519281104426e-03
1.172246448863604e-02
1.571770965651296e-02
2.094764227162848e-02
2.777688282804949e-02
3.662085574520809e-02
4.803452874062447e-02
6.261994600562189e-02
8.105427089007333e-02
1.042116738084631e-01
1.330400042123770e-01
1.683800488187414e-01
2.111429546437271e-01
2.622111996171697e-01
3.219223329609959e-01
3.902420287527343e-01
4.666747958896239e-01
5.493047273594331e-01
6.357659225380462e-01
7.221492908926932e-01
8.044842915783740e-01
8.854775274887666e-01
9.999914316918231e-01
9.999999999986164e-01
1.000000000000000e+00
1.000000000000000e+00
1.000000000000000e+00
1.000000000000000e+00
1.000000000000000e+00
1.000000000000000e+00
1.000000000000000e+00
1.000000000000000e+00
1.000000000000000e+00
###1.240000000000001e+01
2.692160788761285e-11
6.811532215847601e-11
-2.240095595485264e-11
6.673568251895136e-11
6.867381575875321e-11
1.209336711514524e-10
7.330372611758628e-11
6.838964974633320e-11
1.022543918854197e-10
-8.221545873904987e-11
1.695122461608399e-10
2.111984761180279e-10
2.725117700907056e-10
3.027487565494354e-10
3.572983112895807e-10
4.687613844812163e-10
5.658583797353357e-10
7.050199036909434e-10
9.054238224539583e-10
1.183178627604206e-09
1.546182614748480e-09
2.064152560705747e-09
2.764093771102112e-09
3.734017050730582e-09
5.074351021150375e-09
6.959168091793990e-09
9.610723753724622e-09
1.332842848506725e-08
1.855628010572010e-08
2.597333715126828e-08
3.640263674162820e-08
5.130928656131670e-08
7.238511758494421e-08
1.023189622279817e-07
1.451528925555551e-07
2.060208811012457e-07
2.929193009205283e-07
4.167024496246198e-07
5.937249369898166e-07
8.437785524261209e-07
1.203839697675962e-06
1.714505787867307e-06
2.440768289416915e-06
3.472400764861567e-06
4.939379074236248e-06
7.018144172084785e-06
9.954466618342596e-06
1.410716539234491e-05
1.994770036354477e-05
2.821281961286691e-05
3.981624663426473e-05
5.615665218650972e-05
7.885437765941142e-05
1.107453878890970e-04
1.547671770128131e-04
2.160758709319458e-04
3.008801208455737e-04
4.183584216166344e-04
5.800836613987477e-04
8.017685252040242e-04
1.105775701127310e-03
1.519609220308554e-03
2.083014623960722e-03
2.850566180172624e-03
3.872494401600628e-03
5.253056931581684e-03
7.091297307308831e-03
9.539506116023075e-03
1.276545483301323e-02
1.706504454453148e-02
2.267359044314414e-02
2.997031272553428e-02
3.938400410423004e-02
5.148181495908248e-02
6.687788465074632e-02
8.624848366188033e-02
1.104623175224082e-01
1.404642814062261e-01
1.770358098164088e-01
2.210386061407162e-01
2.732664788376639e-01
3.339133355966215e-01
4.028183222352243e-01
4.793475120145632e-01
5.614432343410228e-01
6.467278962338072e-01
7.313443082790291e-01
8.115108293964413e-01
8.899476151914357e-01
9.999914316918231e-01
9.999999999986164e-01
1.000000000000000e+00
1.000000000000000e+00
1.000000000000000e+00
1.000000000000000e+00
1.000000000000000e+00
1.000000000000000e+00
1.000000000000000e+00
1.000000000000000e+00
1.000000000000000e+00
###1.280000000000001e+01
3.980446826468118e-11
6.879490375100213e-11
-1.254510985902994e-11
7.045870031632706e-11
7.627829881525565e-11
1.284077333403339e-10
8.248556057292279e-11
7.762177770120204e-11
1.151719228182808e-10
-5.547144535504271e-11
1.922574962970125e-10
2.339077291212362e-10
3.063107441867526e-10
3.357358162036332e-10
3.972253773628487e-10
5.143964708566842e-10
6.256284519524233e-10
7.810401480640329e-10
1.004743681314489e-09
1.317540072483097e-09
1.725229640960700e-09
2.309471287371891e-09
3.102179952334882e-09
4.206987961065690e-09
5.735182962682058e-09
7.883470393292265e-09
1.091870708827549e-08
1.518254080741478e-08
2.118777297099474e-08
2.971921609141274e-08
4.174088558898101e-08
5.892312086477026e-08
8.325315534578726e-08
1.178109645018561e-07
1.672208879102092e-07
2.374967024796328e-07
3.377354059640529e-07
4.804351910844279e-07
6.841833505970268e-07
9.719933199848471e-07
1.385995956794399e-06
1.972194917313732e-06
2.804809802468779e-06
3.985841973823906e-06
5.661850208965161e-06
8.032615447344284e-06
1.137620539114746e-05
1.609504338485630e-05
2.272007950701086e-05
3.207758242568456e-05
4.517813261923499e-05
6.358863121002994e-05
8.911829668859914e-05
1.248981916336047e-04
1.742009467552769e-04
2.426378180072662e-04
3.371291231256980e-04
4.677097230720283e-04
6.469874989303490e-04
8.921150257875216e-04
1.227508455029459e-03
1.682758482646094e-03
2.300928400454278e-03
3.140655000408470e-03
4.255588058489422e-03
5.757495058960956e-03
7.750904694352904e-03
1.039816708712444e-02
1.387490314539298e-02
1.849409905001117e-02
2.449756476827990e-02
3.228075965056356e-02
4.228359701214517e-02
5.508891583797323e-02
7.131534914833425e-02
9.164057945350070e-02
1.169276888788495e-01
1.481074113732653e-01
1.859124329324017e-01
2.311410339822000e-01
2.845012124264069e-01
3.460461313723287e-01
4.155018579523360e-01
4.920724681316467e-01
5.736090613172380e-01
6.577087544657630e-01
7.405585101692134e-01
8.185519976993052e-01
8.944083688655717e-01
9.999914316918231e-01
9.999999999986164e-01
1.000000000000000e+00
1.000000000000000e+00
1.000000000000000e+00
1.000000000000000e+00
1.000000000000000e+00
1.000000000000000e+00
1.000000000000000e+00
1.000000000000000e+00
1.000000000000000e+00
###1.320000000000001e+01
1.002738772485142e-10
7.428323769410002e-11
-1.590735015381347e-11
7.908771418106899e-11
8.069429260159200e-11
1.430036972336845e-10
9.530938446449553e-11
9.099852917986292e-11
1.321457830389403e-10
-3.131823071921383e-11
2.148943894600732e-10
2.605075080199287e-10
3.412647628593704e-10
3.786740940113868e-10
4.415837713035278e-10
5.667846886749027e-10
6.962369816348151e-10
8.691906940414327e-10
1.117932266561749e-09
1.466613434215291e-09
1.929941869602829e-09
2.587596437654356e-09
3.488965974991604e-09
4.744088592717815e-09
6.488594019791054e-09
8.939670747972442e-09
1.241465937592275e-08
1.730946066218245e-08
2.420724634619338e-08
3.402039345295760e-08
4.785866740777396e-08
6.765347248569557e-08
9.570999047042228e-08
1.355520536749177e-07
1.924436235450410e-07
2.734152400665584e-07
3.888456291171870e-07
5.529790811279142e-07
7.871273040599844e-07
1.117463857521620e-06
1.592299394247722e-06
2.263435351590037e-06
3.215621188559434e-06
4.564220731723354e-06
6.474027856524318e-06
9.171173365856062e-06
1.296880709778916e-05
1.831694777783283e-05
2.581083360057900e-05
3.637127129917763e-05
5.113333970188520e-05
7.182400062485077e-05
1.004627301709629e-04
1.405171569685480e-04
1.955762309038326e-04
2.718077614568840e-04
3.768574501406524e-04
5.216434559874388e-04
7.199677681469088e-04
9.904605986019832e-04
1.359628178860695e-03
1.859428876680867e-03
2.536242449398953e-03
3.453237397230572e-03
4.667163136462586e-03
6.297803610752890e-03
8.456069230212479e-03
1.131303663926676e-02
1.505285243737401e-02
2.000704460644254e-02
2.642424439594789e-02
3.471232448886240e-02
4.532465210989412e-02
5.885812293280828e-02
7.593695983012713e-02
9.723612471157683e-02
1.236072749175337e-01
1.559770561584773e-01
1.950179076385390e-01
2.414496541243546e-01
2.959186236288862e-01
3.583213419718566e-01
4.282806780691190e-01
5.048649261113863e-01
5.858053170459582e-01
6.686971579009084e-01
7.497786053499431e-01
8.255972077669358e-01
8.988806832087990e-01
9.999914316918231e-01
9.999999999986164e-01
1.000000000000000e+00
1.000000000000000e+00
1.000000000000000e+00
1.000000000000000e+00
1.000000000000000e+00
1.000000000000000e+00
1.000000000000000e+00
1.000000000000000e+00
1.000000000000000e+00
###1.360000000000001e+01
1.068573061128232e-10
7.977243801532675e-11
-1.345161135489489e-11
9.022075169711623e-11
9.033136508878161e-11
1.524521481713615e-10
1.073357193967838e-10
1.083081657492012e-10
1.492311155872104e-10
6.393048842367899e-12
2.390497842763989e-10
2.889969905937417e-10
3.804420561572998e-10
4.191942893845151e-10
4.898818878736510e-10
6.267526261545531e-10
7.708501926909001e-10
9.669726835610857e-10
1.244318234317858e-09
1.635859566912111e-09
2.160412362277827e-09
2.905085655045500e-09
3.928468537922954e-09
5.353834890205865e-09
7.344426946385607e-09
1.015236169868319e-08
1.412621475942749e-08
1.973923973857035e-08
2.766831927268374e-08
3.894501640091320e-08
5.486155483004083e-08
7.763088959032038e-08
1.098923040315243e-07
1.557906420663901e-07
2.212229307657102e-07
3.142722340820462e-07
4.469127903409653e-07
6.353680736007325e-07
9.039758048480520e-07
1.282124530174493e-06
1.825506474301781e-06
2.592156351465686e-06
3.678449097327711e-06
5.214281573634705e-06
7.385229150766850e-06
1.044572433294671e-05
1.474777174647694e-05
2.079456422418220e-05
2.925574296797545e-05
4.114673396786327e-05
5.773714807444044e-05
8.093593811243825e-05
1.129906831859203e-04
1.577123838032447e-04
2.190723245775243e-04
3.038073207373192e-04
4.203056553059759e-04
5.805216996106475e-04
7.994354774857711e-04
1.097321851179712e-03
1.502796571419868e-03
2.050401661044758e-03
2.790038523696777e-03
3.789458696986321e-03
5.108759525746520e-03
6.875935991401145e-03
9.208474503859808e-03
1.228655219753838e-02
1.630333834144013e-02
2.160702329397553e-02
2.845523120609964e-02
3.726821895978325e-02
4.851188554244806e-02
6.279444657498626e-02
8.074504927383694e-02
1.030369416749536e-01
1.305085474982822e-01
1.640689674461648e-01
2.043429445387357e-01
2.519685383607964e-01
3.075122455646738e-01
3.707498324914035e-01
4.411578525652375e-01
5.177087566707161e-01
5.980121360429068e-01
6.796706697575158e-01
7.589668581935114e-01
8.326208776216176e-01
9.033292688624570e-01
9.999914316918231e-01
9.999999999986164e-01
1.000000000000000e+00
1.000000000000000e+00
1.000000000000000e+00
1.000000000000000e+00
1.000000000000000e+00
1.000000000000000e+00
1.000000000000000e+00
1.000000000000000e+00
1.000000000000000e+00
###1.400000000000001e+01
1.104042243851628e-10
8.359174193239716e-11
-1.050812368291168e-11
9.561754877075859e-11
9.399928475801724e-11
1.615077350566275e-10
1.107760584582988e-10
1.213890738616970e-10
1.630426802735971e-10
3.141569344501196e-11
2.549525828500966e-10
3.110102626563024e-10
4.042623994805451e-10
4.507074426821658e-10
5.336024031961275e-10
6.802263267658999e-10
8.443775297321794e-10
1.065855154399257e-09
1.377486345432170e-09
1.819409700992694e-09
2.413727667986943e-09
3.257911915680300e-09
4.422104415610697e-09
6.045910480625361e-09
8.317699053303417e-09
1.152983799096697e-08
1.608188604859513e-08
2.251635353707620e-08
3.161315085440966e-08
4.456063841042719e-08
6.285931095120759e-08
8.901113460436433e-08
1.260828014563250e-07
1.788257444675611e-07
2.539405271537152e-07
3.607594264044433e-07
5.128866181992485e-07
7.287732225563102e-07
1.036136101946928e-06
1.468164701373281e-06
2.088338821992277e-06
2.962185136381602e-06
4.198434130901286e-06
5.943316885397309e-06
8.405180981974931e-06
1.186972800117403e-05
1.673149023778380e-05
2.355254840831040e-05
3.307804949485300e-05
4.644191131668836e-05
6.503705234454681e-05
9.099071993225660e-05
1.267831211782785e-04
1.766222502480832e-04
2.448527901047578e-04
3.388241082973280e-04
4.677636408134476e-04
6.447032354695310e-04
8.858600355717915e-04
1.213270365702284e-03
1.657763419723288e-03
2.256609638496155e-03
3.063403189804473e-03
4.150683062819447e-03
5.582279946213357e-03
7.493662002915037e-03
1.001073681498427e-02
1.332128444913919e-02
1.762858930495981e-02
2.329850730661569e-02
3.059506071200905e-02
3.995306959161769e-02
5.184810397178728e-02
6.690195767350569e-02
8.574643882587178e-02
1.090434355980921e-01
1.376326416945770e-01
1.723904529507159e-01
2.138892720964127e-01
2.626929280057026e-01
3.192784035628211e-01
3.833090757953128e-01
4.541295800849850e-01
5.305858491918812e-01
6.102190188282501e-01
6.906210908660675e-01
7.681286894121077e-01
8.396090060032451e-01
9.077495185258536e-01
9.999914316918231e-01
9.999999999986164e-01
1.000000000000000e+00
1.000000000000000e+00
1.000000000000000e+00
1.000000000000000e+00
1.000000000000000e+00
1.000000000000000e+00
1.000000000000000e+00
1.000000000000000e+00
1.000000000000000e+00
###1.440000000000001e+01
1.156158016620311e-10
8.240431038014650e-11
1.957895580223891e-11
1.022474721733089e-10
1.017371308782521e-10
1.685734830954639e-10
1.181806291221670e-10
1.323305203520852e-10
1.784691428377801e-10
5.582830219994615e-11
2.726364239109477e-10
3.370455936108897e-10
4.331449109629014e-10
4.855327134476327e-10
5.788263353422983e-10
7.411656256730476e-10
9.309197606523917e-10
1.176608406160471e-09
1.528446004482386e-09
2.026517164944723e-09
2.700456650388172e-09
3.658131977333792e-09
4.981049128270276e-09
6.831659142798975e-09
9.428581163028278e-09
1.310411293251616e-08
1.831788619037234e-08
2.568786736883636e-08
3.612494065710519e-08
5.097654414202411e-08
7.199270083272819e-08
1.019905387114516e-07
1.445299632616080e-07
2.050340745423445e-07
2.911354586792377e-07
4.135149037650119e-07
5.875202187280533e-07
8.344066998916696e-07
1.185384381728201e-06
1.678082270897411e-06
2.384115332736890e-06
3.377841649561897e-06
4.781345081409269e-06
6.759352901768857e-06
9.544963968131962e-06
1.345805682664107e-05
1.893972817016090e-05
2.661582270130925e-05
3.731462666939221e-05
5.230097904816439e-05
7.310137612955552e-05
1.020774690744498e-04
1.419614143182495e-04
1.973778159427780e-04
2.730725562520389e-04
3.770984456744705e-04
5.195727427601621e-04
7.145312763786100e-04
9.797086513112371e-04
1.338808121128316e-03
1.825166017714138e-03
2.478876542034564e-03
3.357508484444434e-03
4.538331983539191e-03
6.088894079903944e-03
8.153066849962663e-03
1.086513122477303e-02
1.442043804424712e-02
1.903233616276262e-02
2.508527708979274e-02
3.284845157410023e-02
4.277166272079971e-02
5.533788942526314e-02
7.118533468256741e-02
9.094182978405817e-02
1.152655348068229e-01
1.449806306723570e-01
1.809384765477025e-01
2.236572601362800e-01
2.736238550340478e-01
3.312258241776304e-01
3.959998091205174e-01
4.671758527955417e-01
5.434947336019840e-01
6.224177745455294e-01
7.015340843417218e-01
7.772316603006858e-01
8.465464398565501e-01
9.121397130544454e-01
9.999914316918231e-01
9.999999999986164e-01
1.000000000000000e+00
1.000000000000000e+00
1.000000000000000e+00
1.000000000000000e+00
1.000000000000000e+00
1.000000000000000e+00
1.000000000000000e+00
1.000000000000000e+00
1.000000000000000e+00
###1.480000000000001e+01
1.235165281159083e-10
8.399852988075013e-11
2.130736525828139e-11
1.048332566033725e-10
1.065525099395886e-10
1.711230781407909e-10
1.244186241832584e-10
1.398123572401874e-10
1.904297996450916e-10
7.590895274454744e-11
2.767040158309868e-10
3.553411856671502e-10
4.567502810682309e-10
5.182668552774754e-10
6.268832577072676e-10
8.044993949958307e-10
1.017971816946009e-09
1.296669782223336e-09
1.694485877664217e-09
2.256115091001453e-09
3.021342561393647e-09
4.107020751637647e-09
5.612944092416697e-09
7.723326455113422e-09
1.069306207317092e-08
1.489642418086952e-08
2.086011300244455e-08
2.930396266424238e-08
4.126169773609270e-08
5.828084207790312e-08
8.237967543440324e-08
1.167348618440719e-07
1.654780821968622e-07
2.347591816218738e-07
3.332750811223816e-07
4.732060172493621e-07
6.719215387234096e-07
9.535938539365155e-07
1.353603597180783e-06
1.914323237587812e-06
2.716442859165541e-06
3.843901251434154e-06
5.433942478692086e-06
7.671794226264013e-06
1.081594299234440e-05
1.522606024979767e-05
2.139383613031741e-05
3.001399194019637e-05
4.200704840098631e-05
5.877238524031241e-05
8.199357002389152e-05
1.142781819642031e-04
1.586311204242607e-04
2.201254127184012e-04
3.039445485797323e-04
4.188872727849897e-04
5.759419932952165e-04
7.903937455890975e-04
1.081480808729704e-03
1.474705798348327e-03
2.005957923958222e-03
2.718298507242873e-03
3.673539024783430e-03
4.953952866810245e-03
6.630578836069770e-03
8.856385162984769e-03
1.177356302916478e-02
1.558644414945234e-02
2.051775084176443e-02
2.696947425737019e-02
3.521910000965547e-02
4.572647648571002e-02
5.898619211684714e-02
7.564792216317749e-02
9.633643552931577e-02
1.217019866052750e-01
1.525526119363770e-01
1.897165664858079e-01
2.336523500234641e-01
2.847578586942079e-01
3.433323103765500e-01
4.088123201384745e-01
4.802958665960967e-01
5.564355536570866e-01
6.346077814577017e-01
7.123933579679531e-01
7.862702284010743e-01
8.534156916590218e-01
9.164655853203408e-01
9.999914316918231e-01
9.999999999986164e-01
1.000000000000000e+00
1.000000000000000e+00
1.000000000000000e+00
1.000000000000000e+00
1.000000000000000e+00
1.000000000000000e+00
1.000000000000000e+00
1.000000000000000e+00
1.000000000000000e+00
###1.520000000000001e+01
1.283751040064388e-10
8.763539742129699e-11
2.072038513277698e-11
1.091305372145680e-10
1.125191370881311e-10
1.766801328890126e-10
1.340296957194120e-10
1.490899454092311e-10
1.999338803644414e-10
8.018437901264519e-11
2.984786454960511e-10
3.748710200044190e-10
4.845132022857207e-10
5.565912618289972e-10
6.835654138974436e-10
8.753292863063080e-10
1.114739764506779e-09
1.431226943215819e-09
1.882201967542008e-09
2.515449130811815e-09
3.385178393391978e-09
4.617243553743975e-09
6.332043626723750e-09
8.739818903265005e-09
1.213455360537633e-08
1.693800083888114e-08
2.375713303478899e-08
3.341953988224943e-08
4.711201191250074e-08
6.660243542308461e-08
9.416999663839281e-08
1.335077524325477e-07
1.892472421514553e-07
2.684690575353280e-07
3.809743223329898e-07
5.406293077054814e-07
7.671652636194018e-07
1.087879302444392e-06
1.542872190334751e-06
2.179437672834001e-06
3.088980742581840e-06
4.365490023616215e-06
6.163099253191939e-06
8.688675849491566e-06
1.223164534241173e-05
1.719100859362014e-05
2.411457475177773e-05
3.377466441698630e-05
4.719745286253091e-05
6.590994064976768e-05
9.178013146638688e-05
1.276882393503788e-04
1.769023491284614e-04
2.450169096402900e-04
3.376592796730599e-04
4.644095151220661e-04
6.372409966962591e-04
8.727181300763710e-04
1.191640782871490e-03
1.621538721870098e-03
2.200935450051099e-03
2.975892197567074e-03
4.012612376174681e-03
5.398884422546005e-03
7.209195995173138e-03
9.606031076288256e-03
1.273878621546813e-02
1.682237666584613e-02
2.208774311284355e-02
2.895608713441218e-02
3.770982562453579e-02
4.882329897240591e-02
6.279836689029068e-02
8.029361932136525e-02
1.019350014469729e-01
1.283561690396394e-01
1.603559215476187e-01
1.987273163409356e-01
2.438671110790530e-01
2.960906078021844e-01
3.556020174563763e-01
4.217526597938334e-01
4.934946359501973e-01
5.693869839514640e-01
6.467591157104955e-01
7.231891153873632e-01
7.952281458308151e-01
8.602047663947319e-01
9.207198995626137e-01
9.999914316918231e-01
9.999999999986164e-01
1.000000000000000e+00
1.000000000000000e+00
1.000000000000000e+00
1.000000000000000e+00
1.000000000000000e+00
1.000000000000000e+00
1.000000000000000e+00
1.000000000000000e+00
1.000000000000000e+00
###1.560000000000001e+01
1.355520459579425e-10
9.475657933022438e-11
2.760858499176637e-11
1.096767746962841e-10
1.155690564304997e-10
1.833041485258855e-10
1.422392345947264e-10
1.583180710221975e-10
2.162237641013875e-10
1.016874337949618e-10
3.170401537269643e-10
3.973103522481385e-10
5.150892820273330e-10
5.991836878457294e-10
7.424774720537955e-10
9.559022418348306e-10
1.224482408873181e-09
1.587769268436003e-09
2.094625502373259e-09
2.809575586804144e-09
3.797059082251941e-09
5.197656073965280e-09
7.151296216046251e-09
9.900129263539249e-09
1.377522796220926e-08
1.926304206136525e-08
2.705915187818066e-08
3.810670176627111e-08
5.376142923432702e-08
7.604823506044137e-08
1.075764479641060e-07
1.525270956686258e-07
2.161683006067252e-07
3.065825696966225e-07
4.349145892519702e-07
6.167152917776093e-07
8.745447364109998e-07
1.239000761192569e-06
1.755320676678745e-06
2.477328581628967e-06
3.505967439690841e-06
4.948321054037718e-06
6.976007734616412e-06
9.820707238084320e-06
1.380332400569280e-05
1.937119454412051e-05
2.712806232947055e-05
3.793192118601535e-05
5.292467159951708e-05
7.377201859549663e-05
1.025410252405439e-04
1.423886371052756e-04
1.969252335262506e-04
2.722184943268956e-04
3.744229450610718e-04
5.139643966221426e-04
7.038244315232652e-04
9.619409797364369e-04
1.310759976774020e-03
1.780013404431242e-03
2.410770359606699e-03
3.252652569649633e-03
4.376050707689504e-03
5.874645270818303e-03
7.826184554661468e-03
1.040349195090505e-02
1.376333803544867e-02
1.813058000142425e-02
2.374558381045467e-02
3.104799650484830e-02
4.032559548043366e-02
5.206484520339743e-02
6.677818541849223e-02
8.512806281159897e-02
1.077388936594392e-01
1.352343401440949e-01
1.683900007842903e-01
2.079686020138185e-01
2.542968515884139e-01
3.076186275330804e-01
3.680325856959187e-01
4.348053109702664e-01
5.067454648172407e-01
5.823436844200778e-01
6.588660797987468e-01
7.339019952196599e-01
8.040924704098329e-01
8.669092670531797e-01
9.248914361818112e-01
9.999914316918231e-01
9.999999999986164e-01
1.000000000000000e+00
1.000000000000000e+00
1.000000000000000e+00
1.000000000000000e+00
1.000000000000000e+00
1.000000000000000e+00
1.000000000000000e+00
1.000000000000000e+00
1.000000000000000e+00
