# NLO BK equation solver 0.0-dev build  (build Oct 13 2025 12:18:44)
# Initial condition: MV model, Q_s0^2 = 0.0965624 GeV^2, \gamma = 2.4859, coefficient of E inside Log is 1, x0=0.01, \Lambda_QCD = 0.241 GeV
# # LO Kernel RC:  Parent dipole. NLO Kernel RC:  Parent dipole
# Nc=3, Nf=4
# Using RungeKutta method in K1
# Resumming double log
# Resumming single log, K_sub=0.65 resum rc: parent
# BK K1 integration relative accuracy: 0.02# NLO BK as^2 terms: MC integration method: Vegas, points=1000000
# Kinematical constraint: none
# Target kinematical constraint: disabled

###1.000000000000000e-05
###1.160836920850890e+00
###100
###1.000000000000000e+00
###0.000000000000000e+00
1.339913968775886e-27
2.780162652174596e-27
5.767723268886741e-27
1.196404791345830e-26
2.481360921813269e-26
5.145626916055075e-26
1.066894930895647e-25
2.211761997420332e-25
4.584445723408126e-25
9.500910769902427e-25
1.968664877102461e-24
4.078538962553752e-24
8.448152616878654e-24
1.749609649205843e-23
3.622769828764113e-23
7.499948453541971e-23
1.552356553326709e-22
3.212461660994580e-22
6.646533634656015e-22
1.374866844600240e-21
2.843357939327999e-21
5.879021648353847e-21
1.215285316485994e-20
2.511585758813799e-20
5.189327787437395e-20
1.071924352380232e-19
2.213622511180517e-19
4.570099554690476e-19
9.432493915867851e-19
1.946265538960772e-18
4.014653319379461e-18
8.278657110126400e-18
1.706604561449770e-17
3.516916819304387e-17
7.245064411112950e-17
1.491996710220145e-16
3.071377188621317e-16
6.320217539162540e-16
1.300044055531105e-15
2.673034290391919e-15
5.493691834024410e-15
1.128573555822079e-14
2.317359248275447e-14
4.756050645908338e-14
9.756194216468075e-14
2.000258204804350e-13
4.098771074821685e-13
8.394079508109834e-13
1.718041475441897e-12
3.514181518718655e-12
7.183449524610725e-12
1.467398384256195e-11
2.995411689678859e-11
6.110059033081070e-11
1.245378067134630e-10
2.536355590865406e-10
5.161288938088950e-10
1.049376200560829e-09
2.131646829116105e-09
4.326100656479163e-09
8.771265261941939e-09
1.776642424773992e-08
3.595003172626035e-08
7.266934413055475e-08
1.467404123812468e-07
2.960001264535216e-07
5.964568500597198e-07
1.200653193657292e-06
2.414460960350493e-06
4.850726903735562e-06
9.736569136308629e-06
1.952771384472474e-05
3.913777082509284e-05
7.839634854267530e-05
1.569705890284157e-04
3.142234488033857e-04
6.289765647794487e-04
1.259146416407453e-03
2.521200426611192e-03
5.049014927878903e-03
1.010913633090738e-02
2.021549649130128e-02
4.028074111664648e-02
7.957675121776264e-02
1.542894847273266e-01
2.878028678172643e-01
4.979102672229688e-01
7.538771868909330e-01
9.427010755804652e-01
9.971095083712612e-01
9.999937382203693e-01
9.999999999794574e-01
1.000000000000000e+00
1.000000000000000e+00
1.000000000000000e+00
1.000000000000000e+00
1.000000000000000e+00
1.000000000000000e+00
1.000000000000000e+00
1.000000000000000e+00
###4.000000000000000e-01
-1.972415516312176e-12
-1.804657439105304e-12
4.796287299883672e-12
3.585937689246784e-12
1.367381326627382e-12
3.335070833983751e-12
1.201902878307070e-12
5.626553789781227e-13
1.485287247132927e-12
7.511640488280098e-12
-1.547217323570402e-12
1.634076891395052e-12
1.016938590758280e-12
-6.150189860828810e-13
-3.096833166150052e-12
2.806286636821749e-12
1.572868632715564e-13
2.052442550811183e-12
7.471647734200904e-12
8.033369320963972e-12
6.406796538809322e-12
1.017785330998540e-11
1.468786162312394e-11
9.987287061387432e-12
2.705016943035460e-11
3.964338755408567e-11
4.975319794053980e-11
6.454417448022983e-11
9.260074385438435e-11
1.248349017141736e-10
1.748810649807660e-10
2.083929150685254e-10
2.808175042641780e-10
3.731132877411580e-10
4.978515793731282e-10
6.522226004871662e-10
8.699632187427096e-10
1.141144854502170e-09
1.493437574902123e-09
1.960868945304198e-09
2.582732886951470e-09
3.337429502774670e-09
4.375809467144007e-09
5.716918571681379e-09
7.381966610356010e-09
9.586958143326857e-09
1.242529500030105e-08
1.616621653975641e-08
2.117580238201857e-08
2.751250698926413e-08
3.628448164985569e-08
4.857354884305775e-08
6.496084738599926e-08
8.942158442021988e-08
1.239758297980955e-07
1.746673489708972e-07
2.506295084724090e-07
3.651130048456384e-07
5.405282219425442e-07
8.106410265331165e-07
1.230849502017164e-06
1.871235211285578e-06
2.886167782489933e-06
4.470548036399334e-06
6.943307170471281e-06
1.076741434753770e-05
1.680069329176990e-05
2.621378798127559e-05
4.101520819899785e-05
6.440865967894746e-05
1.013023232478952e-04
1.596249800476215e-04
2.538797725395813e-04
4.069715973153682e-04
6.584542802465593e-04
1.077326057787231e-03
1.789815751450103e-03
3.014114973609486e-03
5.161220618543552e-03
9.002882819819535e-03
1.594893725284986e-02
2.865672550423279e-02
5.205421771737878e-02
9.490615264971579e-02
1.717267278629492e-01
3.024091161601032e-01
4.997055274251354e-01
7.345920962125073e-01
9.127453118631850e-01
9.783341049574110e-01
9.999937382203693e-01
9.999999999794574e-01
1.000000000000000e+00
1.000000000000000e+00
1.000000000000000e+00
1.000000000000000e+00
1.000000000000000e+00
1.000000000000000e+00
1.000000000000000e+00
1.000000000000000e+00
###8.000000000000000e-01
-2.371825905487799e-12
6.327026377477576e-12
1.034195442888607e-11
3.804582460385474e-12
-2.884735723240611e-11
4.723524985563972e-12
-3.100737673055662e-12
9.664420627539081e-13
1.812066479569011e-11
8.450577782745046e-12
5.634186482516019e-12
1.616283170377650e-12
1.014091529059098e-12
-2.611947172780285e-12
7.258554119949958e-13
-8.766116857457354e-14
4.823975420232811e-12
5.362222619298587e-12
1.105165768948465e-11
1.358650997917276e-11
4.718777696465613e-12
2.520573528006319e-11
2.518824803648282e-11
3.349741067122581e-11
5.638082085643803e-11
8.014184768132867e-11
1.027432766086446e-10
1.319162511132445e-10
1.865325157375814e-10
2.542696572605160e-10
3.484232757526087e-10
4.336093335373655e-10
5.799031647557135e-10
7.704525131532928e-10
1.021629023700734e-09
1.349699879933480e-09
1.778165674228385e-09
2.339692020729193e-09
3.054838931490512e-09
4.014649145205878e-09
5.291496354060163e-09
6.827455118365456e-09
8.972013168629397e-09
1.179761887700909e-08
1.516168134817994e-08
1.993062637786539e-08
2.588429607241870e-08
3.419019979386534e-08
4.503796374049306e-08
5.958525396171388e-08
7.958223730891001e-08
1.076745018861476e-07
1.474070364879011e-07
2.052786148901929e-07
2.892739859990571e-07
4.133494823225019e-07
5.994550014668638e-07
8.800822933162358e-07
1.309707973600997e-06
1.964541497441294e-06
2.978906912546140e-06
4.497106818106879e-06
6.918952554237269e-06
1.059713803693004e-05
1.628102743071551e-05
2.494995824220993e-05
3.842987460922489e-05
5.904357406722232e-05
9.086066433714718e-05
1.401159839986396e-04
2.155786401251731e-04
3.320793974939156e-04
5.129307955289393e-04
7.961389613419614e-04
1.242472986069423e-03
1.948452788676173e-03
3.089689895869131e-03
4.941506765220219e-03
8.004223022658834e-03
1.317271747160379e-02
2.197213994200269e-02
3.716565150564936e-02
6.362810671224614e-02
1.096061789553760e-01
1.880680027420767e-01
3.158370889133709e-01
5.017100379129683e-01
7.185941613057455e-01
8.873952261702887e-01
9.615919184237093e-01
9.999937382203693e-01
9.999999999794574e-01
1.000000000000000e+00
1.000000000000000e+00
1.000000000000000e+00
1.000000000000000e+00
1.000000000000000e+00
1.000000000000000e+00
1.000000000000000e+00
1.000000000000000e+00
###1.200000000000000e+00
-1.411102711624262e-11
5.962405839118295e-12
1.515308599442172e-11
5.432377642880029e-12
-2.783242432447466e-11
2.050105950973140e-11
-9.626559446448886e-12
1.852233034501237e-12
2.396837427792840e-11
9.579667577219854e-12
3.931787644517465e-12
2.439730446710269e-12
9.419968096710833e-12
-7.638265553059272e-12
3.183337005308258e-12
-7.559892542486710e-13
8.994769827040397e-12
1.129034818981661e-11
2.194856402670618e-11
2.455016634071285e-11
1.622256061623731e-11
3.774103834897449e-11
4.853490833844959e-11
5.355136630027097e-11
8.806773299499622e-11
1.251311829822724e-10
1.644619217722811e-10
2.082268225275136e-10
2.890721129695392e-10
3.920026366926574e-10
5.269872202589609e-10
6.737551890255943e-10
8.987428479954991e-10
1.191793605696398e-09
1.569445646875687e-09
2.080982949840318e-09
2.731827294586585e-09
3.597293834935917e-09
4.711334297702310e-09
6.174547743261392e-09
8.133980590982154e-09
1.055877936404746e-08
1.384992015710205e-08
1.830600076588398e-08
2.367290234220979e-08
3.134454666293668e-08
4.094824172297248e-08
5.472046691221536e-08
7.267274687190748e-08
9.773503813405998e-08
1.321673931559437e-07
1.814411936574722e-07
2.524264114521587e-07
3.562682026324778e-07
5.084251042472897e-07
7.336301594977571e-07
1.072929568976671e-06
1.586235444708600e-06
2.358632616959054e-06
3.536314153392636e-06
5.342812083338992e-06
8.047626815925678e-06
1.230339890253831e-05
1.871022584613903e-05
2.848751704243426e-05
4.329030117946226e-05
6.609072674050909e-05
1.004461196419868e-04
1.529007624369634e-04
2.328621359559378e-04
3.540989272111783e-04
5.381301207482947e-04
8.178514391135088e-04
1.247692555457305e-03
1.909762314633548e-03
2.928940561018015e-03
4.529148341330367e-03
7.042384092924347e-03
1.104828889965746e-02
1.754861658102906e-02
2.816566157488266e-02
4.573098227822898e-02
7.499735252555167e-02
1.237567410803283e-01
2.034760373432468e-01
3.283340226742089e-01
5.040300760857594e-01
7.054843571830012e-01
8.660089642233841e-01
9.468030398448768e-01
9.999937382203693e-01
9.999999999794574e-01
1.000000000000000e+00
1.000000000000000e+00
1.000000000000000e+00
1.000000000000000e+00
1.000000000000000e+00
1.000000000000000e+00
1.000000000000000e+00
1.000000000000000e+00
###1.600000000000000e+00
-1.235557665273119e-11
1.364828245715964e-11
2.327409895591984e-11
4.810116806783968e-12
-2.528774210816133e-11
1.923720864362267e-11
-8.579383455885890e-12
2.436808016586352e-12
1.088681963070234e-11
1.072817479802961e-11
1.001310195165790e-11
1.281964302048390e-11
9.174267534204533e-12
-8.523214913490611e-12
7.311714461919514e-12
1.851341086158474e-12
1.228030668516906e-11
1.675213610802933e-11
2.612502948599227e-11
4.241578630640565e-11
2.689450803102417e-11
5.305244570274114e-11
7.360427698818250e-11
7.885803086674485e-11
1.201949178523705e-10
1.716947541136466e-10
2.298737679540213e-10
2.899410778947785e-10
3.982683912576652e-10
5.370056577580308e-10
7.149508644031123e-10
9.298481196076714e-10
1.239413024171943e-09
1.637675773220635e-09
2.153266620721425e-09
2.855551308653891e-09
3.745345997537656e-09
4.930496052010838e-09
6.482650571195696e-09
8.476610274429027e-09
1.117897675457137e-08
1.458544866679364e-08
1.918498944939339e-08
2.538606019090300e-08
3.321395890894689e-08
4.416923008706767e-08
5.815134808437568e-08
7.875557494971093e-08
1.058962608226322e-07
1.440743039986914e-07
1.973567654686893e-07
2.740633868073806e-07
3.864183481090116e-07
5.509597839769963e-07
7.932566676931522e-07
1.154272813763580e-06
1.696917532967761e-06
2.516786496544733e-06
3.741117593827111e-06
5.599984258204348e-06
8.433867857626741e-06
1.268590157051644e-05
1.919563701048976e-05
2.906755082877001e-05
4.396049045039241e-05
6.636161498249068e-05
1.003904525297699e-04
1.512264049113476e-04
2.281684607349612e-04
3.441404856214753e-04
5.183749757351377e-04
7.796815493618175e-04
1.171283251245688e-03
1.763803002025885e-03
2.662206571920800e-03
4.019187077336496e-03
6.107925826101561e-03
9.311240152777617e-03
1.428436414715208e-02
2.211664781683235e-02
3.451747309449049e-02
5.434734137374480e-02
8.620587886520320e-02
1.374197048278943e-01
2.180852785004326e-01
3.400991794480521e-01
5.067154038931160e-01
6.948471103923740e-01
8.480562419970257e-01
9.338497077257619e-01
9.999937382203693e-01
9.999999999794574e-01
1.000000000000000e+00
1.000000000000000e+00
1.000000000000000e+00
1.000000000000000e+00
1.000000000000000e+00
1.000000000000000e+00
1.000000000000000e+00
1.000000000000000e+00
###2.000000000000000e+00
-9.229808307389333e-12
2.206850808103966e-11
2.271933658410767e-11
4.270922237655876e-12
1.572638367261314e-11
2.226014861943637e-11
8.022634088166883e-13
2.865996597188938e-12
2.618626395113083e-11
1.057223164067057e-11
1.268260898623457e-11
1.460054047901302e-11
1.129314225510706e-11
-5.670064686044762e-12
1.258088280175170e-11
7.622240809974661e-12
1.685001878346193e-11
2.255103478782562e-11
3.658341948850057e-11
5.293952686758320e-11
3.614424406015010e-11
7.375998579423195e-11
9.453267581235469e-11
1.086253541847107e-10
1.586944717509536e-10
2.205337892572735e-10
2.955648861297126e-10
3.788486116015701e-10
5.168258060048388e-10
6.912869997790398e-10
9.150010162371423e-10
1.203254794324925e-09
1.599217393088853e-09
2.120335631002200e-09
2.773996711209807e-09
3.680694901052510e-09
4.823827784087152e-09
6.351386805142659e-09
8.384671595725883e-09
1.096374414135541e-08
1.448194702614627e-08
1.900662580838493e-08
2.507697908636417e-08
3.336669009667285e-08
4.412536643436240e-08
5.909005128453673e-08
7.847551531499680e-08
1.072245794768078e-07
1.457824472008062e-07
2.007270233765687e-07
2.783243325074115e-07
3.906924147208490e-07
5.568988515269257e-07
8.000114331966763e-07
1.159279723142525e-06
1.697487708374120e-06
2.501054704988360e-06
3.716803299511837e-06
5.511937685855638e-06
8.242283308552640e-06
1.237408244847354e-05
1.854174766893094e-05
2.788777693943383e-05
4.198597628067106e-05
6.311133532626324e-05
9.462302412570102e-05
1.420636581872517e-04
2.125481286159056e-04
3.177686286845015e-04
4.754554884832934e-04
7.101162343801383e-04
1.058559401433147e-03
1.574824180106580e-03
2.346398159498184e-03
3.502006021957178e-03
5.221150209991077e-03
7.826010946602601e-03
1.174461506838288e-02
1.770603224203744e-02
2.687118337877347e-02
4.102496047923056e-02
6.300880055137695e-02
9.726676815331800e-02
1.506582311545394e-01
2.320227983847413e-01
3.512784542375600e-01
5.097948960787693e-01
6.863839053121370e-01
8.330737101495989e-01
9.226228210600742e-01
9.999937382203693e-01
9.999999999794574e-01
1.000000000000000e+00
1.000000000000000e+00
1.000000000000000e+00
1.000000000000000e+00
1.000000000000000e+00
1.000000000000000e+00
1.000000000000000e+00
1.000000000000000e+00
###2.400000000000000e+00
-3.312129251784719e-12
1.934949010582988e-11
2.253557756910111e-11
-2.585253592673518e-11
8.963718042993452e-12
2.447214469269615e-11
1.312500535673461e-11
5.130959088378608e-12
2.639896127865474e-11
1.194718800314465e-11
1.157141647642168e-11
1.580911136003289e-11
1.350278843399091e-11
-2.219234449056143e-12
9.601111235919786e-12
1.235591689260851e-11
1.851128038578360e-11
2.912420537732106e-11
3.091458501274409e-11
6.168140549492922e-11
4.974237306159956e-11
9.093872684132223e-11
1.182927211611334e-10
1.426610195128251e-10
2.002980557835044e-10
2.729252600043042e-10
3.652886807842572e-10
4.743487177930080e-10
6.453692882528432e-10
8.574053244514161e-10
1.133781479655949e-09
1.493318869884601e-09
1.983527191375078e-09
2.626667147976745e-09
3.433176111400207e-09
4.567869247963822e-09
5.989719072125085e-09
7.886693780258383e-09
1.044784818924822e-08
1.368375493914590e-08
1.813756130444152e-08
2.394465179405588e-08
3.178478600606407e-08
4.248464428885807e-08
5.673703408712932e-08
7.665360793551808e-08
1.030662503353417e-07
1.418127462601981e-07
1.942800359203868e-07
2.708033700988060e-07
3.795523989089488e-07
5.377398434191211e-07
7.717279942895572e-07
1.117272004551867e-06
1.626604762788020e-06
2.386877282210280e-06
3.523468494656450e-06
5.234190132809337e-06
7.747489771503126e-06
1.155470575519596e-05
1.728521026832412e-05
2.578865468629096e-05
3.858808662684969e-05
5.776138969375583e-05
8.631448816224088e-05
1.285789367760143e-04
1.917355060223935e-04
2.850424624910700e-04
4.228113594901938e-04
6.279749352907983e-04
9.309083561551545e-04
1.376476567843043e-03
2.030348395517957e-03
2.997753103883389e-03
4.430715505306177e-03
6.534944981815250e-03
9.683380250164828e-03
1.434172748272662e-02
2.130892337785463e-02
3.180110091689301e-02
4.769292958762639e-02
7.172064799776198e-02
1.082246985310943e-01
1.635327819040271e-01
2.454159373600592e-01
3.620138681368008e-01
5.132908340777996e-01
6.798365451675307e-01
8.206725348606736e-01
9.129867274545689e-01
9.999937382203693e-01
9.999999999794574e-01
1.000000000000000e+00
1.000000000000000e+00
1.000000000000000e+00
1.000000000000000e+00
1.000000000000000e+00
1.000000000000000e+00
1.000000000000000e+00
1.000000000000000e+00
###2.800000000000000e+00
-7.536512525723072e-12
2.362238388460518e-11
3.659318932063503e-11
-4.505072063283149e-11
1.348227064147677e-11
1.823069865310520e-11
1.586502467316362e-11
6.222316496096044e-12
3.453567806448188e-11
1.620495303554475e-11
1.620655793830667e-11
2.208528980508811e-11
1.677687510461024e-11
1.999517252169196e-12
1.393813715157932e-11
1.824873137375750e-11
2.970383028467943e-11
3.657404281298250e-11
4.236163367465303e-11
7.180102643386937e-11
6.240939052039716e-11
1.073786556720261e-10
1.477171545881712e-10
1.600042626050214e-10
2.488553691169866e-10
3.293251101646714e-10
4.432793869225833e-10
5.792857224738473e-10
7.830787404236223e-10
1.038225652223804e-09
1.368607425424812e-09
1.809432729912889e-09
2.390782678504937e-09
3.171789155070038e-09
4.148902695409126e-09
5.528026444664196e-09
7.253240967816103e-09
9.570370519256515e-09
1.271428009475712e-08
1.672149205373211e-08
2.223344966186816e-08
2.953554946728141e-08
3.946168753788876e-08
5.307832439181451e-08
7.151221491446775e-08
9.743534037975503e-08
1.324193165649927e-07
1.836110913079688e-07
2.540462116490353e-07
3.570522802521679e-07
5.054200569937365e-07
7.213272640153929e-07
1.041631097616652e-06
1.514994542597519e-06
2.212779285056537e-06
3.249792978855935e-06
4.798623186350607e-06
7.121640521120186e-06
1.051645198625294e-05
1.563380783747614e-05
2.330193343951019e-05
3.460253794168513e-05
5.152106687443485e-05
7.673340168596936e-05
1.139608394580620e-04
1.688224994288319e-04
2.500193704333640e-04
3.694343614142451e-04
5.443372030397760e-04
8.032319396333553e-04
1.182446133433410e-03
1.735559272432718e-03
2.540268752216519e-03
3.719513496755687e-03
5.450262697698049e-03
7.963311425397910e-03
1.167995885873935e-02
1.710102689309046e-02
2.508918381182268e-02
3.690706878817188e-02
5.449666751547239e-02
8.048110073282591e-02
1.190819967187005e-01
1.760945021325788e-01
2.583306205761488e-01
3.724197576593979e-01
5.172248073989838e-01
6.749807860034415e-01
8.105428205976789e-01
9.048207272913863e-01
9.999937382203693e-01
9.999999999794574e-01
1.000000000000000e+00
1.000000000000000e+00
1.000000000000000e+00
1.000000000000000e+00
1.000000000000000e+00
1.000000000000000e+00
1.000000000000000e+00
1.000000000000000e+00
###3.200000000000000e+00
-2.935307555124151e-12
2.750124811612518e-11
4.338056391189476e-11
-5.675465842673585e-11
2.284948566718937e-11
2.026125632874753e-11
1.884641056276957e-11
9.403258957166598e-12
4.889902338891501e-11
2.105679561813829e-11
1.922761258794757e-11
2.460847600861934e-11
2.249418096714259e-11
7.675292937147175e-12
2.138349053123587e-11
2.295641099131832e-11
3.821091705338474e-11
4.333393770182359e-11
5.786619608505281e-11
8.553696182982294e-11
8.235655486020004e-11
1.259532597292215e-10
1.752279411352952e-10
1.991098160953759e-10
2.937493717848565e-10
3.930011699650917e-10
5.227012461901129e-10
6.904136978330394e-10
9.296796788294537e-10
1.232400734687584e-09
1.620640361353051e-09
2.153747893881462e-09
2.834927100030149e-09
3.759755031100783e-09
4.928327010790916e-09
6.571779797786254e-09
8.645637136487337e-09
1.143518402541515e-08
1.524954629669635e-08
2.013199563007329e-08
2.688530300819864e-08
3.595147371690789e-08
4.834905674995789e-08
6.549656751154760e-08
8.903812763494121e-08
1.222735007440492e-07
1.678972667834558e-07
2.344888820732434e-07
3.277805129631813e-07
4.633411946086131e-07
6.609319753267695e-07
9.492947261652815e-07
1.375979193599228e-06
2.007042545096140e-06
2.937277126400478e-06
4.317000828820358e-06
6.368580892885635e-06
9.436103685745563e-06
1.389810709117389e-05
2.058746261537706e-05
3.057184475606615e-05
4.517896413205099e-05
6.695993403329639e-05
9.922747948922101e-05
1.464742772700186e-04
2.159304430821551e-04
3.176772248987620e-04
4.668798011731142e-04
6.836894224224448e-04
1.002468280688329e-03
1.466359127138455e-03
2.137145567880311e-03
3.107274972431697e-03
4.514955185153212e-03
6.563254547184411e-03
9.512426975385775e-03
1.381607219101574e-02
2.002205000729801e-02
2.904398785440053e-02
4.219059541892706e-02
6.143467817346365e-02
8.929555545111513e-02
1.298480356714408e-01
1.883942341865109e-01
2.708647413862820e-01
3.825797071801669e-01
5.215811545555935e-01
6.716354265964811e-01
8.023962653786078e-01
8.979987790543289e-01
9.999937382203693e-01
9.999999999794574e-01
1.000000000000000e+00
1.000000000000000e+00
1.000000000000000e+00
1.000000000000000e+00
1.000000000000000e+00
1.000000000000000e+00
1.000000000000000e+00
1.000000000000000e+00
###3.600000000000000e+00
-7.484635849405138e-12
3.479649281800863e-11
4.449946103237100e-11
-5.640824744412393e-11
4.031995989001392e-11
2.187055907435563e-11
2.383850553591160e-11
1.345222288951596e-11
-8.372515454422378e-12
2.214743676962982e-11
2.828309618354709e-11
3.140471012283246e-11
2.775251102369909e-11
1.241787984178372e-11
2.549693237880166e-11
2.615325036990341e-11
5.037579323221506e-11
5.599551623243208e-11
7.173211670433715e-11
1.006688608811400e-10
1.009271190085019e-10
1.502253519001007e-10
2.057963782433670e-10
2.410065464073947e-10
3.483595601312020e-10
4.625369965941717e-10
6.134875671879556e-10
8.077247110029613e-10
1.088408518662510e-09
1.439985239583999e-09
1.886978812295569e-09
2.516832176407134e-09
3.319669812169795e-09
4.401476025876143e-09
5.779266715628842e-09
7.720408326367557e-09
1.018552599843811e-08
1.351210430627782e-08
1.810779158634431e-08
2.401274821860771e-08
3.221904171661926e-08
4.340535195391916e-08
5.879234986821899e-08
8.020506772714150e-08
1.099424261238725e-07
1.520209329522662e-07
2.108869700738464e-07
2.967466995364232e-07
4.180210520349551e-07
5.936297570884509e-07
8.519760420820382e-07
1.229373605839886e-06
1.786734103302306e-06
2.612062556283662e-06
3.822983195685138e-06
5.615233192177244e-06
8.277187440295318e-06
1.223034869641639e-05
1.797126694462986e-05
2.653307892640967e-05
3.924286285563642e-05
5.773258803085596e-05
8.519212107454863e-05
1.256087086151727e-04
1.844214205376519e-04
2.705249222377147e-04
3.955567384995180e-04
5.783642845434415e-04
8.420775773015138e-04
1.227402203344919e-03
1.784498682788883e-03
2.583792396211436e-03
3.733110371105128e-03
5.385782005598813e-03
7.771948096510267e-03
1.117822234893053e-02
1.609338425766195e-02
2.310333768923733e-02
3.317163520479638e-02
4.764326532948316e-02
6.850834310520809e-02
9.817141033918139e-02
1.405452159553713e-01
2.004751714271513e-01
2.830742158237644e-01
3.925674596780918e-01
5.263526730554147e-01
6.696119224626411e-01
7.960153666502715e-01
8.923992000948151e-01
9.999937382203693e-01
9.999999999794574e-01
1.000000000000000e+00
1.000000000000000e+00
1.000000000000000e+00
1.000000000000000e+00
1.000000000000000e+00
1.000000000000000e+00
1.000000000000000e+00
1.000000000000000e+00
###4.000000000000000e+00
-9.576015838679219e-12
3.601734807945210e-11
4.723507986358680e-11
-5.334499081047010e-11
3.976002097039859e-11
4.865582738142203e-11
2.708838879787625e-11
-1.709391727132457e-11
-4.252186865482647e-13
2.776600246332624e-11
3.466191115885568e-11
3.583001442632432e-11
3.258704552760562e-11
1.907127704356089e-11
3.235489493867086e-11
3.281215935781953e-11
5.497489100729813e-11
7.058196109945861e-11
8.863258370397223e-11
1.176756206652018e-10
1.222555598839247e-10
1.789509267009883e-10
2.393381573113369e-10
2.910992391563974e-10
4.051367304332228e-10
5.402424718436215e-10
7.114058162011845e-10
9.409575418623835e-10
1.257822439296591e-09
1.662924704411749e-09
2.188848361587199e-09
2.911256017847067e-09
3.845774663002051e-09
5.103898180109727e-09
6.715078385896342e-09
8.996684103875887e-09
1.191212411958006e-08
1.585424619203645e-08
2.136894033383781e-08
2.847112372048364e-08
3.846646791375240e-08
5.213967626007592e-08
7.114525338528196e-08
9.767787615408797e-08
1.350434756657136e-07
1.879214847148217e-07
2.627667004223351e-07
3.723206593766730e-07
5.277640403136128e-07
7.526805815125375e-07
1.085029413446467e-06
1.571330613878430e-06
2.287051686036397e-06
3.344924569353344e-06
4.892790854573788e-06
7.182510313311587e-06
1.057271372153414e-05
1.555480429594375e-05
2.282348260291840e-05
3.358386628406917e-05
4.947744624753650e-05
7.248511636203983e-05
1.065066863905300e-04
1.562546118641741e-04
2.282631507390754e-04
3.332382325148231e-04
4.845510260539367e-04
7.048855626795611e-04
1.020756530687125e-03
1.479515752829827e-03
2.138724180213864e-03
3.078074636956882e-03
4.420118366903540e-03
6.336984466917576e-03
9.077949800895532e-03
1.296386714533861e-02
1.851133757977871e-02
2.634709561750137e-02
3.747132948282749e-02
5.326377003747013e-02
7.571505449521974e-02
1.071120494435871e-01
1.511961527573223e-01
2.123749016673364e-01
2.950316707265868e-01
4.024487393371528e-01
5.315373642923937e-01
6.687709422198499e-01
7.911642734413037e-01
8.878953603183600e-01
9.999937382203693e-01
9.999999999794574e-01
1.000000000000000e+00
1.000000000000000e+00
1.000000000000000e+00
1.000000000000000e+00
1.000000000000000e+00
1.000000000000000e+00
1.000000000000000e+00
1.000000000000000e+00
###4.399999999999999e+00
-9.061225509408033e-12
3.505492729188971e-11
2.342750311738605e-11
-3.663163193481199e-11
2.314523606464907e-11
4.790790637641799e-11
3.030689123827693e-11
-1.171185800237996e-11
1.393458359188109e-11
1.894392117540970e-11
3.797991325842281e-11
4.715728258165674e-11
3.990461364492347e-11
2.730685385866678e-11
4.430140339013985e-11
4.501471880582806e-11
6.394152158830802e-11
8.229703026960401e-11
1.051620264015660e-10
1.405593305244856e-10
1.456582394926140e-10
2.127588709685884e-10
2.758016273835423e-10
3.420426236100309e-10
4.687638760068947e-10
6.229850005627319e-10
8.180571658119890e-10
1.080938668611520e-09
1.440644696290558e-09
1.906823540165837e-09
2.512474312979542e-09
3.341546011374168e-09
4.424284753764955e-09
5.876220736892301e-09
7.770432606055559e-09
1.043566269881685e-08
1.385981441331685e-08
1.851502998501730e-08
2.507310301276685e-08
3.363495256333855e-08
4.577481881410652e-08
6.248769988737737e-08
8.581422507734788e-08
1.185888989782592e-07
1.648633444340442e-07
2.313859147795274e-07
3.257098771011956e-07
4.637620900246825e-07
6.606553243377295e-07
9.456631601040723e-07
1.367377282972306e-06
1.986370239354638e-06
2.890862742191324e-06
4.227890782349546e-06
6.178141446952031e-06
9.056433974854317e-06
1.330775595295620e-05
1.949552559228779e-05
2.856204070044946e-05
4.186489315947829e-05
6.145824291651770e-05
8.966068826975984e-05
1.312014470669368e-04
1.915974913828832e-04
2.785457658111823e-04
4.047355189082466e-04
5.854649983333959e-04
8.475799933716447e-04
1.221011670046256e-03
1.760346176669107e-03
2.530965448913439e-03
3.621471545763295e-03
5.170589829492787e-03
7.368469167448656e-03
1.048375645291338e-02
1.487037527770988e-02
2.106374500994852e-02
2.975210245024156e-02
4.194419074151659e-02
5.905137042681027e-02
8.305602793812061e-02
1.161231754539732e-01
1.618227549885072e-01
2.241329764268405e-01
3.067949227110006e-01
4.122713174158552e-01
5.371332682842775e-01
6.689861370560108e-01
7.876989411531347e-01
8.843970187280651e-01
9.999937382203693e-01
9.999999999794574e-01
1.000000000000000e+00
1.000000000000000e+00
1.000000000000000e+00
1.000000000000000e+00
1.000000000000000e+00
1.000000000000000e+00
1.000000000000000e+00
1.000000000000000e+00
###4.800000000000000e+00
-7.759584988962810e-12
2.976496590627753e-11
2.610119916380425e-11
1.977964397946507e-11
1.876541407915920e-11
5.461000380352539e-11
4.009554542972688e-11
-7.088895374372421e-12
4.430522700163061e-11
2.295411278616375e-11
4.341219355437035e-11
5.187318827053638e-11
4.522040385748662e-11
3.524279196346059e-11
5.560643910102372e-11
5.363917432511096e-11
8.331811812939969e-11
9.444976160186740e-11
1.252261557016870e-10
1.585138304070418e-10
1.720399878847378e-10
2.450920032897339e-10
3.160481992438499e-10
3.937560413723724e-10
5.354993166606793e-10
7.103595301733036e-10
9.327748533792073e-10
1.219081718036537e-09
1.639496998481005e-09
2.171786064650107e-09
2.866373179170029e-09
3.814755783264399e-09
5.067242800983827e-09
6.862904602019042e-09
8.956589118902958e-09
1.204472044339866e-08
1.608104642000360e-08
2.160045095976964e-08
2.935262786206640e-08
3.969805466640958e-08
5.435013728205246e-08
7.472588499810082e-08
1.032042657150342e-07
1.435455571771139e-07
2.007344543597971e-07
2.837167771334527e-07
4.015643249849008e-07
5.735678514174265e-07
8.210365884104203e-07
1.177872007650223e-06
1.707338196763675e-06
2.484479817681436e-06
3.615367527868939e-06
5.283298003936526e-06
7.707680564218742e-06
1.128048030515844e-05
1.653866243854321e-05
2.414901970286511e-05
3.528596790417088e-05
5.153003891123670e-05
7.537675211592709e-05
1.095227274522466e-04
1.595924188562911e-04
2.320739502138852e-04
3.357896558727631e-04
4.857354348371335e-04
6.995255336280252e-04
1.007533879144149e-03
1.444207584247075e-03
2.071738250970007e-03
2.961992204953676e-03
4.216496452792164e-03
5.987149372517382e-03
8.482564602942449e-03
1.199227937263863e-02
1.689926247414825e-02
2.376289723797596e-02
3.331818111725256e-02
4.658854884632650e-02
6.500501551413800e-02
9.050507710311194e-02
1.252115561041911e-01
1.724325298450940e-01
2.357831054058613e-01
3.184075602568048e-01
4.220898141389104e-01
5.431068956011035e-01
6.701596765594101e-01
7.854351834585879e-01
8.817927967213337e-01
9.999937382203693e-01
9.999999999794574e-01
1.000000000000000e+00
1.000000000000000e+00
1.000000000000000e+00
1.000000000000000e+00
1.000000000000000e+00
1.000000000000000e+00
1.000000000000000e+00
1.000000000000000e+00
###5.200000000000000e+00
-9.185957071770604e-12
3.256420905844861e-11
2.417323281064341e-11
3.866031588591042e-11
2.332500380425877e-11
3.828548125386547e-11
4.170423464982933e-11
-3.934784412440086e-12
4.497796666531755e-11
3.288366478744186e-11
4.704256858502821e-11
6.665117579988114e-11
5.031252043819463e-11
4.742234312370510e-11
4.917004438745354e-11
5.852694655727270e-11
9.470714280726778e-11
1.077677980401197e-10
1.417248748231314e-10
1.794559132258433e-10
1.995240331026043e-10
2.795814856466526e-10
3.572061855263307e-10
4.462937908605167e-10
6.064171408381271e-10
8.023164377820218e-10
1.055797361028360e-09
1.386084792692876e-09
1.854491093573636e-09
2.461733374813686e-09
3.252950971901492e-09
4.340614134915672e-09
5.778459101437386e-09
7.820139190690062e-09
1.029483465443207e-08
1.389118355764278e-08
1.864408245569620e-08
2.518506697741631e-08
3.435993417190005e-08
4.678381279861548e-08
6.447368365915892e-08
8.919091233035134e-08
1.238791432100709e-07
1.733652983794702e-07
2.439618063264225e-07
3.464539570332459e-07
4.925974495562412e-07
7.055392726094634e-07
1.012976158709988e-06
1.455765695183827e-06
2.112992778249041e-06
3.077915036665719e-06
4.479284539805530e-06
6.533680740387183e-06
9.513090667801158e-06
1.389992292021800e-05
2.032617000280042e-05
2.959005764223089e-05
4.310338203252721e-05
6.271552500158935e-05
9.140379608372171e-05
1.323330803149093e-04
1.920684185343917e-04
2.780956679801680e-04
4.006270957838534e-04
5.769129579834788e-04
8.273686475504499e-04
1.185734693346380e-03
1.691822670084783e-03
2.415048626669136e-03
3.434681622461874e-03
4.865402534737846e-03
6.871742908055608e-03
9.682142304137947e-03
1.360616564924218e-02
1.905767663452054e-02
2.660775061161601e-02
3.704770198395684e-02
5.140442737126542e-02
7.112295365401661e-02
9.808449428208983e-02
1.343777391163891e-01
1.830438483153771e-01
2.473541894434439e-01
3.299106831244120e-01
4.319245632706709e-01
5.494557544257413e-01
6.721569268673063e-01
7.842340282535046e-01
8.799657306600317e-01
9.999937382203693e-01
9.999999999794574e-01
1.000000000000000e+00
1.000000000000000e+00
1.000000000000000e+00
1.000000000000000e+00
1.000000000000000e+00
1.000000000000000e+00
1.000000000000000e+00
1.000000000000000e+00
###5.600000000000001e+00
-8.916952495468716e-12
3.021594639866046e-11
2.516490162723884e-11
4.116816753513858e-11
2.987955564420442e-11
3.705939799450092e-11
4.291379289187198e-11
-3.600167519572888e-12
4.008889828075164e-11
3.633137572939543e-11
4.945537550360110e-11
6.693848439219894e-11
5.519373525061416e-11
6.105212916162162e-11
5.751133747464798e-11
6.924345201048122e-11
1.092314984608266e-10
1.224078510873622e-10
1.601903190795083e-10
2.011352910598120e-10
2.274552584719176e-10
3.151222568144709e-10
4.029435749133639e-10
5.055913043003785e-10
6.850854199325413e-10
9.111435613575251e-10
1.189323326208188e-09
1.568416797352865e-09
2.094898503140322e-09
2.781401630295138e-09
3.682179562141893e-09
4.927403633090343e-09
6.579084015814209e-09
8.906347359609133e-09
1.182300974181760e-08
1.601186921586648e-08
2.158995073706220e-08
2.937250618915439e-08
4.021584981181885e-08
5.513539389069839e-08
7.641684761665310e-08
1.062865742282055e-07
1.484951595249815e-07
2.088776748483338e-07
2.955694881326956e-07
4.213514588655636e-07
6.012907649798361e-07
8.631278853018721e-07
1.241751217758241e-06
1.786330911492200e-06
2.600007064834549e-06
3.780490437236153e-06
5.496618578751608e-06
8.006344865143207e-06
1.163261200657186e-05
1.696014211694390e-05
2.473389755984510e-05
3.590011961748736e-05
5.213309184878459e-05
7.560082142844474e-05
1.097606703286975e-04
1.583907381324040e-04
2.289509126102490e-04
3.301267888779971e-04
4.736405903086422e-04
6.791732843592468e-04
9.699101589088179e-04
1.383555474358762e-03
1.965238069897730e-03
2.792132627657725e-03
3.951557840724157e-03
5.570520331272616e-03
7.827169459161031e-03
1.096949122531144e-02
1.532718313427005e-02
2.134308908213369e-02
2.960155881647759e-02
4.094085378603302e-02
5.639543814264489e-02
7.740626142582385e-02
1.058128941778124e-01
1.436391062592664e-01
1.936785195172338e-01
2.588736497078071e-01
3.413390575975335e-01
4.417911415180489e-01
5.561448027853073e-01
6.748927720498982e-01
7.839749613414139e-01
8.788863289296996e-01
9.999937382203693e-01
9.999999999794574e-01
1.000000000000000e+00
1.000000000000000e+00
1.000000000000000e+00
1.000000000000000e+00
1.000000000000000e+00
1.000000000000000e+00
1.000000000000000e+00
1.000000000000000e+00
###6.000000000000001e+00
-1.519647142931655e-11
3.791978906815989e-11
1.547434266980208e-11
3.871983340296081e-11
2.276144558435483e-11
3.637683085680354e-11
4.361097748177840e-11
3.053874961265869e-13
4.413664015278329e-11
3.820626590579506e-11
5.358655703254598e-11
6.697747990575438e-11
6.232126204047871e-11
6.490949834419822e-11
6.957356456954495e-11
7.891203801895099e-11
1.214226108484220e-10
1.362251541472177e-10
1.809093848122234e-10
2.245163088092997e-10
2.580971847978786e-10
3.515969715828478e-10
4.522138478188162e-10
5.695708234816031e-10
7.678087713412295e-10
1.019813097974438e-09
1.334764642479250e-09
1.764373870813510e-09
2.358834481464007e-09
3.134346571030068e-09
4.161851227739522e-09
5.583388562248008e-09
7.484960973214720e-09
1.012796670216030e-08
1.356824604186925e-08
1.845961822956356e-08
2.502575718478047e-08
3.425750471860959e-08
4.709201665455712e-08
6.498607190243097e-08
9.056454003040933e-08
1.265995133431584e-07
1.777560443828007e-07
2.511455624366195e-07
3.570074745733069e-07
5.105899734475452e-07
7.303618548351781e-07
1.050320499439329e-06
1.513095396448365e-06
2.177673640012389e-06
3.170508298951701e-06
4.607478458118535e-06
6.690358430805072e-06
9.730254134225137e-06
1.411025224628601e-05
2.051287708723508e-05
2.980516449919093e-05
4.317914286306899e-05
6.251360540852931e-05
9.036412390577700e-05
1.306641004293263e-04
1.879727234124358e-04
2.706154480246226e-04
3.885492651359382e-04
5.554895058335062e-04
7.932275559222641e-04
1.128266418652887e-03
1.602291899830856e-03
2.265781869624207e-03
3.204741915961690e-03
4.514464088334814e-03
6.332866957092448e-03
8.855528896178251e-03
1.234800572817731e-02
1.716001669700802e-02
2.375546947805772e-02
3.274727074212324e-02
4.500095634880071e-02
6.155869918938103e-02
8.385590560333134e-02
1.136866391759421e-01
1.529956122373123e-01
2.043400278138872e-01
2.703557776606049e-01
3.527218030022384e-01
4.517201826886144e-01
5.631781619406407e-01
6.783158519579483e-01
7.845480732689094e-01
8.784303032715994e-01
9.999937382203693e-01
9.999999999794574e-01
1.000000000000000e+00
1.000000000000000e+00
1.000000000000000e+00
1.000000000000000e+00
1.000000000000000e+00
1.000000000000000e+00
1.000000000000000e+00
1.000000000000000e+00
###6.400000000000001e+00
-1.604413663378139e-11
4.518849827792610e-11
1.371684877562177e-11
3.797817255094022e-11
2.748335231265538e-11
2.795102265893269e-11
4.351386226746718e-11
5.987807800969558e-12
4.540921922523496e-11
5.424423327371479e-11
5.439512330522632e-11
6.922107090998456e-11
7.114075715910539e-11
6.791909893500188e-11
8.089548534013116e-11
8.908942890709446e-11
1.250162955998600e-10
1.483619145327344e-10
1.983711959012775e-10
2.472234866599404e-10
2.897578697312155e-10
3.907588065549585e-10
5.036886421179982e-10
6.393593238914499e-10
8.590465208286859e-10
1.140880030697082e-09
1.495680584845299e-09
1.980586028391961e-09
2.648533557688074e-09
3.529640712347285e-09
4.703459351741511e-09
6.333243680074914e-09
8.516816303917807e-09
1.155051687996165e-08
1.557405065497058e-08
2.128257884438660e-08
2.902971677105987e-08
3.993643427336425e-08
5.520254786337416e-08
7.657711451280989e-08
1.072776558044678e-07
1.506628682430637e-07
2.125291063216085e-07
3.012971266300883e-07
4.299073667100096e-07
6.162940403034490e-07
8.833970670493091e-07
1.271690612874230e-06
1.833005487609668e-06
2.642337549221076e-06
3.840129509933807e-06
5.575027174837000e-06
8.083319277940017e-06
1.173449329244064e-05
1.698182686830136e-05
2.462154174877490e-05
3.566325844914450e-05
5.153721184538304e-05
7.438032580963929e-05
1.071779671292868e-04
1.543817724361423e-04
2.213989936419955e-04
3.174856426750078e-04
4.542096197734536e-04
6.468202841638895e-04
9.200118092240831e-04
1.303320666217002e-03
1.843071502072862e-03
2.595289380498412e-03
3.654918435286163e-03
5.125017508052541e-03
7.157539965901738e-03
9.960217959592304e-03
1.382004564039351e-02
1.910531306015232e-02
2.629909070647731e-02
3.604463845536313e-02
4.922984545049388e-02
6.690261395523206e-02
9.047845731288764e-02
1.217122882838385e-01
1.624585298876467e-01
2.150457688057777e-01
2.818317759461575e-01
3.640898952625138e-01
4.617299531940399e-01
5.705165144314032e-01
6.823432531517817e-01
7.858719067702808e-01
8.785554889653500e-01
9.999937382203693e-01
9.999999999794574e-01
1.000000000000000e+00
1.000000000000000e+00
1.000000000000000e+00
1.000000000000000e+00
1.000000000000000e+00
1.000000000000000e+00
1.000000000000000e+00
1.000000000000000e+00
###6.800000000000002e+00
9.788322557632672e-12
5.499503051757186e-11
1.333327036650811e-11
3.664144902620724e-11
3.062199175847646e-11
3.095378448873906e-11
4.579013874447279e-11
1.068107013490218e-11
4.209954471975285e-11
5.199611366692786e-11
5.980815830597307e-11
7.374086811217405e-11
7.602108668974802e-11
7.265472277652447e-11
8.324432123689297e-11
9.747879104210351e-11
1.386293073082266e-10
1.629162164772677e-10
2.166787973964878e-10
2.722773480875304e-10
3.218307754160257e-10
4.331068771622506e-10
5.591733218629018e-10
7.202455501883266e-10
9.569117703406983e-10
1.271390460131855e-09
1.673927923429649e-09
2.219829057083236e-09
2.972105679547404e-09
3.973950547301812e-09
5.314396012266310e-09
7.179907603034489e-09
9.696718906643589e-09
1.319091941160538e-08
1.789621118899562e-08
2.455252047237253e-08
3.369098419251668e-08
4.658768136944597e-08
6.474331548962312e-08
9.023416534849993e-08
1.269762103603064e-07
1.791383533853573e-07
2.537282336394145e-07
3.606810091165036e-07
5.160372435947708e-07
7.406709105175339e-07
1.063377465195487e-06
1.531971130898147e-06
2.208637479020080e-06
3.187168787727906e-06
4.621932253443811e-06
6.702714627125562e-06
9.700738254467304e-06
1.405381107652537e-05
2.029487369245875e-05
2.934154835749335e-05
4.235869850964574e-05
6.106575940042037e-05
8.787236978856061e-05
1.262331069419523e-04
1.811733122373644e-04
2.589678201084372e-04
3.699942465158273e-04
5.275123432495903e-04
7.483019275192263e-04
1.060301036817980e-03
1.496352478613839e-03
2.107266599616720e-03
2.955120878411049e-03
4.144725854543194e-03
5.786264782328970e-03
8.045658654414084e-03
1.114499026177746e-02
1.538958115695791e-02
2.116670819463978e-02
2.898026463124805e-02
3.949901594274865e-02
5.362908988091535e-02
7.242664922766205e-02
9.727257879908120e-02
1.298910258515613e-01
1.720311088969961e-01
2.258145808304710e-01
2.933183886210203e-01
3.754572117781244e-01
4.718285302244026e-01
5.781481528340562e-01
6.869184037202112e-01
7.878482496202599e-01
8.791896030157639e-01
9.999937382203693e-01
9.999999999794574e-01
1.000000000000000e+00
1.000000000000000e+00
1.000000000000000e+00
1.000000000000000e+00
1.000000000000000e+00
1.000000000000000e+00
1.000000000000000e+00
1.000000000000000e+00
###7.200000000000002e+00
1.259809061377218e-11
6.667085141339005e-11
5.718001564499179e-13
3.816114513358476e-11
2.987447288741073e-11
3.091666484929984e-11
4.240634471273295e-11
1.583068004494357e-11
4.248221688701294e-11
5.441883813035959e-11
5.551295619149091e-11
7.533727962730214e-11
7.978506344994231e-11
7.411655394766373e-11
9.153444914526326e-11
1.069711869694798e-10
1.449840062915358e-10
1.790010722052234e-10
2.367853375637879e-10
2.982362343592921e-10
3.635224593886595e-10
4.798364579612566e-10
6.203924338660443e-10
8.009871281894680e-10
1.059164760008694e-09
1.416157195351507e-09
1.870471150588331e-09
2.487616379158474e-09
3.337630666969134e-09
4.474800222561418e-09
6.009743126631362e-09
8.146858636994862e-09
1.105433442135944e-08
1.509644565547466e-08
2.060403345197319e-08
2.837559621971040e-08
3.915843501510157e-08
5.440044942956566e-08
7.596251887604045e-08
1.063245371305911e-07
1.503022018604568e-07
2.127219394253114e-07
3.022244484485974e-07
4.305311160647575e-07
6.173056974804220e-07
8.869867056523891e-07
1.274737821137497e-06
1.836816381201791e-06
2.647307103392553e-06
3.821054615443888e-06
5.530253182070483e-06
8.008987929033255e-06
1.156803909521422e-05
1.672578646668353e-05
2.409783353442711e-05
3.474458484116023e-05
4.999911835299682e-05
7.190350613859392e-05
1.031601775530324e-04
1.476984752957382e-04
2.113018271200583e-04
3.010842126755783e-04
4.286502438392312e-04
6.090413161490432e-04
8.607084110028324e-04
1.215100522037639e-03
1.708423574612199e-03
2.396323824029089e-03
3.347401719362514e-03
4.675795779330381e-03
6.500336702837020e-03
9.000285855630882e-03
1.241103633501892e-02
1.705860379638583e-02
2.334782183884406e-02
3.180426590944330e-02
4.311587594225148e-02
5.820265203810684e-02
7.812732468119896e-02
1.042450194860909e-01
1.382258579662167e-01
1.817235611913327e-01
2.366545408369520e-01
3.048293066179287e-01
3.868495853360566e-01
4.820249291807660e-01
5.860522620863093e-01
6.919763892047252e-01
7.904076908559518e-01
8.802892761127638e-01
9.999937382203693e-01
9.999999999794574e-01
1.000000000000000e+00
1.000000000000000e+00
1.000000000000000e+00
1.000000000000000e+00
1.000000000000000e+00
1.000000000000000e+00
1.000000000000000e+00
1.000000000000000e+00
###7.600000000000002e+00
1.754783602590289e-11
5.195942659902294e-11
2.778659580321995e-11
3.358739943665232e-11
2.958453184087803e-11
3.173065734211504e-11
4.640969773678733e-11
1.716333335584042e-11
4.507234807335293e-11
5.654821102570332e-11
5.978992627605796e-11
8.138585296187197e-11
8.527327049016799e-11
8.007673058739498e-11
9.982507528022089e-11
1.161819561823676e-10
1.546284841301989e-10
1.999632846052809e-10
2.538034469324920e-10
3.267589215877420e-10
4.033409512340544e-10
5.307620575488981e-10
6.878311384507877e-10
8.916815374956075e-10
1.181741481985371e-09
1.577338269854725e-09
2.097308247607688e-09
2.788568056998818e-09
3.749549374291583e-09
5.046620976804009e-09
6.804635194670222e-09
9.257861530445315e-09
1.261984386675886e-08
1.729379449126344e-08
2.374713069383072e-08
3.281695910614286e-08
4.555319549073750e-08
6.357642260909527e-08
8.910304609323210e-08
1.252672908538090e-07
1.776188969287181e-07
2.521502616870379e-07
3.589843552284512e-07
5.126231620320687e-07
7.361001234174425e-07
1.058557868432903e-06
1.521994235528390e-06
2.192345692891413e-06
3.158205691588541e-06
4.555755443520134e-06
6.582479112753575e-06
9.516576577476102e-06
1.371754375578286e-05
1.978970281923695e-05
2.844570555442502e-05
4.090141110412678e-05
5.867420414911852e-05
8.417206776511377e-05
1.204029489085855e-04
1.718229735610815e-04
2.450389899539889e-04
3.480806889828925e-04
4.938577967062936e-04
6.993652739243491e-04
9.847788475235081e-04
1.385344947529641e-03
1.940715258107827e-03
2.711753299864827e-03
3.773565631582613e-03
5.250432781325800e-03
7.269142011726054e-03
1.002317471208167e-02
1.376182794139493e-02
1.883042690041420e-02
2.565126777902812e-02
3.477103806435793e-02
4.689443331008071e-02
6.295245237543766e-02
8.400958964485405e-02
1.113965925402143e-01
1.467266433351476e-01
1.915452456243748e-01
2.475717893213389e-01
3.163843459725397e-01
3.982745901245202e-01
4.923122684613891e-01
5.942041959747030e-01
6.974621795435115e-01
7.934794879053567e-01
8.817695401388445e-01
9.999937382203693e-01
9.999999999794574e-01
1.000000000000000e+00
1.000000000000000e+00
1.000000000000000e+00
1.000000000000000e+00
1.000000000000000e+00
1.000000000000000e+00
1.000000000000000e+00
1.000000000000000e+00
###8.000000000000002e+00
2.867725232964598e-11
5.669506871458090e-11
2.855312102550871e-11
3.345501846694959e-11
5.681529649133446e-11
3.307746757802518e-11
4.355831232862342e-11
1.238474902740632e-11
4.744254614874529e-11
5.888044872078698e-11
6.450447804765634e-11
8.554923263773345e-11
9.207464472735397e-11
8.817880675720499e-11
1.169887412609170e-10
1.291174612736939e-10
1.701882426650715e-10
2.208573527477445e-10
2.806294559818785e-10
3.581607933107613e-10
4.461125680629115e-10
5.858002390826229e-10
7.609274224622224e-10
9.899614371035975e-10
1.308652223602278e-09
1.757089825833736e-09
2.341499413805203e-09
3.127832593927328e-09
4.220798764520127e-09
5.698403181777807e-09
7.715989327102102e-09
1.053848043319848e-08
1.442626021222160e-08
1.985323342390647e-08
2.740317692005520e-08
3.802054751971022e-08
5.303116996919729e-08
7.434685104937043e-08
1.045519224595521e-07
1.475029377260837e-07
2.096716878768133e-07
2.983816561364931e-07
4.253848199463338e-07
6.086527928542296e-07
8.746782748987952e-07
1.258661434326280e-06
1.809161733056488e-06
2.605113943652650e-06
3.749407480249879e-06
5.405174560904179e-06
7.794638420758323e-06
1.124814226216477e-05
1.617670627760043e-05
2.328901373170538e-05
3.339286776022322e-05
4.788609587237947e-05
6.848638524835303e-05
9.800237416031672e-05
1.397869166513719e-04
1.988603602402085e-04
2.827199156262605e-04
4.003770188626613e-04
5.661639250547571e-04
7.991453167960873e-04
1.121429390159260e-03
1.572043889018539e-03
2.194466789956453e-03
3.054932741845758e-03
4.235497845420500e-03
5.870517557314665e-03
8.095489141326911e-03
1.111816460763915e-02
1.520102548195056e-02
2.070859997674362e-02
2.808217738243599e-02
3.788437227224809e-02
5.083751682050133e-02
6.788233376102029e-02
9.007957876354816e-02
1.187296000013059e-01
1.553923535091035e-01
2.014931356363915e-01
2.585809899900848e-01
3.279990970000086e-01
4.097528889638697e-01
5.027043326641499e-01
6.025982298837248e-01
7.033452266030059e-01
7.969810607762920e-01
8.835975324460268e-01
9.999937382203693e-01
9.999999999794574e-01
1.000000000000000e+00
1.000000000000000e+00
1.000000000000000e+00
1.000000000000000e+00
1.000000000000000e+00
1.000000000000000e+00
1.000000000000000e+00
1.000000000000000e+00
###8.400000000000002e+00
3.877139691700322e-11
5.340340762605342e-11
3.417896928415593e-11
2.490011613900250e-11
6.367406093669773e-11
3.091313615444128e-11
4.657523919755859e-11
1.344636545732318e-11
4.622242900907362e-11
5.945477272261358e-11
6.560050538377890e-11
9.111196152329224e-11
8.078404253706690e-11
9.551307747884204e-11
1.252773214920376e-10
1.396887006125430e-10
1.852072591672294e-10
2.384869976950386e-10
3.060658152177958e-10
3.914718654409888e-10
4.916405379689753e-10
6.469264809697857e-10
8.415908696596744e-10
1.099767650715494e-09
1.447182392480518e-09
1.957590808019137e-09
2.619125857705076e-09
3.511244142434392e-09
4.755449849419560e-09
6.445048010222924e-09
8.760682915894161e-09
1.201442741940081e-08
1.651782143924464e-08
2.282853491754396e-08
3.165676370573982e-08
4.408785016582862e-08
6.177961985773257e-08
8.696789621162220e-08
1.226669599510741e-07
1.734777205946681e-07
2.471589041439688e-07
3.523420560973306e-07
5.029505400505326e-07
7.204870551351336e-07
1.035835022716907e-06
1.490732481121485e-06
2.141979564297691e-06
3.082015294079459e-06
4.430995291869507e-06
6.379535862564541e-06
9.185161521199515e-06
1.323083461064058e-05
1.898401385094420e-05
2.726913223831414e-05
3.900593765283792e-05
5.578224681455401e-05
7.955385308583642e-05
1.135431979156392e-04
1.614837352408540e-04
2.290377442847810e-04
3.246542219017647e-04
4.583843879649363e-04
6.461131254112784e-04
9.090891320366733e-04
1.271397341895190e-03
1.776250253272552e-03
2.470877564006453e-03
3.427596447322606e-03
4.735049204602112e-03
6.538561115943406e-03
8.981985999612774e-03
1.228735856329860e-02
1.673159883096879e-02
2.269543325697979e-02
3.064124742336551e-02
4.114732975197402e-02
5.494765543758354e-02
7.299340552381620e-02
9.633769535122891e-02
1.262511511377413e-01
1.642284184133758e-01
2.115815766140713e-01
2.696876629379238e-01
3.396699590177745e-01
4.212826631340201e-01
5.132089075655077e-01
6.112106685402119e-01
7.095691748993572e-01
8.008952738531551e-01
8.857491611411763e-01
9.999937382203693e-01
9.999999999794574e-01
1.000000000000000e+00
1.000000000000000e+00
1.000000000000000e+00
1.000000000000000e+00
1.000000000000000e+00
1.000000000000000e+00
1.000000000000000e+00
1.000000000000000e+00
###8.800000000000002e+00
4.141146104989218e-11
5.326187964248772e-11
3.677471474022933e-11
2.966402469979870e-11
6.462590711709674e-11
2.703908981264159e-11
4.945932070530785e-11
1.254659265601665e-11
5.075618862867639e-11
6.381164531988814e-11
7.209498856873417e-11
9.287143706813263e-11
8.819143253235728e-11
1.013088145302393e-10
1.354899806668616e-10
1.517605675220647e-10
2.036692114002135e-10
2.625608561931427e-10
3.351966947750320e-10
4.288691269486782e-10
5.420432620951401e-10
7.129660413494676e-10
9.311519833000296e-10
1.221649910495291e-09
1.613581475476413e-09
2.183721760511186e-09
2.946373310778039e-09
3.948595854582392e-09
5.366785240477690e-09
7.300115652653306e-09
9.963597831681598e-09
1.372506176456492e-08
1.894646349990906e-08
2.628794727340082e-08
3.661420836532839e-08
5.117548396212373e-08
7.197232529994586e-08
1.016119889983722e-07
1.437837114973126e-07
2.038014807295288e-07
2.909046739933925e-07
4.153161325923587e-07
5.931478981513603e-07
8.503093461586805e-07
1.222755875510285e-06
1.759576353878035e-06
2.525839361259961e-06
3.631287765607535e-06
5.213857583513418e-06
7.493938209744552e-06
1.077445981950483e-05
1.548705892367111e-05
2.217476595364988e-05
3.178024712809619e-05
4.534604916590687e-05
6.467811283681843e-05
9.199047025214098e-05
1.309402280204698e-04
1.857296480663145e-04
2.626206892729603e-04
3.711832015199854e-04
5.225207452550451e-04
7.342207986390247e-04
1.029888094759658e-03
1.435636158493777e-03
1.999038571640875e-03
2.771619476042114e-03
3.831249517862218e-03
5.274018972305737e-03
7.256385379707800e-03
9.931157333865889e-03
1.353395745878216e-02
1.835585635813284e-02
2.479678486129693e-02
3.333353526444866e-02
4.456338638234066e-02
5.922797491374645e-02
7.828899734248726e-02
1.027923850199148e-01
1.339586598450789e-01
1.732280889071736e-01
2.218116459592551e-01
2.808995938477529e-01
3.514177445783322e-01
4.328657074127554e-01
5.238155821319105e-01
6.200158629558270e-01
7.160813860811571e-01
8.051501570757505e-01
8.881588707196719e-01
9.999937382203693e-01
9.999999999794574e-01
1.000000000000000e+00
1.000000000000000e+00
1.000000000000000e+00
1.000000000000000e+00
1.000000000000000e+00
1.000000000000000e+00
1.000000000000000e+00
1.000000000000000e+00
###9.200000000000003e+00
4.575773655033560e-11
5.012956074749209e-11
6.341422845766042e-11
4.573771681686383e-11
6.562023428396934e-11
3.189662753396384e-11
5.223786949076135e-11
1.649011062782772e-11
5.499079603214830e-11
7.940060319713103e-11
7.642712285180754e-11
9.835046374435108e-11
9.612079419084417e-11
1.125878223534163e-10
1.451505783370986e-10
1.667990922410480e-10
2.216190670354205e-10
2.854069602429565e-10
3.667039317944975e-10
4.701563384723939e-10
5.970356105048307e-10
7.867203068181060e-10
1.031453977478130e-09
1.358607559435727e-09
1.800772138307649e-09
2.439377792490219e-09
3.305534098445898e-09
4.447706859156408e-09
6.058075117431300e-09
8.282373022848352e-09
1.135415875400124e-08
1.570039661935229e-08
2.176379228434884e-08
3.030884656268321e-08
4.237367645747104e-08
5.942939116092631e-08
8.384423908661769e-08
1.186353106710886e-07
1.683488335246804e-07
2.391283901182532e-07
3.418214509038754e-07
4.884054464639034e-07
6.979076508343147e-07
1.000566790357471e-06
1.438815212994640e-06
2.069127942273883e-06
2.967774952695530e-06
4.261309486465956e-06
6.109449253249576e-06
8.760317666837240e-06
1.258297873886372e-05
1.805149488222681e-05
2.578882056442436e-05
3.687420071364230e-05
5.248756762071156e-05
7.466992087280100e-05
1.059156766419647e-04
1.503793600746060e-04
2.127123957477402e-04
2.999438322054183e-04
4.226699113950636e-04
5.932545676936214e-04
8.311140767949014e-04
1.162228476096824e-03
1.614995425486729e-03
2.241605136757717e-03
3.097793492972577e-03
4.267512038599053e-03
5.854470632093565e-03
8.026814675053260e-03
1.094536318483657e-02
1.486065350989057e-02
2.007730117739872e-02
2.701398143303475e-02
3.616160054674723e-02
4.813437173217897e-02
6.367907268297493e-02
8.377258582094803e-02
1.094376921354590e-01
1.418553220186146e-01
1.824147521289131e-01
2.321846985758936e-01
2.922286705512097e-01
3.632422940222089e-01
4.445194173837889e-01
5.345226257019979e-01
6.290024963342740e-01
7.228434082838876e-01
8.097254085961123e-01
8.907984746712321e-01
9.999937382203693e-01
9.999999999794574e-01
1.000000000000000e+00
1.000000000000000e+00
1.000000000000000e+00
1.000000000000000e+00
1.000000000000000e+00
1.000000000000000e+00
1.000000000000000e+00
1.000000000000000e+00
###9.600000000000003e+00
4.174434746605451e-11
5.208675069815778e-11
6.580393792463106e-11
4.018027841832075e-11
6.785114039328831e-11
3.563533667090870e-11
5.685677455002363e-11
2.234595766337372e-11
5.905128209574001e-11
7.257376473357736e-11
8.175029724932806e-11
1.073673400224730e-10
1.022329678430763e-10
1.220220310825234e-10
1.572764407514816e-10
1.828539775211896e-10
2.413419765221796e-10
3.108940145412708e-10
3.959210171164234e-10
5.154475072935254e-10
6.587022164882127e-10
8.677748109650212e-10
1.143233293424074e-09
1.510240383745946e-09
2.011750029063086e-09
2.730231103553661e-09
3.709856563836635e-09
5.015641345510480e-09
6.859061614927232e-09
9.414944992674908e-09
1.296229638564327e-08
1.799174508267655e-08
2.503028244878266e-08
3.498645097176285e-08
4.908150517246833e-08
6.904345384055016e-08
9.764465634792861e-08
1.384860152813050e-07
1.969456167389728e-07
2.800392043688668e-07
4.007024818201370e-07
5.729212867591867e-07
8.194296268681854e-07
1.174095421597801e-06
1.687402591475142e-06
2.423966446850172e-06
3.473524241968497e-06
4.982180514427033e-06
7.131381257922084e-06
1.021533679388266e-05
1.463552454840962e-05
2.095313435292043e-05
2.987160882687865e-05
4.261172727963072e-05
6.050624773951498e-05
8.585923275773445e-05
1.214673882949751e-04
1.720302268400838e-04
2.426793173378239e-04
3.412282021895549e-04
4.794846113475666e-04
6.710410613282856e-04
9.373357198349694e-04
1.306888662885256e-03
1.810424237605735e-03
2.505080142939293e-03
3.450824838517205e-03
4.738213123657682e-03
6.478294380334506e-03
8.851910009377397e-03
1.202795170369626e-02
1.627118214115993e-02
2.190006690903462e-02
2.935089945065037e-02
3.913092531373261e-02
5.186679000189848e-02
6.830999867478457e-02
8.944709686931458e-02
1.162762055151263e-01
1.499451424436444e-01
1.917750887892697e-01
2.427140639644465e-01
3.036659986534564e-01
3.751576349114614e-01
4.562507171405364e-01
5.453321996225087e-01
6.381507143151738e-01
7.298475203747571e-01
8.145608997702128e-01
8.936402595249044e-01
9.999937382203693e-01
9.999999999794574e-01
1.000000000000000e+00
1.000000000000000e+00
1.000000000000000e+00
1.000000000000000e+00
1.000000000000000e+00
1.000000000000000e+00
1.000000000000000e+00
1.000000000000000e+00
###1.000000000000000e+01
4.505393378710089e-11
5.413673258369011e-11
7.093522244020790e-11
6.904897490163597e-12
6.709772730305347e-11
3.049333168902042e-11
1.042787121681629e-10
2.567710732352229e-11
6.190446251467062e-11
7.736621653404406e-11
8.774646323161914e-11
1.127174596167148e-10
1.092014513831475e-10
1.320975691198233e-10
1.639579129878877e-10
2.005003492142048e-10
2.633939017528231e-10
3.397376098885442e-10
4.335162909693980e-10
5.649518653661475e-10
7.263205073922344e-10
9.580853303795155e-10
1.267120750471793e-09
1.682129363568462e-09
2.251500515683233e-09
3.062338731943500e-09
4.172142255966234e-09
5.668634851989161e-09
7.782275721933991e-09
1.072378325613824e-08
1.482532958395221e-08
2.064060170470874e-08
2.882418554756957e-08
4.039701853111040e-08
5.686349140755925e-08
8.019585258514160e-08
1.137010029344828e-07
1.615279304443470e-07
2.300494297357691e-07
3.274065746555268e-07
4.687855252006978e-07
6.705874185404539e-07
9.592011601977176e-07
1.373163235524405e-06
1.972600603249416e-06
2.831234795752765e-06
4.052062238562414e-06
5.802910533210273e-06
8.293488071741360e-06
1.184606826926515e-05
1.695685892523094e-05
2.422587282643872e-05
3.446367951375638e-05
4.905112914089411e-05
6.948509084689567e-05
9.835526611469333e-05
1.387986992601143e-04
1.960751894736298e-04
2.758596593341964e-04
3.868024606104064e-04
5.420322811141630e-04
7.564804384761325e-04
1.053607783676833e-03
1.464774685529904e-03
2.023076321129399e-03
2.790775402144949e-03
3.832318358253023e-03
5.245372494183245e-03
7.147934501038864e-03
9.734248766274017e-03
1.318159958669499e-02
1.776844229003816e-02
2.382757800700386e-02
3.181176884572214e-02
4.224362320240187e-02
5.576230578792385e-02
7.311900641624881e-02
9.531666367067210e-02
1.233186495876234e-01
1.582322214659958e-01
2.013171009424761e-01
2.533930240814382e-01
3.152241227933843e-01
3.871560496934168e-01
4.680579495687490e-01
5.562312184819309e-01
6.474407022212864e-01
7.370664945348006e-01
8.196178191995827e-01
8.966498505286432e-01
9.999937382203693e-01
9.999999999794574e-01
1.000000000000000e+00
1.000000000000000e+00
1.000000000000000e+00
1.000000000000000e+00
1.000000000000000e+00
1.000000000000000e+00
1.000000000000000e+00
1.000000000000000e+00
###1.040000000000000e+01
5.059940902611611e-11
5.244920010177438e-11
7.986185118173363e-11
1.227568433746150e-11
6.622897059867391e-11
3.356534504914758e-11
1.032155582182873e-10
2.604467790639387e-11
6.705674938919149e-11
8.627038310817545e-11
8.810699325980546e-11
1.209135742068807e-10
1.192153870314106e-10
1.608168536393240e-10
1.820578329828459e-10
2.177026499388456e-10
2.889830779526359e-10
3.710193621346978e-10
4.801333522381721e-10
6.211060400066375e-10
8.044034265569189e-10
1.056598370416547e-09
1.406874588939575e-09
1.876648244865934e-09
2.521323214413158e-09
3.440976412717135e-09
4.705270645069044e-09
6.416806799481297e-09
8.846199622575502e-09
1.223349190333723e-08
1.697156071598692e-08
2.370546547159185e-08
3.321263102485520e-08
4.667911923198903e-08
6.587750709630350e-08
9.315334057136736e-08
1.322831268864890e-07
1.881585648071176e-07
2.682706745598697e-07
3.820904409069487e-07
5.472322767916173e-07
7.828439536283134e-07
1.120091075097658e-06
1.601813305424530e-06
2.298955503620662e-06
3.294961357089812e-06
4.710862534404058e-06
6.735205345401675e-06
9.611201903650826e-06
1.370897139136496e-05
1.957381440880789e-05
2.791424149722937e-05
3.962086135313920e-05
5.626177468196721e-05
7.951609461716441e-05
1.122752470221021e-04
1.580512023713452e-04
2.226962306318500e-04
3.125008394699949e-04
4.371065209746683e-04
6.107699156301965e-04
8.500860552777665e-04
1.180612378472810e-03
1.636666846830730e-03
2.253905018892577e-03
3.099830848014383e-03
4.243876155050630e-03
5.790453189968603e-03
7.865514252854262e-03
1.067631346968871e-02
1.440930156015325e-02
1.935582480803454e-02
2.586333944098336e-02
3.440117533323411e-02
4.550532385065902e-02
5.982628162214988e-02
7.811325954213107e-02
1.013860910235329e-01
1.305642571239153e-01
1.667235364654536e-01
2.110426221489420e-01
2.642329006872884e-01
3.269134785375540e-01
3.992394327955401e-01
4.799450251953534e-01
5.672170146553018e-01
6.568553982581257e-01
7.444590258722864e-01
8.248715502132868e-01
8.998109486099843e-01
9.999937382203693e-01
9.999999999794574e-01
1.000000000000000e+00
1.000000000000000e+00
1.000000000000000e+00
1.000000000000000e+00
1.000000000000000e+00
1.000000000000000e+00
1.000000000000000e+00
1.000000000000000e+00
###1.080000000000000e+01
4.645934567397699e-11
7.012741448749936e-11
7.815938313050708e-11
1.532238220834003e-11
7.033007303361232e-11
3.837495709507068e-11
1.037195075273894e-10
2.048666728729250e-11
6.559599773938046e-11
9.036897093768842e-11
9.073070911885901e-11
1.325955316779268e-10
1.284786898207857e-10
1.733006230014047e-10
2.010554119450033e-10
2.389234064964443e-10
3.152672156948579e-10
4.071086229186786e-10
5.269214829211071e-10
6.835595329751581e-10
8.890102412537473e-10
1.173550278854875e-09
1.565984099669087e-09
2.098364760802517e-09
2.831692334905923e-09
3.874342717929273e-09
5.313752732089712e-09
7.278439712469722e-09
1.009538722865337e-08
1.397585119472552e-08
1.945418676037346e-08
2.725218559756641e-08
3.829663926424416e-08
5.394786232109007e-08
7.630986211391336e-08
1.081197028139642e-07
1.537213707558640e-07
2.189253467090077e-07
3.124019937382075e-07
4.450280411512598e-07
6.373722059777248e-07
9.116318384018603e-07
1.303679146324421e-06
1.863926378332144e-06
2.671223832164307e-06
3.822596175453282e-06
5.458655151439151e-06
7.792012159885784e-06
1.110040044845778e-05
1.581415928851663e-05
2.252315081869170e-05
3.205064032722421e-05
4.539072655559758e-05
6.431564885823497e-05
9.068551042109488e-05
1.277361713402035e-04
1.794540045718506e-04
2.521162927298762e-04
3.528916546577104e-04
4.924025332620700e-04
6.860991493722161e-04
9.523854058041832e-04
1.319086269458449e-03
1.823593935028355e-03
2.503999059358971e-03
3.433749216642135e-03
4.686974268420194e-03
6.375744920165968e-03
8.633297378627903e-03
1.168138557719635e-02
1.571312717104995e-02
2.103588767004417e-02
2.801014700040245e-02
3.712135865894332e-02
4.891825930450619e-02
6.405904049214108e-02
8.329677774020557e-02
1.076556302583249e-01
1.380186015269697e-01
1.754154684379324e-01
2.209572903637359e-01
2.752317465818529e-01
3.387220261675991e-01
4.114190457672633e-01
4.919099777451353e-01
5.782912480194682e-01
6.663775757424778e-01
7.519868628943316e-01
8.302762710824487e-01
9.030766228660161e-01
9.999937382203693e-01
9.999999999794574e-01
1.000000000000000e+00
1.000000000000000e+00
1.000000000000000e+00
1.000000000000000e+00
1.000000000000000e+00
1.000000000000000e+00
1.000000000000000e+00
1.000000000000000e+00
###1.120000000000000e+01
4.972460571341937e-11
6.120088987665504e-11
8.745449234589827e-11
2.602810067274892e-11
7.950804483867367e-11
3.625516208904584e-11
1.050311923495185e-10
2.622536777568416e-11
7.193354730006511e-11
1.011807207763043e-10
9.732337092317717e-11
1.392329839961679e-10
1.402543792949493e-10
1.854413621341898e-10
2.179961557407738e-10
2.672948531767291e-10
3.395624462948881e-10
4.453241216697852e-10
5.784215224032902e-10
7.548372778280948e-10
9.844174276272313e-10
1.305078453927772e-09
1.746967126468018e-09
2.352298263820735e-09
3.185350583727110e-09
4.369828350941321e-09
6.014035063448855e-09
8.272280030270825e-09
1.149838190195471e-08
1.598173265192706e-08
2.232339672718507e-08
3.135686163721630e-08
4.416753545397604e-08
6.235731547502433e-08
8.835988301439554e-08
1.254190108245022e-07
1.784881197725233e-07
2.543456747447422e-07
3.631223890040721e-07
5.173913458581752e-07
7.407275123255322e-07
1.059026392421505e-06
1.513628834505247e-06
2.162759781400287e-06
3.094578154521692e-06
4.421817796819845e-06
6.305301957562640e-06
8.987146078723073e-06
1.278240733248718e-05
1.817964198589763e-05
2.583323227304607e-05
3.668361462028072e-05
5.183347100692927e-05
7.328946857053099e-05
1.030959922727085e-04
1.448932713169735e-04
2.031149336852372e-04
2.845616180910146e-04
3.973278110972791e-04
5.530236211075584e-04
7.685137671772316e-04
1.063982950632917e-03
1.469666662915534e-03
2.026311572055658e-03
2.774484443984441e-03
3.793810047440486e-03
5.163366601293753e-03
7.002794686240419e-03
9.453216309013303e-03
1.275099281108410e-02
1.709643528289040e-02
2.281241888934621e-02
3.027212084548777e-02
3.997807905183109e-02
5.248685279251832e-02
6.846954249652852e-02
8.867267372504441e-02
1.141272007609374e-01
1.456829686869823e-01
1.843127595792507e-01
2.310570114376184e-01
2.863890442693398e-01
3.506576658565994e-01
4.236970521975109e-01
5.039427977912280e-01
5.894235279841190e-01
6.759958358582492e-01
7.596393811413394e-01
8.358165689511671e-01
9.064449157106085e-01
9.999937382203693e-01
9.999999999794574e-01
1.000000000000000e+00
1.000000000000000e+00
1.000000000000000e+00
1.000000000000000e+00
1.000000000000000e+00
1.000000000000000e+00
1.000000000000000e+00
1.000000000000000e+00
###1.160000000000000e+01
5.143843132605574e-11
6.975163431020749e-11
8.336619421315778e-11
1.937767038737431e-11
8.311237140641028e-11
3.766200326889832e-11
1.060499340893647e-10
3.169382446905659e-11
7.574387672847974e-11
1.071236025460484e-10
1.052102442130784e-10
1.575176883380200e-10
1.495463285015078e-10
1.917151196261637e-10
2.362343696756064e-10
2.913372205517597e-10
3.719796593819105e-10
4.871689247930347e-10
6.364669009244330e-10
8.326393125311321e-10
1.090651058138078e-09
1.453283137366829e-09
1.945715127991296e-09
2.641972198995708e-09
3.589163914854183e-09
4.938206319892358e-09
6.817065256701898e-09
9.413519028176974e-09
1.312029378672986e-08
1.830375546662153e-08
2.563322932697271e-08
3.609732140534471e-08
5.095140197373490e-08
7.204228128600395e-08
1.022549960029885e-07
1.453024153054678e-07
2.069535533990113e-07
2.950776220326437e-07
4.212488685585558e-07
6.001828911915523e-07
8.590337818298644e-07
1.227171733026828e-06
1.752744908163351e-06
2.501490915592750e-06
3.574884779310681e-06
5.100245452448553e-06
7.262295423386519e-06
1.033367531948647e-05
1.467277723589078e-05
2.083163794706517e-05
2.953799460790058e-05
4.185638995466488e-05
5.901736582348950e-05
8.325960273261918e-05
1.168577436460226e-04
1.638631310309043e-04
2.291799329829609e-04
3.202667028598535e-04
4.460906914296377e-04
6.193760989125290e-04
8.585016442955264e-04
1.185468293364574e-03
1.633225849584965e-03
2.245835379689053e-03
3.066583699616915e-03
4.181443320148612e-03
5.674893452767087e-03
7.673878479341628e-03
1.032873679760940e-02
1.388893933491244e-02
1.856335439717619e-02
2.468989421772280e-02
3.265253971275710e-02
4.297228212794912e-02
5.621539245099160e-02
7.305916019413672e-02
9.424506109673901e-02
1.208081880454786e-01
1.535597052811488e-01
1.934158195516722e-01
2.413463388522781e-01
2.977103245368096e-01
3.627222114472707e-01
4.360623181477182e-01
5.160415282110986e-01
6.006199057370102e-01
6.856812578582610e-01
7.673907395199477e-01
8.414638997527111e-01
9.098856739651573e-01
9.999937382203693e-01
9.999999999794574e-01
1.000000000000000e+00
1.000000000000000e+00
1.000000000000000e+00
1.000000000000000e+00
1.000000000000000e+00
1.000000000000000e+00
1.000000000000000e+00
1.000000000000000e+00
###1.200000000000001e+01
5.930989877050041e-11
7.053877579945605e-11
6.543946962023668e-11
1.794074632507325e-11
8.214229844564841e-11
3.848641146014350e-11
1.097743045661272e-10
3.635071187647673e-11
8.534167584647648e-11
1.105984432524491e-10
1.112923579188685e-10
1.671384916760307e-10
1.598610898321763e-10
2.069677509912397e-10
2.515764470965399e-10
3.188019195636727e-10
4.073908545927331e-10
5.351155920284519e-10
7.005496767652775e-10
9.200717260064179e-10
1.211593241677826e-09
1.621615291458628e-09
2.179996402418672e-09
2.967905977630195e-09
4.045968093189631e-09
5.587819495625120e-09
7.741627712231324e-09
1.072826444004759e-08
1.498776102772290e-08
2.097629401490410e-08
2.944795936906230e-08
4.155381371290606e-08
5.876525080595279e-08
8.319471534684749e-08
1.182462125689410e-07
1.681511944439164e-07
2.396779981973213e-07
3.417299829478717e-07
4.878073666137682e-07
6.946968147037594e-07
9.938192159039098e-07
1.418337192985208e-06
2.024209949929994e-06
2.885871258314970e-06
4.118270720700605e-06
5.866639080371899e-06
8.341184457005260e-06
1.184693103540987e-05
1.679221549698377e-05
2.379949730838169e-05
3.367344748710995e-05
4.761660272445997e-05
6.699839510271004e-05
9.431383460366045e-05
1.320773171928562e-04
1.847926411886165e-04
2.578769030103077e-04
3.594844637492575e-04
4.995069635551591e-04
6.918965106566028e-04
9.565817143257372e-04
1.317567258105543e-03
1.810573125182385e-03
2.483287729715716e-03
3.381511593596368e-03
4.598302758759429e-03
6.223113268139605e-03
8.391339330927212e-03
1.126157787989463e-02
1.509732873877000e-02
2.011729083693670e-02
2.667067349979759e-02
3.515684020039681e-02
4.611043801688808e-02
6.010783522373767e-02
7.783098997543555e-02
1.000174215080776e-01
1.277004562333089e-01
1.616507492523072e-01
2.027210671190787e-01
2.518225050914453e-01
3.091937056974131e-01
3.749046373963428e-01
4.485150295024866e-01
5.282013883441277e-01
6.118654973669758e-01
6.954308149305565e-01
7.752174877373156e-01
8.471874916601876e-01
9.133887307952233e-01
9.999937382203693e-01
9.999999999794574e-01
1.000000000000000e+00
1.000000000000000e+00
1.000000000000000e+00
1.000000000000000e+00
1.000000000000000e+00
1.000000000000000e+00
1.000000000000000e+00
1.000000000000000e+00
###1.240000000000001e+01
5.216220574301109e-11
6.990784280766527e-11
6.509996214879103e-11
1.863097963780608e-11
7.919004824581064e-11
4.267580038932933e-11
1.120999403382545e-10
4.110983309008897e-11
9.064142682579558e-11
1.126245672783255e-10
1.181941639938961e-10
1.824187285012860e-10
1.725021773701034e-10
2.232638523157364e-10
2.724686819319990e-10
3.495687479301188e-10
4.468067376240097e-10
5.878419331273235e-10
7.728654473384874e-10
1.017707706766071e-09
1.348695044387568e-09
1.811271022274813e-09
2.445911965950461e-09
3.342390359844138e-09
4.573861495760085e-09
6.334359240503995e-09
8.801361723815994e-09
1.223832411131765e-08
1.713952873412738e-08
2.405339365080871e-08
3.384045055302659e-08
4.782834806877532e-08
6.773127415380800e-08
9.600851988346648e-08
1.365119480644477e-07
1.943599007268211e-07
2.770958419987893e-07
3.950535579258784e-07
5.638119104651187e-07
8.024438286190534e-07
1.147200978579311e-06
1.635824641896864e-06
2.332198270700616e-06
3.320469367116767e-06
4.731576503835633e-06
6.729615721572401e-06
9.553058498319688e-06
1.354537835919536e-05
1.916351861532019e-05
2.711525086083648e-05
3.828396568572776e-05
5.402126904510939e-05
7.585003518083185e-05
1.065526702727242e-04
1.488904849095883e-04
2.078617941961008e-04
2.894038791133996e-04
4.024814126199910e-04
5.579335026241371e-04
7.710154179297705e-04
1.063308117332016e-03
1.460984203491417e-03
2.002536111538473e-03
2.739524719990204e-03
3.720582036026084e-03
5.046009452748720e-03
6.810179816723849e-03
9.158005617592434e-03
1.225455114378883e-02
1.637985262848867e-02
2.175994713843064e-02
2.875873072172959e-02
3.778816057643326e-02
4.939638996482512e-02
6.416864365975629e-02
8.278959742676624e-02
1.059937414880643e-01
1.348049231090166e-01
1.699556435131591e-01
2.122378811957742e-01
2.624905368456023e-01
3.208333892726639e-01
3.872158105070477e-01
4.610570472191782e-01
5.404168281638463e-01
6.231588001356859e-01
7.052309808105001e-01
7.830929063088937e-01
8.529590044725419e-01
9.169194478275317e-01
9.999937382203693e-01
9.999999999794574e-01
1.000000000000000e+00
1.000000000000000e+00
1.000000000000000e+00
1.000000000000000e+00
1.000000000000000e+00
1.000000000000000e+00
1.000000000000000e+00
1.000000000000000e+00
###1.280000000000001e+01
5.572846835517539e-11
6.727678294163611e-11
6.658474133023111e-11
9.473151273940976e-12
7.524311206959570e-11
4.447958441091295e-11
1.129942254043462e-10
4.662758846861608e-11
9.710184657724833e-11
1.199429433332818e-10
1.274423544433317e-10
1.940377044359102e-10
1.829275276412256e-10
2.438469134834754e-10
3.049958901910423e-10
3.821634803748915e-10
4.898369938946719e-10
6.466246063119822e-10
8.549830507828078e-10
1.128893136721516e-09
1.503579709987426e-09
2.027186869594879e-09
2.748429229774442e-09
3.769149949446500e-09
5.179701928591720e-09
7.191695180553283e-09
1.001589881821699e-08
1.397342996701727e-08
1.960925189597559e-08
2.758675615443180e-08
3.888488417507976e-08
5.503826446678074e-08
7.803700144092230e-08
1.107102875732038e-07
1.574856946590179e-07
2.243333853544766e-07
3.198244613142212e-07
4.558839794759903e-07
6.503232139166246e-07
9.250786283191637e-07
1.321311190708760e-06
1.882254355737154e-06
2.680186963444450e-06
3.810527372294851e-06
5.422084439748693e-06
7.699480987090372e-06
1.091240886179747e-05
1.544630871029487e-05
2.181255774724711e-05
3.080807142735221e-05
4.341108874750563e-05
6.112310408474742e-05
8.565405128767855e-05
1.200723830977109e-04
1.674225021804541e-04
2.332256326005939e-04
3.240047168172245e-04
4.495425840255967e-04
6.217478049863610e-04
8.572044698666890e-04
1.179280102196960e-03
1.616424081021788e-03
2.210026940127381e-03
3.015858276898540e-03
4.085298285142759e-03
5.525967854425609e-03
7.438152773389918e-03
9.975457649702564e-03
1.331022167938906e-02
1.773925638912021e-02
2.349631152183452e-02
3.095835715761657e-02
4.054986228151980e-02
5.283364978772244e-02
6.840217858472783e-02
8.793963951166607e-02
1.121744111485245e-01
1.421261985154651e-01
1.784775616264660e-01
2.219631568636709e-01
2.733469380826067e-01
3.326327959125592e-01
3.996430303527721e-01
4.736765291009738e-01
5.526865599028630e-01
6.344711766517739e-01
7.150497880124059e-01
7.910017556715104e-01
8.587610217432577e-01
9.204702996337757e-01
9.999937382203693e-01
9.999999999794574e-01
1.000000000000000e+00
1.000000000000000e+00
1.000000000000000e+00
1.000000000000000e+00
1.000000000000000e+00
1.000000000000000e+00
1.000000000000000e+00
1.000000000000000e+00
###1.320000000000001e+01
6.341195817799170e-11
7.138551384132530e-11
7.136966360057816e-11
1.458845968589522e-11
6.998038933286428e-11
4.697651520320244e-11
1.182129175520000e-10
6.105148244743908e-11
1.052531425737722e-10
1.285513292311589e-10
1.327079543091449e-10
2.044932701823463e-10
1.995963839598763e-10
2.631035190288095e-10
3.332419403054045e-10
4.177508738985582e-10
5.381464243698752e-10
7.127853486039713e-10
9.455812669197550e-10
1.254156296216961e-09
1.679058778404243e-09
2.273074420483261e-09
3.094212249073189e-09
4.257171244298006e-09
5.870319972076848e-09
8.172143535210059e-09
1.140868484477508e-08
1.595723689472692e-08
2.243886068845417e-08
3.164315550703874e-08
4.466922260132300e-08
6.329835347860817e-08
8.981456585613680e-08
1.275361370678822e-07
1.814690200370804e-07
2.585252027532663e-07
3.684554658666380e-07
5.250510529872177e-07
7.486407909126779e-07
1.063946031049033e-06
1.518530179307246e-06
2.160661035151115e-06
3.072804875470568e-06
4.362782138092945e-06
6.198972052099920e-06
8.787108666854336e-06
1.243366630880310e-05
1.756817906506476e-05
2.476575158028004e-05
3.491438815841230e-05
4.909706344310672e-05
6.898481547354084e-05
9.648242262795008e-05
1.349690385565027e-04
1.878208064541184e-04
2.610547418886150e-04
3.618691697355978e-04
5.009494971150273e-04
6.912981998539469e-04
9.509251889968560e-04
1.305065034236836e-03
1.784537924629398e-03
2.433955107482615e-03
3.313238127041697e-03
4.476866734424646e-03
6.040039558318412e-03
8.108806365326054e-03
1.084554170802283e-02
1.443110910876504e-02
1.917842479295384e-02
2.532880668666392e-02
3.327299504548143e-02
4.344631838813705e-02
5.642584250203650e-02
7.281048942357389e-02
9.328456325705657e-02
1.185665358192353e-01
1.496681120304469e-01
1.872232655592108e-01
2.318978790790170e-01
2.843957580386048e-01
3.445973524585498e-01
4.121898461362988e-01
4.863785923884651e-01
5.649971462249146e-01
6.458046348157946e-01
7.248668391308082e-01
7.989176047640744e-01
8.645741715172433e-01
9.240305428819783e-01
9.999937382203693e-01
9.999999999794574e-01
1.000000000000000e+00
1.000000000000000e+00
1.000000000000000e+00
1.000000000000000e+00
1.000000000000000e+00
1.000000000000000e+00
1.000000000000000e+00
1.000000000000000e+00
###1.360000000000001e+01
6.541941305527971e-11
7.263318649003632e-11
7.805050443394065e-11
9.207663001279512e-12
7.011664427554437e-11
4.966420099446173e-11
1.183377189334354e-10
6.582229863086533e-11
1.108619454847930e-10
1.358089354709102e-10
1.429064539187504e-10
2.143887109865579e-10
2.033677794823954e-10
2.851035563436234e-10
3.618271562154932e-10
4.559178837692376e-10
5.923718967719648e-10
7.867170914030788e-10
1.047071672274144e-09
1.346820172401143e-09
1.878736195716147e-09
2.552073958903918e-09
3.487493762423949e-09
4.813169389293422e-09
6.660773143782239e-09
9.293913451396188e-09
1.300190877014581e-08
1.823436881995991e-08
2.569036091136762e-08
3.628527478666861e-08
5.128787240196831e-08
7.275096459445482e-08
1.032866625595253e-07
1.467317682664153e-07
2.088103154585222e-07
2.975055117072292e-07
4.237697308043781e-07
6.036303559794464e-07
8.601023421513216e-07
1.221046415808434e-06
1.740974881846550e-06
2.474443633393610e-06
3.514582731418227e-06
4.984370265070743e-06
7.069219581028882e-06
1.000341879157648e-05
1.413211098276962e-05
1.993438147318016e-05
2.805105611667756e-05
3.947438244940051e-05
5.539819112021543e-05
7.767252307472329e-05
1.084222243562689e-04
1.513697034861052e-04
2.102201760963683e-04
2.915380903450877e-04
4.032493256092644e-04
5.570101233600981e-04
7.669465699218771e-04
1.052617338615986e-03
1.441310166961044e-03
1.966116915820780e-03
2.675239024679158e-03
3.632996969278861e-03
4.896754467106470e-03
6.589601483362419e-03
8.824210263062149e-03
1.177155767080510e-02
1.562058535025017e-02
2.070181317922424e-02
2.726122938939283e-02
3.570698588863146e-02
4.648198490350192e-02
6.017696493581785e-02
7.739926483266289e-02
9.882806877577871e-02
1.251715752258728e-01
1.574289281502571e-01
1.961889374422821e-01
2.420464260753247e-01
2.956297365258039e-01
3.567064225724124e-01
4.248557964402406e-01
4.991507689074899e-01
5.773294837135140e-01
6.571403432835872e-01
7.346813980461648e-01
8.068186275499971e-01
8.703835330709495e-01
9.275822823807560e-01
9.999937382203693e-01
9.999999999794574e-01
1.000000000000000e+00
1.000000000000000e+00
1.000000000000000e+00
1.000000000000000e+00
1.000000000000000e+00
1.000000000000000e+00
1.000000000000000e+00
1.000000000000000e+00
###1.400000000000001e+01
7.139687157554367e-11
7.468660242564958e-11
7.980037493910347e-11
2.737598687180715e-12
7.400088063981316e-11
4.949964364607338e-11
1.232651554352855e-10
7.456813859586952e-11
1.157764001417003e-10
1.478186825646410e-10
1.530178799005977e-10
2.268311077562052e-10
2.226723712181608e-10
3.105902523656793e-10
3.954233033305862e-10
5.003863402410732e-10
6.536096141277661e-10
8.705075779462848e-10
1.162139822512074e-09
1.511521464479639e-09
2.104480455589325e-09
2.870584769607388e-09
3.939269732949174e-09
5.449714843573751e-09
7.564044057565668e-09
1.058019408384901e-08
1.483201100204578e-08
2.084124270630554e-08
2.941243598212836e-08
4.160273215773501e-08
5.885720859943752e-08
8.354178006071188e-08
1.186543405971119e-07
1.686302484031658e-07
2.399930239281065e-07
3.417767052972448e-07
4.866371156218611e-07
6.926480019673907e-07
9.862233240009107e-07
1.398553501668856e-06
1.991969368672961e-06
2.827778599319406e-06
4.010645395512145e-06
5.680657836895408e-06
8.042372889257395e-06
1.136148833053154e-05
1.602552662680472e-05
2.256664087019386e-05
3.169787964963984e-05
4.452181398848024e-05
6.235979177791141e-05
8.725913368732503e-05
1.215723613165631e-04
1.693819236510878e-04
2.347682268096643e-04
3.248954071517179e-04
4.484471487737058e-04
6.180470207785653e-04
8.491780888126732e-04
1.162887856206875e-03
1.588653310705399e-03
2.162164216898162e-03
2.935054408228500e-03
3.976316175489270e-03
5.346613886227117e-03
7.177092985213863e-03
9.586616533540523e-03
1.275588012003086e-02
1.688130873338707e-02
2.231096497413986e-02
2.929758469485321e-02
3.826381546675586e-02
4.966146702860398e-02
6.409470825069927e-02
8.217231354709310e-02
1.045698604165429e-01
1.319934435937643e-01
1.654135985048418e-01
2.053744766174313e-01
2.524042871287180e-01
3.070549028287325e-01
3.689806738408122e-01
4.376276136501967e-01
5.119838615464793e-01
5.897026021257690e-01
6.684648214900112e-01
7.444635643264880e-01
8.146965140570084e-01
8.761646190547999e-01
9.311031598616726e-01
9.999937382203693e-01
9.999999999794574e-01
1.000000000000000e+00
1.000000000000000e+00
1.000000000000000e+00
1.000000000000000e+00
1.000000000000000e+00
1.000000000000000e+00
1.000000000000000e+00
1.000000000000000e+00
###1.440000000000001e+01
7.366208919428957e-11
7.508593507103475e-11
8.212867541443032e-11
4.520625514628016e-12
7.359459550608215e-11
5.542411634769120e-11
1.243471609327649e-10
7.836503146638401e-11
1.210534839670090e-10
1.551405885052547e-10
1.646523956348797e-10
2.376874527221492e-10
2.449588439373910e-10
3.371486719189624e-10
4.314799018557878e-10
5.495935400405147e-10
7.221943334704786e-10
9.641669877931140e-10
1.293291895498222e-09
1.698120774219785e-09
2.362220244241827e-09
3.232908808999916e-09
4.452091817953910e-09
6.175180146356469e-09
8.597920635524701e-09
1.205107134941313e-08
1.692487257876124e-08
2.382421328575457e-08
3.366480029062528e-08
4.766801585799434e-08
6.748197182309378e-08
9.584957501116388e-08
1.361639871118406e-07
1.935338644363054e-07
2.753398283816054e-07
3.919565966911277e-07
5.577879294156137e-07
7.932291366990448e-07
1.128553634993786e-06
1.598490180329521e-06
2.273937633508037e-06
3.224073627391734e-06
4.566539305614687e-06
6.458734935012505e-06
9.129105516551273e-06
1.287598889863109e-05
1.813097994195124e-05
2.548702470316121e-05
3.573757842914241e-05
5.010445078968285e-05
7.004268049770099e-05
9.781911352436286e-05
1.360290844115318e-04
1.891416538031047e-04
2.616507797488611e-04
3.613207735677722e-04
4.976957765030740e-04
6.844582912345711e-04
9.384209211530796e-04
1.282284197726556e-03
1.747868720363325e-03
2.373550322773498e-03
3.214418444252697e-03
4.344686128150852e-03
5.828093143269071e-03
7.803744902013234e-03
1.039819986185380e-02
1.380065867050202e-02
1.821579992358644e-02
2.400996596429816e-02
3.144138377727461e-02
4.094573066870279e-02
5.298728858647869e-02
6.817898581864414e-02
8.713344089174939e-02
1.105232495570924e-01
1.390346504488436e-01
1.736234426492855e-01
2.147842222187978e-01
2.629736764504240e-01
3.186607548777355e-01
3.813879113115925e-01
4.505057154118024e-01
5.248660866305882e-01
6.020646186115425e-01
6.797660547545370e-01
7.542082653614605e-01
8.225261607901642e-01
8.819074601545263e-01
9.345889400729763e-01
9.999937382203693e-01
9.999999999794574e-01
1.000000000000000e+00
1.000000000000000e+00
1.000000000000000e+00
1.000000000000000e+00
1.000000000000000e+00
1.000000000000000e+00
1.000000000000000e+00
1.000000000000000e+00
###1.480000000000001e+01
7.688848257642983e-11
7.647795133176643e-11
8.118668543120659e-11
5.770375710436017e-12
7.496866415417366e-11
5.848146346140502e-11
1.287513877831874e-10
8.197415904457218e-11
1.252915153338678e-10
1.647093559301804e-10
1.782454984210107e-10
2.555517307720146e-10
2.684157463664908e-10
3.658690813121750e-10
4.717535933024481e-10
6.061159627667047e-10
7.992781580378808e-10
1.070268850260584e-09
1.440840222338455e-09
1.908802727071823e-09
2.656257353300554e-09
3.646131902034435e-09
5.036045689262201e-09
7.010986213441301e-09
9.778339272618143e-09
1.372873273785808e-08
1.930882288941716e-08
2.723228267294460e-08
3.852265510156945e-08
5.457835183249502e-08
7.732491419877716e-08
1.098532373694191e-07
1.560696712287238e-07
2.218098268596462e-07
3.154926078077003e-07
4.487825455506557e-07
6.381600163471464e-07
9.068196735186320e-07
1.288772628439435e-06
1.823395841112231e-06
2.590530071267065e-06
3.668287074434667e-06
5.188620815381045e-06
7.328299821532956e-06
1.034029327635858e-05
1.456052481276243e-05
2.046843060866483e-05
2.872361909121223e-05
4.020849585702365e-05
5.626670712981917e-05
7.851008991612864e-05
1.094272103219208e-04
1.518884238876770e-04
2.107813857159009e-04
2.910207828874314e-04
4.010609532741708e-04
5.512872898050201e-04
7.565921030441256e-04
1.035114843081775e-03
1.411382415914391e-03
1.919574247409945e-03
2.600913262968840e-03
3.514581084595740e-03
4.739458154166029e-03
6.342593747693727e-03
8.471691874216526e-03
1.126121949262924e-02
1.490872380894104e-02
1.962830185092914e-02
2.580238274321514e-02
3.369655239980013e-02
4.375981260565043e-02
5.646450201236432e-02
7.243570489128424e-02
9.228706035636071e-02
1.166862819502137e-01
1.462974971324475e-01
1.820612064453533e-01
2.244190000644170e-01
2.737501822228532e-01
3.304446049450130e-01
3.939378052302884e-01
4.634772190781973e-01
5.377936719397364e-01
6.144315340583284e-01
6.910258044324419e-01
7.638965163430321e-01
8.302876541154537e-01
8.875935534067861e-01
9.380323948485267e-01
9.999937382203693e-01
9.999999999794574e-01
1.000000000000000e+00
1.000000000000000e+00
1.000000000000000e+00
1.000000000000000e+00
1.000000000000000e+00
1.000000000000000e+00
1.000000000000000e+00
1.000000000000000e+00
###1.520000000000001e+01
8.724540337820688e-11
7.236684456095919e-11
8.385165857087360e-11
7.985018239627248e-12
7.578671966324979e-11
6.602585592479114e-11
1.350415634396714e-10
8.341586044027400e-11
1.354679075857297e-10
1.753527069498162e-10
1.926436785265938e-10
2.740955629482505e-10
2.941476464039551e-10
3.985810665034886e-10
5.168458897181483e-10
6.688967185261463e-10
8.891511257410034e-10
1.190825415523165e-09
1.608267195377419e-09
2.146920483706955e-09
2.987319317565312e-09
4.116172919565324e-09
5.702682868190128e-09
7.956831399099896e-09
1.112787170360763e-08
1.564789900870787e-08
2.203849488780004e-08
3.111733550263843e-08
4.405243938175416e-08
6.246180754334273e-08
8.852308096010609e-08
1.257596200928253e-07
1.786567182833942e-07
2.538293296225292e-07
3.609008776770341e-07
5.129910082719715e-07
7.288588533707069e-07
1.034633659257918e-06
1.468960268436164e-06
2.075840516126185e-06
2.945316164752216e-06
4.164987725163535e-06
5.882964251211263e-06
8.296976329066819e-06
1.168781839527616e-05
1.643136304959878e-05
2.305915589847039e-05
3.230521867813213e-05
4.514520170280851e-05
6.305839346126444e-05
8.782164240815698e-05
1.221722687344268e-04
1.692666521840176e-04
2.344498385203107e-04
3.230664766460474e-04
4.443262839089674e-04
6.095234876204068e-04
8.347984932809875e-04
1.139777459871019e-03
1.550806494472458e-03
2.104679440712889e-03
2.845486130523522e-03
3.836511606618679e-03
5.161896514274447e-03
6.891679660708001e-03
9.183505250318790e-03
1.217800555156236e-02
1.608334295938963e-02
2.112073828125769e-02
2.769158691398962e-02
3.606675618024146e-02
4.670858278827492e-02
6.009786237917310e-02
7.687029268206141e-02
9.763790445355956e-02
1.230617206642704e-01
1.537885169332394e-01
1.907301677878359e-01
2.342730453747206e-01
2.847344614633750e-01
3.424087446267873e-01
4.066267382168889e-01
4.765319381150026e-01
5.507590048866916e-01
6.267692867758479e-01
7.022194459745883e-01
7.735083347134603e-01
8.379740609565384e-01
8.932066539895774e-01
9.414204570561330e-01
9.999937382203693e-01
9.999999999794574e-01
1.000000000000000e+00
1.000000000000000e+00
1.000000000000000e+00
1.000000000000000e+00
1.000000000000000e+00
1.000000000000000e+00
1.000000000000000e+00
1.000000000000000e+00
###1.560000000000001e+01
9.561996344583901e-11
6.903689070582433e-11
8.508337300903900e-11
1.010764396602928e-11
7.550717309402951e-11
6.905112722871086e-11
1.388092718480302e-10
9.299832329056871e-11
1.434748813285426e-10
1.863128948880322e-10
2.148126585679747e-10
2.875412663494675e-10
3.236997299168969e-10
4.366568825195464e-10
5.673550953862355e-10
7.395362243699013e-10
9.861751564378902e-10
1.326490669922071e-09
1.798013577883284e-09
2.426064349033970e-09
3.364483191540934e-09
4.650533452268694e-09
6.460654626171362e-09
9.035141761230308e-09
1.266288838803421e-08
1.782591922162796e-08
2.514356774460758e-08
3.553869507164732e-08
5.033341359169319e-08
7.141134831999157e-08
1.012245404500972e-07
1.437988704003063e-07
2.042154621341278e-07
2.900549462362994e-07
4.121427687490712e-07
5.853453147423959e-07
8.309651119386183e-07
1.178505804338655e-06
1.671080775377534e-06
2.358518131361291e-06
3.342300034077607e-06
4.719470891840568e-06
6.657193787100628e-06
9.375082442778718e-06
1.318384082888832e-05
1.850516471984494e-05
2.592683601357014e-05
3.625973707704357e-05
5.059196363665049e-05
7.053274319613863e-05
9.805075191469054e-05
1.361373963224923e-04
1.882762003840400e-04
2.602864764229371e-04
3.579873407139597e-04
4.913821753339062e-04
6.727580275409799e-04
9.195268545145901e-04
1.252865390761246e-03
1.701161781240317e-03
2.303906509091150e-03
3.108199420045081e-03
4.181498941884687e-03
5.613499708718355e-03
7.477800621638752e-03
9.940949663929419e-03
1.315143611993421e-02
1.732684676548282e-02
2.269664227716276e-02
2.968128073253957e-02
3.855606440406847e-02
4.979583488622509e-02
6.389171141728922e-02
8.148602983019483e-02
1.031877566471520e-01
1.296501990079669e-01
1.614990740338226e-01
1.996248480666130e-01
2.443493158159113e-01
2.959168715036810e-01
3.545408937149572e-01
4.194397037172132e-01
4.896630431147104e-01
5.637414779005913e-01
6.390797645177637e-01
7.133490894386131e-01
7.830267416888609e-01
8.455635493532785e-01
8.987368930357090e-01
9.447424085436369e-01
9.999937382203693e-01
9.999999999794574e-01
1.000000000000000e+00
1.000000000000000e+00
1.000000000000000e+00
1.000000000000000e+00
1.000000000000000e+00
1.000000000000000e+00
1.000000000000000e+00
1.000000000000000e+00
