# NLO BK equation solver 0.0-dev build  (build Oct 13 2025 12:18:44)
# Initial condition: MV model, Q_s0^2 = 0.0927989 GeV^2, \gamma = 2.32176, coefficient of E inside Log is 1, x0=0.01, \Lambda_QCD = 0.241 GeV
# # LO Kernel RC:  Parent dipole. NLO Kernel RC:  Parent dipole
# Nc=3, Nf=4
# Using RungeKutta method in K1
# Resumming double log
# Resumming single log, K_sub=0.65 resum rc: parent
# BK K1 integration relative accuracy: 0.02# NLO BK as^2 terms: MC integration method: Vegas, points=1000000
# Kinematical constraint: none
# Target kinematical constraint: disabled

###1.000000000000000e-05
###1.160836920850890e+00
###100
###1.000000000000000e+00
###0.000000000000000e+00
7.852507171313225e-26
1.551453427586781e-25
3.064855932841054e-25
6.053700134859703e-25
1.195555690368246e-24
2.360778701232011e-24
4.660963982327970e-24
9.200884910393816e-24
1.815997111314477e-23
3.583691929903784e-23
7.070894115828694e-23
1.394903832968250e-22
2.751303586893083e-22
5.425690794931381e-22
1.069773236272306e-21
2.108853332066923e-21
4.156393800986599e-21
8.190308750839641e-21
1.613595368384338e-20
3.178316789667673e-20
6.259003426810869e-20
1.232298231802812e-19
2.425638783509558e-19
4.773456844037380e-19
9.391461968445791e-19
1.847240105261806e-18
3.632452011162413e-18
7.141001018342599e-18
1.403450434529543e-17
2.757463356931192e-17
5.416176600719880e-17
1.063510482373422e-16
2.087622135772924e-16
4.096549426385029e-16
8.035917412016918e-16
1.575789458128351e-15
3.088876830010631e-15
6.052524760002725e-15
1.185495006969576e-14
2.321043611625454e-14
4.542345624386760e-14
8.885520299415436e-14
1.737334605466383e-13
3.395265080881484e-13
6.632003776726464e-13
1.294754709913396e-12
2.526342412444853e-12
4.926616309848004e-12
9.601662074347975e-12
1.870139808905161e-11
3.640156373181556e-11
7.080633961951435e-11
1.376314669898278e-10
2.673275611456662e-10
5.188438273602746e-10
1.006196247426855e-09
1.949700201204505e-09
3.774661277356273e-09
7.301282281473051e-09
1.410969475242448e-08
2.724083118895506e-08
5.254062680429395e-08
1.012352152105083e-07
1.948590964245150e-07
3.746763583207412e-07
7.196735860069182e-07
1.380892302097057e-06
2.646887419321941e-06
5.068450254544668e-06
9.696141318991186e-06
1.853237805859997e-05
3.539274867148112e-05
6.754502445716071e-05
1.288325015719183e-04
2.456273383339980e-04
4.681876219633230e-04
8.923374738392109e-04
1.700862480266130e-03
3.242473883863339e-03
6.181910574266203e-03
1.178277586248289e-02
2.243015327839015e-02
4.255594553361941e-02
8.012539730910184e-02
1.484683591502499e-01
2.665199175315009e-01
4.507154645199598e-01
6.867874330462269e-01
8.950920094670984e-01
9.875933840948767e-01
9.998094823480541e-01
9.999999470044472e-01
9.999999999999946e-01
1.000000000000000e+00
1.000000000000000e+00
1.000000000000000e+00
1.000000000000000e+00
1.000000000000000e+00
1.000000000000000e+00
1.000000000000000e+00
###4.000000000000000e-01
-6.901186677237145e-12
-3.392949521575615e-13
3.089273329507372e-12
9.556623506268795e-14
4.215173819678469e-12
9.018545453476036e-13
-1.172665573319538e-12
2.702153924472309e-12
7.282021506623075e-13
1.571438429351882e-12
-2.775158322555646e-12
1.465922506612895e-12
6.902828456488394e-12
-6.082563586399312e-14
5.802617720811425e-13
3.716464717867229e-12
5.543693944306162e-13
3.844659655307387e-12
6.868215505631910e-12
7.173442902445043e-12
1.292045773150965e-11
5.170335775379655e-12
1.542237964797825e-11
1.931417023968384e-11
2.667825725737471e-11
3.236878591186880e-11
1.083256082292476e-10
6.498831006659289e-11
7.716137065852402e-11
1.152380948096590e-10
1.565813457060631e-10
2.051197974498050e-10
2.754414157545762e-10
3.665638857474636e-10
4.918119460634696e-10
6.408085662242431e-10
8.518468144538021e-10
1.124772394801018e-09
1.462107420189127e-09
1.928492050484578e-09
2.531450304593178e-09
3.305316194248402e-09
4.297036291352184e-09
5.609552316695886e-09
7.225399023981735e-09
9.498015442070107e-09
1.229821065300123e-08
1.608580506021505e-08
2.107647824825513e-08
2.761887410339550e-08
3.659452620577894e-08
4.876796953098687e-08
6.595509689279416e-08
9.068272930183867e-08
1.265471621190430e-07
1.793441230793625e-07
2.585893919720990e-07
3.793138237777238e-07
5.634154808669873e-07
8.459088013431639e-07
1.290737287494501e-06
1.971638577690610e-06
3.054527198447700e-06
4.745172067263046e-06
7.403297914245557e-06
1.157118825012813e-05
1.816109375320636e-05
2.852195399854652e-05
4.498626992148969e-05
7.120332529095764e-05
1.128717690478845e-04
1.796887056151095e-04
2.878015529018519e-04
4.650486569991427e-04
7.573144605442796e-04
1.242508316881289e-03
2.061459268758605e-03
3.456533712337559e-03
5.861898497154580e-03
1.006936542628807e-02
1.746196521639368e-02
3.054566025929495e-02
5.375402580858005e-02
9.463162820511031e-02
1.651975870120757e-01
2.817144253281631e-01
4.563504325196661e-01
6.743839137410315e-01
8.679257133272504e-01
9.648049849809922e-01
9.903024495190129e-01
9.999999470044472e-01
9.999999999999946e-01
1.000000000000000e+00
1.000000000000000e+00
1.000000000000000e+00
1.000000000000000e+00
1.000000000000000e+00
1.000000000000000e+00
1.000000000000000e+00
###8.000000000000000e-01
-2.381312898638515e-11
-2.445175607961550e-11
-1.694246955279569e-12
-3.523626103848207e-11
2.286880543731086e-12
1.100574437256051e-10
2.904049551843107e-12
-3.303662159878708e-11
1.341709262720374e-11
4.556831357551534e-12
1.821850774895720e-12
3.197712503776536e-12
1.132771162024991e-11
3.141013961931201e-12
1.058251536525383e-11
4.653936805821445e-12
5.881996264936849e-13
3.028705168264456e-12
1.277146726542236e-11
2.207866243492978e-11
1.943719199056509e-11
1.687296144464060e-11
2.660871727921965e-11
4.880323967946904e-11
5.732258740045862e-11
7.296419317833566e-11
1.549985604946974e-10
1.334467114229092e-10
1.721092674760839e-10
2.385546175956371e-10
3.225076021566951e-10
4.261873805778312e-10
5.716945973210448e-10
7.567342581060852e-10
1.002666734911486e-09
1.319502516405270e-09
1.741488324896726e-09
2.298506322383430e-09
2.997857291192706e-09
3.949546116653619e-09
5.198392665828977e-09
6.731165606002402e-09
8.837038912249833e-09
1.157430702206597e-08
1.497429850507072e-08
1.974685672231603e-08
2.576514159369368e-08
3.393697065902999e-08
4.491435525227559e-08
5.950280995881919e-08
8.012405525724656e-08
1.084790352736043e-07
1.495832116053252e-07
2.085531403019572e-07
2.949832160166798e-07
4.230111457391311e-07
6.159299504896667e-07
9.072749849480204e-07
1.352056745529390e-06
2.036748756455873e-06
3.088694369541655e-06
4.677286697806721e-06
7.194154287163777e-06
1.104468527816233e-05
1.700625134275214e-05
2.615328094686344e-05
4.043473252917483e-05
6.225787949658119e-05
9.623447650804800e-05
1.489299134211876e-04
2.300462820228743e-04
3.563132923681635e-04
5.524835789050580e-04
8.616349066662143e-04
1.350349087828496e-03
2.123811835975745e-03
3.371046547930379e-03
5.387131081360780e-03
8.688159867922738e-03
1.417274019342604e-02
2.333124860852018e-02
3.875154830644233e-02
6.479033664834355e-02
1.086325915636235e-01
1.810034668308583e-01
2.957916491210262e-01
4.618041219058627e-01
6.642411231292624e-01
8.451219624512571e-01
9.448216642734081e-01
9.809111629855587e-01
9.999999470044472e-01
9.999999999999946e-01
1.000000000000000e+00
1.000000000000000e+00
1.000000000000000e+00
1.000000000000000e+00
1.000000000000000e+00
1.000000000000000e+00
1.000000000000000e+00
###1.200000000000000e+00
-2.877273293882025e-11
-4.524462741367895e-12
-1.257565817680870e-12
-3.193071497573809e-11
3.240354503579959e-12
9.375984485127219e-11
3.000356872756935e-11
-2.726305693774844e-11
1.814025774057263e-11
5.620178897690655e-12
4.941366657096417e-12
1.962991623822772e-13
1.396960438509868e-11
8.915195773106021e-12
1.001831273778899e-11
9.076128879025471e-12
6.328924375389463e-12
1.362762268701296e-11
1.967737983966265e-11
2.944987568451932e-11
3.313492216373695e-11
2.965363264732959e-11
4.422957945283383e-11
7.066395209992140e-11
9.070824459565896e-11
1.110891551100778e-10
2.097370286247494e-10
2.104983346209966e-10
2.728835068283565e-10
3.732772199875412e-10
5.006785127392792e-10
6.597846132173125e-10
8.871308316111941e-10
1.170786064691790e-09
1.543437417723599e-09
2.039770223057084e-09
2.682142024143056e-09
3.535048602463183e-09
4.629101736815086e-09
6.072108489866173e-09
7.993935481452332e-09
1.042868931485689e-08
1.364714325246257e-08
1.801854700553393e-08
2.341313024703032e-08
3.110570499617922e-08
4.075641606238370e-08
5.446598373104864e-08
7.275990018800434e-08
9.778023459677440e-08
1.333944537265663e-07
1.830043324510481e-07
2.559653234197895e-07
3.615695200354933e-07
5.169837832872434e-07
7.494806614318975e-07
1.097281250959910e-06
1.625035174560324e-06
2.423001337041064e-06
3.643048290769970e-06
5.510604216150156e-06
8.331083777769456e-06
1.270330182569607e-05
1.935377517026763e-05
2.951754135028809e-05
4.494143596963014e-05
6.874178286180487e-05
1.046569832736660e-04
1.596797854767118e-04
2.437506801895294e-04
3.715169524968474e-04
5.665282445357297e-04
8.631513992858410e-04
1.320595056220915e-03
2.026517990346123e-03
3.113860347620867e-03
4.818065999124133e-03
7.487174051427793e-03
1.171039462216568e-02
1.848027163766636e-02
2.937618899499937e-02
4.703453124899620e-02
7.570371202915392e-02
1.221929133769932e-01
1.960118495602833e-01
3.089729726169649e-01
4.671747811286257e-01
6.560980346663181e-01
8.260603975397098e-01
9.273731841916556e-01
9.719145100751253e-01
9.999999470044472e-01
9.999999999999946e-01
1.000000000000000e+00
1.000000000000000e+00
1.000000000000000e+00
1.000000000000000e+00
1.000000000000000e+00
1.000000000000000e+00
1.000000000000000e+00
###1.600000000000000e+00
-2.919392437185564e-11
-1.811176033213661e-12
-1.200943241627551e-12
-3.363736731472731e-11
2.063866642257451e-11
8.532056439257520e-11
3.560724850311296e-11
-2.915679820111656e-11
1.912324849179529e-11
1.425497491604853e-11
5.583361249477228e-12
7.360538709182938e-12
1.452951824480856e-11
1.268559696122807e-11
1.301623170642125e-11
7.351534688132289e-12
7.960051657154464e-12
1.143337262990774e-11
2.831662118562656e-11
4.290194309316505e-11
4.751009184450495e-11
4.833611088866402e-11
6.647030749850126e-11
9.377871232779403e-11
1.247423787811182e-10
1.581098331156452e-10
2.779927770061368e-10
2.942793302856650e-10
3.817563027511336e-10
5.162233698228848e-10
6.891281117873471e-10
9.146345292249936e-10
1.220085080753539e-09
1.609539562114914e-09
2.118381074276007e-09
2.803722043765906e-09
3.680972949424355e-09
4.849177133091027e-09
6.373196166993306e-09
8.349803405208957e-09
1.100235025977047e-08
1.441852213151812e-08
1.894200573934927e-08
2.508776998414348e-08
3.291284775456884e-08
4.392228717107214e-08
5.804443511927153e-08
7.859318513395625e-08
1.056695112980539e-07
1.442543123255413e-07
1.989566254885751e-07
2.767318422169852e-07
3.912921620759401e-07
5.582725305113394e-07
8.061580523177042e-07
1.177769502022663e-06
1.733242471425159e-06
2.573256857455229e-06
3.834851977074357e-06
5.750537226659383e-06
8.671347398152378e-06
1.306192464008923e-05
1.975505143591533e-05
2.993744414154327e-05
4.532516398072253e-05
6.851922598492715e-05
1.037661895492171e-04
1.566875798553450e-04
2.364996560873943e-04
3.572413161819752e-04
5.390189683949608e-04
8.123766656955866e-04
1.222301357737520e-03
1.843951689533081e-03
2.788259846111575e-03
4.213141191657683e-03
6.404532281259007e-03
9.753853564184971e-03
1.492407257594761e-02
2.298313551450214e-02
3.559194366702385e-02
5.539194536313755e-02
8.650659974163522e-02
1.353570562624327e-01
2.103243262895057e-01
3.214379724555707e-01
4.725823329394644e-01
6.497197390460255e-01
8.101966982555194e-01
9.122195976311112e-01
9.634928993464996e-01
9.999999470044472e-01
9.999999999999946e-01
1.000000000000000e+00
1.000000000000000e+00
1.000000000000000e+00
1.000000000000000e+00
1.000000000000000e+00
1.000000000000000e+00
1.000000000000000e+00
###2.000000000000000e+00
-1.644216636381337e-11
1.027641975473892e-12
3.739176672478499e-12
-2.645049880841735e-11
1.597678294645322e-11
8.311812118070717e-11
2.398249410135090e-11
-2.193355024383205e-11
2.178856436971408e-11
2.490570383327748e-11
1.183147835375711e-11
1.105554220191059e-11
1.604104502308178e-11
1.009990735816295e-11
3.317204248314577e-11
1.006416146750529e-11
1.644793559135227e-11
1.867240572240078e-11
3.247781412000896e-11
5.280433099294172e-11
6.406657706953013e-11
6.944380438992453e-11
9.904044761758121e-11
1.250522936769350e-10
1.662401301556051e-10
2.088875760679926e-10
3.389394013471633e-10
3.925246147883527e-10
5.023926943525654e-10
6.748628072522995e-10
8.912015430143269e-10
1.181917932136416e-09
1.569930432576269e-09
2.077425548333257e-09
2.722052812837651e-09
3.620643797438673e-09
4.749796476969192e-09
6.244959650627595e-09
8.252124802795414e-09
1.080721870884738e-08
1.428118846362396e-08
1.881246046356478e-08
2.484012581598831e-08
3.305740543737893e-08
4.375914801621084e-08
5.878391005598596e-08
7.854049374384885e-08
1.072760035729359e-07
1.457447396482045e-07
2.012300653636672e-07
2.808157573625786e-07
3.946293367256019e-07
5.636408336244557e-07
8.109039545187425e-07
1.177750174804186e-06
1.729347485407248e-06
2.553482045601894e-06
3.794606129701401e-06
5.637254595276885e-06
8.442714845023693e-06
1.268689447011145e-05
1.902080551651445e-05
2.861706895751900e-05
4.312295497700279e-05
6.484136956489626e-05
9.734466751798221e-05
1.462457257438257e-04
2.191781416006319e-04
3.277783053172251e-04
4.908858657742502e-04
7.340885692182642e-04
1.095531078008600e-03
1.631805104999126e-03
2.434150214016019e-03
3.636822231955273e-03
5.423267702202247e-03
8.129059667673954e-03
1.218496983304467e-02
1.832317643353765e-02
2.767152882758893e-02
4.198423281373953e-02
6.381758203017546e-02
9.721868984514455e-02
1.481756265050173e-01
2.240633871372888e-01
3.333145258613757e-01
4.780887668177413e-01
6.449461453768225e-01
7.970817141490030e-01
8.991371378608151e-01
9.557604285305157e-01
9.999999470044472e-01
9.999999999999946e-01
1.000000000000000e+00
1.000000000000000e+00
1.000000000000000e+00
1.000000000000000e+00
1.000000000000000e+00
1.000000000000000e+00
1.000000000000000e+00
###2.400000000000000e+00
-1.286266830346054e-11
-1.353502609752412e-13
4.405190290558041e-12
-2.588389195415123e-11
3.254789524274269e-11
8.487180131301188e-11
4.853486085576818e-11
-1.900548324093764e-11
1.899967553298622e-11
2.552165304240844e-11
1.745721409904359e-11
1.027399329776257e-11
1.925673849046456e-11
2.799347788947894e-11
3.596668696440963e-11
1.568949714973833e-11
2.282390063568102e-11
2.572125828935531e-11
4.420998216041004e-11
6.376527470256730e-11
7.670377724024995e-11
8.681754374341207e-11
1.238331278355060e-10
1.568069338217730e-10
2.094644202635978e-10
2.650048652861480e-10
4.068336078186065e-10
4.882477605022829e-10
6.247871573781576e-10
8.403074118323779e-10
1.107705905794109e-09
1.469867152420435e-09
1.948503839574511e-09
2.580519354602628e-09
3.374682026834079e-09
4.500179021875977e-09
5.897694669279494e-09
7.768050884245938e-09
1.029147278294374e-08
1.354564291209162e-08
1.790662948563380e-08
2.370218033728253e-08
3.149175670948231e-08
4.214269767198576e-08
5.634130782069327e-08
7.623999061857890e-08
1.030033133086300e-07
1.418803416070586e-07
1.947170688462724e-07
2.716807930893900e-07
3.825960922059612e-07
5.428780662571715e-07
7.817159721615346e-07
1.132491767554205e-06
1.651503262737767e-06
2.429499540124123e-06
3.591650712356027e-06
5.337415267667304e-06
7.907890385042179e-06
1.181061749186795e-05
1.768527954163613e-05
2.639010877579655e-05
3.950458345611026e-05
5.919611508487453e-05
8.847431151410753e-05
1.319445858614024e-04
1.967477065694350e-04
2.928714432680655e-04
4.346516536288073e-04
6.459776731019081e-04
9.584672172136255e-04
1.418241541148215e-03
2.093573352726999e-03
3.093325493329218e-03
4.574285188154309e-03
6.745857296078838e-03
9.992560720788028e-03
1.477917754078991e-02
2.190371127674490e-02
3.254398665702170e-02
4.852647544966718e-02
7.231438914372552e-02
1.078653483901334e-01
1.607050340865337e-01
2.373183727859171e-01
3.447559100763755e-01
4.837682047484487e-01
6.416071225337221e-01
7.863817194806271e-01
8.879459059200594e-01
9.487673140917833e-01
9.999999470044472e-01
9.999999999999946e-01
1.000000000000000e+00
1.000000000000000e+00
1.000000000000000e+00
1.000000000000000e+00
1.000000000000000e+00
1.000000000000000e+00
1.000000000000000e+00
###2.800000000000000e+00
-4.191267155979716e-11
-3.182930034379800e-12
4.598542341918165e-12
-2.491043835906403e-11
3.448806066608613e-11
8.298907312135448e-11
4.911563212596819e-11
-1.042119461707596e-11
1.959868935781100e-11
2.732070169466261e-11
2.050553514401456e-11
1.551799589085691e-11
2.613782385096464e-11
2.707316948354958e-11
3.985083340890519e-11
2.214433943728994e-11
2.831400421806755e-11
3.476457142275625e-11
4.576757176351683e-11
7.846425719741919e-11
9.345972206429665e-11
1.118062149551081e-10
1.493119056410519e-10
1.921454867764930e-10
2.525678712164973e-10
3.247313388678358e-10
4.804405329991690e-10
5.904280980485011e-10
7.570980851895068e-10
1.017073630995965e-09
1.339863356948547e-09
1.779457123168938e-09
2.354964607240831e-09
3.111081016476079e-09
4.076944795127192e-09
5.447580084191514e-09
7.144859815372329e-09
9.427746905682586e-09
1.254094474227562e-08
1.654742230931852e-08
2.197022563366289e-08
2.926144981220279e-08
3.912284662770275e-08
5.272453826620366e-08
7.117143924353463e-08
9.699549883778749e-08
1.324645645120088e-07
1.839231758040203e-07
2.552254295924606e-07
3.588744531121166e-07
5.097733391695583e-07
7.280133589497799e-07
1.054533470952083e-06
1.535126220729529e-06
2.245753327255718e-06
3.304613723969300e-06
4.888073241044493e-06
7.257307323294851e-06
1.072715622268550e-05
1.595849747515926e-05
2.380560505552854e-05
3.536198977641780e-05
5.267548136475964e-05
7.849949080333203e-05
1.165997587712444e-04
1.729071555446372e-04
2.561763887299295e-04
3.788023177026720e-04
5.583565588525963e-04
8.240363148561357e-04
1.213969791285033e-03
1.782485962968925e-03
2.610696352913942e-03
3.823672993401051e-03
5.603480620458321e-03
8.187884043019138e-03
1.199586536706313e-02
1.753556065998654e-02
2.566266675609417e-02
3.759656980778110e-02
5.521861591066405e-02
8.088794155049123e-02
1.184511864495376e-01
1.729881928867340e-01
2.501885586313541e-01
3.558480826014110e-01
4.896326456172129e-01
6.395494552176546e-01
7.778087188749345e-01
8.784669205670698e-01
9.425648055241762e-01
9.999999470044472e-01
9.999999999999946e-01
1.000000000000000e+00
1.000000000000000e+00
1.000000000000000e+00
1.000000000000000e+00
1.000000000000000e+00
1.000000000000000e+00
1.000000000000000e+00
###3.200000000000000e+00
-9.107272234016786e-11
1.741793011242584e-11
5.181816701289577e-12
-1.368281209223049e-11
3.882302479538822e-11
8.197742790494026e-11
2.085431182694764e-11
-7.723050022835313e-12
2.598670033519614e-11
3.194619007396700e-11
2.477008251749212e-11
1.947170075274740e-11
3.548893359195705e-11
3.101561796314916e-11
4.340350192570167e-11
2.844878938110321e-11
3.582229188579727e-11
4.469584032646282e-11
6.236510949449289e-11
8.913132446208524e-11
1.114633090100217e-10
1.334053452301237e-10
1.780241134951392e-10
2.246448214945009e-10
3.002384125866570e-10
3.890033939646509e-10
5.593916733327986e-10
7.000737904488665e-10
9.012129790121887e-10
1.204719032350959e-09
1.591309196413590e-09
2.110941927287295e-09
2.795096379728533e-09
3.696468189101830e-09
4.844764587406255e-09
6.478923928218062e-09
8.517059151206262e-09
1.126553861884477e-08
1.504996481584823e-08
1.992662672293530e-08
2.659628339888088e-08
3.563389299763910e-08
4.798891523181375e-08
6.512539505218295e-08
8.866062061000520e-08
1.218929858366870e-07
1.681346646727243e-07
2.352805093318652e-07
3.297769527356088e-07
4.661218864421289e-07
6.669001604717560e-07
9.588654144912668e-07
1.393257587419210e-06
2.035370479075475e-06
2.981835649599183e-06
4.387449780123275e-06
6.484182149834289e-06
9.609026780333780e-06
1.416607290604405e-05
2.098784121634417e-05
3.119617355928353e-05
4.611150210523019e-05
6.838951429356440e-05
1.013855651364842e-04
1.497077773634300e-04
2.208140967743665e-04
3.250100161139433e-04
4.779135387774279e-04
7.000672265340510e-04
1.026614720481750e-03
1.502138769308661e-03
2.189958779027507e-03
3.184984113624971e-03
4.627608005365942e-03
6.726661153511776e-03
9.746447557907149e-03
1.414012331091421e-02
2.045610887304856e-02
2.959848068135615e-02
4.283369428741695e-02
6.205387458725000e-02
8.953768732742050e-02
1.289876101590566e-01
1.850663974386740e-01
2.627275329875808e-01
3.666752100258462e-01
4.957568256501469e-01
6.386409013080732e-01
7.710609170289456e-01
8.705484771691170e-01
9.371467563659095e-01
9.999999470044472e-01
9.999999999999946e-01
1.000000000000000e+00
1.000000000000000e+00
1.000000000000000e+00
1.000000000000000e+00
1.000000000000000e+00
1.000000000000000e+00
1.000000000000000e+00
###3.600000000000000e+00
-9.114368197166312e-11
1.460243782207802e-11
-2.407972111798427e-11
-1.221276191691341e-11
3.258563721984552e-11
8.446524716437220e-11
2.350057758632831e-11
-4.821186961792264e-12
2.985177593832538e-11
3.397959383813949e-11
2.556611368094929e-11
2.092702216878690e-11
3.962897894801437e-11
3.639110955330258e-11
4.340387230056369e-11
3.798496863183695e-11
4.248816024754773e-11
5.839423758212545e-11
7.279964144428277e-11
1.000443118683050e-10
1.303947257175787e-10
1.577601414768969e-10
2.089953253820744e-10
2.655254936968085e-10
3.543025813624081e-10
4.591929790028078e-10
6.459275264987935e-10
8.173591979500796e-10
1.057556668718912e-09
1.407608653102455e-09
1.859012723933759e-09
2.471219366385142e-09
3.267268916478061e-09
4.328866825039960e-09
5.688959018689476e-09
7.621859374732334e-09
1.004138697124434e-08
1.332081065937700e-08
1.788311180911234e-08
2.378993671062611e-08
3.190762085435509e-08
4.306194914900376e-08
5.841172523681126e-08
7.980487032465206e-08
1.096921587053917e-07
1.518123059550824e-07
2.114537798946144e-07
2.979298143758092e-07
4.206839312403887e-07
5.978309183850192e-07
8.600711143105365e-07
1.242556131814033e-06
1.808179202528904e-06
2.648696768411577e-06
3.879879212956571e-06
5.706307840840048e-06
8.424130937644558e-06
1.245052512379168e-05
1.830652581811209e-05
2.703576610214157e-05
4.001497956815511e-05
5.887982246026633e-05
8.694895795009750e-05
1.282304884147447e-04
1.883086116986073e-04
2.763513334205609e-04
4.042511724948259e-04
5.912632135616415e-04
8.610492077241051e-04
1.255122931214009e-03
1.825021204663979e-03
2.642936406312516e-03
3.819039919664322e-03
5.510341741527330e-03
7.945631343030246e-03
1.142344633675599e-02
1.642548596332907e-02
2.353938606615934e-02
3.371112871421386e-02
4.824338156467690e-02
6.903629249556884e-02
9.826942757010632e-02
1.394953549334148e-01
1.969727519615845e-01
2.749958101163008e-01
3.773130316187866e-01
5.021259632475001e-01
6.387738856461112e-01
7.659377188686023e-01
8.640252431456801e-01
9.324851788944679e-01
9.999999470044472e-01
9.999999999999946e-01
1.000000000000000e+00
1.000000000000000e+00
1.000000000000000e+00
1.000000000000000e+00
1.000000000000000e+00
1.000000000000000e+00
1.000000000000000e+00
###4.000000000000000e+00
-1.136171767771457e-10
1.693674045030416e-11
-3.770232495782507e-11
-1.278168711076217e-11
3.661658490486216e-11
8.444042758390309e-11
2.629325959586706e-11
3.820863063444658e-12
3.328871573509551e-11
3.839913639752299e-11
2.125815282524840e-11
2.485937530070615e-11
4.089550921296570e-11
3.776549369429264e-11
4.663016250995139e-11
4.528255728629968e-11
4.854656146622113e-11
6.762110393005966e-11
8.315317487938235e-11
1.149908904012845e-10
1.491215932695048e-10
1.830780531574124e-10
2.514588687213202e-10
3.079774082210055e-10
4.090519946056178e-10
5.323143528714068e-10
7.478009077552842e-10
9.424515745557487e-10
1.226108792663038e-09
1.627335661492137e-09
2.148986196579144e-09
2.859918387499816e-09
3.790258355983830e-09
5.027194198790104e-09
6.613105667300478e-09
8.888483962502595e-09
1.175769531767744e-08
1.563156763731053e-08
2.112131975465095e-08
2.823335203333855e-08
3.808381879248007e-08
5.177637969120975e-08
7.075540768509557e-08
9.726573340026021e-08
1.348498278496248e-07
1.880246076549677e-07
2.637176682109958e-07
3.740469274435176e-07
5.317829170954070e-07
7.589636249966838e-07
1.096034862132426e-06
1.589050379887299e-06
2.314938730126601e-06
3.393281430230637e-06
4.967082574230408e-06
7.297900662452926e-06
1.075548297661564e-05
1.584427908657987e-05
2.324253821244763e-05
3.420953468830522e-05
5.043481183302148e-05
7.389075072377480e-05
1.086401597266314e-04
1.594408499797365e-04
2.329586140807983e-04
3.401320359608088e-04
4.947938414686287e-04
7.199462949285193e-04
1.042569899441386e-03
1.511175954253955e-03
2.184688208921638e-03
3.144082480672734e-03
4.514906579152435e-03
6.472324174332400e-03
9.264351610233498e-03
1.322205719880815e-02
1.884771147323556e-02
2.678596330149778e-02
3.800087619695657e-02
5.382741024986223e-02
7.616535803410533e-02
1.070857086886831e-01
1.499859189047931e-01
2.087480216300558e-01
2.870498654854250e-01
3.878238527957641e-01
5.087492813480105e-01
6.398444194016247e-01
7.622724640291414e-01
8.587718676791245e-01
9.285559631141658e-01
9.999999470044472e-01
9.999999999999946e-01
1.000000000000000e+00
1.000000000000000e+00
1.000000000000000e+00
1.000000000000000e+00
1.000000000000000e+00
1.000000000000000e+00
1.000000000000000e+00
###4.399999999999999e+00
-1.629430683673385e-10
1.701346105538645e-11
-5.598850688539845e-11
-8.330450614625083e-12
-1.813899414644758e-12
8.377012622550434e-11
2.804776005157188e-11
4.121748268275160e-12
4.179126093270084e-11
1.450800260119925e-11
2.394600266626268e-11
2.622790118063785e-11
4.135190299131390e-11
3.968060070909660e-11
5.176895041449315e-11
5.189298302048873e-11
5.320507594127359e-11
7.972070209989408e-11
9.469852169411009e-11
1.389611308387885e-10
1.678865995209150e-10
2.099283326679259e-10
2.840069091211261e-10
3.523175269354521e-10
4.684792950668694e-10
6.092428920296954e-10
8.467959978272554e-10
1.077463027129509e-09
1.407675186984096e-09
1.863495729825983e-09
2.464460059697563e-09
3.286196432982060e-09
4.356846338563544e-09
5.787841124585454e-09
7.651841846680969e-09
1.030621672393669e-08
1.369344477698283e-08
1.829434114295009e-08
2.482163023988076e-08
3.340214262674652e-08
4.537896440040092e-08
6.216225034482324e-08
8.543788981161946e-08
1.182497551046781e-07
1.651018565554613e-07
2.316877618295763e-07
3.287800215760554e-07
4.663190640299132e-07
6.659950936407658e-07
9.539048490290837e-07
1.382196688750498e-06
2.009455576439650e-06
2.927686943270672e-06
4.289585127171676e-06
6.271598659053652e-06
9.202464198222756e-06
1.353898418843380e-05
1.985160635120376e-05
2.907819518318314e-05
4.264081119462774e-05
6.262339065976334e-05
9.137705623344272e-05
1.337695717160833e-04
1.954106097078367e-04
2.841394920393310e-04
4.128287463779734e-04
5.976847274240518e-04
8.649618354569615e-04
1.246032245158357e-03
1.796561205180235e-03
2.582002225953792e-03
3.695247088859584e-03
5.274882397933834e-03
7.515354268151785e-03
1.068426697087815e-02
1.514265044256151e-02
2.141455463673556e-02
3.019637773409394e-02
4.246562813743125e-02
5.958446420182168e-02
8.343378469248762e-02
1.159889919565263e-01
1.604794316497029e-01
2.204160834378711e-01
2.989292076724420e-01
3.982546111629559e-01
5.156411063395376e-01
6.417641035075636e-01
7.598712648742530e-01
8.546875154097320e-01
9.253258596619566e-01
9.999999470044472e-01
9.999999999999946e-01
1.000000000000000e+00
1.000000000000000e+00
1.000000000000000e+00
1.000000000000000e+00
1.000000000000000e+00
1.000000000000000e+00
1.000000000000000e+00
###4.800000000000000e+00
-1.579831628918611e-10
-8.474596777790690e-12
-6.400499872333613e-11
-1.548062915211177e-11
-2.790267101627356e-12
8.647462077443148e-11
3.103933526333746e-11
7.240888172362532e-12
3.998684273056500e-11
1.298059331266243e-11
2.916099433159080e-11
2.508295829325766e-11
4.486762349411118e-11
4.625496006471461e-11
5.619648977750035e-11
5.803402820897336e-11
6.244561594386237e-11
9.087951102484791e-11
1.086589481579806e-10
1.548598473290592e-10
1.893692047430379e-10
2.400654535355705e-10
3.189994884510990e-10
4.020813015629890e-10
5.319133545913364e-10
7.039358875567494e-10
9.546047397759110e-10
1.225994933018610e-09
1.603116510870720e-09
2.124735855768560e-09
2.812089617673930e-09
3.756061855140116e-09
4.985295366923269e-09
6.639776095313721e-09
8.825939384814542e-09
1.191798011987670e-08
1.590163680438878e-08
2.134557169206630e-08
2.909756239136926e-08
3.945315950620534e-08
5.395715667857309e-08
7.444325963332660e-08
1.028718729938843e-07
1.433405937593577e-07
2.014020354098472e-07
2.843865888192939e-07
4.050734916423040e-07
5.775562965916368e-07
8.279586574834410e-07
1.188924843144005e-06
1.728301820928991e-06
2.514761857047628e-06
3.663733529616136e-06
5.361934579408391e-06
7.826689077153335e-06
1.146434743368991e-05
1.681575516797638e-05
2.458248754326312e-05
3.592181828273452e-05
5.247855489251484e-05
7.674596267695531e-05
1.116403689867796e-04
1.626594697472965e-04
2.365789311478026e-04
3.424274844913063e-04
4.952215715332638e-04
7.137492606975970e-04
1.027567489360478e-03
1.473050019592160e-03
2.112902948994248e-03
3.019711211581317e-03
4.298225738897606e-03
6.101891654049150e-03
8.642181020036471e-03
1.220828096196360e-02
1.718977522025146e-02
2.412848827847594e-02
3.377108248532194e-02
4.710603333483435e-02
6.551185489688138e-02
9.081894034666350e-02
1.249881038385177e-01
1.709857033273286e-01
2.320103600129376e-01
3.106905761260009e-01
4.086441251081661e-01
5.228297916095777e-01
6.444523888663500e-01
7.586018885658503e-01
8.516369992573806e-01
9.227602686655508e-01
9.999999470044472e-01
9.999999999999946e-01
1.000000000000000e+00
1.000000000000000e+00
1.000000000000000e+00
1.000000000000000e+00
1.000000000000000e+00
1.000000000000000e+00
1.000000000000000e+00
###5.200000000000000e+00
-1.486261629857421e-10
-6.532118528326013e-12
-6.249090296294604e-11
-1.311176374727146e-11
3.668420227367188e-13
9.330600549543197e-11
2.894952133139381e-11
-7.305391450328464e-13
4.433161575139390e-11
-4.336500395204873e-11
3.510714995760940e-11
2.526970266529647e-11
4.778478282395540e-11
4.187373462156286e-11
5.899401025271174e-11
6.707645285601358e-11
7.635184877301937e-11
1.055670961750793e-10
1.254763018930553e-10
1.742768217383097e-10
2.156793295158652e-10
2.720745207178654e-10
3.599419694486035e-10
4.554366256895603e-10
6.009289692127005e-10
7.965615404400529e-10
1.072603014041294e-09
1.390131214663556e-09
1.817762635560103e-09
2.411999429147082e-09
3.197616466557154e-09
4.274621930259275e-09
5.686354791781304e-09
7.600314496289102e-09
1.015652550954567e-08
1.374163115214322e-08
1.845417475206284e-08
2.495270444429802e-08
3.410758182995859e-08
4.658043400989489e-08
6.410516212955807e-08
8.894991333822710e-08
1.237554958184414e-07
1.733858213138917e-07
2.450283420607605e-07
3.477972477882427e-07
4.969265542075084e-07
7.111730565445977e-07
1.022236143056912e-06
1.470841588856880e-06
2.144434973463142e-06
3.117622027459867e-06
4.539028405295891e-06
6.633123257274087e-06
9.667217520639563e-06
1.412714132380177e-05
2.064716996978951e-05
3.011634071790229e-05
4.388346292519495e-05
6.387970478638267e-05
9.303695100201128e-05
1.348805204705248e-04
1.956849375193132e-04
2.834232521236357e-04
4.084237957200587e-04
5.881203082717984e-04
8.438424772070432e-04
1.208908351495412e-03
1.724826350244913e-03
2.461859868289728e-03
3.500180187615705e-03
4.956837580050415e-03
6.998368844384018e-03
9.855697299687960e-03
1.383890604607509e-02
1.936017000130034e-02
2.699067093714571e-02
3.751398034125090e-02
5.192486206141694e-02
7.161134154363892e-02
9.835908002290314e-02
1.340880358977106e-01
1.815226875618449e-01
2.435638545967842e-01
3.223717199046834e-01
4.190308644429516e-01
5.302924819422378e-01
6.478387277113367e-01
7.583358028011287e-01
8.495349684307174e-01
9.208078705665729e-01
9.999999470044472e-01
9.999999999999946e-01
1.000000000000000e+00
1.000000000000000e+00
1.000000000000000e+00
1.000000000000000e+00
1.000000000000000e+00
1.000000000000000e+00
1.000000000000000e+00
###5.600000000000001e+00
-1.482644073208572e-10
-1.189558608183914e-11
-6.605844036219900e-11
-2.198363571324210e-11
-3.545989259258647e-12
9.635018264288154e-11
4.452323896965401e-11
9.414962902558438e-14
4.711715067562769e-11
-3.591536618215763e-11
3.437643583923993e-11
3.322057917158445e-11
4.995966306025468e-11
5.083024198731956e-11
6.964018218098880e-11
8.355542830065896e-11
6.130322426706577e-11
1.229389752015149e-10
1.472019286135694e-10
1.962691668018361e-10
2.441557820549943e-10
3.080960580108311e-10
4.054446999599688e-10
5.147780946459320e-10
6.786253368938655e-10
8.984643950122244e-10
1.203080165840491e-09
1.566112527726721e-09
2.055575185564884e-09
2.729705832191065e-09
3.623164527427026e-09
4.858632009798841e-09
6.480319586063376e-09
8.690401483662137e-09
1.167456787418633e-08
1.584219720911165e-08
2.140073920389761e-08
2.910735481799821e-08
3.999885010514302e-08
5.497065678894365e-08
7.614616681452195e-08
1.062338535513435e-07
1.486371540096828e-07
2.092721994694103e-07
2.971406152452627e-07
4.235454383091636e-07
6.067854663859634e-07
8.710223891205024e-07
1.254409313176602e-06
1.808739432220603e-06
2.634740500641207e-06
3.832844725436759e-06
5.573112951576309e-06
8.131364981760205e-06
1.183047239749501e-05
1.724059719865950e-05
2.512477880078271e-05
3.654226959227168e-05
5.308812563546281e-05
7.700620602809293e-05
1.117272317312838e-04
1.614229749483697e-04
2.332438626354175e-04
3.364953082737051e-04
4.828197975795912e-04
6.922985199844126e-04
9.890810087621906e-04
1.410236344003520e-03
2.002938418320712e-03
2.845312185326485e-03
4.025323730409374e-03
5.672650197413629e-03
7.967126927682385e-03
1.115917609127668e-02
1.557880707552192e-02
2.166091736357052e-02
3.000415086007711e-02
4.142477688856122e-02
5.692347404533411e-02
7.788509003786648e-02
1.060597016417146e-01
1.432964407848531e-01
1.921050312719640e-01
2.550944747094691e-01
3.339916863200477e-01
4.294457141854784e-01
5.380053939428385e-01
6.518522681265033e-01
7.589642791755312e-01
8.483192605033850e-01
9.194282843269901e-01
9.999999470044472e-01
9.999999999999946e-01
1.000000000000000e+00
1.000000000000000e+00
1.000000000000000e+00
1.000000000000000e+00
1.000000000000000e+00
1.000000000000000e+00
1.000000000000000e+00
###6.000000000000001e+00
-1.444712854299081e-10
-3.793250882328272e-11
-1.431811148956137e-11
-1.270633918476334e-11
-1.331266163379252e-12
9.743270978743252e-11
5.536105120597888e-11
7.609220062928234e-12
5.151881513406034e-11
-2.395093523670099e-11
4.196152020234633e-11
3.766768840584191e-11
5.857160311748217e-11
6.083611709470613e-11
8.141423790791013e-11
9.429971115542675e-11
7.557346502417200e-11
1.383839641409055e-10
1.672931821388383e-10
2.204875846071655e-10
2.762801338907729e-10
3.482970753836940e-10
4.556805453000535e-10
5.812021749398081e-10
7.622459065956281e-10
1.009106742497463e-09
1.346644422605281e-09
1.761943471093309e-09
2.318912668630966e-09
3.082353640317573e-09
4.101523076336217e-09
5.518326910879752e-09
7.381054022617738e-09
9.937107750161838e-09
1.341768366000307e-08
1.826196898190663e-08
2.483390688406566e-08
3.402057100283656e-08
4.691721362533933e-08
6.482788197518887e-08
9.041232777324596e-08
1.267164493988624e-07
1.781839352335916e-07
2.519614166595339e-07
3.592361223070025e-07
5.138178365535356e-07
7.376196901399451e-07
1.061197405830801e-06
1.530015211913445e-06
2.207718892528588e-06
3.214178207956915e-06
4.674620677958953e-06
6.787817191770355e-06
9.885056491610065e-06
1.435368799175327e-05
2.086047366668211e-05
3.031545932312190e-05
4.396137189537385e-05
6.367543347411349e-05
9.202826258982820e-05
1.330542513641248e-04
1.915670464025079e-04
2.757215898228092e-04
3.962537293486409e-04
5.661971722027389e-04
8.085337336115715e-04
1.150394157925846e-03
1.632864588752978e-03
2.308790581656172e-03
3.265031961987200e-03
4.597010946863185e-03
6.448072300427287e-03
9.010741925096408e-03
1.255504835265287e-02
1.743091060188217e-02
2.409810539069567e-02
3.317580272230349e-02
4.550473095713311e-02
6.210560302129561e-02
8.433796759466462e-02
1.139171154827237e-01
1.526181331053414e-01
2.027421628558909e-01
2.666169026708118e-01
3.455891106589692e-01
4.399115102603010e-01
5.459805972653435e-01
6.564371711674220e-01
7.603871019312985e-01
8.478554486453631e-01
9.185708835282909e-01
9.999999470044472e-01
9.999999999999946e-01
1.000000000000000e+00
1.000000000000000e+00
1.000000000000000e+00
1.000000000000000e+00
1.000000000000000e+00
1.000000000000000e+00
1.000000000000000e+00
###6.400000000000001e+00
-1.423794843485584e-10
-2.488416455043022e-11
-1.140041858226199e-11
-1.347929562111555e-11
1.068421643318214e-12
6.683505758486804e-11
6.103728715941857e-11
8.557971592180236e-12
5.435366343588669e-11
-3.749536132859814e-11
5.282893289717203e-11
4.527656378277585e-11
6.700988800657334e-11
6.949817012818876e-11
8.868281860675410e-11
1.016232947409905e-10
1.044614600512244e-10
1.528346907650717e-10
1.716891356012793e-10
2.438322106881608e-10
3.071466820263630e-10
3.881634749428104e-10
5.099724762476090e-10
6.500635328685630e-10
8.531421170832183e-10
1.127662676348078e-09
1.502771645438231e-09
1.974228659333171e-09
2.609651089595132e-09
3.478419146100030e-09
4.641589149463868e-09
6.260176350248364e-09
8.408793525222874e-09
1.136959409784634e-08
1.543118614489019e-08
2.108789482788583e-08
2.885077189358590e-08
3.977209985303283e-08
5.505260513174265e-08
7.650671767878371e-08
1.072958324112661e-07
1.510275631113459e-07
2.131941373600699e-07
3.027280423316646e-07
4.328433096436782e-07
6.210321025056349e-07
8.927488490989981e-07
1.285817986337715e-06
1.855290769695841e-06
2.675948470112213e-06
3.895613883446224e-06
5.660598588249164e-06
8.207050752018544e-06
1.192799326306419e-05
1.727956836500821e-05
2.504849780654645e-05
3.630177087455691e-05
5.247852011386695e-05
7.578143623956407e-05
1.091509248759368e-04
1.572605559763827e-04
2.256492752307287e-04
3.235466503913593e-04
4.632312395573864e-04
6.593079161257851e-04
9.377650781983351e-04
1.328822631600476e-03
1.878113662745114e-03
2.644269219238942e-03
3.723312330426687e-03
5.218080909815242e-03
7.285475208113699e-03
1.013220114820186e-02
1.404741559688673e-02
1.939963474317695e-02
2.667227983790430e-02
3.650560453568727e-02
4.975968092999947e-02
6.746903894130334e-02
9.096821982458674e-02
1.219385141920266e-01
1.620671232725325e-01
2.134470617602471e-01
2.781580027397471e-01
3.571826103005253e-01
4.504350136804637e-01
5.542127416842746e-01
6.615467117193339e-01
7.625265421231147e-01
8.480764543808399e-01
9.181744601447074e-01
9.999999470044472e-01
9.999999999999946e-01
1.000000000000000e+00
1.000000000000000e+00
1.000000000000000e+00
1.000000000000000e+00
1.000000000000000e+00
1.000000000000000e+00
1.000000000000000e+00
###6.800000000000002e+00
-1.402651332419937e-10
-2.040625300642961e-11
-9.715671453242048e-12
-1.314604747155734e-11
1.655927035401679e-12
5.482176282645755e-11
5.070789931497392e-11
1.376615263322056e-11
5.966607797243467e-11
-3.395512393858362e-11
5.518239779804080e-11
5.513706929545094e-11
7.453501397201250e-11
7.370639414510015e-11
9.281516956210090e-11
1.118761150637950e-10
1.190367772151007e-10
1.679623658520643e-10
1.940965051788238e-10
2.686380798736445e-10
3.397226539108169e-10
4.330676889464093e-10
5.650506061044326e-10
7.250839101342850e-10
9.504357637055578e-10
1.258587985721701e-09
1.677971724831613e-09
2.211845226417878e-09
2.937004074807387e-09
3.921200814470376e-09
5.249843378473419e-09
7.104856319846339e-09
9.585744452973773e-09
1.301742895062825e-08
1.776659081468523e-08
2.440899494144318e-08
3.355082323457516e-08
4.653460630104599e-08
6.464492695943267e-08
9.030540909499026e-08
1.272149767458322e-07
1.797680470686400e-07
2.546784321922064e-07
3.628872213819527e-07
5.202624195265889e-07
7.477036680938332e-07
1.075656245466005e-06
1.550303192239231e-06
2.237232923074787e-06
3.225605129417591e-06
4.691679646881073e-06
6.810327978578908e-06
9.855141714322536e-06
1.429338240341946e-05
2.065638493558525e-05
2.986674038291023e-05
4.316839452661884e-05
6.220724618634610e-05
8.955668787790443e-05
1.285759398833349e-04
1.846059032457902e-04
2.640193417599137e-04
3.771590734004108e-04
5.380170447562067e-04
7.628598734622087e-04
1.080893195016292e-03
1.525573996198470e-03
2.147448618339281e-03
3.011101357787670e-03
4.221726415799188e-03
5.890567734740827e-03
8.188150279126600e-03
1.133459642766438e-02
1.563892761504989e-02
2.148751024855054e-02
2.938551217251209e-02
3.999372269792403e-02
5.419194286436762e-02
7.301700083557340e-02
9.778183201548736e-02
1.301207750215298e-01
1.716456986949668e-01
2.242378045031178e-01
2.897318044361165e-01
3.687969701184452e-01
4.610429490462642e-01
5.626844415621940e-01
6.671288495145909e-01
7.653049762165479e-01
8.489282486718003e-01
9.182136408039445e-01
9.999999470044472e-01
9.999999999999946e-01
1.000000000000000e+00
1.000000000000000e+00
1.000000000000000e+00
1.000000000000000e+00
1.000000000000000e+00
1.000000000000000e+00
1.000000000000000e+00
###7.200000000000002e+00
-1.433748920476551e-10
-3.545416011655357e-11
1.856694047268533e-11
-1.320396653505514e-11
2.800044451559189e-12
5.513038513628435e-11
5.168778813970730e-11
1.264290877920611e-11
5.824983641882204e-11
-3.027581193019777e-11
6.054022610854393e-11
5.550891162727682e-11
8.212800665640590e-11
7.809736942512912e-11
1.060574783415885e-10
1.261322910824241e-10
1.330786040683555e-10
1.888900749436783e-10
2.174670606351932e-10
2.961918263374221e-10
3.734431669701017e-10
4.806931514085799e-10
6.258108076629878e-10
8.064884057737073e-10
1.060671357852526e-09
1.409435758319619e-09
1.873348871771634e-09
2.479104332438518e-09
3.304159021035473e-09
4.423881615454451e-09
5.945225978154864e-09
8.075868707504666e-09
1.094494527040746e-08
1.493048201466964e-08
2.047801355778821e-08
2.824704770685698e-08
3.905839309623740e-08
5.446350130810278e-08
7.593662927763363e-08
1.065613494126574e-07
1.507561094524981e-07
2.137115493870328e-07
3.036702410961950e-07
4.338241475417713e-07
6.230683469101045e-07
8.968232051458677e-07
1.290688458447559e-06
1.859857972772062e-06
2.683982834919677e-06
3.865151442208301e-06
5.616989515341515e-06
8.142433807596351e-06
1.176171540228263e-05
1.701877706920725e-05
2.453856053337588e-05
3.538538998036883e-05
5.099777939875150e-05
7.328164674365382e-05
1.051706978188267e-04
1.505165243195732e-04
2.153876527076500e-04
3.070289243417060e-04
4.370390870219600e-04
6.212475459107169e-04
8.776373765509872e-04
1.238870743896438e-03
1.741935596322466e-03
2.442273198917044e-03
3.410886340208860e-03
4.762669471914388e-03
6.617177469172799e-03
9.158371844890994e-03
1.262084626358137e-02
1.733217953024866e-02
2.369714879511037e-02
3.224214628170960e-02
4.364003182789471e-02
5.880040546422683e-02
7.875293702849309e-02
1.047849101653641e-01
1.384845835596523e-01
1.813609557104201e-01
2.351206668798959e-01
3.013581045117728e-01
3.804522066750337e-01
4.717353879544721e-01
5.713872318555789e-01
6.731477846621489e-01
7.686639292455696e-01
8.503262145401229e-01
9.186371065509339e-01
9.999999470044472e-01
9.999999999999946e-01
1.000000000000000e+00
1.000000000000000e+00
1.000000000000000e+00
1.000000000000000e+00
1.000000000000000e+00
1.000000000000000e+00
1.000000000000000e+00
###7.600000000000002e+00
-1.384088511800689e-10
-3.704016999279810e-11
2.322828446656773e-11
5.629938925879791e-12
8.198662089383692e-12
5.077977920379728e-11
5.214455961574930e-11
1.703646006529798e-11
6.139244680451861e-11
-2.273566777649034e-11
6.234588141615108e-11
6.567698930907931e-11
8.068540624938733e-11
8.782589511040272e-11
1.166777295902197e-10
1.379109191784200e-10
1.497906702780911e-10
2.116894603541748e-10
2.510312872052595e-10
3.228993561735696e-10
4.115643491037898e-10
5.307671259230771e-10
6.926065733574534e-10
8.989374127844349e-10
1.179510577734512e-09
1.572512895904497e-09
2.093794505652612e-09
2.780434187420302e-09
3.718999645529404e-09
4.996836476317851e-09
6.742613084182609e-09
9.193878293812069e-09
1.251942296685693e-08
1.714979325730655e-08
2.364807278933697e-08
3.278902402888728e-08
4.552356403098212e-08
6.375770022878527e-08
8.923779672494733e-08
1.257329672619143e-07
1.784903084887876e-07
2.537176199343134e-07
3.612658461040340e-07
5.170927688096658e-07
7.436751705707431e-07
1.071349496027707e-06
1.541636573328129e-06
2.221375594818442e-06
3.203861125966252e-06
4.608392499701716e-06
6.688878532452976e-06
9.679918271549121e-06
1.395475871106998e-05
2.014735467270454e-05
2.897676120474087e-05
4.167469273275152e-05
5.985614675434817e-05
8.580890918504233e-05
1.227929824298679e-04
1.751798664007688e-04
2.498630207517732e-04
3.550474704279061e-04
5.036763290484073e-04
7.135044225603903e-04
1.004389465133449e-03
1.412738022166771e-03
1.979067033848799e-03
2.764135720560022e-03
3.845405881832273e-03
5.348048633285836e-03
7.400473455031024e-03
1.019937443253408e-02
1.399462792038557e-02
1.913107633205672e-02
2.603297553277576e-02
3.524497881727375e-02
4.745363132582547e-02
6.359201554620325e-02
8.467784511792424e-02
1.119717962376449e-01
1.470217543582533e-01
1.912181496395342e-01
2.461083736821598e-01
3.130452901275479e-01
3.921582020531119e-01
4.825369572126295e-01
5.803120516058250e-01
6.795574631240789e-01
7.725117707051299e-01
8.522350877823998e-01
9.194281007065018e-01
9.999999470044472e-01
9.999999999999946e-01
1.000000000000000e+00
1.000000000000000e+00
1.000000000000000e+00
1.000000000000000e+00
1.000000000000000e+00
1.000000000000000e+00
1.000000000000000e+00
###8.000000000000002e+00
-1.370823282071424e-10
-6.287829224480089e-11
1.496422002382801e-11
1.959616207737302e-12
1.239198253966967e-11
6.654021376012085e-11
5.256944514655265e-11
2.035023918391340e-11
6.089116239094164e-11
-1.541598184972061e-11
5.686622277197626e-11
7.107878170616865e-11
8.821367920515847e-11
9.811649850204944e-11
1.209499640589277e-10
1.373124998153595e-10
1.598850480245993e-10
2.271508796267587e-10
2.746546693262606e-10
3.553545137844707e-10
4.538525979827338e-10
5.868826838702146e-10
7.645240797216747e-10
9.978267177545590e-10
1.312127444577146e-09
1.753115641658602e-09
2.339709235255116e-09
3.119919334535348e-09
4.192014005407170e-09
5.652743684349980e-09
7.657117611417304e-09
1.047756421749832e-08
1.433603674684030e-08
1.973129928529182e-08
2.734462103249995e-08
3.803413134902993e-08
5.308344261913128e-08
7.468361978156509e-08
1.048483773884546e-07
1.482282099284196e-07
2.110190069542849e-07
3.006332180464471e-07
4.288901512811162e-07
6.145950728116410e-07
8.847770154866649e-07
1.274939231230730e-06
1.833772378111410e-06
2.641683222465333e-06
3.805634830794282e-06
5.475031047921249e-06
7.924159509123806e-06
1.144678378151651e-05
1.646679752870590e-05
2.372112093319589e-05
3.403602096776482e-05
4.881420364045070e-05
6.988100168453371e-05
9.995277447202333e-05
1.425963028760903e-04
2.028335877968278e-04
2.883948503862898e-04
4.084887064355110e-04
5.776018386745993e-04
8.155326434295220e-04
1.144026564364698e-03
1.603380582952882e-03
2.238115451896984e-03
3.114523350728046e-03
4.316569541589935e-03
5.980340303304731e-03
8.242698388368511e-03
1.131463828983444e-02
1.545802961997891e-02
2.103907231551125e-02
2.849789917392272e-02
3.839703768040549e-02
5.143625556313294e-02
6.857012021374508e-02
9.079903942510419e-02
1.193555193014233e-01
1.557348804818568e-01
2.012207316566016e-01
2.571978777041710e-01
3.248044844205953e-01
4.039076156609768e-01
4.934352550629030e-01
5.894416264715008e-01
6.863066006466607e-01
7.768087777071284e-01
8.545782170849882e-01
9.205210011408761e-01
9.999999470044472e-01
9.999999999999946e-01
1.000000000000000e+00
1.000000000000000e+00
1.000000000000000e+00
1.000000000000000e+00
1.000000000000000e+00
1.000000000000000e+00
1.000000000000000e+00
###8.400000000000002e+00
-1.266229995975522e-10
-5.820017066113296e-11
7.067796093998648e-12
2.714604754279319e-12
1.693988259284214e-11
6.591232668638409e-11
4.612817633325694e-11
2.171914025200733e-11
6.509160685603011e-11
-6.823592752962443e-12
5.811740121652079e-11
7.822266692802523e-11
9.316320776301851e-11
1.074763818169200e-10
1.289927074095181e-10
1.497962648391648e-10
1.775866592328243e-10
2.488807537656170e-10
3.226968536209803e-10
3.902574138569460e-10
5.026866068418361e-10
6.497774894234283e-10
8.456107028562718e-10
1.108065940751255e-09
1.461325605267569e-09
1.956293347479456e-09
2.619693795142919e-09
3.504830771565353e-09
4.727382336846976e-09
6.402611575333303e-09
8.711260159614506e-09
1.196286040174084e-08
1.645088803805878e-08
2.273771319700792e-08
3.164789714069697e-08
4.417692837892590e-08
6.192166496905367e-08
8.744870617083258e-08
1.231931994325324e-07
1.745730136970589e-07
2.491013368063737e-07
3.555281463989538e-07
5.077903261645247e-07
7.284995749700733e-07
1.049119096458228e-06
1.511688103066713e-06
2.173330801328873e-06
3.128062514172924e-06
4.501098286951713e-06
6.474355144414094e-06
9.342684398069028e-06
1.346925561580382e-05
1.933710730482642e-05
2.779035064360728e-05
3.977339617476491e-05
5.688800901745431e-05
8.119492827633339e-05
1.158511839578352e-04
1.647888751888503e-04
2.337244831129302e-04
3.312865688630098e-04
4.678215168417086e-04
6.593385715542337e-04
9.279299669335166e-04
1.297433777984315e-03
1.812093772502951e-03
2.520610068856217e-03
3.495161960304012e-03
4.826370251816638e-03
6.661472841894247e-03
9.146247854028938e-03
1.250536723096429e-02
1.701517441103975e-02
2.305989741165077e-02
3.109627516903564e-02
4.170355072610953e-02
5.559171557337991e-02
7.373399129863546e-02
9.711218441087908e-02
1.269319144169460e-01
1.646283150599190e-01
2.113799365555319e-01
2.684098214330521e-01
3.366486915372182e-01
4.157218861226928e-01
5.044291965868318e-01
5.987624812353918e-01
6.933604984634453e-01
7.815110720097792e-01
8.573118210402959e-01
9.218965866687956e-01
9.999999470044472e-01
9.999999999999946e-01
1.000000000000000e+00
1.000000000000000e+00
1.000000000000000e+00
1.000000000000000e+00
1.000000000000000e+00
1.000000000000000e+00
1.000000000000000e+00
###8.800000000000002e+00
-1.238117237053762e-10
-6.376786371829965e-11
7.465687461991639e-12
1.684590658318749e-11
1.801025355727598e-11
6.267322942593246e-11
5.109971815135295e-11
4.854635528253458e-11
6.933935635493525e-11
-5.281599475525169e-12
5.891898255864312e-11
8.397781245013107e-11
1.012897211753051e-10
1.216573875406725e-10
1.405683783776747e-10
1.657055386444776e-10
1.992384339877491e-10
2.727115939468474e-10
3.507022030658507e-10
4.358196099888215e-10
5.553722314825972e-10
7.194239650590411e-10
9.351218955562275e-10
1.231239555222207e-09
1.628998563599587e-09
2.184692061677651e-09
2.939664188374534e-09
3.943731068051499e-09
5.348081853507778e-09
7.266700623699901e-09
9.927577846662174e-09
1.368618091592838e-08
1.890741326343316e-08
2.625338075714389e-08
3.667974020501343e-08
5.135719109783927e-08
7.225865693943063e-08
1.023654542148599e-07
1.445905548034661e-07
2.053595797725266e-07
2.934893731256822e-07
4.195587323196492e-07
5.997635341014953e-07
8.608022290486542e-07
1.239679082861923e-06
1.785531851422381e-06
2.565016511032060e-06
3.688182737294179e-06
5.300076886786993e-06
7.619339010242010e-06
1.096689068332168e-05
1.577711433129874e-05
2.259833374204761e-05
3.240420106448132e-05
4.626135275997970e-05
6.599213405297982e-05
9.391399699586655e-05
1.336659992041870e-04
1.896044420151728e-04
2.681326326539365e-04
3.789418855796289e-04
5.334666441801405e-04
7.495573368015660e-04
1.051529704505420e-03
1.465439558150211e-03
2.039953855283480e-03
2.827887431237584e-03
3.907503026257250e-03
5.376900547048098e-03
7.394320409807361e-03
1.011442806139481e-02
1.377612651631078e-02
1.866946354954852e-02
2.519638233030733e-02
3.383046629407784e-02
4.516748613787620e-02
5.992428956681223e-02
7.909087374496793e-02
1.036262450642662e-01
1.347066660113067e-01
1.737090403894800e-01
2.216954466764784e-01
2.797429479616957e-01
3.485827344470365e-01
4.276230690480242e-01
5.155258305554656e-01
6.082665343350032e-01
7.006841139603390e-01
7.865670600546285e-01
8.603895032392131e-01
9.235063811588268e-01
9.999999470044472e-01
9.999999999999946e-01
1.000000000000000e+00
1.000000000000000e+00
1.000000000000000e+00
1.000000000000000e+00
1.000000000000000e+00
1.000000000000000e+00
1.000000000000000e+00
###9.200000000000003e+00
-1.177903491659010e-10
-4.164650768206426e-11
9.413488135310508e-12
1.738464477223407e-11
1.997685547204584e-11
6.436252132227489e-11
5.697245267995753e-11
5.905730356660360e-11
7.262911258960373e-11
2.136530427127203e-12
6.390599850044868e-11
8.528906826969810e-11
1.003684250646277e-10
1.333199361026220e-10
1.572200836606118e-10
1.809280283127386e-10
2.174146019878963e-10
2.967413984331945e-10
3.741210903038293e-10
4.775194133820208e-10
6.102379458660731e-10
7.935502757371295e-10
1.035891533773329e-09
1.367387028242965e-09
1.818078178508365e-09
2.443157737296040e-09
3.301677206404902e-09
4.444779728870875e-09
6.052098034922302e-09
8.262036818484388e-09
1.133604310554759e-08
1.568502553496670e-08
2.176303804728554e-08
3.032688030115238e-08
4.250596477288748e-08
5.973395462517923e-08
8.431585822431870e-08
1.196307134086474e-07
1.695901505386943e-07
2.412358588668528e-07
3.452253764590301e-07
4.940028717296474e-07
7.068704642368462e-07
1.014324298186122e-06
1.460075429352815e-06
2.101263148654524e-06
3.016269293758353e-06
4.331842337260648e-06
6.216567704405420e-06
8.926173338625887e-06
1.281727991708616e-05
1.839997217804641e-05
2.629716834780507e-05
3.762148943766829e-05
5.357359024571320e-05
7.623013003334330e-05
1.081747359631191e-04
1.535702363155551e-04
2.172565112230937e-04
3.063401935204461e-04
4.316620392650063e-04
6.059290184697726e-04
8.487257850648588e-04
1.187021746180629e-03
1.648980221486596e-03
2.288225602329525e-03
3.161435722344083e-03
4.353565777836439e-03
5.970162319943107e-03
8.181006823616964e-03
1.114987946409214e-02
1.512938004136023e-02
2.042351235546417e-02
2.745323392514984e-02
3.670664604782670e-02
4.879381752655017e-02
6.443847028779895e-02
8.464243327788921e-02
1.103466742801574e-01
1.426839962651963e-01
1.829766892278406e-01
2.321724282163513e-01
2.912041056363828e-01
3.606183280281601e-01
4.396016691520743e-01
5.267230539367966e-01
6.179340872025429e-01
7.082617397186344e-01
7.919284298775936e-01
8.637771609042434e-01
9.253400463893777e-01
9.999999470044472e-01
9.999999999999946e-01
1.000000000000000e+00
1.000000000000000e+00
1.000000000000000e+00
1.000000000000000e+00
1.000000000000000e+00
1.000000000000000e+00
1.000000000000000e+00
###9.600000000000003e+00
-1.722134773531350e-10
-4.003384077986889e-11
1.115563309722090e-11
1.641157795343349e-11
2.124399155048772e-11
6.247084016917599e-11
5.660245232687581e-11
5.985611369569881e-11
7.788066697936560e-11
7.534297011450772e-12
6.458911898089848e-11
7.650096885367119e-11
1.042109832265631e-10
1.427834276411519e-10
1.686927155481504e-10
1.923469627149836e-10
2.384359769616320e-10
3.213630669852563e-10
4.076934242473171e-10
5.220011904583679e-10
6.707055372568692e-10
8.755388443362954e-10
1.148101260964216e-09
1.521079355809500e-09
2.030011925401229e-09
2.735552077762459e-09
3.703253239093806e-09
5.018509754510853e-09
6.862527296919224e-09
9.410225619305818e-09
1.295991932428613e-08
1.799859899670264e-08
2.507177646103172e-08
3.506057370127949e-08
4.931583540007385e-08
6.947855131496572e-08
9.835114016074136e-08
1.397775401238795e-07
1.986533060752773e-07
2.829172930844489e-07
4.052547064983698e-07
5.801967944581976e-07
8.303589086662442e-07
1.191099724513183e-06
1.713995617272083e-06
2.464364894525795e-06
3.533978931555339e-06
5.069047460642600e-06
7.262897231729912e-06
1.039802824596679e-05
1.491976160284081e-05
2.137026757919924e-05
3.047980878093125e-05
4.349876566412051e-05
6.179333707531317e-05
8.770032633205441e-05
1.241041928306229e-04
1.757525233499937e-04
2.479764272800880e-04
3.486588246757353e-04
4.898917217459435e-04
6.856733626136044e-04
9.576294240609125e-04
1.335267066786684e-03
1.849289914980641e-03
2.558002613262849e-03
3.522787706518753e-03
4.835187775816324e-03
6.608224345251284e-03
9.024026263867118e-03
1.225545941716321e-02
1.656796766810072e-02
2.228190866790878e-02
2.983457801547716e-02
3.972647716593676e-02
5.258409112697564e-02
6.913674622362782e-02
9.039138097618248e-02
1.172731309719477e-01
1.508664924099151e-01
1.924412177058259e-01
2.428238160384043e-01
3.027963961317519e-01
3.727496222114223e-01
4.516694759688149e-01
5.380239562391996e-01
6.277421492281618e-01
7.160530704652937e-01
7.975622694300775e-01
8.674345984274608e-01
9.273543503151845e-01
9.999999470044472e-01
9.999999999999946e-01
1.000000000000000e+00
1.000000000000000e+00
1.000000000000000e+00
1.000000000000000e+00
1.000000000000000e+00
1.000000000000000e+00
1.000000000000000e+00
###1.000000000000000e+01
-1.727574498866247e-10
-3.654249045414910e-11
4.333214397311111e-12
1.899805308057406e-11
3.002628399394020e-11
6.653912877441535e-11
5.508388856366277e-11
5.847852126083097e-11
8.099187941027745e-11
1.079929345475398e-11
6.391704230051361e-11
8.327167838965971e-11
1.111077964007427e-10
1.510005151990064e-10
1.773251071473320e-10
2.092163427724523e-10
2.600683915076016e-10
3.474038878844884e-10
4.468695633544179e-10
5.720109279825233e-10
7.378538708529873e-10
9.669752944882684e-10
1.275584622094560e-09
1.694667673058743e-09
2.269748506669591e-09
3.068898496017180e-09
4.171921797003156e-09
5.679074409871911e-09
7.796993385101731e-09
1.073066341999765e-08
1.483527928180293e-08
2.068338785132050e-08
2.891521857202648e-08
4.055734074952594e-08
5.721194196254380e-08
8.082478090384365e-08
1.146744729370247e-07
1.632508884277564e-07
2.324422271339023e-07
3.312251322898415e-07
4.747156101908599e-07
6.798215775628086e-07
9.734002220841767e-07
1.394697675698781e-06
2.005347112059938e-06
2.880049133836859e-06
4.125828913095786e-06
5.909457293498207e-06
8.452357760058374e-06
1.206988210221514e-05
1.729751056027172e-05
2.472603234977895e-05
3.518790405372864e-05
5.010140959392789e-05
7.100271808053478e-05
1.005126501120993e-04
1.418592676481403e-04
2.003953130282079e-04
2.820057688243963e-04
3.953984295092513e-04
5.540434090350281e-04
7.732988336083130e-04
1.076839118596476e-03
1.497027941146216e-03
2.067164955774996e-03
2.850684663859383e-03
3.913415876455144e-03
5.354286007421838e-03
7.293534841309931e-03
9.926461931101339e-03
1.343433199703110e-02
1.809710553644584e-02
2.424781530674186e-02
3.234247635313871e-02
4.289571898764925e-02
5.654504516927780e-02
7.402414585265936e-02
9.634352740688922e-02
1.244023237378716e-01
1.592593374502506e-01
2.020962032531905e-01
2.536407764993213e-01
3.145268404179540e-01
3.849820776363351e-01
4.638273627390588e-01
5.494161024026381e-01
6.376732247224732e-01
7.240284197170012e-01
8.034166879784119e-01
8.713086043517873e-01
9.295270785919292e-01
9.999999470044472e-01
9.999999999999946e-01
1.000000000000000e+00
1.000000000000000e+00
1.000000000000000e+00
1.000000000000000e+00
1.000000000000000e+00
1.000000000000000e+00
1.000000000000000e+00
###1.040000000000000e+01
-1.780242748941260e-10
-9.430595151309087e-11
2.749258102464987e-13
2.103397419984617e-11
3.214726494518402e-11
7.013277384989396e-11
6.048011816988797e-11
5.984055000094983e-11
8.257679281263416e-11
1.722859891883768e-11
6.954326714397606e-11
8.855980669641485e-11
1.164496435141430e-10
1.620702437238686e-10
1.896703658292986e-10
2.290608036961561e-10
2.803883090796307e-10
3.749965060013409e-10
4.871850773526049e-10
6.276695381441657e-10
8.129765736718974e-10
1.070620290592911e-09
1.416077986382829e-09
1.896016110668185e-09
2.543388690526007e-09
3.451162061790847e-09
4.706703179278919e-09
6.439610176948026e-09
8.871979794426995e-09
1.226196063994119e-08
1.701381401959460e-08
2.379796644900186e-08
3.339237179404463e-08
4.694240295550509e-08
6.638747522059929e-08
9.400608354589344e-08
1.335985947299349e-07
1.904074015118170e-07
2.714676524372595e-07
3.870501834616608e-07
5.547818459654515e-07
7.945116160873670e-07
1.137589666353593e-06
1.629159180336422e-06
2.339097381460493e-06
3.354798856327051e-06
4.799819658430340e-06
6.864590599193161e-06
9.801683773004287e-06
1.398345133506471e-05
1.998153310451375e-05
2.850696911276505e-05
4.047335099542849e-05
5.749929585921846e-05
8.128629471375125e-05
1.147903837734015e-04
1.615945885783724e-04
2.277137841350065e-04
3.196179732105028e-04
4.470223514841609e-04
6.245716788101819e-04
8.693123580915369e-04
1.207182086472107e-03
1.673387395166637e-03
2.303777612939895e-03
3.167590596485986e-03
4.335001885539052e-03
5.912492071518701e-03
8.028065331215049e-03
1.089069001132686e-02
1.468919427698659e-02
1.971880567801451e-02
2.632544520840482e-02
3.498118545615705e-02
4.621874106943023e-02
6.067925726781179e-02
7.910257243279901e-02
1.025042469882040e-01
1.317477680966683e-01
1.678628380638912e-01
2.119494799823626e-01
2.646306777788933e-01
3.263974106304847e-01
3.973233951803837e-01
4.760646756265423e-01
5.609003295281509e-01
6.477362047899280e-01
7.321715574176603e-01
8.094654716910237e-01
8.753699063377627e-01
9.318437930348004e-01
9.999999470044472e-01
9.999999999999946e-01
1.000000000000000e+00
1.000000000000000e+00
1.000000000000000e+00
1.000000000000000e+00
1.000000000000000e+00
1.000000000000000e+00
1.000000000000000e+00
###1.080000000000000e+01
-1.758889648070128e-10
-1.049866963220847e-10
2.620553976537572e-12
2.060403215102256e-11
3.669422225319781e-11
7.110855936992415e-11
6.165583346818295e-11
6.264451609167538e-11
8.678072104134000e-11
7.651598457387994e-12
7.514019735177458e-11
9.268094999681363e-11
1.268025098916560e-10
1.695716200540188e-10
2.044627470323565e-10
2.486569380184504e-10
3.063574632627178e-10
4.100150134122061e-10
5.325163142208337e-10
6.891199555991713e-10
8.980525042397013e-10
1.187628944479915e-09
1.577887886189231e-09
2.118312423535439e-09
2.855458904816353e-09
3.886676169285209e-09
5.322638540490251e-09
7.312521939686469e-09
1.011535559646612e-08
1.403199642679583e-08
1.953575251603208e-08
2.740933817053880e-08
3.856431474146319e-08
5.435863610357619e-08
7.702564050278944e-08
1.092553874923806e-07
1.554972622409610e-07
2.218160844984489e-07
3.165357164217752e-07
4.514565116430928e-07
6.470028705354818e-07
9.262635995436593e-07
1.325633481829689e-06
1.897449540178224e-06
2.720237538486441e-06
3.895301956797546e-06
5.566628041052141e-06
7.948696871918402e-06
1.133143450384086e-05
1.614106900248518e-05
2.300638175948148e-05
3.275271492742611e-05
4.639522521573746e-05
6.576782965315970e-05
9.274431342712408e-05
1.306725029010370e-04
1.835640535865360e-04
2.579275808097596e-04
3.610993066957367e-04
5.037913928383047e-04
7.019141629974435e-04
9.743270431307028e-04
1.349303376219120e-03
1.865201309027877e-03
2.560430283756798e-03
3.510069433598977e-03
4.789547059798525e-03
6.512209422933215e-03
8.814818141415255e-03
1.191919344748858e-02
1.602311550004058e-02
2.143606609987137e-02
2.851804705272642e-02
3.775764819253841e-02
4.969972925681185e-02
6.499139103774611e-02
8.437367681780987e-02
1.088722047027878e-01
1.393188131821607e-01
1.766775564745066e-01
2.220024442982165e-01
2.757883703689723e-01
3.384121209683139e-01
4.097749069919592e-01
4.883856616411086e-01
5.724665288709004e-01
6.578983183966712e-01
7.404611068836072e-01
8.156918049769496e-01
8.795883968904108e-01
9.342609695506023e-01
9.999999470044472e-01
9.999999999999946e-01
1.000000000000000e+00
1.000000000000000e+00
1.000000000000000e+00
1.000000000000000e+00
1.000000000000000e+00
1.000000000000000e+00
1.000000000000000e+00
###1.120000000000000e+01
-1.768763261479955e-10
-1.027258435553347e-10
3.617036061172941e-12
2.455632738273695e-11
3.756115578775521e-11
6.770011125436074e-11
6.303273973624045e-11
6.061295328187632e-11
9.146372395810523e-11
1.690673964647826e-11
7.952291819340716e-11
9.901068885940902e-11
1.354453135372859e-10
1.788104628188675e-10
2.257542617286774e-10
2.690283315622542e-10
3.330313546929172e-10
4.463033223824347e-10
5.823814120026661e-10
7.588640485822516e-10
9.929031621979818e-10
1.319244702107952e-09
1.759828668257211e-09
2.371731665078392e-09
3.210840276149381e-09
4.387727645551094e-09
6.030535885793415e-09
8.318495537092414e-09
1.154283645183512e-08
1.607698414342487e-08
2.245210827500794e-08
3.158521015584499e-08
4.454596724144602e-08
6.291822903437120e-08
8.932257126623998e-08
1.268950671929641e-07
1.807670204834404e-07
2.580002621645607e-07
3.684121329242149e-07
5.253900137139657e-07
7.528111937763006e-07
1.077147817592066e-06
1.540762987122972e-06
2.202915353632146e-06
3.154380300203739e-06
4.509843951751666e-06
6.435462133725208e-06
9.174104454838822e-06
1.305629586585374e-05
1.856927605698378e-05
2.640367647329220e-05
3.750872637161731e-05
5.301482628805634e-05
7.497996062832199e-05
1.054979433443176e-04
1.482964149817175e-04
2.078747070431926e-04
2.912636756198209e-04
4.067489683149536e-04
5.660699847579462e-04
7.865972433560870e-04
1.088972192900161e-03
1.503973506431386e-03
2.073333624025283e-03
2.838111794832491e-03
3.879678043038336e-03
5.278298959896974e-03
7.155105912280594e-03
9.655831245665146e-03
1.301557040392159e-02
1.743973937829737e-02
2.325347187323087e-02
3.082993340702904e-02
4.067406912153024e-02
5.333956937543423e-02
6.948437105319349e-02
8.984868642269780e-02
1.154569861814132e-01
1.471028326108632e-01
1.857114779628338e-01
2.322575339476507e-01
2.871282129151982e-01
3.505709531447315e-01
4.223269294067379e-01
5.007930127106158e-01
5.840969610850292e-01
6.681398839038205e-01
7.488632373495727e-01
8.220296260254614e-01
8.839331288846236e-01
9.367621423576593e-01
9.999999470044472e-01
9.999999999999946e-01
1.000000000000000e+00
1.000000000000000e+00
1.000000000000000e+00
1.000000000000000e+00
1.000000000000000e+00
1.000000000000000e+00
1.000000000000000e+00
###1.160000000000000e+01
-1.705435905026663e-10
-1.008524087546635e-10
-1.368684210453960e-12
2.301043862746963e-11
4.206490468217916e-11
6.614863524418092e-11
6.485829010578928e-11
6.123648922279158e-11
9.226376438777471e-11
2.535761558975619e-11
8.730854060352809e-11
1.067289284850394e-10
1.455438797196500e-10
1.922547017309403e-10
2.422307028267003e-10
2.900786100138913e-10
3.644703831057985e-10
4.875012052206787e-10
6.387568117758685e-10
8.357187062517228e-10
1.100070696195056e-09
1.467418587420281e-09
1.968102385002149e-09
2.661819695500285e-09
3.616843167011878e-09
4.963851775360532e-09
6.860504356565621e-09
9.478836075582589e-09
1.319370972529996e-08
1.843443846087075e-08
2.581814799349993e-08
3.640933284605706e-08
5.145025105423722e-08
7.279096311419872e-08
1.035103387236488e-07
1.471935306439119e-07
2.098912758081720e-07
2.995724246912675e-07
4.279836756533752e-07
6.101644925918442e-07
8.739130445768260e-07
1.249497522408382e-06
1.786018680911332e-06
2.549607372470303e-06
3.647066040365576e-06
5.205829992685948e-06
7.417626595381757e-06
1.055667101260942e-05
1.499603737127005e-05
2.129495855227236e-05
3.020935145634505e-05
4.282221888756682e-05
6.039753912990072e-05
8.522795691904544e-05
1.196509389833323e-04
1.677968170758792e-04
2.346819308435322e-04
3.279727635949961e-04
4.568935868394431e-04
6.343045953396933e-04
8.791216495467775e-04
1.213942449987165e-03
1.672135520215354e-03
2.298978139106194e-03
3.138210164758918e-03
4.277816078455716e-03
5.803419998251898e-03
7.843748875675450e-03
1.055336855421845e-02
1.418210900141827e-02
1.894203171239456e-02
2.517506565083842e-02
3.326487742210324e-02
4.373404294435339e-02
5.714515947204214e-02
7.416532565233654e-02
9.552605012341543e-02
1.222565692889979e-01
1.551121775666488e-01
1.949605237627507e-01
2.427165261297232e-01
2.986401940679581e-01
3.628660536348295e-01
4.349886932217490e-01
5.132805513675469e-01
5.957884784336530e-01
6.784415847429398e-01
7.573393958150678e-01
8.284682592845294e-01
8.883804680828191e-01
9.393376099236231e-01
9.999999470044472e-01
9.999999999999946e-01
1.000000000000000e+00
1.000000000000000e+00
1.000000000000000e+00
1.000000000000000e+00
1.000000000000000e+00
1.000000000000000e+00
1.000000000000000e+00
###1.200000000000001e+01
-1.507370528428919e-10
-9.660701899820009e-11
-1.586623371084337e-12
8.871980685876671e-13
4.283339804385156e-11
6.242135299005091e-11
6.733618270626860e-11
5.937602345645275e-11
9.724244790523957e-11
3.257047341938972e-11
9.548302862698931e-11
1.142698406152271e-10
1.567773687190110e-10
2.042442449518320e-10
2.639431495362102e-10
3.159230983613675e-10
3.996995699248678e-10
5.341593121230296e-10
7.021024610619133e-10
9.242943579957900e-10
1.220708748785446e-09
1.636790214080680e-09
2.202956893734063e-09
2.989712125956570e-09
4.084321692606542e-09
5.623562519263223e-09
7.816952617036603e-09
1.081365085441203e-08
1.509480541847845e-08
2.114958857795488e-08
2.970047662586635e-08
4.197210903664453e-08
5.940660373374186e-08
8.417535252734169e-08
1.198452104359699e-07
1.705702852812855e-07
2.433068980755093e-07
3.473260665361523e-07
4.961489872541078e-07
7.071997171225700e-07
1.012035588608790e-06
1.445931491413431e-06
2.064717993113338e-06
2.943995760447656e-06
4.205005179612494e-06
5.992003679355726e-06
8.525385596671679e-06
1.211268624794222e-05
1.717298559578151e-05
2.435037827480103e-05
3.446417667288930e-05
4.874655191222584e-05
6.860846275977493e-05
9.660275161161093e-05
1.353192208805764e-04
1.893344435326743e-04
2.642160265931987e-04
3.683286019806087e-04
5.118740507288809e-04
7.089449354740561e-04
9.800681712590598e-04
1.349826410627341e-03
1.854455304048677e-03
2.542922080691828e-03
3.461828681190539e-03
4.706081151932969e-03
6.366786283852811e-03
8.580857072998719e-03
1.151063450036697e-02
1.542181955853859e-02
2.053429015549210e-02
2.720402523319503e-02
3.582735995740125e-02
4.694280517050593e-02
6.112295754767013e-02
7.903552851717351e-02
1.014127162918157e-01
1.292760575144191e-01
1.633471224518153e-01
2.044286311205960e-01
2.533762825243679e-01
3.103307251061579e-01
3.752944193702921e-01
4.477494014427434e-01
5.258338366716701e-01
6.075224529207465e-01
6.887973565234842e-01
7.658718792626693e-01
8.349709675399506e-01
8.929018485241632e-01
9.419605464084116e-01
9.999999470044472e-01
9.999999999999946e-01
1.000000000000000e+00
1.000000000000000e+00
1.000000000000000e+00
1.000000000000000e+00
1.000000000000000e+00
1.000000000000000e+00
1.000000000000000e+00
###1.240000000000001e+01
-1.509968980532103e-10
-9.325068405363421e-11
-4.005688638462553e-12
1.860819481080761e-12
3.845328442166725e-11
6.443528867272316e-11
6.759933098522110e-11
5.904627661124835e-11
1.024632381098574e-10
4.059692796994640e-11
1.024440159993002e-10
1.190475967249186e-10
1.383900304297473e-10
2.180835917510683e-10
2.839024371945834e-10
3.438726962647771e-10
4.393213491937496e-10
5.856488163122687e-10
7.725780251142874e-10
1.021886729643212e-09
1.357712239792753e-09
1.827546694088222e-09
2.470185931184045e-09
3.367152291299964e-09
4.619182622725522e-09
6.381088406601395e-09
8.891855880788130e-09
1.234883697892485e-08
1.728737630810484e-08
2.428083567070565e-08
3.418179835230775e-08
4.837573029505580e-08
6.857770649278127e-08
9.727236364363080e-08
1.385964471740000e-07
1.973770947980269e-07
2.816125167771851e-07
4.019458780887314e-07
5.740234453682650e-07
8.176002238975323e-07
1.169334543627279e-06
1.669186563124134e-06
2.380776158267487e-06
3.390420904833757e-06
4.835297623402627e-06
6.878405413577996e-06
9.771369077407510e-06
1.385959680349898e-05
1.961254703630013e-05
2.776546108862359e-05
3.920683239888860e-05
5.533141192762964e-05
7.771722211199541e-05
1.091924877825617e-04
1.526219743207329e-04
2.130746596495226e-04
2.966882461345992e-04
4.126041359616177e-04
5.720329894018852e-04
7.903957330422755e-04
1.089926060728958e-03
1.497406878173538e-03
2.051970563712816e-03
2.806473490745573e-03
3.810650165594379e-03
5.166182556311897e-03
6.970098737685145e-03
9.368455120420130e-03
1.252986223337395e-02
1.673803915315185e-02
2.221995755097923e-02
2.934432348391268e-02
3.852062222596620e-02
5.030316906917505e-02
6.527243373750889e-02
8.410098112222041e-02
1.075106133688712e-01
1.365168364234363e-01
1.718064309211360e-01
2.141192698910774e-01
2.642352716084532e-01
3.221938824227624e-01
3.878713601248991e-01
4.606092834788686e-01
5.384491007689372e-01
6.193007597488285e-01
6.991919938840839e-01
7.744455212101099e-01
8.415350875797487e-01
8.974598580969501e-01
9.446137225614255e-01
9.999999470044472e-01
9.999999999999946e-01
1.000000000000000e+00
1.000000000000000e+00
1.000000000000000e+00
1.000000000000000e+00
1.000000000000000e+00
1.000000000000000e+00
1.000000000000000e+00
###1.280000000000001e+01
-1.588246523012789e-10
-8.395930259063072e-11
-3.441715040382239e-12
2.082860062871227e-12
3.861872409372043e-11
6.159466142927824e-11
6.511726396837740e-11
6.176418340899813e-11
1.005331271762318e-10
5.100259960077237e-11
1.124051545357204e-10
1.287943533442098e-10
1.543991826144460e-10
2.347568440919141e-10
3.054880819350649e-10
3.741249544667170e-10
4.833239161289621e-10
6.428413475311563e-10
8.514203322046494e-10
1.132921648548973e-09
1.511975339205885e-09
2.044393159251489e-09
2.776623986308020e-09
3.800783973764054e-09
5.231681119652073e-09
7.251630026435986e-09
1.014455002181149e-08
1.411083397003346e-08
1.980652216109781e-08
2.787867002059843e-08
3.933215013136537e-08
5.573723478687074e-08
7.910031357996864e-08
1.123034761325319e-07
1.600824574843499e-07
2.280935398700291e-07
3.254427826300407e-07
4.642711513861022e-07
6.627686017208553e-07
9.433117614518939e-07
1.347967951078128e-06
1.922412342977731e-06
2.738393690939305e-06
3.894496509392261e-06
5.545458410434464e-06
7.875366105905515e-06
1.117032808016366e-05
1.581506634932934e-05
2.233803704057772e-05
3.156530631846204e-05
4.448349152757717e-05
6.264096766950350e-05
8.781640240845435e-05
1.231199941359204e-04
1.717237737742848e-04
2.391824173512513e-04
3.323299126705403e-04
4.610905670533183e-04
6.377671312592606e-04
8.791593697992907e-04
1.209370797730554e-03
1.657460819681371e-03
2.265678056920918e-03
3.090899141996254e-03
4.185963505009755e-03
5.659974007361675e-03
7.615858464838593e-03
1.020847938584916e-02
1.361429064197982e-02
1.813384831952083e-02
2.400135863850749e-02
3.159990700818062e-02
4.135076267784070e-02
5.382258015637493e-02
6.960247447734183e-02
8.936389952197969e-02
1.138235588209420e-01
1.439884761865789e-01
1.804959002146076e-01
2.240289331695672e-01
2.752987339266024e-01
3.342265992323838e-01
4.005754059209374e-01
4.735626486354064e-01
5.511152016103779e-01
6.311097866914265e-01
7.095897643796877e-01
7.830403241434742e-01
8.481197686544053e-01
9.020507067472078e-01
9.472904512898669e-01
9.999999470044472e-01
9.999999999999946e-01
1.000000000000000e+00
1.000000000000000e+00
1.000000000000000e+00
1.000000000000000e+00
1.000000000000000e+00
1.000000000000000e+00
1.000000000000000e+00
###1.320000000000001e+01
-1.960927632210778e-10
-7.845109848137418e-11
3.591327142683751e-13
-7.873700308126938e-12
3.747020629486619e-11
6.514691702065567e-11
6.784812361628196e-11
6.405210088791783e-11
1.024210690795336e-10
6.078541224005415e-11
1.224908253601767e-10
1.304402734134076e-10
1.746451353334288e-10
2.522009389000532e-10
3.298101028784742e-10
4.070784825713405e-10
5.308553931483925e-10
7.079324215244727e-10
9.427213800511011e-10
1.258555979191597e-09
1.688146632798980e-09
2.291223324861007e-09
3.125341880767772e-09
4.294022525226292e-09
5.933837623199531e-09
8.250043675643930e-09
1.158260534186149e-08
1.613350771930000e-08
2.269902974872226e-08
3.201534009315487e-08
4.524744669498702e-08
6.419687656657808e-08
9.117430293920297e-08
1.295395203774055e-07
1.846746610139029e-07
2.631381980634423e-07
3.753947588572361e-07
5.353116326177655e-07
7.637580905790193e-07
1.086048478002505e-06
1.550461641319832e-06
2.208454266473540e-06
3.142155375056696e-06
4.461940989129019e-06
6.344230475830294e-06
8.994296457857904e-06
1.273635717964894e-05
1.800021751482302e-05
2.537757621782046e-05
3.579447980553948e-05
5.034426999201356e-05
7.074043387176845e-05
9.897833854788923e-05
1.384806810577024e-04
1.927539568711224e-04
2.678571680866564e-04
3.713744439637133e-04
5.140779261754118e-04
7.094413955566821e-04
9.757325212565047e-04
1.339013979435074e-03
1.830710692801078e-03
2.496379680514565e-03
3.397304146148441e-03
4.589245078457940e-03
6.189271325206951e-03
8.305842695458364e-03
1.110404059875761e-02
1.476663787272981e-02
1.961232913412601e-02
2.588286048229251e-02
3.397457175552343e-02
4.432064730004839e-02
5.750289503828312e-02
7.411405902047803e-02
9.482942189613129e-02
1.203553138186874e-01
1.516855775468373e-01
1.894154237844899e-01
2.341640813762037e-01
2.865659626511328e-01
3.464329218231638e-01
4.134016110647298e-01
4.865955769156541e-01
5.638267453106791e-01
6.429216521840669e-01
7.199979718439462e-01
7.916283892235235e-01
8.547022571997235e-01
9.066510557393542e-01
9.499706984985030e-01
9.999999470044472e-01
9.999999999999946e-01
1.000000000000000e+00
1.000000000000000e+00
1.000000000000000e+00
1.000000000000000e+00
1.000000000000000e+00
1.000000000000000e+00
1.000000000000000e+00
###1.360000000000001e+01
-1.926156025278078e-10
-7.954202740817366e-11
1.782234328441679e-11
-5.554352501459302e-12
3.532402036686028e-11
6.802790613567802e-11
6.607234811356245e-11
6.668926529698745e-11
1.069055140896986e-10
6.984915451863934e-11
1.323449158351486e-10
1.414796673466552e-10
1.908702544897339e-10
2.712858989554734e-10
3.586407343753318e-10
4.455695543452772e-10
5.849464906051324e-10
7.822899535639695e-10
1.045024252381462e-09
1.401852075362888e-09
1.888729263600278e-09
2.573879050502307e-09
3.524899794832550e-09
4.859827073586937e-09
6.738039216168558e-09
9.389702202527030e-09
1.320854985253515e-08
1.846345100433288e-08
2.602071313847694e-08
3.676011005638092e-08
5.202765025028778e-08
7.388027755087750e-08
1.049804076813102e-07
1.492579412535101e-07
2.127279978450729e-07
3.031205008992479e-07
4.322227109008341e-07
6.159747200599466e-07
8.782960173440077e-07
1.247617249194177e-06
1.779241566913114e-06
2.531212321833533e-06
3.596769960367159e-06
5.100245427168051e-06
7.239745434191148e-06
1.024749588585627e-05
1.448567207364453e-05
2.043767364596970e-05
2.876393009094875e-05
4.049337983395127e-05
5.684075080943754e-05
7.970095915743769e-05
1.113035211583561e-04
1.553962536416486e-04
2.158400790058207e-04
2.993147692530533e-04
4.140671857661815e-04
5.719317676882598e-04
7.874790006261294e-04
1.080618460772341e-03
1.479540335946009e-03
2.018059734424891e-03
2.745323284045643e-03
3.726950660291359e-03
5.022045813085667e-03
6.755920575411876e-03
9.042561206531579e-03
1.205705567820494e-02
1.598981881258696e-02
2.117767086404825e-02
2.786821475578272e-02
3.647269730813908e-02
4.743482389678080e-02
6.134977339540073e-02
7.881441304665120e-02
1.005021428784953e-01
1.271097975585899e-01
1.596147456813262e-01
1.985657109298494e-01
2.445203564776036e-01
2.980339065001359e-01
3.588014011500839e-01
4.263540535358545e-01
4.997074131989458e-01
5.765716169479002e-01
6.547377856743080e-01
7.303777160819186e-01
8.001951853306845e-01
8.612702768503099e-01
9.112329618853618e-01
9.526241450555691e-01
9.999999470044472e-01
9.999999999999946e-01
1.000000000000000e+00
1.000000000000000e+00
1.000000000000000e+00
1.000000000000000e+00
1.000000000000000e+00
1.000000000000000e+00
1.000000000000000e+00
###1.400000000000001e+01
-1.906213285381572e-10
-5.948442728146737e-11
1.914864239687095e-11
1.894382072822069e-14
3.800363654161031e-11
7.253487455031022e-11
6.927750516895666e-11
7.130175047457286e-11
1.120639368633564e-10
7.701944637919088e-11
1.412814895710261e-10
1.552259975263080e-10
2.073091733305496e-10
2.942143942785016e-10
3.895516449269637e-10
4.892220315169412e-10
6.452938722494419e-10
8.651703705772043e-10
1.160752184687134e-09
1.563425792555593e-09
2.117522820623480e-09
2.897177815856557e-09
3.981401895497773e-09
5.504531892717000e-09
7.654677767605663e-09
1.070177041723802e-08
1.507003331890997e-08
2.113247800746987e-08
2.982474233027760e-08
4.220282854127152e-08
5.977181561501236e-08
8.493942812367837e-08
1.207648120638952e-07
1.717544628799025e-07
2.447507153361587e-07
3.486079863126025e-07
4.967826339830210e-07
7.075239652254659e-07
1.007919861278271e-06
1.430254003604964e-06
2.037364103378142e-06
2.894615243542516e-06
4.107490285316551e-06
5.817532011731690e-06
8.242201868395821e-06
1.164793209174356e-05
1.643701650108115e-05
2.315210953116767e-05
3.252603267147966e-05
4.570149885802747e-05
6.402336874652077e-05
8.959464760044152e-05
1.248764170487085e-04
1.739893514291145e-04
2.411804907594226e-04
3.337513680273648e-04
4.607188153459731e-04
6.349465173541930e-04
8.723567954917498e-04
1.194444972474687e-03
1.631629933397296e-03
2.220391586878886e-03
3.013428349063591e-03
4.081194854811526e-03
5.485984077612805e-03
7.361604715754714e-03
9.828060736173825e-03
1.307066592170782e-02
1.728696544222229e-02
2.283239274701451e-02
2.996140873080499e-02
3.909819873798252e-02
5.069779535948091e-02
6.536614802174354e-02
8.370582775193222e-02
1.063880593645210e-01
1.340885743540551e-01
1.677784690914317e-01
2.079497247473486e-01
2.550994524095423e-01
3.096962467507469e-01
3.713319128992692e-01
4.394245857369780e-01
5.128839166283761e-01
5.893342566448166e-01
6.665336103317316e-01
7.407159477685487e-01
8.087172776124366e-01
8.677983417709800e-01
9.157794635270025e-01
9.552568725114701e-01
9.999999470044472e-01
9.999999999999946e-01
1.000000000000000e+00
1.000000000000000e+00
1.000000000000000e+00
1.000000000000000e+00
1.000000000000000e+00
1.000000000000000e+00
1.000000000000000e+00
###1.440000000000001e+01
-1.963169157181347e-10
-5.927745314445308e-11
1.162450606576722e-11
1.541767203034872e-12
4.087090071614449e-11
7.060589469903512e-11
6.373623784286792e-11
7.793617031242597e-11
1.158908673325012e-10
8.499676924704092e-11
1.532276590536444e-10
1.707658101632050e-10
2.266250998947816e-10
3.196406218367726e-10
4.180921638491275e-10
5.379811735594260e-10
7.111246068713553e-10
9.583674805632258e-10
1.292233333339440e-09
1.746598770471187e-09
2.376713974423233e-09
3.264961195398200e-09
4.502762920766543e-09
6.244119270596379e-09
8.710694231389528e-09
1.220270126472758e-08
1.721690443479653e-08
2.418849333915456e-08
3.418677167252040e-08
4.842436205575178e-08
6.863009384828767e-08
9.758147800813586e-08
1.387402922023535e-07
1.974083607747744e-07
2.811113853277253e-07
4.002164684844282e-07
5.699320253488776e-07
8.109924947889269e-07
1.154306509570302e-06
1.636221491483411e-06
2.327719743125201e-06
3.302903123313162e-06
4.680348958040927e-06
6.620331056958596e-06
9.362673261914172e-06
1.320946594925811e-05
1.860830253743568e-05
2.616563476515720e-05
3.669625610592306e-05
5.146377592573177e-05
7.195184245329513e-05
1.004976986655154e-04
1.398071835458897e-04
1.944076254502840e-04
2.689293561496383e-04
3.713678128074778e-04
5.116001548435102e-04
7.035433800774613e-04
9.645113747390123e-04
1.317763238885836e-03
1.796006086897464e-03
2.438656349490137e-03
3.301910461020800e-03
4.461492876130222e-03
5.982764293205549e-03
8.007913609778618e-03
1.066445417377809e-02
1.414712672077037e-02
1.866149024104278e-02
2.458093665875976e-02
3.216635891701142e-02
4.185618529379384e-02
5.411316239752113e-02
6.955858511582368e-02
8.879441378970354e-02
1.124853358664224e-01
1.412980338389829e-01
1.761780359270985e-01
2.175615877558520e-01
2.658943145528145e-01
3.215506701005250e-01
3.840140623664237e-01
4.526037406574884e-01
5.261116410828732e-01
6.020827464705230e-01
6.782892475163839e-01
7.510009010279510e-01
8.171661767738871e-01
8.742546784792132e-01
9.202748835289656e-01
9.578481312075697e-01
9.999999470044472e-01
9.999999999999946e-01
1.000000000000000e+00
1.000000000000000e+00
1.000000000000000e+00
1.000000000000000e+00
1.000000000000000e+00
1.000000000000000e+00
1.000000000000000e+00
###1.480000000000001e+01
-1.796117375051448e-10
-5.850232629164541e-11
8.685999174928222e-12
-7.612334117463684e-13
4.146352837194857e-11
5.113077154278498e-11
6.712022642068556e-11
8.007013079656694e-11
1.212570685795185e-10
9.764570535122239e-11
1.644317633657591e-10
1.872283659117583e-10
2.489684414634910e-10
3.456768745111809e-10
4.537388536632740e-10
5.930268074117008e-10
7.875070527122227e-10
1.064044276606623e-09
1.442072728104917e-09
1.956874779160504e-09
2.674480010366841e-09
3.684685743939445e-09
5.096525373235437e-09
7.089934090597128e-09
9.915165373070930e-09
1.391426950354844e-08
1.967200018780744e-08
2.767486664776502e-08
3.916217276178401e-08
5.551634101807658e-08
7.872813097177207e-08
1.119582812002678e-07
1.591839974711710e-07
2.264482652204700e-07
3.223430150070226e-07
4.586906147975051e-07
6.526613241368096e-07
9.278312211525951e-07
1.319391616687801e-06
1.868039185372241e-06
2.654215269126862e-06
3.760602206713363e-06
5.321440605717778e-06
7.517347759749240e-06
1.061272204217963e-05
1.494835082195696e-05
2.102125538328796e-05
2.950908757972034e-05
4.131201887348247e-05
5.783112474406861e-05
8.070142279219836e-05
1.124998221073826e-04
1.561986356519249e-04
2.167675204295889e-04
2.992979419227066e-04
4.124420532594015e-04
5.669909997404502e-04
7.781023396711495e-04
1.064432913765125e-03
1.451161004839693e-03
1.973526649775396e-03
2.673624428700300e-03
3.611842991892689e-03
4.868956251803024e-03
6.513502348453653e-03
8.697320433020499e-03
1.155483906060636e-02
1.528940350693813e-02
2.011657159950930e-02
2.642652953945548e-02
3.448732639250491e-02
4.475009430761086e-02
5.768636102958802e-02
7.393037703560462e-02
9.408232405244975e-02
1.188025639697166e-01
1.487366285366176e-01
1.848140826589533e-01
2.274125884656127e-01
2.769061727362361e-01
3.335950751780180e-01
3.968484259534482e-01
4.658802984309906e-01
5.393909147484355e-01
6.148336228848260e-01
6.899881579516786e-01
7.612067626398070e-01
8.255288959070182e-01
8.806330080834786e-01
9.247049174344508e-01
9.604005378816899e-01
9.999999470044472e-01
9.999999999999946e-01
1.000000000000000e+00
1.000000000000000e+00
1.000000000000000e+00
1.000000000000000e+00
1.000000000000000e+00
1.000000000000000e+00
1.000000000000000e+00
###1.520000000000001e+01
-1.744302786869230e-10
-6.376856693959680e-11
8.762749686156998e-12
5.152536945717433e-13
3.785289505791426e-11
5.349985293915081e-11
7.137620356053368e-11
8.337935148168475e-11
1.268481232171060e-10
1.076811456519354e-10
1.771105423887637e-10
2.048875283755670e-10
2.754423977917922e-10
3.768429190262488e-10
4.975197521106595e-10
6.541236178740781e-10
8.733893749772060e-10
1.184169362189174e-09
1.611344730511094e-09
2.196244259749020e-09
3.011517658969135e-09
4.162252613261432e-09
5.777192061757430e-09
8.057170089258632e-09
1.128998487165869e-08
1.587367012853959e-08
2.250134897861553e-08
3.164990730024390e-08
4.482760581208856e-08
6.357932257282697e-08
9.021445050820438e-08
1.282951917421046e-07
1.824223165487300e-07
2.593961182259106e-07
3.690028752891474e-07
5.247211973339163e-07
7.459834368245273e-07
1.059469365984322e-06
1.505006658690286e-06
2.128231183148572e-06
3.020071373180643e-06
4.273106653014748e-06
6.038392752146617e-06
8.517378908172128e-06
1.200444371071406e-05
1.688019249225369e-05
2.369655765393463e-05
3.320993873692272e-05
4.641327647853631e-05
6.485168954315365e-05
9.032889912181814e-05
1.256644475345904e-04
1.741650416032467e-04
2.412344075836299e-04
3.324439635264575e-04
4.571827092068912e-04
6.272347091400424e-04
8.589900515914967e-04
1.172667449832456e-03
1.595289716072214e-03
2.164883134268114e-03
2.926360592928166e-03
3.944496155327933e-03
5.305292392534304e-03
7.081116748781891e-03
9.432270041155402e-03
1.250126049896378e-02
1.650041333480753e-02
2.165528622217005e-02
2.837319716332712e-02
3.692856737144248e-02
4.778426765317960e-02
6.142278080632174e-02
7.848617079142030e-02
9.957485919832303e-02
1.253409905922550e-01
1.564099398751057e-01
1.936875402512034e-01
2.374954673733029e-01
2.881339179225434e-01
3.458221289251437e-01
4.098280297624076e-01
4.792512745145911e-01
5.526984856797760e-01
6.275699924399770e-01
7.016370644550790e-01
7.713273129444669e-01
8.337930849521915e-01
8.869169257783310e-01
9.290570585865217e-01
9.628898668991490e-01
9.999999470044472e-01
9.999999999999946e-01
1.000000000000000e+00
1.000000000000000e+00
1.000000000000000e+00
1.000000000000000e+00
1.000000000000000e+00
1.000000000000000e+00
1.000000000000000e+00
###1.560000000000001e+01
-1.676494621822168e-10
-6.173373096152009e-11
4.457910582512294e-12
1.031783554695129e-12
3.642720164956007e-11
5.677601498802614e-11
7.497029259701840e-11
9.309744161248122e-11
1.348521743092848e-10
1.171969437381566e-10
1.872822555287653e-10
2.234339822556802e-10
2.997259884313744e-10
4.127440067165897e-10
5.468547109037563e-10
7.247394486033147e-10
9.701893212307829e-10
1.322341282357386e-09
1.801278577251709e-09
2.466881287655988e-09
3.396412931019324e-09
4.708899700297215e-09
6.551159790510284e-09
9.155831993583092e-09
1.286058014301199e-08
1.811172948384054e-08
2.573474754276263e-08
3.619246012276812e-08
5.128673826126497e-08
7.277636183601346e-08
1.032833698286076e-07
1.468423727747377e-07
2.087191132570438e-07
2.966689415767701e-07
4.217982181320593e-07
5.992519973799278e-07
8.511932882634694e-07
1.207682875190112e-06
1.713474702018764e-06
2.419950681320523e-06
3.429717050411219e-06
4.845805341732680e-06
6.837782898474724e-06
9.631007763945057e-06
1.355072503564219e-05
1.902353529609443e-05
2.666000329763305e-05
3.730052260233315e-05
5.204026384944475e-05
7.257981461881913e-05
1.009081580722377e-04
1.401009285572885e-04
1.938412885100400e-04
2.679821281176469e-04
3.685920039438965e-04
5.058832455536476e-04
6.926689259343384e-04
9.466850276147476e-04
1.289730926439321e-03
1.750865504588026e-03
2.371011934334605e-03
3.197992327293236e-03
4.301167032193749e-03
5.772108352638551e-03
7.686586419638561e-03
1.021459880277397e-02
1.350627431746508e-02
1.778347123452783e-02
2.328098262228815e-02
3.042404587692892e-02
3.949315991367125e-02
5.096289746877374e-02
6.532477628284268e-02
8.322960194036846e-02
1.052771130624578e-01
1.321049459459150e-01
1.643225749901037e-01
2.027995432072227e-01
2.478128305033410e-01
2.995738860589980e-01
3.582383809357363e-01
4.229409027556589e-01
4.926998505742779e-01
5.660299677681550e-01
6.402751155545682e-01
7.132082244822515e-01
7.813335834281638e-01
8.419436211609999e-01
8.930836647845782e-01
9.333051697711082e-01
9.653170181453760e-01
9.999999470044472e-01
9.999999999999946e-01
1.000000000000000e+00
1.000000000000000e+00
1.000000000000000e+00
1.000000000000000e+00
1.000000000000000e+00
1.000000000000000e+00
1.000000000000000e+00
