# NLO BK equation solver 0.0-dev build  (build Nov 18 2025 11:57:20)
# Initial condition: MV model, Q_s0^2 = 0.0893725 GeV^2, \gamma = 4.32903, coefficient of E inside Log is 1, x0=0.01, \Lambda_QCD = 0.241 GeV
# # LO Kernel RC:  Balitsky. NLO Kernel RC:  smallest dipole
# Nc=3, Nf=4
# Using RungeKutta method in K1
# Resumming double log
# Resumming single log, K_sub=0.65 resum rc: smallest
# BK K1 integration relative accuracy: 0.02# NLO BK as^2 terms: MC integration method: Vegas, points=1000000
# Kinematical constraint: none
# Target kinematical constraint: disabled

###1.000000000000000e-05
###1.160836920850890e+00
###100
###1.000000000000000e+00
###0.000000000000000e+00
4.776775699269188e-48
1.717481665804077e-47
6.174336440295847e-47
2.219361202880032e-46
7.976341786172568e-46
2.866263293731793e-45
1.029824951062627e-44
3.699509276326315e-44
1.328790562485769e-43
4.771983239164111e-43
1.713442102362275e-42
6.151290354461764e-42
2.207940334377182e-41
7.923749150700090e-41
2.843113947710647e-40
1.019942697651146e-39
3.658246320843909e-39
1.311847612041325e-38
4.703320925301906e-38
1.685908561338167e-37
6.041835305167826e-37
2.164743169319880e-36
7.754316797687059e-36
2.777008900989117e-35
9.942699976619482e-35
3.558945510768155e-34
1.273575613688533e-33
4.556284178354428e-33
1.629579854467996e-32
5.826599631434530e-32
2.082692259685791e-31
7.442192863888904e-31
2.658507551068239e-30
9.493602931803682e-30
3.389028244719631e-29
1.209385545694042e-28
4.314138001263091e-28
1.538356094156921e-27
5.483361646544023e-27
1.953697500857665e-26
6.957946031031901e-26
2.476912142470951e-25
8.813290155883181e-25
3.134405237407982e-24
1.114174158802007e-23
3.958427321952077e-23
1.405575726245178e-22
4.988128523496919e-22
1.769139874319615e-21
6.270709591570775e-21
2.221209452523202e-20
7.862641525650203e-20
2.781255775491514e-19
9.830911506821340e-19
3.472270608163528e-18
1.225424227636162e-17
4.321141271184378e-17
1.522423481037473e-16
5.358996661302180e-16
1.884641823937508e-15
6.621531060262553e-15
2.324128704590452e-14
8.149357962959044e-14
2.854560999692317e-13
9.988534945411774e-13
3.491466869705396e-12
1.219155297595620e-11
4.252668698465762e-11
1.481931496611212e-10
5.159156903028550e-10
1.794493271355965e-09
6.236709216463405e-09
2.166049655109342e-08
7.518663590270391e-08
2.608820154245788e-07
9.050291516112534e-07
3.139719042145806e-06
1.089509719010007e-05
3.782638629357127e-05
1.314281593158828e-04
4.570827623190388e-04
1.591129042231021e-03
5.539780478982070e-03
1.922765953222338e-02
6.573074605121110e-02
2.122863294015294e-01
5.680260393121463e-01
9.481656607306385e-01
9.999713685627273e-01
9.999999999999999e-01
1.000000000000000e+00
1.000000000000000e+00
1.000000000000000e+00
1.000000000000000e+00
1.000000000000000e+00
1.000000000000000e+00
1.000000000000000e+00
1.000000000000000e+00
1.000000000000000e+00
1.000000000000000e+00
###4.000000000000000e-01
-3.471561175808508e-10
-8.133307281736111e-11
-7.372106353670126e-11
-8.000001476032938e-11
-1.011125683663093e-09
-2.478950634215027e-10
5.524316719959037e-12
7.976299773711269e-11
5.623972304215040e-11
1.366382166348122e-11
-2.066806727202171e-13
-4.264654901900183e-12
-1.127737094771045e-11
1.032571450194728e-11
1.275233153851577e-11
-3.692248985266002e-11
1.394323944779650e-10
2.303469650534105e-11
2.648091686508302e-11
-5.819734457053758e-11
3.597588042943679e-11
-7.004466771434936e-12
3.709647132381302e-11
3.675662569317556e-11
5.660811426977619e-11
5.943202543142796e-11
5.940316935752334e-11
7.925244182395279e-11
1.240439656736909e-10
1.662954946672442e-10
2.042033660667130e-10
3.075302686002610e-10
3.625320869400794e-10
4.922812489542404e-10
5.926642197434822e-10
8.867889077649971e-10
1.140520490836573e-09
1.554857192590039e-09
2.047973183924891e-09
2.767532027439419e-09
3.714129156198205e-09
4.897815883455398e-09
6.511437764957139e-09
8.678733751597795e-09
1.145624628333544e-08
1.522607550642254e-08
1.999356607283139e-08
2.643819649988873e-08
3.481765610212642e-08
4.573640312808889e-08
6.036422683380400e-08
7.937152408138615e-08
1.046863521239890e-07
1.380100452986774e-07
1.829465488741796e-07
2.439545386182016e-07
3.255369091761100e-07
4.384426871070213e-07
5.968693293225850e-07
8.202249611784855e-07
1.108611973696223e-06
1.449615142624759e-06
2.280556424789399e-06
3.300908712602520e-06
4.830200650529342e-06
7.175600617632053e-06
1.075682902805920e-05
1.590327599508283e-05
2.481353903555976e-05
3.809830809309380e-05
5.868907106624707e-05
9.040139249396630e-05
1.397209802131610e-04
2.156518669239672e-04
3.330777491843981e-04
5.153607377217436e-04
8.001409681046206e-04
1.246380067297708e-03
1.961770568224025e-03
3.145702804732713e-03
5.240282122592023e-03
9.211397231109997e-03
1.763936297435284e-02
3.787984327753442e-02
9.149141367715741e-02
2.350823480908810e-01
5.502624045050859e-01
8.839087781510124e-01
9.618286742443942e-01
9.999999999999999e-01
1.000000000000000e+00
1.000000000000000e+00
1.000000000000000e+00
1.000000000000000e+00
1.000000000000000e+00
1.000000000000000e+00
1.000000000000000e+00
1.000000000000000e+00
1.000000000000000e+00
1.000000000000000e+00
###8.000000000000000e-01
-2.556129365820457e-09
-1.228242604787230e-10
-7.684764536236340e-10
2.742289787212860e-10
-8.659528835605525e-10
-4.483380052762972e-10
-8.435549140029861e-10
3.430570188624924e-10
4.497755992624304e-10
2.575345839650322e-11
-5.455173974393800e-10
-3.749094930454573e-10
-5.052207500978224e-09
3.174806147647532e-10
1.983658231431174e-10
-3.490671759291891e-10
3.954276529897202e-11
4.876956742145223e-10
1.633261221830775e-10
6.070889326227229e-11
8.747350714944755e-11
6.610590868691922e-11
1.143805996997248e-10
2.430008041623390e-10
1.322335858248461e-10
2.528006268255970e-10
2.719382247768325e-10
2.369505849043970e-10
1.376796870097952e-10
5.822972769345629e-10
5.087215711566174e-10
7.058823024302780e-10
8.196260998344292e-10
1.305202058060039e-09
1.419979877320900e-09
2.257925938255528e-09
2.864829505413768e-09
3.852969188950158e-09
4.964648109925968e-09
6.623232754912800e-09
8.646662847664626e-09
1.163976226462823e-08
1.527070613102918e-08
2.010353974159877e-08
2.644120813954083e-08
3.471884384556930e-08
4.545641478941374e-08
5.971848060317044e-08
7.784961588945872e-08
1.016564306285649e-07
1.251852285037610e-07
1.731956173234540e-07
2.274757088040116e-07
2.965535833791717e-07
3.889855049815638e-07
5.120162594904914e-07
6.789182444197070e-07
9.070731486181696e-07
1.222946679530765e-06
1.642480712300326e-06
2.290983393829120e-06
3.127384895215335e-06
4.685929528836314e-06
6.836521124700609e-06
1.017126638616176e-05
1.529294154623945e-05
2.335598909977238e-05
3.571068770825997e-05
5.592889056192075e-05
8.719877505340389e-05
1.354091796714132e-04
2.093053772875085e-04
3.230223134305759e-04
4.969244099511457e-04
7.617074941519668e-04
1.164516561824043e-03
1.779264358243784e-03
2.718399476055145e-03
4.167602917810940e-03
6.479799774181194e-03
1.033014728562483e-02
1.700988196257915e-02
2.949805896383007e-02
5.533752926845547e-02
1.144043834891925e-01
2.542287200286991e-01
5.353591737734832e-01
8.308317828754622e-01
9.273937718394772e-01
9.999999999999999e-01
1.000000000000000e+00
1.000000000000000e+00
1.000000000000000e+00
1.000000000000000e+00
1.000000000000000e+00
1.000000000000000e+00
1.000000000000000e+00
1.000000000000000e+00
1.000000000000000e+00
1.000000000000000e+00
###1.200000000000000e+00
1.028471773014586e-08
5.184760490223192e-10
-1.875820962565137e-09
4.479635210900109e-10
-7.352545740734346e-10
-2.128911056430947e-10
-4.774504429329978e-10
-5.045339036357964e-10
-2.765508906782101e-09
1.010826647649126e-09
-7.480337179413975e-11
-3.188802750772955e-10
-4.730252022556597e-09
3.883691723756699e-10
5.182578332200163e-10
-3.914642105938816e-10
1.254513388594569e-10
7.252058412495561e-10
2.326522239450276e-10
6.137937954484617e-11
5.670760705327187e-10
2.833720001368812e-10
4.439708914724883e-10
5.616431879503765e-10
1.163852904628397e-10
1.713990912180604e-10
5.967949409860541e-10
4.953221728215216e-10
4.593250894730227e-10
9.772537696341725e-10
1.029872085522656e-09
1.411336122027089e-09
1.566820754897516e-09
2.376533207994202e-09
3.103077751202600e-09
3.763081964972132e-09
5.495553327424764e-09
7.442284645947190e-09
9.415272689117249e-09
1.214873821421627e-08
1.618632211678819e-08
2.117399914856264e-08
2.832512637294714e-08
3.627084732295214e-08
4.746709556652853e-08
6.161768285715968e-08
8.012367287346575e-08
1.042148620652059e-07
1.344023534018247e-07
1.730807861526417e-07
2.163186117291977e-07
2.864871584325339e-07
3.692855325700838e-07
4.738246291832460e-07
6.108395317191420e-07
7.887871199418913e-07
1.026757477068409e-06
1.337283811216523e-06
1.776090834511156e-06
2.358168296733256e-06
3.253429543134202e-06
4.486028216643547e-06
6.628094708067557e-06
9.793367098606785e-06
1.488554950734611e-05
2.286297021917066e-05
3.607187629604383e-05
5.686369612810910e-05
9.081041365698770e-05
1.445568828606312e-04
2.278146710219426e-04
3.557839934135453e-04
5.496373428750548e-04
8.437467563035564e-04
1.285333153111231e-03
1.945482791299247e-03
2.936569494971244e-03
4.417872427897951e-03
6.646046218595339e-03
1.011758266350819e-02
1.571656020681431e-02
2.498499811964017e-02
4.115880646053520e-02
7.177891806569951e-02
1.350042228967688e-01
2.705694349153691e-01
5.230040701030927e-01
7.869375361405604e-01
8.966458002406751e-01
9.999999999999999e-01
1.000000000000000e+00
1.000000000000000e+00
1.000000000000000e+00
1.000000000000000e+00
1.000000000000000e+00
1.000000000000000e+00
1.000000000000000e+00
1.000000000000000e+00
1.000000000000000e+00
1.000000000000000e+00
###1.600000000000000e+00
-2.330457928787074e-08
-4.573070413196650e-10
4.959785804466847e-09
4.819872362636881e-09
-4.074106929044614e-09
6.488279693358753e-09
-5.990857160551340e-10
8.035190723836240e-10
-2.807551995841011e-09
1.672685780820713e-10
1.843164412575563e-09
-2.074606675334378e-10
-5.140784054632289e-09
1.395003251275815e-09
1.007507309132879e-09
-1.828730814693834e-10
1.196366172075497e-09
2.097604802592443e-09
-2.443859316948826e-10
1.043797858312274e-09
1.655905410342563e-09
1.083995329062150e-09
1.520223898459758e-09
1.164832972358469e-09
3.168268646369011e-09
6.591210415745403e-10
1.479341758116667e-09
1.583699699033080e-09
1.607895052360262e-09
2.317365862216196e-09
2.254336720572996e-09
3.125550169405536e-09
3.497140736177644e-09
3.932229067160636e-09
5.964679258805776e-09
7.189429638566111e-09
9.774809086950586e-09
1.242474689413722e-08
1.657339782879224e-08
2.086024518952200e-08
2.741094882834726e-08
3.523795463251764e-08
4.717231054732797e-08
5.925819223491353e-08
7.752014202209110e-08
9.898370802731993e-08
1.267412169207062e-07
1.620584578133579e-07
2.067131069625971e-07
2.623648014979122e-07
3.284526973637386e-07
4.220431822405771e-07
5.314914244857365e-07
6.662909226865523e-07
8.410624336430611e-07
1.054122247045260e-06
1.329986576826273e-06
1.687285793812421e-06
2.159701259678653e-06
2.807369143292761e-06
3.826163527433762e-06
5.207942962248842e-06
7.707354537047065e-06
1.159361025415557e-05
1.825741382648330e-05
2.914108622604040e-05
4.773786938342501e-05
7.807444418647100e-05
1.283368443989102e-04
2.090680735550210e-04
3.352387412420398e-04
5.286884520553870e-04
8.193118172563017e-04
1.255559398324215e-03
1.903416771656925e-03
2.858153220736911e-03
4.269780246748131e-03
6.338402988461725e-03
9.390016951230580e-03
1.404582985133412e-02
2.137952740241041e-02
3.313344751741287e-02
5.266394519927152e-02
8.736975827293376e-02
1.537150141330465e-01
2.848015758672667e-01
5.129674858304403e-01
7.506995085363748e-01
8.694832379698476e-01
9.999999999999999e-01
1.000000000000000e+00
1.000000000000000e+00
1.000000000000000e+00
1.000000000000000e+00
1.000000000000000e+00
1.000000000000000e+00
1.000000000000000e+00
1.000000000000000e+00
1.000000000000000e+00
1.000000000000000e+00
###2.000000000000000e+00
-2.724605823584177e-08
-7.044070992206643e-10
8.335463236586571e-09
2.050968979818414e-08
3.330971473752068e-09
1.687537174851731e-08
9.411406057681934e-10
4.137032080911646e-09
1.893620686739213e-09
5.992945485110631e-10
7.544990696812307e-09
9.952203788084927e-10
-1.000498107078179e-09
7.575352964222213e-09
1.939227956503674e-09
1.643150722655449e-09
3.221666956609610e-09
3.534012035766580e-09
1.281362251408891e-09
3.964294231347440e-09
3.487144661793034e-09
6.758718330165814e-09
3.024721258449226e-09
4.312697063532420e-09
7.675228447333962e-09
3.545982774034969e-09
4.328041756273095e-09
4.370885393522396e-09
4.040756955114687e-09
5.301862584755406e-09
5.661942774016457e-09
7.452051237183477e-09
8.003331540747554e-09
8.241852710860941e-09
1.045867240956178e-08
1.363973842634950e-08
1.748425816963096e-08
2.082775867685506e-08
2.726214832973874e-08
3.329280715446548e-08
4.255712935632369e-08
5.709648539845322e-08
7.323579913493581e-08
9.141201108031362e-08
1.169713044560899e-07
1.484771677676376e-07
1.881365431371164e-07
2.370384172495581e-07
2.974310587949069e-07
3.721575272468384e-07
4.612565831322824e-07
5.806031445049422e-07
7.135015702695296e-07
8.764228640127016e-07
1.068944936658110e-06
1.293573458628113e-06
1.574085270010924e-06
1.910751027097177e-06
2.338777364021396e-06
2.917953163827323e-06
3.869420223706138e-06
5.228500157033088e-06
7.786748396709623e-06
1.217555833234295e-05
2.003511472049828e-05
3.369155170638067e-05
5.789765761234589e-05
9.901419915392656e-05
1.679370545226783e-04
2.804534810401639e-04
4.569775238538874e-04
7.274660800025083e-04
1.132124320031320e-03
1.731571942486524e-03
2.614379204205351e-03
3.897945014507038e-03
5.774077669373321e-03
8.473392697922567e-03
1.238603543565238e-02
1.824975401588590e-02
2.730619491605194e-02
4.143781015902728e-02
6.403666330283514e-02
1.022652213490613e-01
1.709142374794665e-01
2.974824049035631e-01
5.050760140644084e-01
7.208608892540258e-01
8.458033771252266e-01
9.999999999999999e-01
1.000000000000000e+00
1.000000000000000e+00
1.000000000000000e+00
1.000000000000000e+00
1.000000000000000e+00
1.000000000000000e+00
1.000000000000000e+00
1.000000000000000e+00
1.000000000000000e+00
1.000000000000000e+00
###2.400000000000000e+00
-2.984186937014204e-08
-4.688487696629224e-10
1.182641351379553e-08
2.281366403692560e-08
1.638080427878831e-09
1.963430261557736e-08
3.526597690934156e-09
2.257152502380919e-09
-1.207846197613853e-09
5.539275778611719e-09
9.441579275869098e-09
5.210085569097152e-09
7.128398204160336e-10
1.207660341746116e-08
-5.944951392256464e-09
5.151369331232085e-09
2.081724470969187e-08
6.751464965732073e-09
3.594408235548231e-09
6.152231293700894e-09
6.489328646107387e-09
9.573906476419826e-09
6.473225237986553e-09
6.980211002042214e-09
9.355983850848188e-09
7.507059733795074e-09
8.043741905982514e-09
7.763170886640220e-09
7.576274918288981e-09
1.042732599508641e-08
9.833762800028023e-09
1.320359437370012e-08
1.394847535015963e-08
1.426365537658397e-08
1.743530601509505e-08
2.117163967143723e-08
2.695212611191998e-08
3.256379599849536e-08
4.141620807650799e-08
5.089590789778059e-08
6.324902220487089e-08
8.327045762488275e-08
1.056091656193719e-07
1.312678569313249e-07
1.659938455085826e-07
2.122167861272776e-07
2.645598939853853e-07
3.265858249087103e-07
4.085000422296495e-07
5.031688915421186e-07
6.150286534913385e-07
7.637498882674744e-07
9.170369796446324e-07
1.094834157683409e-06
1.295630211070516e-06
1.508706251319646e-06
1.748672644057870e-06
2.007372014839600e-06
2.304119522956866e-06
2.673607358489450e-06
3.368943026010513e-06
4.464112228971955e-06
6.845264788863039e-06
1.135852484924404e-05
2.015214816202925e-05
3.676584742437791e-05
6.692194186518948e-05
1.202056000406757e-04
2.105657218845331e-04
3.593300608925191e-04
5.943785689030862e-04
9.534113528025932e-04
1.487974701444923e-03
2.272899281858861e-03
3.417054641781379e-03
5.056677963954763e-03
7.440074571462645e-03
1.080919233454801e-02
1.561762874121506e-02
2.270943099338583e-02
3.347591202673273e-02
4.988657878742979e-02
7.530322835782342e-02
1.165649898389839e-01
1.868821818014578e-01
3.089736140002921e-01
4.991063760986618e-01
6.964293878242254e-01
8.252748886102573e-01
9.999999999999999e-01
1.000000000000000e+00
1.000000000000000e+00
1.000000000000000e+00
1.000000000000000e+00
1.000000000000000e+00
1.000000000000000e+00
1.000000000000000e+00
1.000000000000000e+00
1.000000000000000e+00
1.000000000000000e+00
###2.800000000000000e+00
-5.127524954654648e-08
-3.667034459010814e-08
-1.937424675097048e-08
2.943649046046219e-08
3.665213604924233e-09
2.520920007428299e-08
1.130955839445902e-08
1.510973682232741e-08
-4.517546623036009e-09
6.987984659187802e-09
1.282274740666527e-08
6.948107910952932e-09
1.038731941489104e-08
1.686278095758429e-08
-9.803981980127038e-10
8.945003053191058e-09
2.856776268049096e-08
1.153667271499723e-08
6.707520532212549e-09
9.646889391690947e-09
1.219488456251075e-08
1.200485886916442e-08
1.144527699554451e-08
9.410035924298663e-09
1.172687119660143e-08
9.227483441294263e-09
1.084843852610821e-08
1.169764222088986e-08
1.201615582804073e-08
1.589635826145113e-08
7.581129156406078e-09
1.957036869174728e-08
2.013776996241025e-08
2.236511280531312e-08
2.535789171480026e-08
3.024300147290013e-08
3.733298502578414e-08
4.571334091683144e-08
5.795592280650317e-08
7.172956226746544e-08
8.887130752361429e-08
1.157953814810203e-07
1.439675528111389e-07
1.797298999532953e-07
2.256576438555464e-07
2.870063638856650e-07
3.522765946786731e-07
4.311232496301317e-07
5.357721078553162e-07
6.510696741009157e-07
7.912904421699181e-07
9.540056505386010e-07
1.130647114386948e-06
1.319436910274156e-06
1.507083281618766e-06
1.680234368306810e-06
1.837624041814231e-06
1.960006053312142e-06
2.030963653321080e-06
2.113471633308423e-06
2.408324573718362e-06
3.041999637608746e-06
4.952974905136572e-06
9.390593672032270e-06
1.898143137960991e-05
3.852148133937474e-05
7.523203879351982e-05
1.421537736239269e-04
2.566564228986137e-04
4.468397533861186e-04
7.483397824147462e-04
1.207103161473507e-03
1.887503489561458e-03
2.879514861938122e-03
4.310431574384548e-03
6.342570782808370e-03
9.258610512828095e-03
1.333321784804348e-02
1.906915563027174e-02
2.740885759989307e-02
3.986374381032025e-02
5.846344681900267e-02
8.645970980737616e-02
1.303602229393290e-01
2.018525243507707e-01
3.197029674209373e-01
4.949907076529743e-01
6.766911425341309e-01
8.077966038857601e-01
9.999999999999999e-01
1.000000000000000e+00
1.000000000000000e+00
1.000000000000000e+00
1.000000000000000e+00
1.000000000000000e+00
1.000000000000000e+00
1.000000000000000e+00
1.000000000000000e+00
1.000000000000000e+00
1.000000000000000e+00
###3.200000000000000e+00
-4.457186017353178e-08
-2.485490906004815e-08
-1.073770441333451e-08
3.235518587137119e-08
1.235146922176724e-08
2.645000278854383e-08
2.065214265382778e-08
2.782728532629480e-08
-3.148479305814163e-09
1.100405329507563e-08
2.722609997451354e-08
-5.057615634519114e-09
1.716863894409477e-08
2.109333483610261e-08
4.076154287131764e-09
1.355334426522357e-08
3.177094525558210e-08
1.646517679033313e-08
1.243944184228430e-08
1.529500187359091e-08
1.465596208954181e-08
1.153650390149331e-08
1.667113255086687e-08
1.420648986775350e-08
1.767118563148007e-08
1.750399922654378e-08
1.722436072843300e-08
1.823849695127167e-08
1.783925635794934e-08
2.484248019994290e-08
1.588104874551865e-08
2.823309633169504e-08
2.831770027151619e-08
3.197415734889335e-08
3.657740067988852e-08
4.375319734562648e-08
5.315511173899219e-08
6.412303887032735e-08
8.013947914480877e-08
9.758227717519748e-08
1.214734895034444e-07
1.546355463598403e-07
1.921965897240886e-07
2.395386953975407e-07
3.005116990913525e-07
3.743131504582305e-07
4.577088940633542e-07
5.561985181278949e-07
6.839646939387003e-07
8.231315608490736e-07
9.854279338019224e-07
1.172529743373724e-06
1.361064688038348e-06
1.556249774457732e-06
1.716054742301990e-06
1.827558263497371e-06
1.882440756957179e-06
1.798519789513460e-06
1.581173692124210e-06
1.226698585882099e-06
9.870724125461856e-07
1.013118264334449e-06
2.365276440123494e-06
6.677882955350708e-06
1.715375041271914e-05
3.977748884578940e-05
8.405439477104892e-05
1.657882412453092e-04
3.081494276013883e-04
5.448964186511283e-04
9.206511995168360e-04
1.490824299333227e-03
2.330814205302201e-03
3.550490294103857e-03
5.292411799749113e-03
7.744262669060404e-03
1.122760353203165e-02
1.604050854447643e-02
2.273181961894336e-02
3.232106840729278e-02
4.644897234244487e-02
6.714904340476605e-02
9.752123007419215e-02
1.437406109491178e-01
2.160330691483798e-01
3.298831734801651e-01
4.924536575898877e-01
6.608918686574827e-01
7.931915829747302e-01
9.999999999999999e-01
1.000000000000000e+00
1.000000000000000e+00
1.000000000000000e+00
1.000000000000000e+00
1.000000000000000e+00
1.000000000000000e+00
1.000000000000000e+00
1.000000000000000e+00
1.000000000000000e+00
1.000000000000000e+00
###3.600000000000000e+00
-8.634137454806307e-08
-3.583300634114092e-08
-1.070985715190133e-08
3.968310719253059e-08
9.257956177717679e-09
2.632831724811168e-08
2.228854658891688e-08
1.125178953917067e-07
1.666957654779835e-08
1.944819068583889e-08
4.576926686382822e-08
2.674674776694374e-08
2.618605290651269e-08
3.103161158762970e-08
1.442051325648943e-08
2.212745845548669e-08
4.018742831269008e-08
2.729923291537385e-08
1.983183489533165e-08
2.644832353450287e-08
2.362942692881859e-08
2.032478955858034e-08
2.564859948676127e-08
2.374118519785153e-08
2.708339600356724e-08
2.498730948385495e-08
2.854193152540850e-08
2.917926952630889e-08
2.943898262643892e-08
3.396945839172680e-08
2.727724086189816e-08
4.176238224045466e-08
2.694377334082924e-08
4.892775019111626e-08
5.463983228164792e-08
6.115708115012518e-08
7.450190637365553e-08
8.911631946732818e-08
1.094318567898094e-07
1.317388056974391e-07
1.610889239076499e-07
1.999179854120840e-07
2.486854425149192e-07
3.106569304660513e-07
3.861466021946374e-07
4.765614684816288e-07
5.799819913089113e-07
6.980566287316414e-07
8.515699772823947e-07
1.015238794534039e-06
1.197891524979002e-06
1.411876463830907e-06
1.606517078070828e-06
1.802487957176716e-06
1.931256195221634e-06
1.955813744114914e-06
1.878145496778946e-06
1.578149340216249e-06
1.076085747322443e-06
2.956416509207552e-07
-5.438900683477076e-07
-1.251459395665124e-06
-1.797583635420814e-07
4.796943136723002e-06
1.639580562636538e-05
4.196192914891354e-05
9.470247529728695e-05
1.934249057650516e-04
3.668578555663191e-04
6.553459784706273e-04
1.113011036510658e-03
1.805434140442386e-03
2.820723774514016e-03
4.285758478906821e-03
6.360401532223092e-03
9.264565009773726e-03
1.333826884196250e-02
1.890733036208988e-02
2.659110535307049e-02
3.743610633568652e-02
5.322133093558015e-02
7.589495244963873e-02
1.084986348432443e-01
1.567402152997209e-01
2.295768076816429e-01
3.396570545008528e-01
4.913090324000707e-01
6.484419540668889e-01
7.811751285687604e-01
9.999999999999999e-01
1.000000000000000e+00
1.000000000000000e+00
1.000000000000000e+00
1.000000000000000e+00
1.000000000000000e+00
1.000000000000000e+00
1.000000000000000e+00
1.000000000000000e+00
1.000000000000000e+00
1.000000000000000e+00
###4.000000000000000e+00
-9.125992242579594e-08
-3.470721397975876e-08
-7.394253465854466e-08
3.406714113909702e-08
9.313468808922092e-09
3.140308923466833e-08
5.417741612980637e-09
9.298548606956013e-08
4.581965095599447e-09
2.441217646893774e-08
5.573052953472830e-08
3.463846416726702e-08
3.935615326479367e-08
7.961152313131438e-08
2.539311063244213e-08
2.789198240541521e-08
4.213195382839437e-08
2.546470171604562e-08
2.932611482476254e-08
3.159515685428840e-08
2.753221565647879e-08
2.728630487133761e-08
3.516626884820443e-08
3.135412786151777e-08
3.498063386748113e-08
3.693853371656518e-08
3.620951075657062e-08
3.803064004910035e-08
3.944486414403944e-08
4.379497959242317e-08
3.874821574156174e-08
5.282483073640732e-08
4.133452071497414e-08
6.393121579706395e-08
7.093207294571211e-08
8.005104315017812e-08
9.609719720866387e-08
1.142671743307620e-07
1.395964104202466e-07
1.675500036984981e-07
2.039497274959838e-07
2.511178608462148e-07
3.120466337162915e-07
3.870458070603893e-07
4.785406776141854e-07
5.866189535279939e-07
7.134059435443030e-07
8.612750020540342e-07
1.037368217649434e-06
1.232279075250786e-06
1.442932203283107e-06
1.686800478499199e-06
1.891371313934805e-06
2.089025249376862e-06
2.196293446575225e-06
2.173086745034942e-06
2.001292640078361e-06
1.647549917975297e-06
1.005317311098065e-06
-3.687384814561786e-07
-1.868472492091172e-06
-3.062052700259704e-06
-1.603671421287739e-06
8.244638808738437e-06
2.056844973008772e-05
4.773851128591607e-05
1.098069261041205e-04
2.279610950928452e-04
4.353463228965900e-04
7.815851280261152e-04
1.328941572494786e-03
2.154137792769809e-03
3.360461798910123e-03
5.084494939876115e-03
7.513975706079857e-03
1.089253515276784e-02
1.557947016431661e-02
2.194326435468678e-02
3.063118269284260e-02
4.273579684291738e-02
6.014027422582244e-02
8.473604790048772e-02
1.193882282624984e-01
1.694062637736462e-01
2.426183999829467e-01
3.492315979808692e-01
4.915119298202451e-01
6.388611309302877e-01
7.712813619925328e-01
9.999999999999999e-01
1.000000000000000e+00
1.000000000000000e+00
1.000000000000000e+00
1.000000000000000e+00
1.000000000000000e+00
1.000000000000000e+00
1.000000000000000e+00
1.000000000000000e+00
1.000000000000000e+00
1.000000000000000e+00
###4.399999999999999e+00
-9.254695970337352e-08
-3.838347415485208e-08
-6.307673280170506e-08
3.918665797269051e-08
5.201353099162809e-09
-1.567857093480048e-09
8.213207412192022e-09
9.119774193951671e-08
2.586302812396573e-08
3.114466540360249e-08
6.555125268183257e-08
5.272942674238164e-08
7.584554589061403e-08
8.489450669717167e-08
3.783201051813058e-08
3.314678518498801e-08
5.676595174520075e-08
3.574145820479458e-08
1.051433049512624e-08
4.109339602851605e-08
4.349950185518648e-08
3.814123219667800e-08
4.392931186240501e-08
4.361849236579071e-08
4.326412184896860e-08
4.852968947029771e-08
4.805145863532372e-08
4.935980424919639e-08
5.575189689625761e-08
5.747696884016538e-08
4.814659468452353e-08
6.793952568403143e-08
5.996544640919872e-08
8.346858505199281e-08
9.213952383730035e-08
1.040241273825620e-07
1.237167706886491e-07
1.464750082912087e-07
1.778621521289169e-07
2.120980429210692e-07
2.560770562635132e-07
3.115441760624741e-07
3.856783748346074e-07
4.753386325498006e-07
5.850960831588165e-07
7.133351015300483e-07
8.641111959132960e-07
1.042467252379845e-06
1.248322162309496e-06
1.469158146342858e-06
1.730278053280397e-06
1.994724058992634e-06
2.232104935628924e-06
2.443826931372216e-06
2.552066275444322e-06
2.514644037135258e-06
2.295109343306913e-06
2.124320659046702e-06
1.635002028242924e-06
-6.601171019438705e-07
-2.639926231883340e-06
-4.019138889072848e-06
-1.447667798124491e-06
1.576071757037317e-05
2.970459449740927e-05
5.793147559392188e-05
1.309501858647255e-04
2.705996532816323e-04
5.158151135198405e-04
9.246664654818378e-04
1.569271335767243e-03
2.538740429088436e-03
3.946888199843834e-03
5.949977341690553e-03
8.753982869332091e-03
1.262494919565809e-02
1.794591542772472e-02
2.513003849534222e-02
3.483496150398960e-02
4.821375645561209e-02
6.719244910190834e-02
9.363344286697052e-02
1.302428400787949e-01
1.818146522258882e-01
2.552132406900140e-01
3.586470797805216e-01
4.928658832115695e-01
6.318496577891133e-01
7.635404774695295e-01
9.999999999999999e-01
1.000000000000000e+00
1.000000000000000e+00
1.000000000000000e+00
1.000000000000000e+00
1.000000000000000e+00
1.000000000000000e+00
1.000000000000000e+00
1.000000000000000e+00
1.000000000000000e+00
1.000000000000000e+00
###4.800000000000000e+00
4.203891413647459e-09
-3.083824563888204e-08
-5.685734835737261e-08
5.175006146606748e-08
6.958597404312837e-09
-4.833188333832588e-09
1.320181221729073e-08
1.022475086386615e-07
3.861136330529822e-08
4.084651796451110e-08
6.694670747928160e-08
5.355534539751093e-08
8.535375316629897e-08
1.011085453987733e-07
3.810206423608705e-08
4.030329418223175e-08
6.332987653457685e-08
4.148236121698118e-08
1.995556498250640e-08
4.569635190426452e-08
4.680960335627654e-08
4.852918075459011e-08
5.082917797120294e-08
5.773218272926510e-08
5.272808150871795e-08
5.829535086106067e-08
5.862547879553721e-08
5.998521317359061e-08
6.892554166952119e-08
7.025245089731342e-08
6.497697562386145e-08
8.157457264464669e-08
7.776438810366994e-08
1.011685837997494e-07
1.132525259378387e-07
1.258370931698597e-07
1.512799236101100e-07
1.783559789517852e-07
2.158490397795692e-07
2.562780148690169e-07
3.107754008661875e-07
3.784920471559317e-07
4.632645972463131e-07
5.669648791773489e-07
6.972099505387566e-07
8.518606501356114e-07
1.028647291218974e-06
1.237970724302818e-06
1.478820716866296e-06
1.737326967171682e-06
2.037347011000277e-06
2.347060114585688e-06
2.628779943618464e-06
2.875100097437208e-06
3.018935773021505e-06
3.010260808342080e-06
2.849880041279781e-06
3.228339726644658e-06
3.240959072669672e-06
-2.032492172658458e-07
-2.490060497736750e-06
-3.479571149773030e-06
1.610943219580288e-06
2.982690159266418e-05
4.422173345573198e-05
7.396464713020999e-05
1.596228792706153e-04
3.236381963637567e-04
6.115934570276361e-04
1.089126975740660e-03
1.837344847860034e-03
2.959872899892717e-03
4.582908842074149e-03
6.879797484302283e-03
1.007372614613223e-02
1.446217659856131e-02
2.044248964200043e-02
2.846019627568829e-02
3.918986830421878e-02
5.384386848893470e-02
7.437255367526964e-02
1.025880242051490e-01
1.409979593099481e-01
1.939781767086393e-01
2.674829525303355e-01
3.679834182726506e-01
4.951449512241773e-01
6.268967978285722e-01
7.574477707194223e-01
9.999999999999999e-01
1.000000000000000e+00
1.000000000000000e+00
1.000000000000000e+00
1.000000000000000e+00
1.000000000000000e+00
1.000000000000000e+00
1.000000000000000e+00
1.000000000000000e+00
1.000000000000000e+00
1.000000000000000e+00
###5.200000000000000e+00
-3.680283811067399e-09
-5.314853173912004e-08
-3.633469451900584e-08
2.671601056501814e-08
1.886773138096461e-08
-1.202632558319388e-07
1.583671585791383e-08
1.148319673715807e-07
6.184069162961211e-08
5.735413467434484e-08
7.410540193562506e-08
7.133276468097251e-08
8.992167043988896e-08
1.001223186669351e-07
3.801481571959266e-08
7.032294898152492e-08
7.827574776312901e-08
5.583410884118736e-08
3.450564990450576e-08
5.337794299464257e-08
5.954638911776612e-08
6.309046815324887e-08
6.199391307006614e-08
7.037454843146513e-08
6.847900150087469e-08
7.355783677451694e-08
7.323528416312663e-08
7.604739926128994e-08
8.876740500655989e-08
8.927140109153322e-08
8.580644731966259e-08
1.029106812161114e-07
1.024161061741579e-07
1.247661989024278e-07
1.406456841930378e-07
1.582226812739833e-07
1.873178292487918e-07
2.201617471547975e-07
2.617738257865587e-07
3.125145445569372e-07
3.757438952436291e-07
4.542725767245742e-07
5.537836623283181e-07
6.745652216794688e-07
8.168489057833476e-07
1.000842299026957e-06
1.207610408987892e-06
1.447297215972242e-06
1.730647953823075e-06
2.029550985011853e-06
2.369812274015406e-06
2.722510218144135e-06
3.051374207135793e-06
3.346057147901294e-06
3.524568095553761e-06
3.580324916370585e-06
3.490583230157142e-06
4.373739526436569e-06
4.986790023802268e-06
6.814591571039519e-07
-1.954954247982243e-06
-2.381082654118671e-06
7.410653124828408e-06
3.445413584294464e-05
5.100538303722533e-05
9.139310046381139e-05
1.929701577836416e-04
3.852554773904013e-04
7.203938506044402e-04
1.272355702640353e-03
2.133662991612560e-03
3.417681101693808e-03
5.268063800528324e-03
7.875319946988398e-03
1.147521321316639e-02
1.639694952120044e-02
2.305265419173928e-02
3.192377526891835e-02
4.368501713046447e-02
5.961455433317788e-02
8.167563923751668e-02
1.115894244424590e-01
1.517074475362527e-01
2.059341970188708e-01
2.794907611055057e-01
3.772896143801530e-01
4.983775294406387e-01
6.237706922026156e-01
7.527797732289073e-01
9.999999999999999e-01
1.000000000000000e+00
1.000000000000000e+00
1.000000000000000e+00
1.000000000000000e+00
1.000000000000000e+00
1.000000000000000e+00
1.000000000000000e+00
1.000000000000000e+00
1.000000000000000e+00
1.000000000000000e+00
###5.600000000000001e+00
-6.813778687525423e-10
-6.210594945103137e-08
-4.302727506388204e-08
2.199016646091552e-08
1.695787838139194e-08
-1.806852157246316e-07
3.138426313440312e-08
1.272922780506673e-07
8.480662999167304e-08
7.315478870893597e-08
8.739569206657808e-08
8.364867838052875e-08
1.010410472451159e-07
1.092276336749648e-07
5.455583153916340e-08
8.590680988847986e-08
9.107135320411703e-08
7.001636920030037e-08
5.095007826903296e-08
7.092354956386853e-08
7.393137684393334e-08
7.932828165172771e-08
7.801743567259869e-08
8.703151578192906e-08
8.298400482529673e-08
9.205506488970590e-08
9.229858254032928e-08
9.470252322316415e-08
1.078809559614108e-07
1.119204905569721e-07
1.077321451051781e-07
1.235053537537282e-07
1.303400302817720e-07
1.529369814346817e-07
1.726596369439669e-07
1.947599363777185e-07
2.273513633191609e-07
2.659190933637769e-07
3.155289478987945e-07
3.717691453464862e-07
4.459488214674044e-07
5.357116067185496e-07
6.520309261760388e-07
7.907942181748033e-07
9.544597755458452e-07
1.162005996586553e-06
1.402500121376296e-06
1.676694424722832e-06
1.997926024941703e-06
2.340593992045219e-06
2.725289278157254e-06
3.125251525831131e-06
3.508432010304778e-06
3.865603988407732e-06
4.083939892165636e-06
4.205511049360081e-06
4.211079319132097e-06
5.042579924550235e-06
6.138210097972854e-06
2.951814962479605e-06
-6.195086696636709e-08
1.159756377113388e-06
1.761479698715781e-05
4.428118348108936e-05
6.327381086154951e-05
1.156692863525003e-04
2.353476878749924e-04
4.596341154812017e-04
8.471764145344118e-04
1.480451337968424e-03
2.462448377500319e-03
3.918614894015438e-03
6.007333083138297e-03
8.934620455840226e-03
1.295823130360026e-02
1.842705464826032e-02
2.577734777134064e-02
3.551252784277040e-02
4.832621815466508e-02
6.551516726507429e-02
8.906360310870813e-02
1.206411963554329e-01
1.623270575629435e-01
2.177223079394347e-01
2.912337553801711e-01
3.866400423944176e-01
5.023434887511180e-01
6.221754603289529e-01
7.497109009301189e-01
9.999999999999999e-01
1.000000000000000e+00
1.000000000000000e+00
1.000000000000000e+00
1.000000000000000e+00
1.000000000000000e+00
1.000000000000000e+00
1.000000000000000e+00
1.000000000000000e+00
1.000000000000000e+00
1.000000000000000e+00
###6.000000000000001e+00
1.438650774049178e-08
-2.992009156207619e-08
-1.411020872239825e-07
2.847054399979229e-08
2.521093561421484e-08
-1.627149638024225e-07
4.399776866968487e-08
1.492483205190828e-07
6.401115641083666e-08
7.210578540663884e-08
1.130396717002976e-07
1.034734490338964e-07
1.050461095671683e-07
1.235459884218690e-07
7.112312258177596e-08
1.041162079862178e-07
1.069770924498587e-07
8.592910757403221e-08
6.772771772053979e-08
9.005085837964205e-08
7.998265448102450e-08
9.537585703726482e-08
9.782431637451339e-08
1.103421993282691e-07
1.031482934708891e-07
1.177089710397721e-07
1.145655872683309e-07
1.186636426379195e-07
1.321342316963412e-07
1.373636395385829e-07
1.355384241037111e-07
1.516552378225786e-07
1.622104655919159e-07
1.854567914749140e-07
2.108533372552627e-07
2.367446212832215e-07
2.737418140399893e-07
3.173004716446217e-07
3.710380108520157e-07
4.381777458091350e-07
5.239433826648715e-07
6.258335197943857e-07
7.583731631072516e-07
9.155121390613528e-07
1.099580217043925e-06
1.330886022595376e-06
1.605889163681967e-06
1.920699574290734e-06
2.277152638738049e-06
2.659012117518791e-06
3.089417616953580e-06
3.532414874308483e-06
3.968743481129518e-06
4.366199743199531e-06
4.656531000574113e-06
4.825402912194527e-06
4.886119021587153e-06
5.692292052481631e-06
6.768138205535673e-06
4.195889798226062e-06
1.789507420477936e-06
4.281290938140194e-06
2.142181382882453e-05
5.016718255605225e-05
7.808318665311189e-05
1.449473482982967e-04
2.863347278211731e-04
5.469720571307715e-04
9.916912788864808e-04
1.712543161675806e-03
2.822504176158107e-03
4.462284303732792e-03
6.800743576546998e-03
1.006235483003429e-02
1.452337579364401e-02
2.054949353029365e-02
2.860826157335883e-02
3.922229689102298e-02
5.309860275640124e-02
7.154758797038938e-02
9.654223700261874e-02
1.297100277426864e-01
1.728734932153886e-01
2.293297503523085e-01
3.027506882237529e-01
3.959637632164773e-01
5.070204182181605e-01
6.218327447445907e-01
7.477566094975514e-01
9.999999999999999e-01
1.000000000000000e+00
1.000000000000000e+00
1.000000000000000e+00
1.000000000000000e+00
1.000000000000000e+00
1.000000000000000e+00
1.000000000000000e+00
1.000000000000000e+00
1.000000000000000e+00
1.000000000000000e+00
###6.400000000000001e+00
2.587516358447279e-08
-5.977061126774290e-08
-1.297229634943396e-07
3.832787110099311e-08
3.200748473791314e-08
-1.307272280275932e-07
6.070148765135841e-08
1.656506615029152e-07
7.776135578658294e-08
1.019351073721910e-07
1.327103168283292e-07
1.213376614509910e-07
1.235091102369509e-07
1.373236017745199e-07
9.280270957964240e-08
1.208761842347973e-07
1.235044574085075e-07
1.169824503275259e-07
9.207351980657537e-08
1.188079675626361e-07
8.992818325028688e-08
1.201293003483980e-07
1.199182466744938e-07
1.352923557122925e-07
1.299718177958409e-07
1.430466333530632e-07
1.433552584786908e-07
1.470183578678339e-07
1.624535967304467e-07
1.700140771110047e-07
1.696602535130770e-07
1.874670299661781e-07
1.997565629931057e-07
2.274956909982677e-07
2.551041919052132e-07
2.867616641642636e-07
3.298567745838080e-07
3.748010589084068e-07
4.396217345105537e-07
5.169089928793430e-07
6.140077128787935e-07
7.340802732708736e-07
8.798720809172165e-07
1.054101303252102e-06
1.255342275796114e-06
1.518292039784286e-06
1.830362880343231e-06
2.185967959055740e-06
2.582397048135687e-06
3.001630854819363e-06
3.482538129882277e-06
3.975321877533856e-06
4.475177293915763e-06
4.934673240409545e-06
5.317607731971487e-06
5.567910451132113e-06
5.741964220619203e-06
6.658798547369779e-06
7.704437267606614e-06
5.872758453887546e-06
4.551142766949046e-06
8.786873816711113e-06
2.758696497163820e-05
6.017097679187856e-05
9.837085051176484e-05
1.819340812917848e-04
3.485263734589376e-04
6.489984185929385e-04
1.156321734889070e-03
1.971979115313540e-03
3.217534111572427e-03
5.048366327677235e-03
7.646981881928588e-03
1.125761156677238e-02
1.617352255117997e-02
2.277575603534187e-02
3.155268343923352e-02
4.305764008761027e-02
5.799349335455734e-02
7.769164204438372e-02
1.040953217890988e-01
1.388141990235363e-01
1.833761695537911e-01
2.408071327238987e-01
3.141226653626055e-01
4.053981019382776e-01
5.123072233234729e-01
6.227068079341175e-01
7.465756420435783e-01
9.999999999999999e-01
1.000000000000000e+00
1.000000000000000e+00
1.000000000000000e+00
1.000000000000000e+00
1.000000000000000e+00
1.000000000000000e+00
1.000000000000000e+00
1.000000000000000e+00
1.000000000000000e+00
1.000000000000000e+00
###6.800000000000002e+00
1.575568942738225e-08
-8.359299236569019e-08
-1.543839096614998e-07
2.923456587497886e-08
2.950283552894708e-08
-1.160350462118368e-07
6.522200664864913e-08
1.801203883550260e-07
9.569647364968408e-08
1.214625550003367e-07
1.489657916530119e-07
1.471253305466051e-07
1.310584448285223e-07
1.534959969618347e-07
1.144610995902182e-07
1.409244852097520e-07
1.524064727388797e-07
1.304745905449520e-07
1.234032247807933e-07
1.508742168172101e-07
1.184462930319923e-07
1.433077196874195e-07
1.511293453919122e-07
1.616285028522484e-07
1.533276917415802e-07
1.721298490414395e-07
1.708350494482897e-07
1.794141180991241e-07
1.943271423978142e-07
2.052946528171139e-07
2.077671553318271e-07
2.272220715722235e-07
2.423176057273926e-07
2.733477966262561e-07
3.036494372480019e-07
3.403409623341018e-07
3.906621195804754e-07
4.413195414890599e-07
5.133642696360508e-07
6.045891728003348e-07
7.081453227782493e-07
8.443039364267066e-07
1.008268792888946e-06
1.202309782053586e-06
1.426384490775406e-06
1.716803625173321e-06
2.065004982095607e-06
2.464374932068339e-06
2.907227546634114e-06
3.368802608415093e-06
3.903888450687836e-06
4.470825878900141e-06
5.052188048099830e-06
5.616196049110115e-06
6.099461886858463e-06
6.502616899521096e-06
6.872720077907305e-06
8.047336593442042e-06
9.256268322284321e-06
8.502076974302951e-06
8.759795572004231e-06
1.530273627847813e-05
3.689185034996950e-05
7.457986825759705e-05
1.251369360592978e-04
2.279040739011275e-04
4.224247531091168e-04
7.672648103859515e-04
1.342804635733549e-03
2.259814536405936e-03
3.649291055766174e-03
5.681644101106086e-03
8.554471077636761e-03
1.252328607118416e-02
1.790204866332691e-02
2.509538987082506e-02
3.461077233274258e-02
4.701402623353931e-02
6.301584073807059e-02
8.396402196713774e-02
1.117580182015759e-01
1.479470034572865e-01
1.938678040968280e-01
2.521917212239005e-01
3.253957702616475e-01
4.148625286794352e-01
5.180485911807684e-01
6.243231849283685e-01
7.463339104466956e-01
9.999999999999999e-01
1.000000000000000e+00
1.000000000000000e+00
1.000000000000000e+00
1.000000000000000e+00
1.000000000000000e+00
1.000000000000000e+00
1.000000000000000e+00
1.000000000000000e+00
1.000000000000000e+00
1.000000000000000e+00
###7.200000000000002e+00
2.803918291951100e-08
-6.460654414717682e-08
-1.306521876922633e-07
3.633874961501591e-08
1.877374193619187e-08
-6.664308219339776e-08
8.845392022676296e-08
1.680249599606577e-07
1.473523710193221e-07
1.617354879077441e-07
1.683515449126264e-07
1.646358270697662e-07
1.560568597505798e-07
1.720478850783167e-07
1.402552450588141e-07
1.640343843694976e-07
1.744460658743699e-07
1.518887195007842e-07
1.518300490150896e-07
1.762733607768191e-07
1.427226976628822e-07
1.724372816765055e-07
1.827743103776828e-07
1.922127362824378e-07
1.870871411933530e-07
2.062655660570726e-07
2.064592491034307e-07
2.163292553359345e-07
2.335376145137083e-07
2.464081541582394e-07
2.499899224675609e-07
2.728434405122049e-07
2.915225760712595e-07
3.250703480751744e-07
3.598032711821665e-07
4.030494263116322e-07
4.610907239854539e-07
5.108332795932476e-07
5.963803013825485e-07
6.996093302858875e-07
8.205906412103285e-07
9.664190510356651e-07
1.148462678199734e-06
1.366125470069122e-06
1.618191401841500e-06
1.934005936180206e-06
2.315707798639041e-06
2.770887541986348e-06
3.259857517682335e-06
3.777455770303561e-06
4.380012102484750e-06
5.022405472847836e-06
5.704792582017233e-06
6.406161604514473e-06
7.052367088146780e-06
7.695697533499038e-06
8.358202191549033e-06
9.973473910972827e-06
1.168258237794043e-05
1.224721198520706e-05
1.463357172136454e-05
2.419517714201522e-05
4.980571171475109e-05
9.441184660445196e-05
1.587087502711421e-04
2.837320341549946e-04
5.096949751489001e-04
9.042222850854124e-04
1.553599811744756e-03
2.577754628369308e-03
4.119696636280737e-03
6.363807204296868e-03
9.517860184973874e-03
1.385497562794748e-02
1.971708391484945e-02
2.751092341655299e-02
3.777217438140330e-02
5.107961409305164e-02
6.816003918236833e-02
9.035013038775309e-02
1.194997129352921e-01
1.571041534284420e-01
2.042979944055403e-01
2.634547662246727e-01
3.365432414004458e-01
4.243605956072625e-01
5.242313909272613e-01
6.269081538827924e-01
7.469412502781503e-01
9.999999999999999e-01
1.000000000000000e+00
1.000000000000000e+00
1.000000000000000e+00
1.000000000000000e+00
1.000000000000000e+00
1.000000000000000e+00
1.000000000000000e+00
1.000000000000000e+00
1.000000000000000e+00
1.000000000000000e+00
###7.600000000000002e+00
4.614888883129967e-08
-4.919657107075865e-08
-1.662941170641871e-07
4.959665510900177e-08
-5.742039377508645e-08
-5.807817346244778e-08
9.979092253824013e-08
1.845696701118198e-07
1.686645110648624e-07
2.012930625498972e-07
1.857481032592503e-07
1.765165750118223e-07
1.750726950564767e-07
1.919046306283524e-07
1.653968146556082e-07
1.887423198020594e-07
1.993835255946562e-07
1.796396151316932e-07
1.901344933637275e-07
2.058000730317520e-07
1.722042880769622e-07
2.044835280846553e-07
2.166509717836456e-07
2.256480078428707e-07
2.239025619177460e-07
2.431328081629377e-07
2.472731559983262e-07
2.562308970715272e-07
2.752292906595597e-07
2.904898605229843e-07
2.986585162684074e-07
3.229127119013612e-07
3.411302986491616e-07
3.814136955218574e-07
4.237067408820674e-07
4.702514960305975e-07
5.376925689175577e-07
5.942974565715372e-07
6.929100861922049e-07
8.020431040707375e-07
9.371117757075382e-07
1.099031715435705e-06
1.296045362135111e-06
1.541757800313189e-06
1.827680404964014e-06
2.174109951182771e-06
2.595920076161294e-06
3.095906251289232e-06
3.639781134496664e-06
4.227595362582764e-06
4.898406970183374e-06
5.646811911645010e-06
6.460193983095247e-06
7.328928497526655e-06
8.201868201140919e-06
9.162505406342418e-06
1.026856321939431e-05
1.247123763982357e-05
1.504998497136909e-05
1.728714935785105e-05
2.240879293106590e-05
3.588307033177364e-05
6.668183315237894e-05
1.201161294106580e-04
2.005499082703132e-04
3.501206569621786e-04
6.122084950050263e-04
1.060519661273573e-03
1.788868384433059e-03
2.928871833652074e-03
4.631175705988657e-03
7.094731845155178e-03
1.054120161932407e-02
1.526542825559981e-02
2.161294589109152e-02
3.003226279310807e-02
4.104117600073931e-02
5.525953655849544e-02
7.341460858221251e-02
9.682757423035904e-02
1.273336173358608e-01
1.663051623646821e-01
2.147092590747308e-01
2.746359408043705e-01
3.475912567882370e-01
4.339270323610221e-01
5.309059694349317e-01
6.301512032775537e-01
7.482366150756643e-01
9.999999999999999e-01
1.000000000000000e+00
1.000000000000000e+00
1.000000000000000e+00
1.000000000000000e+00
1.000000000000000e+00
1.000000000000000e+00
1.000000000000000e+00
1.000000000000000e+00
1.000000000000000e+00
1.000000000000000e+00
###8.000000000000002e+00
1.990893613085815e-08
-4.276863766360993e-08
-1.651815279395061e-07
5.160591018219778e-08
-5.244652314043762e-08
-3.864250878564626e-08
1.048797399719357e-07
1.926409103551380e-07
1.779756582860730e-07
2.034654732552247e-07
1.964302656095434e-07
1.607969012755548e-07
1.693490492659591e-07
2.100682285716832e-07
1.871384093302104e-07
2.105231453827549e-07
2.141042177899713e-07
1.956190395996282e-07
2.073998291825007e-07
2.207497504723041e-07
1.929846664419577e-07
2.247644417432987e-07
2.374660223463327e-07
2.472369417011839e-07
2.493141723162072e-07
2.644224047364887e-07
2.748392745465076e-07
2.884081027753788e-07
3.058509609938126e-07
3.210355285976209e-07
3.367027541772448e-07
3.623823239910973e-07
3.846941967906702e-07
4.278285806029820e-07
4.752354864353310e-07
5.286824482386021e-07
6.014031764964820e-07
6.689495015694759e-07
7.711116665034937e-07
8.961884916468448e-07
1.045544507052527e-06
1.227746101107791e-06
1.441899336621974e-06
1.714617347785842e-06
2.032582926068714e-06
2.412066460547511e-06
2.878622891683577e-06
3.427683616737465e-06
4.035105182116428e-06
4.706010734978092e-06
5.477192273749336e-06
6.355177828846524e-06
7.323872029013057e-06
8.430305473355284e-06
9.574975280359310e-06
1.097429370601323e-05
1.266938127659971e-05
1.571202568617286e-05
1.948561216770129e-05
2.384163693269541e-05
3.236130531724723e-05
5.056169308989725e-05
8.820330866760533e-05
1.521943837143662e-04
2.512539871042562e-04
4.283184011584778e-04
7.303327677247699e-04
1.237501579122418e-03
2.051483339347703e-03
3.313773857937937e-03
5.185825990610773e-03
7.878542595910162e-03
1.162876715236994e-02
1.674652327302882e-02
2.359594585635024e-02
3.265172691933479e-02
4.442063741317601e-02
5.956726888375923e-02
7.879676284571609e-02
1.034233752681357e-01
1.352337637219861e-01
1.755405880456279e-01
2.251033452547357e-01
2.857454155560528e-01
3.585740320726854e-01
4.436152766763079e-01
5.378991749337325e-01
6.341099710542378e-01
7.499289348844550e-01
9.999999999999999e-01
1.000000000000000e+00
1.000000000000000e+00
1.000000000000000e+00
1.000000000000000e+00
1.000000000000000e+00
1.000000000000000e+00
1.000000000000000e+00
1.000000000000000e+00
1.000000000000000e+00
1.000000000000000e+00
###8.400000000000002e+00
8.338807928192000e-09
-5.594128119446721e-08
-1.393155628520434e-07
-2.781196076669876e-08
-5.596610554089707e-08
9.583707270253063e-11
1.377664513253389e-07
1.913378979183464e-07
1.860455497057566e-07
2.189237791890513e-07
2.105174474837398e-07
1.629403045606065e-07
1.798298248605593e-07
2.138290048317025e-07
1.949772175971138e-07
2.215709352214176e-07
2.357309824403602e-07
2.124120668031767e-07
2.213225237562445e-07
2.385630659382966e-07
2.142212413379184e-07
2.434964217732941e-07
2.600376448938292e-07
2.713310176088960e-07
2.755051629561139e-07
2.905916897837407e-07
3.033860412169609e-07
3.191130999922654e-07
3.375547365699783e-07
3.555329882961602e-07
3.743028072921114e-07
4.032454493378374e-07
4.298062245979975e-07
4.770331455745140e-07
5.310580055278295e-07
5.891358856411629e-07
6.702557053056573e-07
7.457834959303850e-07
8.580295989909439e-07
9.940331249344425e-07
1.159228918411331e-06
1.360317540346606e-06
1.593873563141305e-06
1.896913495254407e-06
2.245788731635826e-06
2.669411206879843e-06
3.182026946727634e-06
3.784966912326743e-06
4.464489226957970e-06
5.234515549579212e-06
6.120525583636947e-06
7.161235257921698e-06
8.333435592114202e-06
9.698806796420087e-06
1.123138547846754e-05
1.313930357120694e-05
1.563773441206304e-05
1.974315525907564e-05
2.509450189166998e-05
3.205017043201105e-05
4.470519845384057e-05
6.868820447013313e-05
1.144625395715137e-04
1.912439067952942e-04
3.109495050792184e-04
5.189204939834265e-04
8.655349193326919e-04
1.437212063851926e-03
2.342417859346962e-03
3.734101316274209e-03
5.784610949055500e-03
8.717501364244654e-03
1.278105111489062e-02
1.830424785798909e-02
2.567335633772587e-02
3.536437946524160e-02
4.791884694685931e-02
6.399567051461909e-02
8.429688178696179e-02
1.101283784306323e-01
1.432292278503569e-01
1.848217781485009e-01
2.354898849734908e-01
2.968212701720279e-01
3.695328320072238e-01
4.533368020467514e-01
5.452081841007118e-01
6.385498588924361e-01
7.522461064058271e-01
9.999999999999999e-01
1.000000000000000e+00
1.000000000000000e+00
1.000000000000000e+00
1.000000000000000e+00
1.000000000000000e+00
1.000000000000000e+00
1.000000000000000e+00
1.000000000000000e+00
1.000000000000000e+00
1.000000000000000e+00
###8.800000000000002e+00
-1.107049213713998e-08
-7.383969969476423e-08
-1.526033848916374e-07
-5.096432912030667e-08
-6.191416530313260e-08
-8.512879412073393e-08
1.238064309822282e-07
1.724755052681043e-07
1.900216886268143e-07
2.195532098664595e-07
2.139751534355728e-07
1.790708619485306e-07
1.867846042880510e-07
2.126633795880435e-07
2.095586132685630e-07
2.327151805355392e-07
2.474111078597610e-07
2.306078238413333e-07
2.362251519646841e-07
2.478344504548150e-07
2.325910697193383e-07
2.626751503033688e-07
2.800515233337272e-07
2.913729604094737e-07
3.090921900562848e-07
3.172776907295055e-07
3.306531961442873e-07
3.494608945732150e-07
3.712698470260481e-07
3.905114239613670e-07
4.125920298778733e-07
4.458726220946255e-07
4.762769246217737e-07
5.261673654584736e-07
5.868734478205628e-07
6.515879549053833e-07
7.369459753824873e-07
8.259847789751686e-07
9.487724914058868e-07
1.098272208737578e-06
1.278923382596888e-06
1.499113978747704e-06
1.755978996123573e-06
2.088197416213421e-06
2.472019547970956e-06
2.936450451479170e-06
3.504416660111709e-06
4.170039284641666e-06
4.936831221293552e-06
5.814462996085574e-06
6.840675249891171e-06
8.066987531357993e-06
9.488707432721174e-06
1.118962317122810e-05
1.316835002884071e-05
1.578036659086048e-05
1.925779782242325e-05
2.470500703172715e-05
3.206580919539130e-05
4.223038583550066e-05
5.969811836042833e-05
9.058606946985468e-05
1.461471225919851e-04
2.379052751930313e-04
3.810902998776025e-04
6.234011885851793e-04
1.018735239486693e-03
1.660592359149225e-03
2.663792569500733e-03
4.193609571210202e-03
6.428702221323013e-03
9.612712415055912e-03
1.400113676619631e-02
1.994480881099349e-02
2.784468346558818e-02
3.818591302506728e-02
5.153239778886457e-02
6.853731084508646e-02
8.992693942819235e-02
1.169497607902501e-01
1.513012217258578e-01
1.941358232560355e-01
2.458827284637423e-01
3.078794218872343e-01
3.804634372095777e-01
4.631409951053073e-01
5.527362592569481e-01
6.433782605910718e-01
7.548965443581176e-01
9.999999999999999e-01
1.000000000000000e+00
1.000000000000000e+00
1.000000000000000e+00
1.000000000000000e+00
1.000000000000000e+00
1.000000000000000e+00
1.000000000000000e+00
1.000000000000000e+00
1.000000000000000e+00
1.000000000000000e+00
###9.200000000000003e+00
5.855688196157331e-08
-8.777439945370563e-08
-1.510149887945382e-07
-6.935781025926703e-08
-5.577259069955476e-08
-6.661006952568795e-08
1.267166961597428e-07
1.657347630998405e-07
2.003614591000583e-07
2.278218080987405e-07
2.152800169923093e-07
1.779318534586219e-07
1.883382334488691e-07
2.254195234374522e-07
2.265326646683862e-07
2.513184443989144e-07
2.616096552037610e-07
2.447378667751506e-07
2.547789827891129e-07
2.668476893578488e-07
2.556877543708599e-07
2.941695227526815e-07
3.066057195977490e-07
3.165374915798311e-07
3.387037081399336e-07
3.478120853799700e-07
3.632581945561453e-07
3.840765297882128e-07
4.076780692899053e-07
4.337888489551466e-07
4.561312310948551e-07
4.933115635567412e-07
5.293265539290547e-07
5.847981096071348e-07
6.509498674431793e-07
7.232830276860701e-07
8.155205730040856e-07
9.149022677669973e-07
1.049487889376547e-06
1.211814652531968e-06
1.410571771596321e-06
1.649671736523153e-06
1.934964786598213e-06
2.297034424438094e-06
2.718702992921606e-06
3.229489327089249e-06
3.859201422206543e-06
4.594687260831183e-06
5.458377734386592e-06
6.459188680423586e-06
7.648378311085463e-06
9.092296607119654e-06
1.080768891001882e-05
1.291598289476217e-05
1.548187721312524e-05
1.890913334079878e-05
2.357144152891709e-05
3.076245166109644e-05
4.054502316144284e-05
5.425956948167916e-05
7.703745030222380e-05
1.164873253424366e-04
1.837562939324185e-04
2.926105078869857e-04
4.619918405319765e-04
7.419991317148502e-04
1.190919730768981e-03
1.908585893442253e-03
3.017242550993415e-03
4.690606063023848e-03
7.124498972819066e-03
1.056526037499009e-02
1.529236133309683e-02
2.166716625803747e-02
3.010636224016941e-02
4.111012733269580e-02
5.525080036277639e-02
7.319538613899701e-02
9.567026819262256e-02
1.238774431965098e-01
1.594910454178366e-01
2.035187897525847e-01
2.562972208083092e-01
3.188940968225774e-01
3.913797730178786e-01
4.730071290544577e-01
5.606001931116222e-01
6.486709282975800e-01
7.580379469852935e-01
9.999999999999999e-01
1.000000000000000e+00
1.000000000000000e+00
1.000000000000000e+00
1.000000000000000e+00
1.000000000000000e+00
1.000000000000000e+00
1.000000000000000e+00
1.000000000000000e+00
1.000000000000000e+00
1.000000000000000e+00
###9.600000000000003e+00
6.194147644727800e-08
-7.882513203419626e-08
-1.388321139605714e-07
2.698526583088205e-08
-8.290604184716185e-08
-6.577262750253050e-08
1.401200238800857e-07
1.878517187127922e-07
2.043961104453676e-07
2.373336656127913e-07
2.223268362292573e-07
1.888197199668988e-07
2.010416762538234e-07
2.322880004521903e-07
2.356649625900863e-07
2.638198085942010e-07
2.796131925972097e-07
2.693539217732518e-07
2.736841057893931e-07
2.862906626155067e-07
2.847777505835479e-07
3.168211627226013e-07
3.307599051114367e-07
3.434985242847959e-07
3.673856189915827e-07
3.786437817398050e-07
3.963564974112425e-07
4.199491619605037e-07
4.476474951463395e-07
4.761049098785517e-07
5.022306935320125e-07
5.433150573996221e-07
5.822070381651299e-07
6.436552998244603e-07
7.220716251715281e-07
7.975832388921576e-07
8.981386119359430e-07
1.008214631460368e-06
1.154978522151547e-06
1.333159654436755e-06
1.549329540555686e-06
1.814429312351353e-06
2.126969066112067e-06
2.520826788369008e-06
2.985072891617077e-06
3.547086300963792e-06
4.240728810012830e-06
5.061778787002175e-06
6.032452784115816e-06
7.175852029298442e-06
8.558885676767427e-06
1.025735681900983e-05
1.231911088808935e-05
1.495065376700246e-05
1.819662120513680e-05
2.259973319273480e-05
2.872933660076038e-05
3.797308143277700e-05
5.056025242022697e-05
6.891282101795968e-05
9.823700743478741e-05
1.468871056387275e-04
2.276419306229789e-04
3.557787522161827e-04
5.544127250160137e-04
8.757767336946016e-04
1.383399735822321e-03
2.182774509768926e-03
3.403048243632132e-03
5.230365617101176e-03
7.868381705846073e-03
1.157960795064527e-02
1.665528556493253e-02
2.347370332272505e-02
3.245880543756356e-02
4.414241518181167e-02
5.909292529677134e-02
7.798596149485074e-02
1.015416845677847e-01
1.309358921302002e-01
1.677729912873153e-01
2.129853046392648e-01
2.667407472662409e-01
3.299276104226403e-01
4.022779294353146e-01
4.829044271020135e-01
5.686163862879292e-01
6.542269638712064e-01
7.612934679365804e-01
9.999999999999999e-01
1.000000000000000e+00
1.000000000000000e+00
1.000000000000000e+00
1.000000000000000e+00
1.000000000000000e+00
1.000000000000000e+00
1.000000000000000e+00
1.000000000000000e+00
1.000000000000000e+00
1.000000000000000e+00
###1.000000000000000e+01
5.584000477068314e-08
-7.195079348543593e-08
-1.740313430856911e-07
6.994785989306836e-08
-6.299047959410016e-08
-6.485552614032382e-08
1.384283811586099e-07
1.850037242725874e-07
1.950405932960863e-07
2.383736795926534e-07
2.284666343899282e-07
1.963232677046593e-07
2.105320433378547e-07
2.438562261206160e-07
2.465926343445533e-07
2.762362636302958e-07
3.170415367566487e-07
2.891365116533671e-07
2.946172988357026e-07
3.081095903424588e-07
3.087773912549254e-07
3.347122428973640e-07
3.532042231690870e-07
3.721368601639069e-07
3.978477345917407e-07
4.118716492333618e-07
4.320907517864479e-07
4.558287475949791e-07
4.890033874886459e-07
5.233717222708962e-07
5.527516068268569e-07
5.965930924474629e-07
6.428952502309312e-07
7.103244254775556e-07
7.943113230187574e-07
8.768509740284256e-07
9.869258107645053e-07
1.109312389419122e-06
1.269517081129914e-06
1.465363978636787e-06
1.699764866748397e-06
1.986745728049228e-06
2.331322285543078e-06
2.759408227964057e-06
3.273310224680566e-06
3.891434853869285e-06
4.657991496503167e-06
5.578412155728197e-06
6.668279137612137e-06
7.978572783670855e-06
9.591745038843719e-06
1.158834582796316e-05
1.406866556137782e-05
1.728250435273136e-05
2.137406827085880e-05
2.695421427545230e-05
3.476523585301401e-05
4.640051037401152e-05
6.249774139610969e-05
8.609442319581641e-05
1.229901107579611e-04
1.822560869767320e-04
2.782156282627891e-04
4.284322462756625e-04
6.590708707217761e-04
1.025761024828479e-03
1.597218438511931e-03
2.483917694409949e-03
3.823438750705533e-03
5.813341567714459e-03
8.666347762065135e-03
1.265721775077443e-02
1.809418731470094e-02
2.536818127318297e-02
3.492047355749002e-02
4.728744581348771e-02
6.305145925607231e-02
8.291139301172806e-02
1.075463378322751e-01
1.381110671892763e-01
1.761673657845140e-01
2.225168632421705e-01
2.772246189097200e-01
3.409657534653347e-01
4.132248886244139e-01
4.928970086301190e-01
5.767943328519719e-01
6.600911606724699e-01
7.649253529346101e-01
9.999999999999999e-01
1.000000000000000e+00
1.000000000000000e+00
1.000000000000000e+00
1.000000000000000e+00
1.000000000000000e+00
1.000000000000000e+00
1.000000000000000e+00
1.000000000000000e+00
1.000000000000000e+00
1.000000000000000e+00
###1.040000000000000e+01
6.620850121499361e-08
-2.606954605743161e-08
-2.668925163738394e-07
8.475106639679966e-08
-2.482494275309957e-07
-5.893508801883239e-08
1.419836727327123e-07
1.903826807651919e-07
1.991109762952301e-07
2.556137742796405e-07
2.193887261763871e-07
2.064933674873894e-07
2.152568511726998e-07
2.576594069079497e-07
2.709836275826650e-07
2.901826036092201e-07
3.275375285361391e-07
3.054847895246922e-07
3.087542282857227e-07
3.294456739597130e-07
3.332271266387162e-07
3.643158942059569e-07
3.806392966139590e-07
4.010599966642207e-07
4.284181283103559e-07
4.454268828839000e-07
4.707420235252839e-07
4.959612200432148e-07
5.329805947822188e-07
5.720823557719234e-07
6.044245197074151e-07
6.499326485120102e-07
7.056010888112880e-07
7.803629049575388e-07
8.679196730972345e-07
9.648157706596886e-07
1.082015224962666e-06
1.216303358207571e-06
1.391106363912365e-06
1.604037792083983e-06
1.860497562688211e-06
2.173452012898342e-06
2.548774842114984e-06
3.017347918267704e-06
3.582203911769219e-06
4.262831471232151e-06
5.111695215320390e-06
6.138739353274454e-06
7.376779402366050e-06
8.876348234890388e-06
1.075306965638281e-05
1.309857399466845e-05
1.607760397663013e-05
2.000363747756146e-05
2.505214229363784e-05
3.202106240493970e-05
4.184482498082615e-05
5.624584622823968e-05
7.643865473208553e-05
1.059895597370918e-04
1.516021789433919e-04
2.228587563068987e-04
3.360217457789917e-04
5.108941737321852e-04
7.767502860888590e-04
1.192725280248110e-03
1.833296635686642e-03
2.813455317955168e-03
4.279802091630334e-03
6.440933496699505e-03
9.518148185107638e-03
1.380129802616866e-02
1.961062355675680e-02
2.735212332986148e-02
3.748075188084481e-02
5.055108060178033e-02
6.714499594069763e-02
8.796336046073026e-02
1.136757243642059e-01
1.454216577770068e-01
1.846527309220879e-01
2.321280963257217e-01
2.877609256643825e-01
3.519891923736865e-01
4.241684512516494e-01
5.029677756600069e-01
5.852206543260949e-01
6.662960912210373e-01
7.689119728757233e-01
9.999999999999999e-01
1.000000000000000e+00
1.000000000000000e+00
1.000000000000000e+00
1.000000000000000e+00
1.000000000000000e+00
1.000000000000000e+00
1.000000000000000e+00
1.000000000000000e+00
1.000000000000000e+00
1.000000000000000e+00
###1.080000000000000e+01
6.642819793613353e-08
-3.336183546449828e-08
-3.011291538697566e-07
8.326453796399271e-08
-2.419955603464062e-07
-1.925181373049253e-07
1.481699433664801e-07
1.909370748983338e-07
3.187674674642566e-07
2.612210118951220e-07
2.239761760541912e-07
2.139826922331170e-07
2.288792490267133e-07
2.698706209223277e-07
2.807560044714997e-07
3.018142791858629e-07
3.603560936896481e-07
3.265208464710004e-07
3.307833681532022e-07
3.519225369770732e-07
3.585521101642937e-07
3.903733526699583e-07
4.091886566633575e-07
4.316839037473991e-07
4.615374723740394e-07
4.845210844740914e-07
5.140297540236770e-07
5.389517234341828e-07
5.794453466785783e-07
6.222494360676347e-07
6.610061267337623e-07
7.116930756218730e-07
7.740007073151976e-07
8.547816438311967e-07
9.487993843099990e-07
1.055146558085180e-06
1.183318098593888e-06
1.330900915068565e-06
1.521938198217311e-06
1.754790798045575e-06
2.033877300996854e-06
2.375272437225207e-06
2.787398808034263e-06
3.298177360780744e-06
3.919055310589299e-06
4.670058833627085e-06
5.610212049228737e-06
6.759187528559406e-06
8.159884052631442e-06
9.884709456535978e-06
1.206244267955936e-05
1.482032050496766e-05
1.837611617675584e-05
2.313092018222305e-05
2.930532246206577e-05
3.788351637756852e-05
5.002079557141901e-05
6.764854157796166e-05
9.255839852576059e-05
1.289049245272309e-04
1.842993386609861e-04
2.691836373283242e-04
4.015549706378344e-04
6.038437405580325e-04
9.082273987468118e-04
1.378143653517799e-03
2.093033512318070e-03
3.173295110564681e-03
4.774240199657786e-03
7.114557761922683e-03
1.042727342543386e-02
1.501444780136043e-02
2.120753091695464e-02
2.943070361871209e-02
4.014753467525797e-02
5.393318747409392e-02
7.136128358247118e-02
9.314440696843090e-02
1.199488169004966e-01
1.528554544914918e-01
1.932574651333646e-01
2.418168957018615e-01
2.983283397913916e-01
3.630398411772893e-01
4.352012119892915e-01
5.131122541643561e-01
5.938409097855143e-01
6.727108618388510e-01
7.730732293051737e-01
9.999999999999999e-01
1.000000000000000e+00
1.000000000000000e+00
1.000000000000000e+00
1.000000000000000e+00
1.000000000000000e+00
1.000000000000000e+00
1.000000000000000e+00
1.000000000000000e+00
1.000000000000000e+00
1.000000000000000e+00
###1.120000000000000e+01
7.642683611985125e-08
2.678109503036325e-08
-3.102983598388877e-07
1.171642999367039e-07
-2.368847768913934e-07
-1.931312718652705e-07
1.674480168827602e-07
2.149787924446402e-07
4.116307380969137e-07
2.393536259034500e-07
2.316123793652389e-07
2.338504425471241e-07
2.443507384512218e-07
2.821378263438027e-07
2.973717258495914e-07
3.217525016402738e-07
3.766739769789660e-07
3.483105568380013e-07
3.472546015805226e-07
3.663135724894637e-07
3.935110933261836e-07
4.198135546212630e-07
4.414606770275432e-07
4.665537546602959e-07
4.989119947458568e-07
5.305620363072980e-07
5.576306069761658e-07
5.858750761731116e-07
6.309160369322781e-07
6.820121326930925e-07
7.225870718468979e-07
7.791770957384169e-07
8.475395737922381e-07
9.354286354410763e-07
1.040276736883100e-06
1.155214772691728e-06
1.293544848725232e-06
1.459365538878387e-06
1.663513964925594e-06
1.918772038445183e-06
2.220857161642333e-06
2.593352219601331e-06
3.044635457648010e-06
3.603467897771267e-06
4.287591253217300e-06
5.119859704639441e-06
6.161643183525731e-06
7.453293208832749e-06
9.035047860814454e-06
1.101531215261093e-05
1.354250198497173e-05
1.678458177823351e-05
2.099450974402941e-05
2.669605880158887e-05
3.418369798166147e-05
4.463405858488234e-05
5.940493742263288e-05
8.074383566195509e-05
1.110632911226271e-04
1.551054192303081e-04
2.214494451067845e-04
3.216596457664434e-04
4.754461372019784e-04
7.077095788018514e-04
1.054514494455767e-03
1.582871134447133e-03
2.377269678371364e-03
3.564894597151719e-03
5.308315273627752e-03
7.837953204365479e-03
1.139642640788153e-02
1.629902769068749e-02
2.288725537781174e-02
3.160590120661221e-02
4.292779313518020e-02
5.743423802356384e-02
7.570748959174609e-02
9.847162007503110e-02
1.263517900547121e-01
1.604300787762296e-01
2.019883889176068e-01
2.516087194603200e-01
3.089672411920649e-01
3.741525041907580e-01
4.462380726647177e-01
5.233196002664315e-01
6.025570077454788e-01
6.794224952330148e-01
7.774491666252213e-01
9.999999999999999e-01
1.000000000000000e+00
1.000000000000000e+00
1.000000000000000e+00
1.000000000000000e+00
1.000000000000000e+00
1.000000000000000e+00
1.000000000000000e+00
1.000000000000000e+00
1.000000000000000e+00
1.000000000000000e+00
###1.160000000000000e+01
9.771377616974843e-08
2.746658412595351e-08
-2.976617450109474e-07
9.560712253006825e-08
-2.378606478377227e-07
-1.832262728349157e-07
1.631508026083971e-07
2.274358508579986e-07
4.165563317225338e-07
2.610297489669339e-07
2.369018129257925e-07
2.493261394177435e-07
2.649450153568616e-07
3.002440977962310e-07
3.184932105671227e-07
3.442322710509664e-07
3.970425462313902e-07
3.753293014386707e-07
3.765015404895314e-07
3.974823838195083e-07
4.263129938987981e-07
4.546207317318289e-07
4.790959518147596e-07
5.062331424675025e-07
5.435831946636924e-07
5.767353237681696e-07
6.080352876051151e-07
6.372297114395653e-07
6.899433003301019e-07
7.451585122980588e-07
7.932903462310287e-07
8.528123503785408e-07
9.310302853951308e-07
1.026654832359393e-06
1.140476079464491e-06
1.265462358466139e-06
1.416875607395781e-06
1.600232615871039e-06
1.820149373664026e-06
2.097146982979361e-06
2.426840360052884e-06
2.829530517191424e-06
3.327436262871486e-06
3.939473295834665e-06
4.693787399503407e-06
5.617226950953407e-06
6.774819840003371e-06
8.222573197497915e-06
1.002050256295600e-05
1.228496364961940e-05
1.521213031037837e-05
1.900307053039960e-05
2.398947414270612e-05
3.074929840239149e-05
3.976916533742819e-05
5.235897794565659e-05
7.013570650794642e-05
9.570798128213520e-05
1.321682224954547e-04
1.848511253996583e-04
2.633909497941485e-04
3.806270395943012e-04
5.581586759922947e-04
8.231111378089590e-04
1.216361220067024e-03
1.808066739809766e-03
2.687466583356356e-03
3.990296996161110e-03
5.885859430917147e-03
8.612323935436945e-03
1.242801224145960e-02
1.765795584955112e-02
2.465434296888530e-02
3.388136176124578e-02
4.581922879866751e-02
6.106167476446866e-02
8.019338549229772e-02
1.039363692625960e-01
1.329122466355491e-01
1.681336574994229e-01
2.108265322092791e-01
2.615029703762107e-01
3.196695677453595e-01
3.852986236602313e-01
4.572871715186160e-01
5.335929365609259e-01
6.114064027861648e-01
6.861411689011113e-01
7.817966574052614e-01
9.999999999999999e-01
1.000000000000000e+00
1.000000000000000e+00
1.000000000000000e+00
1.000000000000000e+00
1.000000000000000e+00
1.000000000000000e+00
1.000000000000000e+00
1.000000000000000e+00
1.000000000000000e+00
1.000000000000000e+00
###1.200000000000001e+01
6.943520897919092e-08
5.251348234997082e-08
-2.942132504748466e-07
1.119686985629242e-07
-2.375028824405328e-07
-1.392714407202227e-07
1.879922093808180e-07
3.097325907672234e-07
4.220483638841636e-07
2.757533628104231e-07
2.588745782518780e-07
2.696340686560567e-07
3.003382646122109e-07
3.139907164657459e-07
3.392989188375498e-07
3.722077611948818e-07
4.212470197541006e-07
4.042247664912582e-07
4.078533406822609e-07
4.315664609070931e-07
4.620577369188373e-07
4.925891896708100e-07
5.200211716718066e-07
5.506067948559981e-07
5.903128181883089e-07
6.286758567545385e-07
6.629712483373368e-07
6.970868227321146e-07
7.534103815264660e-07
8.138365514541848e-07
8.691051617334855e-07
9.357618273661881e-07
1.021569422086639e-06
1.125220230304907e-06
1.248771356099391e-06
1.386827428515288e-06
1.550972902484781e-06
1.751881887238079e-06
1.999318292764175e-06
2.291331782018753e-06
2.651290418160037e-06
3.090738341331687e-06
3.638186116630974e-06
4.307220700639074e-06
5.139210021792802e-06
6.161565089333122e-06
7.451383616542290e-06
9.078835258573180e-06
1.111898966155542e-05
1.370656653833191e-05
1.709829225464151e-05
2.150334807752531e-05
2.738613386820808e-05
3.536496283776929e-05
4.612920560521315e-05
6.116425842637347e-05
8.235968100996632e-05
1.127234866007379e-04
1.560214445744745e-04
2.184042499529065e-04
3.104796777744819e-04
4.465835674223909e-04
6.501654688888467e-04
9.510519867995185e-04
1.394711112871544e-03
2.054421380660421e-03
3.025336959682029e-03
4.449864866727994e-03
6.506921913229098e-03
9.440096076517633e-03
1.352485320896822e-02
1.908871567946859e-02
2.651218311950845e-02
3.625521861995447e-02
4.883071929104725e-02
6.481704230347807e-02
8.482177177327051e-02
1.095538654576603e-01
1.396231207109247e-01
1.759942441095148e-01
2.198162473443967e-01
2.714913756162276e-01
3.304459963852664e-01
3.965114034353718e-01
4.683814326246126e-01
5.439469233597717e-01
6.203404975996559e-01
6.931853444345710e-01
7.865290635499289e-01
9.999999999999999e-01
1.000000000000000e+00
1.000000000000000e+00
1.000000000000000e+00
1.000000000000000e+00
1.000000000000000e+00
1.000000000000000e+00
1.000000000000000e+00
1.000000000000000e+00
1.000000000000000e+00
1.000000000000000e+00
###1.240000000000001e+01
7.529199933782997e-08
3.395489029653115e-08
-2.952748598833598e-07
1.212080353569168e-07
-1.609186023638855e-07
-1.227868797690480e-07
2.056253280012047e-07
3.171717980544415e-07
4.455676151425766e-07
2.961779563765400e-07
3.506503581601044e-07
2.925273225623187e-07
3.272255432648549e-07
3.543714886372500e-07
3.659141433262190e-07
4.031437168919621e-07
4.481832554146101e-07
4.365428327003516e-07
4.443644351751514e-07
4.691846774322308e-07
5.059268953994945e-07
5.348030522224541e-07
5.653757951035810e-07
5.993009448094394e-07
6.421232408582867e-07
6.842906463777179e-07
7.232683782079842e-07
7.629280432612186e-07
8.217551955197722e-07
8.891575150843803e-07
9.512317104446127e-07
1.025313049224760e-06
1.119959030968533e-06
1.234142271167667e-06
1.367601456849378e-06
1.517516321083047e-06
1.697109075445015e-06
1.916737116874349e-06
2.184430060474830e-06
2.500788036344144e-06
2.896501966994605e-06
3.378331376080216e-06
3.977016946634334e-06
4.709896253398977e-06
5.626838084065621e-06
6.761567018495584e-06
8.200459841981309e-06
1.003219649370187e-05
1.235036232500290e-05
1.529181020091428e-05
1.922481200101270e-05
2.434882547890874e-05
3.123361655918364e-05
4.060450945814741e-05
5.333334928610556e-05
7.114378024157448e-05
9.621130716665537e-05
1.319707300136651e-04
1.829234634651508e-04
2.560121174567001e-04
3.632234753013881e-04
5.200850112498708e-04
7.521576287008548e-04
1.092367294700077e-03
1.590169381040761e-03
2.322870909089807e-03
3.391609335445696e-03
4.945967481483952e-03
7.173915193725753e-03
1.032369051149100e-02
1.468605474034737e-02
2.060012770439932e-02
2.845837397342010e-02
3.874129930809925e-02
5.195842599673769e-02
6.870393894053542e-02
8.959249877451116e-02
1.153175116258984e-01
1.464886065419606e-01
1.839949384419664e-01
2.289468045052370e-01
2.816014937275275e-01
3.413200842050365e-01
4.078118370585632e-01
4.795243429947392e-01
5.543446641136086e-01
6.294625700410228e-01
7.003457886437497e-01
7.913699778280219e-01
9.999999999999999e-01
1.000000000000000e+00
1.000000000000000e+00
1.000000000000000e+00
1.000000000000000e+00
1.000000000000000e+00
1.000000000000000e+00
1.000000000000000e+00
1.000000000000000e+00
1.000000000000000e+00
1.000000000000000e+00
###1.280000000000001e+01
4.067044722875582e-08
5.688929881802046e-08
-2.919489416589581e-07
1.245983579761174e-07
-1.516206193217508e-07
-1.132710903678348e-07
2.173391662511356e-07
3.268870752260705e-07
4.532507854903105e-07
3.163246370983598e-07
3.713840582053885e-07
3.159743967454420e-07
3.503799696581946e-07
3.787355943899027e-07
3.930894466796080e-07
4.304900383679247e-07
4.759393124834899e-07
4.692761275773946e-07
4.804132112120943e-07
5.078805721316894e-07
5.464751425339349e-07
5.783659328627463e-07
6.173271498946832e-07
6.498041597058127e-07
6.961119268117281e-07
7.422943620499716e-07
7.862294177048049e-07
8.320089793267197e-07
8.956384914359381e-07
9.680300180000308e-07
1.040144950676128e-06
1.121372335977459e-06
1.224162095475512e-06
1.349544845240293e-06
1.492762552480806e-06
1.657038383837680e-06
1.853279476636271e-06
2.092689001248769e-06
2.386895027752941e-06
2.731335206306697e-06
3.160818059538190e-06
3.687745122466873e-06
4.343989678623515e-06
5.153022132417683e-06
6.165053983598306e-06
7.422905902327596e-06
9.034724931113047e-06
1.109783508259288e-05
1.372353881939297e-05
1.709544287252921e-05
2.161833097749631e-05
2.754688987541161e-05
3.557559089850409e-05
4.653564503949603e-05
6.145689879441478e-05
8.239503764552834e-05
1.118412640278596e-04
1.537508607945441e-04
2.130847186003124e-04
2.980997918749846e-04
4.218794010974434e-04
6.014289498799200e-04
8.647806708071419e-04
1.247790417169466e-03
1.804056826747418e-03
2.615196616003079e-03
3.787844083793813e-03
5.479569219026921e-03
7.885551439589251e-03
1.126394066344081e-02
1.591634229070849e-02
2.219201767214949e-02
3.050298797898861e-02
4.133569686590314e-02
5.521412345213748e-02
7.272306926786196e-02
9.451174797848740e-02
1.212419127035593e-01
1.535088317671772e-01
1.921459241740175e-01
2.382174514069685e-01
2.918246521638880e-01
3.522799744492295e-01
4.191408091161710e-01
4.907346971085390e-01
5.648597034755013e-01
6.386753017887639e-01
7.076514930686191e-01
7.962825085605646e-01
9.999999999999999e-01
1.000000000000000e+00
1.000000000000000e+00
1.000000000000000e+00
1.000000000000000e+00
1.000000000000000e+00
1.000000000000000e+00
1.000000000000000e+00
1.000000000000000e+00
1.000000000000000e+00
1.000000000000000e+00
###1.320000000000001e+01
4.066718192130677e-08
6.495352511243597e-08
-3.019166052476321e-07
1.334334414543152e-07
-1.273090570698181e-07
-6.895004798942132e-08
2.304951748748377e-07
3.400525018252966e-07
4.681406085861980e-07
3.404478161105140e-07
3.936877376662935e-07
3.429692360541241e-07
3.776601675346177e-07
4.069217837617474e-07
4.242639013148069e-07
4.623403184738623e-07
5.146392450571571e-07
5.064847599993248e-07
5.211749684510438e-07
5.513255030537072e-07
5.921559855760018e-07
6.275219355744253e-07
6.696609098774190e-07
7.065666787651490e-07
7.564641525084392e-07
8.071717225313882e-07
8.564514531770822e-07
9.083382948539290e-07
9.775950602260638e-07
1.056369388569937e-06
1.136965233338579e-06
1.235305097633185e-06
1.340431144517754e-06
1.475178244600712e-06
1.631086026899880e-06
1.810728078448751e-06
2.027261128267402e-06
2.285571474972785e-06
2.604443883271620e-06
2.982413691056447e-06
3.452586765551322e-06
4.027789209439416e-06
4.747764453281681e-06
5.639539099199794e-06
6.760990990063266e-06
8.148689746638220e-06
9.957110174515749e-06
1.227847193493745e-05
1.526018377996269e-05
1.911334860643847e-05
2.430780466161658e-05
3.115241661393728e-05
4.046065242711646e-05
5.319877383807848e-05
7.061139849271894e-05
9.504350783447745e-05
1.293608105072531e-04
1.780121739519012e-04
2.467568173788489e-04
3.449227239842192e-04
4.867998547396108e-04
6.912645083278575e-04
9.885819035789767e-04
1.417952231372175e-03
2.036632198340778e-03
2.932178980155803e-03
4.215465854626061e-03
6.051895535149525e-03
8.646925325128185e-03
1.226389238846995e-02
1.721835855673756e-02
2.387382555684166e-02
3.265084092530111e-02
4.404694936062917e-02
5.859917005786371e-02
7.689480375038665e-02
9.958435347433084e-02
1.273251724946583e-01
1.606947424682275e-01
2.004558062484756e-01
2.476174897726979e-01
3.021633063281922e-01
3.633141165567559e-01
4.305599210893102e-01
5.020040056487117e-01
5.754229152252857e-01
6.479035194123521e-01
7.151128474198952e-01
8.016179976698860e-01
9.999999999999999e-01
1.000000000000000e+00
1.000000000000000e+00
1.000000000000000e+00
1.000000000000000e+00
1.000000000000000e+00
1.000000000000000e+00
1.000000000000000e+00
1.000000000000000e+00
1.000000000000000e+00
1.000000000000000e+00
###1.360000000000001e+01
3.858297672255674e-08
4.744858546187108e-08
-3.269150071403913e-07
1.469731920404390e-07
-1.029872537194092e-07
-4.902235554319241e-08
2.343742191028314e-07
3.415985449491108e-07
4.837538341432367e-07
3.652463342941477e-07
3.904560368326065e-07
3.581582876642530e-07
4.041393470602042e-07
4.360708800755162e-07
4.558828111939729e-07
4.958148366222021e-07
5.480998088231927e-07
5.454293334450079e-07
5.637360357809837e-07
5.967842984491988e-07
6.402163989422791e-07
6.792463328756425e-07
7.233189567859694e-07
7.665562192346566e-07
8.209089915331528e-07
8.760447328703303e-07
9.302286759442081e-07
9.895595394158831e-07
1.064968180963632e-06
1.150797656509107e-06
1.239379155385477e-06
1.347561458385754e-06
1.463617352480208e-06
1.609935863618325e-06
1.779692963277174e-06
1.975577011355766e-06
2.211954698400543e-06
2.493442401377160e-06
2.840332024763195e-06
3.253492350158100e-06
3.766979560246846e-06
4.397571758332718e-06
5.189104041045372e-06
6.097821831087966e-06
7.412048319975689e-06
8.925007720027053e-06
1.097310487343913e-05
1.359309499968234e-05
1.697191508451097e-05
2.136951375168410e-05
2.731009361884891e-05
3.519251581656852e-05
4.594123050151742e-05
6.069802136659202e-05
8.089991449437167e-05
1.092573683886753e-04
1.489370319952131e-04
2.050942937499433e-04
2.842848291457773e-04
3.968259526504184e-04
5.586272252471911e-04
7.902623619700671e-04
1.124266376910673e-03
1.603613672563327e-03
2.289789422280125e-03
3.274869238823299e-03
4.676719157184793e-03
6.665556408928987e-03
9.459002524625379e-03
1.332542193254367e-02
1.859632376631093e-02
2.563991448339452e-02
3.489982763529721e-02
4.687714931880937e-02
6.212234176549181e-02
8.121731586230285e-02
1.048198239011603e-01
1.335772817408210e-01
1.680411936348539e-01
2.089261384784995e-01
2.571553845099674e-01
3.126291966243514e-01
3.744736398754160e-01
4.420295940290968e-01
5.133503294237907e-01
5.860498628777727e-01
6.572509250273191e-01
7.226187034667010e-01
8.067989769929211e-01
9.999999999999999e-01
1.000000000000000e+00
1.000000000000000e+00
1.000000000000000e+00
1.000000000000000e+00
1.000000000000000e+00
1.000000000000000e+00
1.000000000000000e+00
1.000000000000000e+00
1.000000000000000e+00
1.000000000000000e+00
###1.400000000000001e+01
5.483078819055993e-08
4.380024058474551e-08
-3.075367887870566e-07
6.899875359893967e-08
-9.121654662479234e-08
-2.635111588060005e-08
2.484321254001679e-07
3.272524667027407e-07
4.947587226766594e-07
3.871003157007177e-07
4.132267159312500e-07
3.848615830613052e-07
4.312075878244592e-07
4.701739775857581e-07
4.871543590996651e-07
5.332353958363373e-07
5.818244056127482e-07
5.853808436854309e-07
6.065971733484031e-07
6.428595062523928e-07
6.892488898972896e-07
7.322130001963707e-07
7.801998345552699e-07
8.283046773349295e-07
8.867643136236072e-07
9.475862482878001e-07
1.007956227563676e-06
1.074233209841340e-06
1.156472029082042e-06
1.252469893057358e-06
1.347687002156470e-06
1.465575115705843e-06
1.593457867313577e-06
1.752785041696325e-06
1.937589093087834e-06
2.151009024217428e-06
2.409288524015404e-06
2.718539514136312e-06
3.093420971277570e-06
3.548299849141389e-06
4.106841534934069e-06
4.799213209968585e-06
5.669209997853223e-06
6.687912421902989e-06
8.124926992946068e-06
9.812923904309281e-06
1.210188640472013e-05
1.505230956902047e-05
1.887536636988141e-05
2.388984964537452e-05
3.067321063556249e-05
3.972611216445476e-05
5.208746384156478e-05
6.911617513178705e-05
9.240007945390247e-05
1.251102322306466e-04
1.707752377661423e-04
2.351607631849475e-04
3.258274334926319e-04
4.541323500515088e-04
6.377480113087694e-04
8.988237525249773e-04
1.272771864643140e-03
1.805769872559735e-03
2.564097927472798e-03
3.644734757960022e-03
5.171536337105920e-03
7.322344453195706e-03
1.032339612940091e-02
1.445191743065297e-02
2.005103494205562e-02
2.749712032166937e-02
3.725280008531311e-02
4.983257728059947e-02
6.578001248342494e-02
8.569239434166114e-02
1.102180847745559e-01
1.400072040250301e-01
1.755668626118313e-01
2.175879503223084e-01
2.668598369102091e-01
3.232267212813547e-01
3.857347676816641e-01
4.535952415228915e-01
5.247499546931611e-01
5.967441105248610e-01
6.666932694710657e-01
7.303221753578507e-01
8.121713208963147e-01
9.999999999999999e-01
1.000000000000000e+00
1.000000000000000e+00
1.000000000000000e+00
1.000000000000000e+00
1.000000000000000e+00
1.000000000000000e+00
1.000000000000000e+00
1.000000000000000e+00
1.000000000000000e+00
1.000000000000000e+00
###1.440000000000001e+01
5.632519097264965e-08
2.820206426302603e-08
-2.864144175495467e-07
7.077684540290188e-08
-5.836601593309150e-08
-6.379895938091036e-09
2.623470725638369e-07
3.407664853483855e-07
5.113612078450449e-07
4.097478227276951e-07
4.381729378896260e-07
4.120851444377550e-07
4.568492661653866e-07
4.988329401206086e-07
5.200269472722561e-07
5.638392874045682e-07
6.168245162427726e-07
6.254486711078088e-07
6.515716274964091e-07
6.907634298822125e-07
7.403134271232570e-07
7.880826506138440e-07
8.395457031324695e-07
8.932056305837786e-07
9.564479647611874e-07
1.022550537691447e-06
1.090049455408226e-06
1.163707563485273e-06
1.253198396618252e-06
1.357318765813423e-06
1.462851319351277e-06
1.591945062663000e-06
1.731578839272793e-06
1.905174795633717e-06
2.107380968427018e-06
2.339125952366354e-06
2.620743645751469e-06
2.958466026025112e-06
3.366538038432674e-06
3.864052229348741e-06
4.475300098364477e-06
5.234017098524292e-06
6.190385066501172e-06
7.313501383626849e-06
8.908856467827625e-06
1.079590123469904e-05
1.335251723965670e-05
1.666918004398384e-05
2.098804880672793e-05
2.669336819694970e-05
3.442641393876573e-05
4.478034436900939e-05
5.894517170118456e-05
7.852708226785643e-05
1.052347034643264e-04
1.427369809804916e-04
1.950099217536785e-04
2.685112381263013e-04
3.717616743863185e-04
5.173378490659502e-04
7.244521712561414e-04
1.017516974519535e-03
1.434549867678496e-03
2.025216865200999e-03
2.860745543872528e-03
4.043162366669979e-03
5.702069640524008e-03
8.023783608868802e-03
1.124268675310945e-02
1.564454833174638e-02
2.158577131404972e-02
2.945062532486366e-02
3.971770170386211e-02
5.290740696975604e-02
6.957693504265837e-02
9.032136173830524e-02
1.157826618450438e-01
1.466056127957236e-01
1.832739193741506e-01
2.264067816106413e-01
2.767131604921507e-01
3.339695438866454e-01
3.970966421298761e-01
4.652215081070457e-01
5.362309109870440e-01
6.075094948169968e-01
6.762387256966875e-01
7.379982361972647e-01
8.175733225017598e-01
9.999999999999999e-01
1.000000000000000e+00
1.000000000000000e+00
1.000000000000000e+00
1.000000000000000e+00
1.000000000000000e+00
1.000000000000000e+00
1.000000000000000e+00
1.000000000000000e+00
1.000000000000000e+00
1.000000000000000e+00
###1.480000000000001e+01
3.870395607399899e-08
8.035253384334281e-08
-1.921552308089461e-07
9.480167688893309e-08
-5.806869381918938e-08
1.246907610545568e-08
2.740766371303302e-07
3.478813300471840e-07
5.151746658087660e-07
4.261977191646332e-07
4.656595474974870e-07
4.355330171701469e-07
4.827101704199077e-07
5.250982906280875e-07
5.493991860202487e-07
5.966472874725891e-07
6.503336337645293e-07
6.644370642105282e-07
6.947463741191780e-07
7.374889316698360e-07
7.914400319119387e-07
8.430191824114444e-07
8.991311200227523e-07
9.578251925807157e-07
1.026887471843915e-06
1.099111175940783e-06
1.173827457012746e-06
1.255259069986466e-06
1.352787331712002e-06
1.465624300267939e-06
1.587863728304543e-06
1.722585141974403e-06
1.876412667560731e-06
2.064055625578788e-06
2.284353470043508e-06
2.537226504690527e-06
2.844169539608280e-06
3.212246515001995e-06
3.657318780711798e-06
4.203615033796116e-06
4.871368643432885e-06
5.705722252986393e-06
6.756357767011965e-06
8.011552718969978e-06
9.747891533224805e-06
1.188169851968216e-05
1.473477354656758e-05
1.845615993501140e-05
2.333052744996424e-05
2.981467195485630e-05
3.859721642881668e-05
5.041063386016660e-05
6.659032132781376e-05
8.898329164661478e-05
1.195157589271301e-04
1.622947149448608e-04
2.218466421671605e-04
3.053698761690372e-04
4.223441571214508e-04
5.866512309288809e-04
8.193090595429448e-04
1.147076799221891e-03
1.610527626464741e-03
2.262919030865352e-03
3.180852614057094e-03
4.471199155735796e-03
6.270163923334069e-03
8.772157241370147e-03
1.221845040930570e-02
1.690771333368015e-02
2.320523215753462e-02
3.150167416675292e-02
4.229837837179429e-02
5.612009837623875e-02
7.351818969846631e-02
9.510923057567078e-02
1.215228424924008e-01
1.533925100242979e-01
1.911567751270422e-01
2.354001870243699e-01
2.867298478052881e-01
3.448427071883507e-01
4.085747156257037e-01
4.769372059449579e-01
5.477522516103975e-01
6.183549209942728e-01
6.858240210068007e-01
7.458299463055208e-01
8.230144900838563e-01
9.999999999999999e-01
1.000000000000000e+00
1.000000000000000e+00
1.000000000000000e+00
1.000000000000000e+00
1.000000000000000e+00
1.000000000000000e+00
1.000000000000000e+00
1.000000000000000e+00
1.000000000000000e+00
1.000000000000000e+00
###1.520000000000001e+01
4.313618797617645e-08
7.746528335113748e-08
-1.844129637197671e-07
1.105409125172133e-07
-1.817868029289981e-08
2.853745779920745e-08
2.881671209423407e-07
3.080305217955534e-07
5.158865205837709e-07
4.443725602509503e-07
4.861507963724097e-07
4.611844540163871e-07
5.099229302476950e-07
5.547845940047072e-07
5.902441422550218e-07
6.308199895642286e-07
6.839760979653522e-07
7.067798665906915e-07
7.414692733476247e-07
7.883031306790943e-07
8.461209207944499e-07
9.024438984845831e-07
9.623186674829972e-07
1.028154197181971e-06
1.102981268586483e-06
1.181919522381876e-06
1.264160405561662e-06
1.353977606462252e-06
1.460323580925254e-06
1.582745924951041e-06
1.716081917398788e-06
1.863861268316075e-06
2.032143491128970e-06
2.236397879050592e-06
2.475240649615810e-06
2.752427797165390e-06
3.084534655466712e-06
3.485810629731621e-06
3.970909836657838e-06
4.567788393531989e-06
5.303221259666940e-06
6.217347455013732e-06
7.370034827259223e-06
8.775183751134974e-06
1.068676150190392e-05
1.307767749833723e-05
1.626185546305664e-05
2.043166309895208e-05
2.593667433024889e-05
3.328330492776788e-05
4.322105736072060e-05
5.668798040092506e-05
7.509435995657985e-05
1.006163200757304e-04
1.353383537720038e-04
1.839425598647233e-04
2.514725314831031e-04
3.459393817504199e-04
4.779939062679345e-04
6.627113824339887e-04
9.229490931660005e-04
1.288031110283886e-03
1.801353308448082e-03
2.520028894856739e-03
3.525414428940033e-03
4.930597420950027e-03
6.877331064719300e-03
9.568904346957044e-03
1.325396018317219e-02
1.824258230352738e-02
2.490935040080983e-02
3.365380432431560e-02
4.499777116451990e-02
5.946322930862145e-02
7.761170249156267e-02
1.000683115680171e-01
1.274427098879856e-01
1.603659834159210e-01
1.992356814221076e-01
2.445724413443188e-01
2.969029363084792e-01
3.558601124428211e-01
4.201543128942540e-01
4.887554893627946e-01
5.593090600370769e-01
6.292223287291648e-01
6.954304384136204e-01
7.537948424084450e-01
8.285781604667478e-01
9.999999999999999e-01
1.000000000000000e+00
1.000000000000000e+00
1.000000000000000e+00
1.000000000000000e+00
1.000000000000000e+00
1.000000000000000e+00
1.000000000000000e+00
1.000000000000000e+00
1.000000000000000e+00
1.000000000000000e+00
###1.560000000000001e+01
4.988911281489104e-08
8.472745719498328e-08
-1.824913626328372e-07
1.265215325536563e-07
-2.584934900170991e-08
5.604500349413486e-08
3.101396361231329e-07
3.285453513776771e-07
5.325070230403956e-07
4.767027561309301e-07
5.019946139497540e-07
5.029761023419653e-07
5.424870310800538e-07
5.893426000878949e-07
6.267208765182534e-07
6.712776871295705e-07
7.271065637180277e-07
7.552836521673042e-07
7.945716889786098e-07
8.458263341905308e-07
9.078162599927749e-07
9.693138683586347e-07
1.034844696387975e-06
1.107254618708882e-06
1.187824515497909e-06
1.273863538757914e-06
1.364464256734699e-06
1.460145600599272e-06
1.577779123918201e-06
1.712067763607466e-06
1.857709956276787e-06
2.018787271817182e-06
2.203793430275664e-06
2.425923754914890e-06
2.685640017226342e-06
2.988291879665082e-06
3.350133309968683e-06
3.787824125949178e-06
4.317788198809209e-06
4.970896099146385e-06
5.777586089844020e-06
6.780720214898686e-06
8.054721828524112e-06
9.615922110555683e-06
1.172566402616284e-05
1.440143732877487e-05
1.795084639719031e-05
2.263423361335750e-05
2.883454542056142e-05
3.713869300799110e-05
4.838356135596614e-05
6.363284233761003e-05
8.452568991920592e-05
1.134853988298251e-04
1.528954160645986e-04
2.078447189939754e-04
2.841377400869836e-04
3.905719187976210e-04
5.389136109613351e-04
7.457100440948975e-04
1.035924408752821e-03
1.441070580446203e-03
2.007731827378954e-03
2.797226444312243e-03
3.895982246518600e-03
5.422560255137945e-03
7.525613822003983e-03
1.041610118603067e-02
1.435069970458137e-02
1.965330692770709e-02
2.670389685137953e-02
3.591381469509189e-02
4.781718601661816e-02
6.294655799659893e-02
8.186084952006331e-02
1.051949225094807e-01
1.335438634294523e-01
1.675267213717728e-01
2.075062864422780e-01
2.539315226377952e-01
3.072554929820148e-01
3.670153706408741e-01
4.318808615963181e-01
5.006396117825526e-01
5.709488718296650e-01
6.401017399672850e-01
7.050790729767343e-01
7.617773728050523e-01
8.342924749108958e-01
9.999999999999999e-01
1.000000000000000e+00
1.000000000000000e+00
1.000000000000000e+00
1.000000000000000e+00
1.000000000000000e+00
1.000000000000000e+00
1.000000000000000e+00
1.000000000000000e+00
1.000000000000000e+00
1.000000000000000e+00
