# NLO BK equation solver 0.0-dev build  (build Nov 18 2025 11:57:20)
# Initial condition: MV model, Q_s0^2 = 0.0889722 GeV^2, \gamma = 4.40467, coefficient of E inside Log is 1, x0=0.01, \Lambda_QCD = 0.241 GeV
# # LO Kernel RC:  Balitsky. NLO Kernel RC:  smallest dipole
# Nc=3, Nf=4
# Using RungeKutta method in K1
# Resumming double log
# Resumming single log, K_sub=0.65 resum rc: smallest
# BK K1 integration relative accuracy: 0.02# NLO BK as^2 terms: MC integration method: Vegas, points=1000000
# Kinematical constraint: none
# Target kinematical constraint: disabled

###1.000000000000000e-05
###1.160836920850890e+00
###100
###1.000000000000000e+00
###0.000000000000000e+00
6.836915898948813e-49
2.514291337744395e-48
9.245105696644152e-48
3.398972732405735e-47
1.249457667871878e-46
4.592318216191802e-46
1.687630643629438e-45
6.200921221653200e-45
2.278068238000633e-44
8.367721248531716e-44
3.073093891564788e-43
1.128419865231565e-42
4.142761482649934e-42
1.520657525075066e-41
5.580756371225416e-41
2.047729898671315e-40
7.512213869422509e-40
2.755348195826896e-39
1.010405760868809e-38
3.704446415443387e-38
1.357864031122758e-37
4.976131863081683e-37
1.823169902778059e-36
6.678193143748097e-36
2.445592753752133e-35
8.953632062652523e-35
3.277183353328858e-34
1.199181471537383e-33
4.386800193001656e-33
1.604299634217607e-32
5.865344306265021e-32
2.143716887871100e-31
7.832537945943835e-31
2.860841344224468e-30
1.044566272462854e-29
3.812621433292369e-29
1.391076600016167e-28
5.073550516022748e-28
1.849694917618393e-27
6.740756432460031e-27
2.455446467797905e-26
8.940424032879682e-26
3.253746277176544e-25
1.183583387162438e-24
4.303233365701259e-24
1.563732970941985e-23
5.679266739736398e-23
2.061454501551303e-22
7.478188201339573e-22
2.711121671099753e-21
9.822452422683491e-21
3.556288597251151e-20
1.286671117797027e-19
4.651772957423509e-19
1.680491761179093e-18
6.066069566458981e-18
2.187849730194637e-17
7.884108621600056e-17
2.838564143580887e-16
1.021038578073852e-15
3.669187014954924e-15
1.317254535272998e-14
4.724229893087889e-14
1.692563835530250e-13
6.057670172776165e-13
2.165757644088913e-12
7.734977616989538e-12
2.759686076255890e-11
9.836132286856238e-11
3.502459072933608e-10
1.246046552573408e-09
4.429411512761157e-09
1.573464841823367e-08
5.586340316690840e-08
1.982572040602370e-07
7.034698767795821e-07
2.496156580279747e-06
8.859569366040547e-06
3.146106894702516e-05
1.118067506741260e-04
3.977234314732625e-04
1.416168673878615e-03
5.043945012531914e-03
1.791364612395385e-02
6.269474072201098e-02
2.073861702991816e-01
5.666589185598021e-01
9.509953104816717e-01
9.999815904281066e-01
1.000000000000000e+00
1.000000000000000e+00
1.000000000000000e+00
1.000000000000000e+00
1.000000000000000e+00
1.000000000000000e+00
1.000000000000000e+00
1.000000000000000e+00
1.000000000000000e+00
1.000000000000000e+00
1.000000000000000e+00
###4.000000000000000e-01
-9.110113810603791e-11
-8.390050076667638e-10
-5.248459926862124e-11
7.552764362981446e-10
-8.140706277406438e-11
3.311586421035800e-11
1.989566176944448e-11
-4.753196206711353e-11
-4.976853868153587e-10
1.747278311281907e-11
-6.464714728781888e-11
-5.917601762013873e-11
8.814851752559919e-13
-1.118798682575940e-10
-5.500752757733248e-11
9.211243200684582e-11
-3.395617142762895e-11
3.543502790091356e-11
-7.105198966908142e-11
-7.646482302176582e-11
2.373740549136296e-11
7.438582137358414e-11
1.772433905718204e-11
5.015306983380300e-10
-1.924600537553309e-11
4.927803184049883e-11
-1.155148523155788e-10
1.135392007532421e-10
1.150846177782560e-10
1.152971575889794e-10
2.797515071899999e-10
3.036643367176067e-10
4.043191594598778e-10
5.172856481361817e-10
8.641565769932721e-10
9.886879631875556e-10
1.373142182374763e-09
1.825448490148770e-09
2.356669003407123e-09
3.158023868587977e-09
4.196902145304888e-09
5.528930800750782e-09
7.349332678107170e-09
9.766055326640123e-09
1.284381293230787e-08
1.696978094590624e-08
2.227759133560363e-08
2.894148480219720e-08
3.823176580490979e-08
5.028382430001759e-08
6.561581191917341e-08
8.575163407076211e-08
1.117796332540290e-07
1.464655545388745e-07
1.908909786623755e-07
2.503466380762161e-07
3.288903516508393e-07
4.367475023325263e-07
5.831191921756606e-07
7.902027091684152e-07
1.077339292859972e-06
1.500871473280224e-06
2.128241680899115e-06
3.078699513240135e-06
4.516445217860888e-06
6.778450894401303e-06
1.025596096874814e-05
1.582878411218017e-05
2.447775354537308e-05
3.815466326671869e-05
5.958197350282906e-05
9.265020652209461e-05
1.442018343481215e-04
2.234693470912269e-04
3.457769712473628e-04
5.351484114577345e-04
8.296662530132690e-04
1.287677093652809e-03
2.012433340370080e-03
3.203638327001447e-03
5.302312317592477e-03
9.241672081212973e-03
1.749620540221301e-02
3.719992865495082e-02
8.957796763879289e-02
2.315507687128858e-01
5.477840906153436e-01
8.826496013250945e-01
9.596953593577248e-01
1.000000000000000e+00
1.000000000000000e+00
1.000000000000000e+00
1.000000000000000e+00
1.000000000000000e+00
1.000000000000000e+00
1.000000000000000e+00
1.000000000000000e+00
1.000000000000000e+00
1.000000000000000e+00
1.000000000000000e+00
###8.000000000000000e-01
5.457699353511395e-09
5.601205913937236e-10
5.143539676507762e-10
-2.641731526854004e-09
2.172418577838303e-09
2.053943750700374e-10
-4.898352227310303e-09
-1.274727286300029e-10
9.792151648524077e-10
1.948107750525022e-09
1.364316819814896e-09
1.294865795888774e-09
3.012980158969125e-11
1.989276533849733e-09
-2.081318643069156e-10
8.158165462691616e-10
-1.509287173043406e-10
-1.545142784197355e-10
-1.521586187586498e-10
-1.938286224931689e-09
6.820679318059400e-10
-4.076640840815954e-11
3.684223723382127e-10
6.799723202704758e-10
1.604719073847976e-10
1.870111818739240e-10
-1.703320886872471e-10
6.861562601962791e-10
6.783752706421079e-10
6.864214971307966e-10
1.039932896822357e-09
1.079616322902684e-09
1.090063639427107e-09
1.751921106317737e-09
2.175428240763130e-09
2.926737362791953e-09
3.957592585398450e-09
4.994567310420063e-09
7.459738625813800e-09
8.492790487802419e-09
1.149228621174389e-08
1.515189961699030e-08
1.987035239892223e-08
2.425691859383220e-08
3.331273198780630e-08
4.311633593777536e-08
5.538853002345205e-08
7.149401232373912e-08
9.201357590085330e-08
1.163816873917086e-07
1.478805092990360e-07
1.870792285802985e-07
2.332772527549465e-07
2.937939536333457e-07
3.653864368745682e-07
4.538034346083013e-07
5.628846649633789e-07
6.929524844765030e-07
8.767648199073892e-07
1.114810178955870e-06
1.460345064788855e-06
1.992143932556488e-06
2.835926840888765e-06
4.244451895758474e-06
6.653570356820222e-06
1.079234205200608e-05
1.793956485408925e-05
3.006470646471399e-05
5.022546149556615e-05
8.296873145829668e-05
1.347853617399050e-04
2.148784994666640e-04
3.388947063921863e-04
5.270379391815495e-04
8.117361933097207e-04
1.241545235892940e-03
1.893224179257807e-03
2.873513497582730e-03
4.356001820482314e-03
6.705369498070782e-03
1.062097270912568e-02
1.736152880062660e-02
2.978183446468116e-02
5.525925695563892e-02
1.133642579065615e-01
2.515584638759781e-01
5.318225993863809e-01
8.262826106149123e-01
9.229049399740928e-01
1.000000000000000e+00
1.000000000000000e+00
1.000000000000000e+00
1.000000000000000e+00
1.000000000000000e+00
1.000000000000000e+00
1.000000000000000e+00
1.000000000000000e+00
1.000000000000000e+00
1.000000000000000e+00
1.000000000000000e+00
###1.200000000000000e+00
-6.792483422894162e-08
5.511826814185392e-08
-1.885574576921794e-10
-1.085289815661639e-08
-1.542689650968112e-08
5.510191928586934e-09
-1.843750471404788e-09
5.684108811352447e-09
-4.124324798125646e-10
3.300586880249989e-09
8.282674601543899e-09
-2.917372967236217e-09
3.826993537053717e-09
1.895721468413323e-08
1.466499145740569e-09
4.725174154367491e-09
4.177570353268336e-09
1.915352699738470e-09
1.407679318990990e-09
6.070883768877712e-10
3.051121416183446e-09
3.138413548164607e-09
3.076011829260509e-09
2.607186238648470e-09
-2.918014210620172e-10
2.415132304833046e-09
1.767635883816921e-09
3.232578836843750e-09
4.253610380715691e-09
3.725140240217266e-09
4.764111850074080e-09
5.992724597691526e-09
4.878507236568258e-09
5.986478504168830e-09
6.924672470440988e-09
8.340488057439651e-09
1.085378133254976e-08
1.313890611312320e-08
1.769097113630906e-08
2.080849892177093e-08
2.641628607753476e-08
3.418390373537850e-08
4.286718457237832e-08
5.228432661818628e-08
6.769346636962335e-08
8.603048632451624e-08
1.084891380537262e-07
1.365879460240124e-07
1.694481246644465e-07
2.074401662078571e-07
2.531722620887088e-07
3.048748188200308e-07
3.582726617865400e-07
4.177028645467419e-07
4.725896080181685e-07
5.164027308818517e-07
5.332825640020347e-07
5.153818499473140e-07
4.642661715849573e-07
3.560108591272274e-07
2.041522875960218e-07
7.341413428993323e-08
9.995913465282044e-08
8.113873910339990e-07
2.769232645242427e-06
7.387180946980481e-06
1.723712947242755e-05
3.595673706703750e-05
6.959137627396312e-05
1.269848331689011e-04
2.188644501305542e-04
3.624183843536151e-04
5.836023686331138e-04
9.102838167648784e-04
1.400119150902786e-03
2.125382043615036e-03
3.199698141742519e-03
4.771802213486400e-03
7.079238313121033e-03
1.063629291055959e-02
1.637745651135607e-02
2.581016029269390e-02
4.201542290550743e-02
7.239560001857752e-02
1.347692246309264e-01
2.685670958465953e-01
5.186174290517152e-01
7.797560278606380e-01
8.899001152042031e-01
1.000000000000000e+00
1.000000000000000e+00
1.000000000000000e+00
1.000000000000000e+00
1.000000000000000e+00
1.000000000000000e+00
1.000000000000000e+00
1.000000000000000e+00
1.000000000000000e+00
1.000000000000000e+00
1.000000000000000e+00
###1.600000000000000e+00
-6.814158650742166e-08
5.814662775720521e-08
1.949467681591722e-08
-1.490419102530971e-08
-6.084711406992123e-08
2.528244709772361e-08
3.588187061184913e-08
3.586174271894345e-09
3.872369232719513e-08
6.617375483670003e-09
2.705341129243256e-09
2.551925006809637e-09
4.805056077536588e-10
1.932832578917982e-08
6.143711554465738e-09
1.259547854351766e-08
8.827174957043091e-09
6.262264509765574e-09
4.486142369221176e-09
4.400806050793381e-09
7.931183961475414e-09
8.611493796161558e-09
1.148933423895957e-08
7.874884400841427e-09
2.847098673038609e-09
7.584209049664730e-09
6.290692062511371e-09
7.104193211673873e-09
9.550891915374503e-09
1.033228197897858e-08
1.061207348329608e-08
1.290545735811558e-08
1.221930298398157e-08
1.389741145998831e-08
1.556670472281140e-08
1.847389662726975e-08
2.180170303242395e-08
2.811514177367001e-08
3.272701494609932e-08
4.127979518274190e-08
5.211344641152677e-08
6.577062189664617e-08
8.069663364863136e-08
9.946734838704753e-08
1.234841443041509e-07
1.532239507335354e-07
1.881137058986719e-07
2.310876790197679e-07
2.809962682307246e-07
3.316438900021029e-07
3.882042395585323e-07
4.423659193756900e-07
4.841478895990197e-07
5.020988366050761e-07
4.830339941346182e-07
3.882404210229023e-07
1.837471192574331e-07
-2.296026070275540e-07
-8.835695494852876e-07
-1.942313623414280e-06
-3.380669965386383e-06
-5.197002617075305e-06
-7.315322053133383e-06
-9.103348113269224e-06
-9.064411504407953e-06
-5.245696915589378e-06
5.435699812303179e-06
2.993764818100925e-05
7.887028929060651e-05
1.660250159473247e-04
3.091979806925625e-04
5.338141023198999e-04
8.748027226952125e-04
1.376152201050578e-03
2.116273778274206e-03
3.188745840760294e-03
4.749450183702805e-03
6.980491851742225e-03
1.018426794953435e-02
1.499201859051419e-02
2.258978680477633e-02
3.463041219761435e-02
5.431283835887663e-02
8.887241809594809e-02
1.543990064207682e-01
2.834817199963907e-01
5.081342234924930e-01
7.417115986286809e-01
8.609645185641993e-01
1.000000000000000e+00
1.000000000000000e+00
1.000000000000000e+00
1.000000000000000e+00
1.000000000000000e+00
1.000000000000000e+00
1.000000000000000e+00
1.000000000000000e+00
1.000000000000000e+00
1.000000000000000e+00
1.000000000000000e+00
###2.000000000000000e+00
-7.140848903955703e-08
7.993412029011682e-08
-1.473680414081647e-08
6.958195004561464e-08
-4.665407949371262e-08
-8.943161493813205e-09
3.164046988209087e-08
6.638062781393909e-09
4.794534265386553e-08
1.200922835021475e-08
1.160359870805485e-08
-6.287199966013741e-09
7.417455626393542e-09
3.340463005778261e-08
1.335845281722863e-08
2.432213990717806e-08
1.411657263133726e-08
1.088589949298071e-08
1.444113171069562e-08
5.628218556171188e-09
1.396538651103762e-08
1.391707026072959e-08
1.926881314192129e-08
1.295600649642248e-08
1.514271817494048e-08
3.556560065843753e-08
1.609686879633018e-08
1.774239164361500e-08
2.131876903282841e-08
2.317962452088023e-08
2.155000962035646e-08
2.594710651092516e-08
2.788673987450996e-08
3.041766841044526e-08
3.125703638054395e-08
3.666051154509224e-08
4.255403835049096e-08
5.136758585593231e-08
6.182644936517551e-08
7.425506958308377e-08
9.079194832535280e-08
1.115644123905321e-07
1.368350509282293e-07
1.648361640331708e-07
2.050954634772398e-07
2.503300190503916e-07
3.029406520386330e-07
3.612292276502479e-07
4.273668185934455e-07
5.059435219728756e-07
5.586585862197418e-07
6.132637385397222e-07
6.172849117261766e-07
5.588630128129581e-07
4.021644441902565e-07
8.847174012581365e-08
-5.369226893050196e-07
-1.646791744403060e-06
-3.343401703316013e-06
-5.898508021841263e-06
-9.491915829601494e-06
-1.427319018327141e-05
-2.006654960106853e-05
-2.632657858546586e-05
-3.100586201975535e-05
-2.984801052436264e-05
-1.608118935769491e-05
2.205328410903849e-05
8.552811802970607e-05
2.031099116088124e-04
4.085598620531183e-04
7.312924249544390e-04
1.217174348330212e-03
1.926276991835831e-03
2.957708218392675e-03
4.432004503488450e-03
6.544436653135368e-03
9.509207472056842e-03
1.366415915662352e-02
1.977364661433983e-02
2.924422915829214e-02
4.383657634860811e-02
6.673557588241040e-02
1.048786094712150e-01
1.727083242814174e-01
2.969911554280084e-01
5.002600407198069e-01
7.109090433433287e-01
8.359564691339730e-01
1.000000000000000e+00
1.000000000000000e+00
1.000000000000000e+00
1.000000000000000e+00
1.000000000000000e+00
1.000000000000000e+00
1.000000000000000e+00
1.000000000000000e+00
1.000000000000000e+00
1.000000000000000e+00
1.000000000000000e+00
###2.400000000000000e+00
-7.640806682260079e-08
1.060715470737852e-07
6.026606952855689e-09
4.718243421486238e-08
-5.645935733011505e-08
-1.651346525369773e-08
2.163385541206226e-08
2.799770507860083e-09
8.853294561768460e-08
1.566432537184869e-08
8.512528964970053e-09
4.879628109535358e-09
5.692156004968014e-09
2.925203038714356e-08
1.557240556764039e-08
3.445362249495232e-08
3.300764047748854e-08
1.695509403699889e-08
2.005658025881169e-08
5.024701943806140e-09
2.419841979227184e-08
2.416496083423669e-08
2.365044711237949e-08
1.994755034412136e-08
2.042019339839937e-08
3.962444779236210e-08
2.485852030609625e-08
2.308185401896851e-08
2.867854331146322e-08
2.924691655175974e-08
3.018463649105603e-08
3.507242796408450e-08
3.934273672898509e-08
4.045078377200576e-08
4.678586824056732e-08
5.030236901163538e-08
6.510801097871891e-08
7.709300451501581e-08
9.023888104429711e-08
1.073765938131101e-07
1.337200326301066e-07
1.654881100334162e-07
2.045775471337911e-07
2.470024332310476e-07
3.029413782815847e-07
3.701176480862608e-07
4.476311442085496e-07
5.220170412641607e-07
6.157928893257405e-07
7.107520231654831e-07
7.720159031870038e-07
8.148488573503277e-07
7.788105757694913e-07
6.635962846674259e-07
3.657796012070295e-07
-3.595372294514058e-07
-1.597795969961591e-06
-3.683063737062312e-06
-6.813290765089643e-06
-1.143956705809247e-05
-1.797629773288149e-05
-2.690708460893131e-05
-3.789752746693152e-05
-5.028165000568090e-05
-6.130134821139466e-05
-6.476664994831957e-05
-4.794618189200963e-05
2.252075697639798e-05
1.016952193665990e-04
2.450434816174496e-04
5.213251110449144e-04
9.582600503592423e-04
1.611822545715202e-03
2.561199233781702e-03
3.926258655534674e-03
5.856788802508588e-03
8.571608934897732e-03
1.232777787811108e-02
1.749935259659471e-02
2.496764961524500e-02
3.630211242395015e-02
5.340974380293328e-02
7.926530779519467e-02
1.205383082508389e-01
1.900502545021722e-01
3.096319016994145e-01
4.949565774793475e-01
6.865574678625781e-01
8.151167599718208e-01
1.000000000000000e+00
1.000000000000000e+00
1.000000000000000e+00
1.000000000000000e+00
1.000000000000000e+00
1.000000000000000e+00
1.000000000000000e+00
1.000000000000000e+00
1.000000000000000e+00
1.000000000000000e+00
1.000000000000000e+00
###2.800000000000000e+00
-6.352733877225839e-08
9.745281313713487e-08
-2.631269482640332e-08
1.736087619648836e-08
-1.631072846887517e-07
-2.063957399085638e-08
6.150750622945492e-08
5.790307927736221e-09
1.406008842599335e-07
9.485674960763254e-09
5.337273582976328e-09
3.250849886084992e-08
7.275880079788363e-08
3.555466486084150e-08
1.433472975681923e-09
4.881675410345885e-08
4.824948872068981e-08
2.830821533361933e-08
3.004851071697244e-08
2.670004851940916e-09
1.153620849836744e-07
3.670255993924961e-08
3.220444984454270e-08
3.189705037297520e-08
3.022156338520372e-08
4.769024028586401e-08
3.503722858796757e-08
3.130878606229221e-08
3.617100608104264e-08
3.819328413028205e-08
4.213801728441538e-08
5.061959807731650e-08
5.332120722989474e-08
5.643935951496480e-08
6.966854031724731e-08
7.340365952114525e-08
9.239889347292400e-08
1.101263296885658e-07
1.330858864236039e-07
1.543676493740059e-07
1.943206342647298e-07
2.334359660956149e-07
2.906396955670361e-07
3.502265752817414e-07
4.246986733519134e-07
5.216461460661716e-07
6.229104404042406e-07
7.213942473128045e-07
8.381835631916674e-07
9.521598500444269e-07
1.010100266089735e-06
1.043447596954533e-06
9.563237745335796e-07
8.009983489561510e-07
3.507175392279524e-07
-1.004305771506387e-06
-3.039693106280294e-06
-6.351127378598453e-06
-1.133322345068198e-05
-1.864511946764037e-05
-2.894032820486998e-05
-4.309567061508319e-05
-6.084346730102435e-05
-8.143985679939096e-05
-1.010358555802275e-04
-1.111942187003770e-04
-9.384983983765315e-05
6.199850065930623e-06
1.054085161577214e-04
2.846672679693088e-04
6.442484596935283e-04
1.210204615208814e-03
2.057701951872248e-03
3.275028351517822e-03
5.009830270895938e-03
7.439252117417768e-03
1.080738880222808e-02
1.541235928817733e-02
2.165035974567941e-02
3.052044814219830e-02
4.375635305935466e-02
6.329608278660349e-02
9.191106757235400e-02
1.359670899107722e-01
2.066549989573661e-01
3.218655865806822e-01
4.919920670807099e-01
6.675947329082236e-01
7.980207230742291e-01
1.000000000000000e+00
1.000000000000000e+00
1.000000000000000e+00
1.000000000000000e+00
1.000000000000000e+00
1.000000000000000e+00
1.000000000000000e+00
1.000000000000000e+00
1.000000000000000e+00
1.000000000000000e+00
1.000000000000000e+00
###3.200000000000000e+00
-1.379882910678162e-07
7.123440436616816e-08
-7.995917368370823e-08
2.790610354315647e-08
-1.451237571755182e-07
5.929210964726817e-08
4.489816809176843e-08
1.941411863219475e-08
1.419773613329945e-07
4.100705945192191e-08
-1.958658535572415e-08
1.643216717759440e-08
7.693174590926778e-08
1.095390421921267e-07
-2.071650224868178e-08
5.653786290780558e-08
9.721867105333219e-08
1.161935195290207e-07
3.459922438244055e-08
2.225932865750564e-08
1.368979326050692e-07
5.967599631488381e-08
4.765432804121384e-08
4.924853275873774e-08
4.645914811388416e-08
5.615597852897649e-08
5.098648069839772e-08
5.807177228396676e-08
5.289281734705883e-08
5.537690890295489e-08
5.953541698230570e-08
7.123940771967217e-08
7.321335127958142e-08
8.234119065935968e-08
9.601909851720210e-08
1.062344217951887e-07
1.313818037263206e-07
1.556742393817220e-07
1.863014451577804e-07
2.133655353685344e-07
2.659083752139430e-07
3.220932242489321e-07
3.973398200303442e-07
4.781621299850063e-07
5.750790316159460e-07
7.044609454108098e-07
8.340248136812975e-07
9.680724523391301e-07
1.108880142537822e-06
1.250788936395844e-06
1.316340716932298e-06
1.335541866563531e-06
1.201209002099903e-06
1.002746230217550e-06
4.095868818267877e-07
-1.667328016383608e-06
-4.590291793488957e-06
-9.244261643841695e-06
-1.625576204970194e-05
-2.647178163559510e-05
-4.099888921172587e-05
-6.075929536991383e-05
-8.565719978193471e-05
-1.145080120988315e-04
-1.428130462474655e-04
-1.581954642428482e-04
-1.361204144311544e-04
4.012570834969353e-07
2.434615870846971e-04
4.554435801459178e-04
8.302751269492881e-04
1.533693838385229e-03
2.583245478007540e-03
4.096018553757476e-03
6.227044569806034e-03
9.195312620873503e-03
1.326652578346726e-02
1.876651088200167e-02
2.612426983978936e-02
3.642065508750363e-02
5.154996801878903e-02
7.344749600554447e-02
1.046999902060624e-01
1.512152031431544e-01
2.227276408494221e-01
3.338345994867487e-01
4.910061349280152e-01
6.532931156524993e-01
7.845482836884807e-01
1.000000000000000e+00
1.000000000000000e+00
1.000000000000000e+00
1.000000000000000e+00
1.000000000000000e+00
1.000000000000000e+00
1.000000000000000e+00
1.000000000000000e+00
1.000000000000000e+00
1.000000000000000e+00
1.000000000000000e+00
###3.600000000000000e+00
-1.770206584484630e-07
1.240213060610373e-07
-9.385579688226605e-08
4.963967457673141e-08
-1.220349049737377e-07
9.370401766470393e-08
9.093554974604572e-08
4.157969895726171e-09
2.436113997992470e-07
1.207581508648538e-07
5.286864681797098e-08
1.254645113032471e-07
1.401712122518014e-07
1.818863043939636e-07
6.094652486664458e-08
1.366237730040436e-07
1.754572305703027e-07
1.726852925020064e-07
1.047557485366554e-07
9.300378520755488e-08
2.053491183446541e-07
1.297562190088064e-07
1.153326997131202e-07
1.206176117951767e-07
1.198495467015944e-07
1.294090180695366e-07
1.294004042036031e-07
1.341784243507518e-07
1.349299232644353e-07
1.353464240632388e-07
1.440758913041818e-07
1.583728234194959e-07
1.632401725632083e-07
1.747347144070359e-07
1.902342068472952e-07
2.082620891640544e-07
2.411529993153180e-07
2.710934007323945e-07
3.052377076038473e-07
3.563636261332514e-07
4.206212149618296e-07
4.975244875351717e-07
5.909922163285185e-07
6.963018479219920e-07
8.238454934368994e-07
9.828888547498657e-07
1.152844476193107e-06
1.325518184930023e-06
1.505327904103435e-06
1.669546221271403e-06
1.739287623941864e-06
1.755942170846524e-06
1.559738421278495e-06
1.359908464089576e-06
6.207945242275994e-07
-2.351471209382074e-06
-6.345472943444223e-06
-1.254966466454644e-05
-2.182192564618626e-05
-3.526722648927289e-05
-5.454995896887286e-05
-8.048021303727244e-05
-1.136448214921781e-04
-1.517907687635742e-04
-1.893579468181063e-04
-2.105728494259755e-04
-1.816276696861158e-04
4.452316563140806e-06
3.432675205952151e-04
5.915010611333685e-04
1.030709615947458e-03
1.886340873002464e-03
3.158105751310358e-03
4.992335459071707e-03
7.555479892911411e-03
1.109429020712366e-02
1.590946553322101e-02
2.232956722388665e-02
3.085042477129659e-02
4.259684568721983e-02
5.962961056567513e-02
8.377056071175522e-02
1.175203588495672e-01
1.662422806389009e-01
2.383808574247211e-01
3.457074314566800e-01
4.917216828423360e-01
6.429043077113468e-01
7.740577383938910e-01
1.000000000000000e+00
1.000000000000000e+00
1.000000000000000e+00
1.000000000000000e+00
1.000000000000000e+00
1.000000000000000e+00
1.000000000000000e+00
1.000000000000000e+00
1.000000000000000e+00
1.000000000000000e+00
1.000000000000000e+00
###4.000000000000000e+00
-9.735914417889357e-08
7.616428074949985e-08
-1.058928955650155e-07
8.455782431451900e-08
-1.325418753176425e-07
7.295679560956483e-08
1.097744494085006e-08
3.942845906814154e-09
2.456012025638379e-07
9.506371274743673e-08
8.395845798291684e-08
1.330389687971055e-07
1.627105188721301e-07
1.563315059473525e-07
7.001691618147081e-08
1.748315198719585e-07
1.841904560163100e-07
1.890622122249297e-07
1.298270114791737e-07
1.171107471864024e-07
2.070548744836034e-07
1.518845639246298e-07
1.400676616702397e-07
1.472642422069677e-07
1.440933845696294e-07
1.565199954046985e-07
1.580283956161904e-07
1.404659118412787e-07
1.624744831280232e-07
1.701589224006586e-07
1.786020238779858e-07
1.925015673834302e-07
2.066971896464806e-07
2.187960579604160e-07
2.373064477542911e-07
2.653051805113730e-07
3.119401491653465e-07
3.394435357704905e-07
3.840687390971794e-07
4.564969688227511e-07
5.301144849949904e-07
6.340716106383639e-07
7.404975136908617e-07
8.745247544464185e-07
1.038032408601887e-06
1.234277449820506e-06
1.438428184519785e-06
1.658567594089186e-06
1.879747664966616e-06
2.079228947306290e-06
2.170594934276950e-06
2.177145574496896e-06
1.961298843325817e-06
1.843095185539266e-06
1.024660851147168e-06
-2.883402782131107e-06
-7.931841617765419e-06
-1.571827568249146e-05
-2.736122717634144e-05
-4.408670315587796e-05
-6.814892087914373e-05
-1.003455943547188e-04
-1.412023909232211e-04
-1.881542781550580e-04
-2.329115374305448e-04
-2.557955105791782e-04
-2.093337527829699e-04
7.509678132382380e-05
5.299432170137623e-04
7.898872187721284e-04
1.286699131474721e-03
2.297146705699851e-03
3.810751004219219e-03
5.986779864928750e-03
8.998644831814383e-03
1.314087394906048e-02
1.872455404296304e-02
2.611600411405828e-02
3.582004034294180e-02
4.903778571432463e-02
6.795436160187367e-02
9.431963000781808e-02
1.303266921785093e-01
1.810153533129232e-01
2.535180484067992e-01
3.574782307350697e-01
4.940117688798450e-01
6.354629442693921e-01
7.665574367678115e-01
1.000000000000000e+00
1.000000000000000e+00
1.000000000000000e+00
1.000000000000000e+00
1.000000000000000e+00
1.000000000000000e+00
1.000000000000000e+00
1.000000000000000e+00
1.000000000000000e+00
1.000000000000000e+00
1.000000000000000e+00
###4.399999999999999e+00
-9.846628290191808e-08
-2.595528647406209e-07
-7.905636869257318e-08
1.122461464851384e-07
-1.093746908273058e-07
1.044354822668266e-07
-1.038077907849849e-07
1.010924589230882e-08
1.999579430066644e-07
1.035438836590697e-07
9.418286353606047e-08
1.231755447234614e-07
1.651487021467460e-07
1.648766665904600e-07
8.608696052581799e-08
1.885328773349641e-07
1.848691788524883e-07
1.968454676191817e-07
1.339654938021582e-07
1.444273196947667e-07
2.153342881836550e-07
1.686690936717949e-07
1.567227069327908e-07
1.666920485678894e-07
1.663949813112883e-07
1.758245671003230e-07
1.739236564976141e-07
1.624138409183892e-07
1.878810242484633e-07
1.949444884448029e-07
2.086448337495558e-07
2.256405936458575e-07
2.411886726413213e-07
2.591153116557655e-07
2.811695860836797e-07
3.214025597763231e-07
3.680381992097273e-07
4.091636507886258e-07
4.694046623770489e-07
5.508404289029729e-07
6.422153214892702e-07
7.695249998836916e-07
9.029094314608743e-07
1.064534787954243e-06
1.264212392133830e-06
1.503994290314858e-06
1.757501580559284e-06
2.026917739843796e-06
2.296872787996490e-06
2.551365680102430e-06
2.687806515105575e-06
2.719027280287671e-06
2.544583561591457e-06
2.685149729858146e-06
2.053729972734028e-06
-3.042892941553602e-06
-9.185414679265653e-06
-1.849659124858696e-05
-3.238122338772488e-05
-5.226609418012495e-05
-8.067298784698381e-05
-1.185712720070577e-04
-1.662286662274661e-04
-2.202277107242257e-04
-2.689077968128904e-04
-2.845197420369765e-04
-1.981758542284282e-04
3.318838474205948e-04
7.554910815235526e-04
9.551151951972830e-04
1.579511415821730e-03
2.759092259841826e-03
4.533857858094814e-03
7.064070836505298e-03
1.055408421074840e-02
1.531595552452239e-02
2.169013570596654e-02
3.008266909389133e-02
4.099223894688978e-02
5.569252579810064e-02
7.643781900646762e-02
1.049313062328694e-01
1.431225035715599e-01
1.955791518570353e-01
2.684747896981526e-01
3.691749761686664e-01
4.978116349951014e-01
6.310290646788277e-01
7.608205187928296e-01
1.000000000000000e+00
1.000000000000000e+00
1.000000000000000e+00
1.000000000000000e+00
1.000000000000000e+00
1.000000000000000e+00
1.000000000000000e+00
1.000000000000000e+00
1.000000000000000e+00
1.000000000000000e+00
1.000000000000000e+00
###4.800000000000000e+00
-1.350534089651306e-07
1.797363468777274e-08
-1.004949718935977e-08
1.373889064685275e-07
-1.444933748123872e-07
1.112797170026298e-07
-9.209462395691124e-08
-1.463515637848842e-08
1.979799960605965e-07
1.552966834940358e-07
2.397015389400179e-07
1.425725352674346e-07
1.646281463775362e-07
1.660688359861993e-07
8.856341136977755e-08
1.928411295275760e-07
1.864581765423708e-07
1.857229846298279e-07
1.464776339238833e-07
1.752040614387351e-07
2.285276395684041e-07
1.918331360358334e-07
1.832720344161721e-07
1.853431521189462e-07
1.915797803721201e-07
2.006076477009827e-07
1.999765558802371e-07
1.881304751560092e-07
2.132314591559243e-07
2.285074121060724e-07
2.439416509068254e-07
2.862788974754817e-07
2.833417652644381e-07
3.061441174765999e-07
3.324452444569543e-07
3.776066988121362e-07
4.363573187790858e-07
4.924343804330489e-07
5.664783977255479e-07
6.631574007972744e-07
7.783337355249994e-07
9.304417616895624e-07
1.097644418868497e-06
1.296165492817215e-06
1.545900102813656e-06
1.846524101864385e-06
2.168941114183970e-06
2.465338134234467e-06
2.890582025330723e-06
3.262206068606101e-06
3.547393647056171e-06
3.747900847330395e-06
3.839110950959151e-06
4.925456473268073e-06
5.236880042478572e-06
-1.287584141300022e-06
-8.050046519537604e-06
-1.803184593400668e-05
-3.382196357093542e-05
-5.412872243081227e-05
-8.399572910460086e-05
-1.231449377377735e-04
-1.713711985859626e-04
-2.196701849850699e-04
-2.526872300225907e-04
-2.219184528499977e-04
-4.023094985470936e-05
1.340382042402418e-03
1.600540468953437e-03
1.411947268485155e-03
2.100257906090505e-03
3.429997319333140e-03
5.464280210327907e-03
8.357413562341142e-03
1.234152594267465e-02
1.773165013762476e-02
2.493820475703553e-02
3.432498921714326e-02
4.646595913441520e-02
6.263740708831891e-02
8.516193754957876e-02
1.157240650948262e-01
1.559437732398653e-01
2.100191337777093e-01
2.831167199400005e-01
3.809164884988793e-01
5.026699032326321e-01
6.286098676229132e-01
7.567906715002874e-01
1.000000000000000e+00
1.000000000000000e+00
1.000000000000000e+00
1.000000000000000e+00
1.000000000000000e+00
1.000000000000000e+00
1.000000000000000e+00
1.000000000000000e+00
1.000000000000000e+00
1.000000000000000e+00
1.000000000000000e+00
###5.200000000000000e+00
-1.603926996948907e-07
3.988484269720229e-08
2.191879628711817e-08
1.388270322903759e-07
-6.410113938011611e-08
8.167396583093849e-08
-8.419032964873280e-08
-6.547126054906985e-08
1.982520079133662e-07
1.803084375165444e-07
2.612818920304262e-07
1.396548086556822e-07
1.750227587895494e-07
1.303275537472936e-07
1.173010888928808e-07
2.015962407611461e-07
2.088006869237179e-07
2.037362113660318e-07
2.139653358555362e-07
2.122716695031319e-07
2.474684660816018e-07
2.142143773372595e-07
2.109802395309437e-07
2.134551018447701e-07
2.208924299379763e-07
2.304620287182578e-07
2.309019212887101e-07
2.238808330591876e-07
2.476202692391183e-07
2.686292722987908e-07
3.011084567813705e-07
3.260254795744016e-07
3.345457776722767e-07
3.587080729889476e-07
3.950090402052145e-07
4.548739067896379e-07
5.205254366911490e-07
5.859253932983476e-07
6.762142685824100e-07
7.879119841146727e-07
9.221762660957711e-07
1.104024833148454e-06
1.308478602732164e-06
1.550792731102884e-06
1.849939527033084e-06
2.201038068070165e-06
2.601653441106293e-06
2.994113391574738e-06
3.504500096362030e-06
3.993409039242179e-06
4.426914803237032e-06
4.825345972544254e-06
5.224795005747069e-06
7.365894915063351e-06
8.919156861496896e-06
1.052943767516252e-06
-6.793731837216724e-06
-1.765550642591146e-05
-3.461711328194955e-05
-5.640445733386460e-05
-8.786862728477006e-05
-1.284651320408476e-04
-1.763911679364165e-04
-2.209176745254505e-04
-2.315684874483280e-04
-1.383931319268973e-04
3.570241933866518e-04
1.807843413853482e-03
1.888791626195243e-03
1.762443648874008e-03
2.565378222997471e-03
4.090786294745625e-03
6.406033337856760e-03
9.682676398152359e-03
1.417842241638352e-02
2.023420308750835e-02
2.826477605015094e-02
3.868798566904921e-02
5.205775097037391e-02
6.972822794495671e-02
9.396715991423528e-02
1.265012774816676e-01
1.686409688355109e-01
2.241893814209895e-01
2.974306054898674e-01
3.926745313285955e-01
5.085433752730407e-01
6.282426397548003e-01
7.544365484936487e-01
1.000000000000000e+00
1.000000000000000e+00
1.000000000000000e+00
1.000000000000000e+00
1.000000000000000e+00
1.000000000000000e+00
1.000000000000000e+00
1.000000000000000e+00
1.000000000000000e+00
1.000000000000000e+00
1.000000000000000e+00
###5.600000000000001e+00
-2.697530746724252e-07
1.600897897922808e-07
3.422922679072553e-08
2.222532775328496e-07
-7.821759442825531e-08
5.103528963123986e-08
-7.547855981141243e-08
-4.916739934573438e-08
2.067781099682774e-07
2.139160583604725e-07
2.841434321968716e-07
2.661877193324127e-07
1.804368317720050e-07
-9.503622612030426e-09
1.398042847575526e-07
2.224278555068081e-07
2.403540757529861e-07
2.215809940458722e-07
2.437963065392788e-07
2.337509603202917e-07
3.176097551410247e-07
2.460890231031696e-07
2.408888908256595e-07
2.411449956519150e-07
2.582074626243357e-07
2.660042540320640e-07
2.736981686070432e-07
2.673116959528577e-07
2.896833211277405e-07
3.077927811940325e-07
3.549331383703329e-07
3.835906680188916e-07
4.067144662088129e-07
4.276573593722273e-07
4.685659217267756e-07
5.359654853428358e-07
6.107018403147188e-07
6.880542865960071e-07
7.973532603417885e-07
9.250882089857250e-07
1.090657804217276e-06
1.304676976772599e-06
1.540540613857623e-06
1.840901110914954e-06
2.193990899253222e-06
2.613009632087099e-06
3.102730309712922e-06
3.571368908047800e-06
4.232313564288691e-06
4.871851405091822e-06
5.510251752908428e-06
6.124787950427906e-06
6.873640512950752e-06
9.204072746306868e-06
1.235668066187796e-05
6.931358942924329e-06
-3.138714061687071e-06
-1.435591663389343e-05
-3.141250338124966e-05
-5.288251113915374e-05
-8.320392950643297e-05
-1.206591124764294e-04
-1.606200863221924e-04
-1.856296641075747e-04
-1.455481836140255e-04
1.193987449229124e-04
1.170352249268166e-03
2.347363422933163e-03
2.159927679900573e-03
2.181443671256793e-03
3.117671272533684e-03
4.848033708741603e-03
7.460973952646320e-03
1.113868953863525e-02
1.615580272557166e-02
2.289215623222332e-02
3.177530069016149e-02
4.323590072713450e-02
5.783507163247711e-02
7.699105999303299e-02
1.029082152260468e-01
1.373585202592793e-01
1.812558487270181e-01
2.381276391940112e-01
3.113741032283322e-01
4.043507891552443e-01
5.149332692761217e-01
6.290796295095779e-01
7.529891451501414e-01
1.000000000000000e+00
1.000000000000000e+00
1.000000000000000e+00
1.000000000000000e+00
1.000000000000000e+00
1.000000000000000e+00
1.000000000000000e+00
1.000000000000000e+00
1.000000000000000e+00
1.000000000000000e+00
1.000000000000000e+00
###6.000000000000001e+00
-3.645067978163359e-07
1.090866631357573e-08
2.755856019618103e-08
2.438120363058376e-07
-6.890252643337445e-08
7.190503049105602e-08
-3.111030586531374e-08
1.458736541465042e-08
2.084052727355999e-07
2.547418715826447e-07
3.104992119072305e-07
2.974342611621873e-07
2.361476733466640e-07
6.829597308639134e-08
1.780200545558349e-07
2.655247910934022e-07
2.868676324929917e-07
2.641422812939322e-07
2.851035630454525e-07
2.822206590864095e-07
3.648213763231173e-07
2.973333285224640e-07
2.755610968408027e-07
3.000309854210394e-07
3.178536860967415e-07
3.255975959165752e-07
3.432245202923834e-07
3.364573953509509e-07
3.613784062521220e-07
3.844276014031094e-07
4.343514038253882e-07
4.707449843913208e-07
4.975768185467224e-07
5.216786936252864e-07
5.725974853105985e-07
6.527980955520171e-07
7.301732889165221e-07
8.260548130463869e-07
9.595849670342448e-07
1.113627890400175e-06
1.302231732035973e-06
1.550353216122523e-06
1.826842816834642e-06
2.099454453363755e-06
2.592191142580921e-06
3.086354126444210e-06
3.667403722964935e-06
4.267871579121232e-06
5.043901510842674e-06
5.855622315293644e-06
6.715701825162617e-06
7.609937506228039e-06
8.718059709594965e-06
1.144854239831351e-05
1.645901971958438e-05
1.407598995274920e-05
2.109924273447993e-06
-9.910635397310881e-06
-2.685550967376369e-05
-4.762351375538855e-05
-7.587696497028577e-05
-1.085171455121130e-04
-1.367650039880080e-04
-1.325721451178204e-04
-8.863938616737405e-06
6.958584864603940e-04
1.598174324158992e-03
2.387728119020177e-03
2.352137196357201e-03
2.544273922207424e-03
3.652326731173007e-03
5.609829856147249e-03
8.538076000365541e-03
1.263226383139389e-02
1.818998483510823e-02
2.561923390335207e-02
3.536526359486590e-02
4.785672792909021e-02
6.370573622202282e-02
8.430698172523203e-02
1.118996888028815e-01
1.481172790102578e-01
1.937413177829341e-01
2.517892349608566e-01
3.250445933745701e-01
4.158903090364025e-01
5.217702094218205e-01
6.310288990265126e-01
7.525792882115290e-01
1.000000000000000e+00
1.000000000000000e+00
1.000000000000000e+00
1.000000000000000e+00
1.000000000000000e+00
1.000000000000000e+00
1.000000000000000e+00
1.000000000000000e+00
1.000000000000000e+00
1.000000000000000e+00
1.000000000000000e+00
###6.400000000000001e+00
-4.708707608021336e-07
8.429928874200507e-09
-1.666457214534159e-08
4.919495367524674e-08
-6.502563948050422e-08
7.733559235225869e-08
-2.853284700296881e-08
5.572472217931305e-08
1.843672556736413e-07
2.592571103367726e-07
3.003764483623319e-07
3.246476396764878e-07
2.528186109499402e-07
9.746890534699255e-08
1.931462646251681e-07
2.908532300269775e-07
3.027866284785725e-07
3.053496100254642e-07
2.975523612260949e-07
3.005010882128295e-07
3.810330703604703e-07
2.936702441294750e-07
3.054560572685454e-07
3.314188238804873e-07
3.524463494802779e-07
3.581094753199921e-07
3.794035054170525e-07
3.776134097795664e-07
4.064354450894599e-07
4.362736095006092e-07
4.874841679491736e-07
5.279755583234573e-07
5.557557917936279e-07
5.917637765229676e-07
6.501626048487453e-07
7.428248929055441e-07
8.324896726411209e-07
9.407540198780254e-07
1.091036553057175e-06
1.269550372414724e-06
1.486313952167402e-06
1.763496528410309e-06
2.078959696563393e-06
2.411310441721045e-06
2.947552438917513e-06
3.520692470115616e-06
4.187935611280262e-06
4.895033023992373e-06
5.787748070382439e-06
6.735137490897748e-06
7.774416930623683e-06
8.891795400949894e-06
1.027849804582364e-05
1.323404225419691e-05
1.812028302123698e-05
1.872722800961197e-05
1.035007198743057e-05
-5.368038886403860e-06
-2.304744820567267e-05
-4.361612044398344e-05
-7.036624382949550e-05
-9.862577849594659e-05
-1.150704471777816e-04
-7.739448973590660e-05
2.084637465564506e-04
9.232833719659720e-04
1.659514659402436e-03
2.385550663936287e-03
2.494176388576737e-03
2.884316507433659e-03
4.180552050143782e-03
6.382385404311334e-03
9.634231283382460e-03
1.416082202296188e-02
2.027941716463619e-02
2.841622769677337e-02
3.902876222538533e-02
5.256676426199753e-02
6.967032989345190e-02
9.172029630080232e-02
1.209393659144945e-01
1.588444118363282e-01
2.060342084308872e-01
2.651899621065011e-01
3.384301503719906e-01
4.273137849141254e-01
5.290921939288774e-01
6.337737336296838e-01
7.530269007658291e-01
1.000000000000000e+00
1.000000000000000e+00
1.000000000000000e+00
1.000000000000000e+00
1.000000000000000e+00
1.000000000000000e+00
1.000000000000000e+00
1.000000000000000e+00
1.000000000000000e+00
1.000000000000000e+00
1.000000000000000e+00
###6.800000000000002e+00
-4.715641101398025e-07
-1.918732877106353e-08
-2.764369289652560e-08
2.449357568293784e-07
-1.927359484390930e-07
1.123432026165315e-07
-6.020570157229420e-08
5.463611155705193e-08
1.719716523582845e-07
2.724913123373039e-07
3.068600929901716e-07
3.374047398072308e-07
2.481881038991981e-07
1.210747192784057e-07
2.139510927478473e-07
3.093685171454509e-07
3.160616499633423e-07
3.187872297790921e-07
3.147473492504867e-07
3.299280466408236e-07
3.891641309808432e-07
3.070060191563481e-07
3.376011474310414e-07
3.688964722579100e-07
3.882269040876434e-07
4.001118266642037e-07
4.220787192596033e-07
4.231488930347368e-07
4.535638839300458e-07
4.955580663449385e-07
5.427472252845086e-07
5.847477261746868e-07
6.232853373553621e-07
6.681860223759238e-07
7.391677761556123e-07
8.398185607437109e-07
9.408411244816148e-07
1.065897655404759e-06
1.238237165997622e-06
1.443422588128973e-06
1.689195120328058e-06
1.996636353359613e-06
2.362959847109518e-06
2.753263330276456e-06
3.348445650201614e-06
4.001518767744985e-06
4.776057286917130e-06
5.607025748471967e-06
6.649761949216636e-06
7.782612996639164e-06
9.058420408341576e-06
1.048041678575652e-05
1.226908962607108e-05
1.558880034850905e-05
2.091266189030022e-05
2.444484578330366e-05
2.062915842218758e-05
3.562724799259572e-06
-1.483390737739502e-05
-3.380768405194642e-05
-5.627008457814093e-05
-7.494571370164701e-05
-6.861541652738853e-05
4.052336946922600e-05
5.511318482591868e-04
1.166573931934792e-03
1.727690490135276e-03
2.436035067752063e-03
2.685793976215413e-03
3.270577453059418e-03
4.764883357776391e-03
7.220007450349572e-03
1.081093055301270e-02
1.578549099671047e-02
2.247009221149816e-02
3.131691215537901e-02
4.281757154944493e-02
5.739608403170637e-02
7.574019982061213e-02
9.924399325643267e-02
1.300197905097835e-01
1.695783299631253e-01
2.182507161975137e-01
2.783725033382037e-01
3.516546498417532e-01
4.386129273842609e-01
5.367553441768477e-01
6.373422752605351e-01
7.541148641563921e-01
1.000000000000000e+00
1.000000000000000e+00
1.000000000000000e+00
1.000000000000000e+00
1.000000000000000e+00
1.000000000000000e+00
1.000000000000000e+00
1.000000000000000e+00
1.000000000000000e+00
1.000000000000000e+00
1.000000000000000e+00
###7.200000000000002e+00
-4.742159568931642e-07
-2.135768643118027e-08
3.587551464019496e-08
2.126474879182371e-07
-1.758426838903595e-07
1.802311745805158e-07
-8.967279280500621e-08
9.651338995521799e-08
2.164712620173055e-07
3.132105154355136e-07
3.254916332227147e-07
3.777277413852010e-07
2.799242749103851e-07
1.727289934064235e-07
2.530749926584347e-07
3.395856493438620e-07
3.564328820087110e-07
3.612281362755229e-07
3.668380919058569e-07
3.785375948663724e-07
4.331399518713629e-07
3.587584052305686e-07
3.927228065252514e-07
4.160791254458977e-07
4.488641087802412e-07
4.645438988687266e-07
4.925161584715725e-07
4.962187406117930e-07
5.289269711270129e-07
5.763204692790821e-07
6.302522608999928e-07
6.792785099841053e-07
7.158248895059303e-07
7.785022337719312e-07
8.533780168419814e-07
9.713160483359482e-07
1.079190062023296e-06
1.229762094620797e-06
1.423260302390056e-06
1.656321777194422e-06
1.926331721671535e-06
2.275013624243292e-06
2.685807062621212e-06
3.144783669978936e-06
3.800499000443503e-06
4.536329504326458e-06
5.413186466939266e-06
6.373859996142085e-06
7.569293194015723e-06
8.904327193187825e-06
1.040182850240746e-05
1.210946646332361e-05
1.429087732704923e-05
1.791887097600469e-05
2.363918260193799e-05
2.798024845270449e-05
2.978030642625984e-05
1.957368269410908e-05
-4.079291516373485e-06
-2.186101151330592e-05
-3.922958834884547e-05
-4.684978724992559e-05
-5.882589014130773e-06
2.587618941742192e-04
7.186029741898790e-04
1.203396221332199e-03
1.768329644836287e-03
2.479247924583959e-03
2.884131780194805e-03
3.666110868718012e-03
5.369765599531523e-03
8.091872556462435e-03
1.203533843310438e-02
1.746738120814596e-02
2.473403698777413e-02
3.430149893227582e-02
4.668951943960931e-02
6.232434603650955e-02
8.191305989556411e-02
1.067919165133968e-01
1.391190762607795e-01
1.802658506398662e-01
2.303307063138395e-01
2.913007177906577e-01
3.645456108689817e-01
4.498477978950016e-01
5.445807594800783e-01
6.413032548895035e-01
7.553766668798609e-01
1.000000000000000e+00
1.000000000000000e+00
1.000000000000000e+00
1.000000000000000e+00
1.000000000000000e+00
1.000000000000000e+00
1.000000000000000e+00
1.000000000000000e+00
1.000000000000000e+00
1.000000000000000e+00
1.000000000000000e+00
###7.600000000000002e+00
-4.268092562750787e-07
-2.791192166277549e-10
4.198707624162279e-08
2.492395885843940e-07
-1.362559008789207e-07
1.979831836934001e-07
-1.519445689543096e-07
1.689283011420569e-07
2.378558849286875e-07
3.599579467482448e-07
3.917048686655182e-07
4.387903592967584e-07
3.362429698590227e-07
2.472126417096111e-07
3.113239718712986e-07
4.410054804430682e-07
4.093237626046897e-07
3.876240932291098e-07
4.271191757591556e-07
4.491178616203322e-07
4.896915124277309e-07
4.357790001366841e-07
4.661303685078766e-07
5.037580108081610e-07
5.329893477900370e-07
5.500010725964708e-07
5.846831699407619e-07
5.933274789234761e-07
6.321882629741181e-07
6.784973997805788e-07
7.411807821377398e-07
7.983143200190494e-07
8.445896977546646e-07
9.175368934544862e-07
1.001680671291707e-06
1.131070876911222e-06
1.257176712157695e-06
1.427958368005858e-06
1.643116682737581e-06
1.902307952054507e-06
2.204398350503494e-06
2.601068412127499e-06
3.057437145095294e-06
3.579439280482069e-06
4.304721952831759e-06
5.133441207024313e-06
6.118720537143835e-06
7.223808884036985e-06
8.578487498953477e-06
1.012483514375668e-05
1.189581985580520e-05
1.392090312841196e-05
1.653697527719164e-05
2.060495172358037e-05
2.684772718101206e-05
3.246036911877297e-05
3.950956152758848e-05
3.838605433505506e-05
1.292519561656242e-05
-6.237337859940022e-06
-1.847003207073181e-05
-1.005578969486255e-05
1.003178444785694e-04
3.754023988184004e-04
7.702397382123160e-04
1.235072630737300e-03
1.807382436740857e-03
2.548485787526053e-03
3.103362058421993e-03
4.083716841919785e-03
6.005670245548422e-03
9.007258282975734e-03
1.331255053582253e-02
1.921698996712550e-02
2.706856534940116e-02
3.737700977442325e-02
5.066022725162261e-02
6.734338296786402e-02
8.817639756519040e-02
1.144494600860060e-01
1.482720268138890e-01
1.909031709954961e-01
2.422667072292938e-01
3.041008617954363e-01
3.772703330345391e-01
4.611335948086816e-01
5.527073095377537e-01
6.457703243144629e-01
7.574944643000835e-01
1.000000000000000e+00
1.000000000000000e+00
1.000000000000000e+00
1.000000000000000e+00
1.000000000000000e+00
1.000000000000000e+00
1.000000000000000e+00
1.000000000000000e+00
1.000000000000000e+00
1.000000000000000e+00
1.000000000000000e+00
###8.000000000000002e+00
-4.804323737902308e-07
-1.063631484265513e-08
-1.331384452704239e-07
1.255770723633201e-07
-1.004983481861468e-07
1.675663420784150e-07
-1.176220087712846e-07
7.389146209969136e-08
2.545494231816447e-07
3.844317618151072e-07
4.303057699141235e-07
4.780514905221634e-07
3.890013073456640e-07
2.925189649657139e-07
3.626351012586527e-07
4.754199116227455e-07
4.524600388471289e-07
4.358483104571968e-07
4.781479978102752e-07
4.859792056111614e-07
5.423956058903216e-07
4.997259636893634e-07
5.317945274871295e-07
5.722541499234816e-07
6.023125785913896e-07
6.221009892776539e-07
6.689345277865099e-07
6.754345193077696e-07
7.322157866520599e-07
7.705917819353748e-07
8.396034262760348e-07
9.046042259297858e-07
9.623359439671762e-07
1.045725640095654e-06
1.145614810303568e-06
1.281941476642211e-06
1.431047302871894e-06
1.616580593558263e-06
1.850602993306820e-06
2.138552768161391e-06
2.474733511763916e-06
2.907175252107610e-06
3.413743186079061e-06
4.007571916380067e-06
4.795937262730459e-06
5.708154860460566e-06
6.782658120100730e-06
8.033509427732494e-06
9.520296056516220e-06
1.125172940109095e-05
1.324505615273319e-05
1.552388108491880e-05
1.840698373368966e-05
2.279256012335637e-05
2.917835518546948e-05
3.518013477381447e-05
4.261017874232701e-05
4.340245395302333e-05
2.485245047258595e-05
1.082545854456224e-05
4.037854521560848e-06
4.176186539583162e-05
1.652350831538694e-04
4.164383093859400e-04
7.952681959753694e-04
1.262787973076008e-03
1.858608765123224e-03
2.641530947722924e-03
3.347380171750217e-03
4.529841781586251e-03
6.677474926149529e-03
9.966543798133606e-03
1.464762717272765e-02
2.103065949313454e-02
2.948348759066845e-02
4.052802733824225e-02
5.470064103718315e-02
7.248978938708524e-02
9.449767300620074e-02
1.221658370327087e-01
1.574537069076971e-01
2.014949044985405e-01
2.541135865276446e-01
3.166921591106690e-01
3.897879331718118e-01
4.722637104980786e-01
5.610570677906371e-01
6.507564017491396e-01
7.600295004488623e-01
1.000000000000000e+00
1.000000000000000e+00
1.000000000000000e+00
1.000000000000000e+00
1.000000000000000e+00
1.000000000000000e+00
1.000000000000000e+00
1.000000000000000e+00
1.000000000000000e+00
1.000000000000000e+00
1.000000000000000e+00
###8.400000000000002e+00
-4.799839056529944e-07
-2.065186282176068e-08
-9.501140441665394e-08
1.220042634827410e-07
-7.851808452261246e-08
1.720326389436224e-07
-8.629727311816637e-08
-6.730309866052877e-09
2.527794735333664e-07
2.985919289883006e-07
4.336095271486258e-07
5.048005911230860e-07
3.992445481385302e-07
3.020862010325306e-07
3.887067605240839e-07
4.996993641406797e-07
4.853954631164414e-07
4.658702799115362e-07
4.983166211851366e-07
5.331707357623070e-07
5.762500712282677e-07
5.420356500760723e-07
5.669224707419665e-07
6.155054139554840e-07
6.418807441396191e-07
6.755887597383451e-07
7.280729999304149e-07
7.423712933787592e-07
8.023029432090115e-07
8.454238523295718e-07
9.192651220803689e-07
9.925990721226286e-07
1.056700425355188e-06
1.158916844253550e-06
1.265170523716167e-06
1.423918015358088e-06
1.573267524727367e-06
1.787184426509887e-06
2.043979725634092e-06
2.360828633442799e-06
2.734244648099907e-06
3.200234028344111e-06
3.719746926611919e-06
4.414290764054929e-06
5.256984939342590e-06
6.262982423606264e-06
7.428090793343110e-06
8.792872981427112e-06
1.042320605304743e-05
1.231707006076601e-05
1.447881421762876e-05
1.700771781358744e-05
2.013613522831045e-05
2.471587160639170e-05
3.114074989827100e-05
3.736489682253662e-05
4.481849013315024e-05
4.634659593742787e-05
3.340516019961954e-05
2.128798703004511e-05
2.045788074774436e-05
6.371890859143872e-05
1.905453819092575e-04
4.403933543216849e-04
8.184959280859009e-04
1.298326944876134e-03
1.925016555090674e-03
2.761533734247786e-03
3.619966090234361e-03
5.006826062844276e-03
7.386961222861606e-03
1.097979086013340e-02
1.603833551339804e-02
2.291100239612165e-02
3.197979559665576e-02
4.378192875463171e-02
5.884989197374030e-02
7.770558641110052e-02
1.009272971867662e-01
1.299407442095008e-01
1.665943217604756e-01
2.120271313750738e-01
2.658367825446906e-01
3.291000266153228e-01
4.020443773231134e-01
4.830639301123708e-01
5.693826258674776e-01
6.558843230003299e-01
7.624296926318183e-01
1.000000000000000e+00
1.000000000000000e+00
1.000000000000000e+00
1.000000000000000e+00
1.000000000000000e+00
1.000000000000000e+00
1.000000000000000e+00
1.000000000000000e+00
1.000000000000000e+00
1.000000000000000e+00
1.000000000000000e+00
###8.800000000000002e+00
-5.035208845284210e-07
1.193802563211778e-08
-5.764826203268900e-08
1.223884497492837e-07
-2.917520110887175e-08
2.522342214340264e-08
-8.591202016472209e-08
9.668747606875111e-09
2.743417100257082e-07
3.064228142086745e-07
4.447834419231938e-07
5.266879760284153e-07
3.828682758466533e-07
3.231201680574548e-07
4.099587598268934e-07
5.274693440553210e-07
5.238911519470472e-07
4.931689273221097e-07
5.301406841846121e-07
5.487361629647400e-07
6.134658657914062e-07
5.853658710701212e-07
6.074134974928972e-07
6.640982203994027e-07
6.895963588270704e-07
7.319361830601016e-07
7.878652777027540e-07
8.084549537394986e-07
8.728092537859148e-07
9.218854783256984e-07
1.002795661892453e-06
1.083900654119637e-06
1.160731175404014e-06
1.268078893922285e-06
1.390522305049206e-06
1.563917738477317e-06
1.730675581072222e-06
1.965331667896450e-06
2.248278357804852e-06
2.592087255011790e-06
3.006657097269866e-06
3.505841071823102e-06
4.083672185081916e-06
4.835680808561123e-06
5.746021165396968e-06
6.837307812293184e-06
8.103757016422555e-06
9.592379689019660e-06
1.136662249825681e-05
1.343455511149281e-05
1.581378106092708e-05
1.860646854433391e-05
2.201070646486487e-05
2.688869797872822e-05
3.349418071178728e-05
4.012025698505787e-05
4.780508297342089e-05
5.048110956745818e-05
4.179506840288745e-05
3.371734186536368e-05
3.946229249788509e-05
8.919667769210681e-05
2.210930919752771e-04
4.731167856781216e-04
8.557455009257858e-04
1.353739316365106e-03
2.018119148438855e-03
2.917321116139077e-03
3.929293403907960e-03
5.523884724908784e-03
8.146555656707105e-03
1.205042200227590e-02
1.750660415493752e-02
2.487558439613871e-02
3.457174938127505e-02
4.712541048727712e-02
6.309629124149477e-02
8.302715039978278e-02
1.074684890280940e-01
1.378044064930266e-01
1.758280856117833e-01
2.225517841015829e-01
2.774589085440879e-01
3.414159654510436e-01
4.140687009323142e-01
4.938798261266188e-01
5.776913222153511e-01
6.609317976855132e-01
7.649092978765393e-01
1.000000000000000e+00
1.000000000000000e+00
1.000000000000000e+00
1.000000000000000e+00
1.000000000000000e+00
1.000000000000000e+00
1.000000000000000e+00
1.000000000000000e+00
1.000000000000000e+00
1.000000000000000e+00
1.000000000000000e+00
###9.200000000000003e+00
-5.178999059196588e-07
-1.501887794304954e-07
1.262708198629436e-08
1.495010989595932e-07
1.809179206201014e-07
4.298470887612564e-08
-4.937368529842046e-08
-2.577889278142068e-08
2.708507133543443e-07
2.493451330145013e-07
4.557701290068453e-07
5.391127775265611e-07
3.982132403721288e-07
3.443646017888555e-07
4.219286552613129e-07
5.688360061415329e-07
5.479842427186828e-07
5.353326980398463e-07
5.302770452980116e-07
5.894180744432448e-07
6.450182567191745e-07
6.200738576849899e-07
6.567759475809570e-07
7.134410670464844e-07
7.431589035885267e-07
7.886368966368693e-07
8.445847357237745e-07
8.868853445882920e-07
9.966684262415524e-07
1.012993235748239e-06
1.091191729234679e-06
1.185537762048588e-06
1.276079561356493e-06
1.393149087520117e-06
1.525901662198171e-06
1.716182818141689e-06
1.902854364827652e-06
2.155906464116728e-06
2.470042456454756e-06
2.846631380150809e-06
3.295097000903317e-06
3.838404494435829e-06
4.469618397060350e-06
5.294589007565399e-06
6.270394175536402e-06
7.449720010051276e-06
8.825079116533460e-06
1.045584605760731e-05
1.237729023396000e-05
1.465092593207573e-05
1.725905034214206e-05
2.033380012386344e-05
2.407212462580402e-05
2.931977388224413e-05
3.623266026232803e-05
4.340703982915568e-05
5.172577365802435e-05
5.598773668837572e-05
5.105838116804215e-05
4.825619574271203e-05
6.129408341650267e-05
1.186317456755329e-04
2.577355673757911e-04
5.151598898250131e-04
9.077158239300855e-04
1.429289312952329e-03
2.137236936648314e-03
3.108416842251274e-03
4.277126303044524e-03
6.083214436698002e-03
8.956473005951553e-03
1.317790084029853e-02
1.904081476127137e-02
2.692231273553159e-02
3.726063967331367e-02
5.056841523073902e-02
6.745456070874510e-02
8.844162650006032e-02
1.141143191822815e-01
1.457407412560902e-01
1.850994702657741e-01
2.331063739655335e-01
2.890151950609320e-01
3.535130429439847e-01
4.258872156263713e-01
5.046472122514289e-01
5.862584414505488e-01
6.663210766876555e-01
7.678540255532930e-01
1.000000000000000e+00
1.000000000000000e+00
1.000000000000000e+00
1.000000000000000e+00
1.000000000000000e+00
1.000000000000000e+00
1.000000000000000e+00
1.000000000000000e+00
1.000000000000000e+00
1.000000000000000e+00
1.000000000000000e+00
###9.600000000000003e+00
-4.870229220913288e-07
-1.289350532168722e-07
2.266932737279015e-09
1.207524360140698e-07
2.186128724379722e-07
1.204115920000371e-08
2.628868675938830e-08
3.043027598489850e-09
2.822630883949979e-07
2.762198530205568e-07
4.816153522579652e-07
5.544322794394697e-07
4.427668240618753e-07
3.803261926579427e-07
4.455886894155906e-07
6.030880135182863e-07
5.877424440103615e-07
5.792674627052689e-07
5.804770139211898e-07
6.381784985806207e-07
7.066014889316360e-07
6.731683814088054e-07
7.219537988118350e-07
7.790422724025078e-07
8.172105607610074e-07
8.654512859590385e-07
9.309560819966357e-07
9.738370925404407e-07
1.085170894849673e-06
1.114007882075153e-06
1.200178382191543e-06
1.306988571036310e-06
1.404893780205113e-06
1.536873303027459e-06
1.685559592205047e-06
1.889737541965245e-06
2.099184348914163e-06
2.375943006336275e-06
2.720468912134991e-06
3.126142670258651e-06
3.617714351213513e-06
4.203010620400134e-06
4.894620639804222e-06
5.784812295137232e-06
6.841931941203978e-06
8.113524479157233e-06
9.608586143565506e-06
1.138302837410307e-05
1.348122357881908e-05
1.596890244359584e-05
1.883863083313543e-05
2.223082306000865e-05
2.638002028763472e-05
3.206620117876873e-05
3.944789343511727e-05
4.738550583720304e-05
5.665899601270535e-05
6.290037527635898e-05
6.214855565759835e-05
6.515514221156865e-05
8.636186149170067e-05
1.526593128439411e-04
3.012039429269300e-04
5.680683228826919e-04
9.748121727653275e-04
1.526255277559296e-03
2.284905567575767e-03
3.338118636104082e-03
4.666996959514353e-03
6.688062261059302e-03
9.824030655628287e-03
1.437341818858450e-02
2.065414069689177e-02
2.905886211369374e-02
4.003785708631570e-02
5.412562323469546e-02
7.192384609424102e-02
9.397820391123271e-02
1.208368324431360e-01
1.537728980751347e-01
1.944417236044394e-01
2.436259274523454e-01
3.004969562908533e-01
3.655068175720022e-01
4.377358973623728e-01
5.153413841071176e-01
5.948697880779932e-01
6.721828025661911e-01
7.709910888904591e-01
1.000000000000000e+00
1.000000000000000e+00
1.000000000000000e+00
1.000000000000000e+00
1.000000000000000e+00
1.000000000000000e+00
1.000000000000000e+00
1.000000000000000e+00
1.000000000000000e+00
1.000000000000000e+00
1.000000000000000e+00
###1.000000000000000e+01
-5.318178457454688e-07
-8.829006923381658e-08
4.623517098756388e-08
1.069265039137166e-07
2.399994921836678e-07
1.175533471313234e-08
2.188848802804151e-08
3.906197449334972e-08
2.888809704166091e-07
3.051950629314183e-07
5.019700492215475e-07
5.873441674113317e-07
3.447123174976186e-07
3.985041157949628e-07
4.730441216683336e-07
6.276830366034841e-07
6.155663049305863e-07
5.848813725239280e-07
6.062626147816921e-07
6.748668905925587e-07
7.419197523680825e-07
7.305891430470139e-07
7.716971141710166e-07
8.307692955602614e-07
8.809951196141939e-07
9.363337337837190e-07
1.002236127299999e-06
1.059957897347439e-06
1.171277226215745e-06
1.211823196767347e-06
1.307793714288397e-06
1.426706391404129e-06
1.530008438991784e-06
1.681412741167691e-06
1.840110118375791e-06
2.065673495710537e-06
2.299019466060145e-06
2.595637714511676e-06
2.977583841257511e-06
3.407965712756964e-06
3.943293107905566e-06
4.579909812774923e-06
5.334041082731226e-06
6.287938983734982e-06
7.433285655750657e-06
8.808012777893064e-06
1.043269064743484e-05
1.236018891073203e-05
1.464417957147615e-05
1.737288536361384e-05
2.054214500672448e-05
2.432233419934709e-05
2.896438071444884e-05
3.516699704384052e-05
4.316002715943266e-05
5.211270515117154e-05
6.269433858238227e-05
7.135311601249541e-05
7.521533035871837e-05
8.488930684711058e-05
1.150346464030417e-04
1.917363578881841e-04
3.522195285476539e-04
6.322240674138277e-04
1.058343407061042e-03
1.645766535083420e-03
2.462335447089455e-03
3.604905312605456e-03
5.097958298925005e-03
7.340975251307642e-03
1.074758601128274e-02
1.563826769674666e-02
2.234560629243887e-02
3.128237374361947e-02
4.291424525673299e-02
5.779353742410961e-02
7.650646554964970e-02
9.962582180636748e-02
1.276744379010730e-01
1.618696409102628e-01
2.038264157547937e-01
2.541567190945100e-01
3.119193084916529e-01
3.773887683985021e-01
4.494360851427902e-01
5.259436465930569e-01
6.036461536669915e-01
6.779423801949472e-01
7.743731111434614e-01
1.000000000000000e+00
1.000000000000000e+00
1.000000000000000e+00
1.000000000000000e+00
1.000000000000000e+00
1.000000000000000e+00
1.000000000000000e+00
1.000000000000000e+00
1.000000000000000e+00
1.000000000000000e+00
1.000000000000000e+00
###1.040000000000000e+01
-5.382947276851018e-07
-7.185288430534097e-08
3.484932489802948e-09
1.686081757064999e-07
1.929327625912833e-07
1.168113531938315e-08
4.639050841569899e-08
6.444425436794160e-08
3.005476134143329e-07
2.811683377614706e-07
5.274172053490069e-07
6.039435025988304e-07
4.467522898867972e-07
4.323445698372101e-07
4.961563067373204e-07
6.477011749564296e-07
6.420575610594905e-07
6.248114614209992e-07
6.460148747897502e-07
7.182845547218253e-07
7.886306008974811e-07
7.756595238475462e-07
8.304127855879871e-07
8.918551082772931e-07
9.458403087967132e-07
1.007357425062636e-06
1.082036269542995e-06
1.148654890243084e-06
1.260812281147411e-06
1.314903589533977e-06
1.419125262824940e-06
1.548666090472504e-06
1.665126826170671e-06
1.832748889489141e-06
2.007794448780522e-06
2.248915487880207e-06
2.504972303365822e-06
2.831107298087550e-06
3.244606692247761e-06
3.709785591209558e-06
4.289706495160670e-06
4.978904867363542e-06
5.794354362722375e-06
6.831700546810134e-06
8.065854205314601e-06
9.550862498644399e-06
1.131628553946649e-05
1.341698888029572e-05
1.590992831250990e-05
1.889628520101657e-05
2.241338040912214e-05
2.663018919988167e-05
3.178945832335317e-05
3.869966844512304e-05
4.752518039502925e-05
5.767834867825687e-05
6.992449415945957e-05
8.149695943393956e-05
9.056218010769142e-05
1.074962743773366e-04
1.477998899983607e-04
2.363469601366093e-04
4.112101709230320e-04
7.078526415918166e-04
1.158566215412233e-03
1.787488104250310e-03
2.669737249461265e-03
3.911362665578159e-03
5.572695434150246e-03
8.043545008581680e-03
1.173042925814605e-02
1.697367481149524e-02
2.411805398812158e-02
3.360017601173906e-02
4.589481595504383e-02
6.156586258849003e-02
8.120789994876235e-02
1.054015657674409e-01
1.346292354435047e-01
1.700786933672597e-01
2.132921766732897e-01
2.647022641164561e-01
3.233339736043773e-01
3.892169089947189e-01
4.609999115745491e-01
5.364410595449837e-01
6.122991162233534e-01
6.838469234675359e-01
7.776573539657238e-01
1.000000000000000e+00
1.000000000000000e+00
1.000000000000000e+00
1.000000000000000e+00
1.000000000000000e+00
1.000000000000000e+00
1.000000000000000e+00
1.000000000000000e+00
1.000000000000000e+00
1.000000000000000e+00
1.000000000000000e+00
###1.080000000000000e+01
-5.544131417401232e-07
-5.054365908116024e-08
1.991316013245206e-08
1.625059007047117e-07
2.166577393879286e-07
-2.003340887336487e-08
5.675974038792018e-08
8.367638793699206e-08
3.155836401724696e-07
2.892828869946632e-07
5.397957004496699e-07
6.146526969862108e-07
4.796017928901532e-07
4.578974184483406e-07
5.163039070645022e-07
6.688406911046445e-07
6.749349630662338e-07
6.403475208467973e-07
6.780537364036142e-07
7.596964145635071e-07
8.310917585475828e-07
8.289988628112214e-07
8.971701276828496e-07
9.527264245552818e-07
1.013252079394834e-06
1.085269387354607e-06
1.161950758607553e-06
1.242019536815612e-06
1.355543800456293e-06
1.423094099873901e-06
1.538123428718595e-06
1.679858794941540e-06
1.810070344312180e-06
1.988978316433454e-06
2.187844017888068e-06
2.449244394398667e-06
2.725414207822250e-06
3.080142822182477e-06
3.529137631756941e-06
4.031464540470420e-06
4.658361645458982e-06
5.403344287597415e-06
6.292786714462115e-06
7.409127534203830e-06
8.746134109422326e-06
1.035222943466295e-05
1.226890190533438e-05
1.455264139331637e-05
1.727964997541487e-05
2.055991920810733e-05
2.446287724030457e-05
2.919319881756010e-05
3.493398877138287e-05
4.268493318229838e-05
5.254583965462733e-05
6.420609577755340e-05
7.850744713766607e-05
9.353174657942271e-05
1.083653640663412e-04
1.335261151531293e-04
1.849082734726518e-04
2.875918502976150e-04
4.790280657709145e-04
7.962550233454298e-04
1.276636233268684e-03
1.953392270600849e-03
2.908367978996044e-03
4.257586358341644e-03
6.094305552328001e-03
8.798115897888502e-03
1.277618693144641e-02
1.838174386364443e-02
2.597625790604063e-02
3.601580782205417e-02
4.898663200833215e-02
6.545173180838143e-02
8.603289473189403e-02
1.112913579213424e-01
1.416986093676202e-01
1.783672851164546e-01
2.228060971332455e-01
2.752677423268950e-01
3.347253775996761e-01
4.009993498462474e-01
4.725230552704793e-01
5.469322216625808e-01
6.208672797645384e-01
6.898381517559697e-01
7.810972691495056e-01
1.000000000000000e+00
1.000000000000000e+00
1.000000000000000e+00
1.000000000000000e+00
1.000000000000000e+00
1.000000000000000e+00
1.000000000000000e+00
1.000000000000000e+00
1.000000000000000e+00
1.000000000000000e+00
1.000000000000000e+00
###1.120000000000000e+01
-4.781748559294974e-07
-3.803903973774349e-08
9.724462506789086e-10
1.639843518351057e-07
2.007098032204650e-07
-3.330896134829338e-08
-2.329318688138915e-08
1.549955609831107e-07
3.796368003130148e-07
3.489847092614113e-07
6.047678054636042e-07
6.621584829278431e-07
5.201675242244859e-07
5.186295677324752e-07
5.899772088766769e-07
7.335663866019507e-07
7.437534695286758e-07
7.171007162540787e-07
7.613928638670839e-07
8.448954118491338e-07
9.192882505356699e-07
9.245234690177737e-07
9.999182551472967e-07
1.062916142474363e-06
1.182909091038347e-06
1.209476934927386e-06
1.293562599165200e-06
1.379866463101445e-06
1.501940819602276e-06
1.589628283768326e-06
1.703496309737844e-06
1.865171904086156e-06
2.009380517753930e-06
2.206587363824783e-06
2.423905573889409e-06
2.707765297793110e-06
3.015374330014917e-06
3.399191926266315e-06
3.883645470767199e-06
4.427418530863064e-06
5.105350655677806e-06
5.913076913573881e-06
6.878992428379172e-06
8.085103190831629e-06
9.527729718580636e-06
1.126419955682884e-05
1.334931863581174e-05
1.582157022193424e-05
1.881437195471008e-05
2.242078911450064e-05
2.676028730319860e-05
3.201762732720718e-05
3.854427799699081e-05
4.721354556848346e-05
5.831575429252785e-05
7.177181564178935e-05
8.861010479535082e-05
1.075580130438632e-04
1.289396485077251e-04
1.631493366423707e-04
2.268813265011168e-04
3.453386883369845e-04
5.562880628836121e-04
8.981732407733002e-04
1.413662887225793e-03
2.144338718069987e-03
3.178639103591448e-03
4.645209303525025e-03
6.665232147411435e-03
9.608399429033469e-03
1.388590539909561e-02
1.985984875305199e-02
2.791541418779429e-02
3.853034804697965e-02
5.218567318719769e-02
6.945901539303538e-02
9.098194148593107e-02
1.172992417518695e-01
1.488859230891223e-01
1.867790694450184e-01
2.323914950633641e-01
2.858910268446769e-01
3.461063667157656e-01
4.127346786005527e-01
4.840298221224341e-01
5.573642615937544e-01
6.294019645522242e-01
6.960011661387790e-01
7.845501673713364e-01
1.000000000000000e+00
1.000000000000000e+00
1.000000000000000e+00
1.000000000000000e+00
1.000000000000000e+00
1.000000000000000e+00
1.000000000000000e+00
1.000000000000000e+00
1.000000000000000e+00
1.000000000000000e+00
1.000000000000000e+00
###1.160000000000000e+01
-4.223863328197436e-07
7.140718133613287e-08
-6.960012844358312e-09
1.870794760649748e-07
2.318254490263765e-07
2.657234917461295e-09
1.556682180376091e-08
1.992467436739755e-07
4.036074433121590e-07
3.882226328836003e-07
6.361383808417004e-07
7.863797029503636e-07
5.728598819553555e-07
5.439113328905035e-07
6.396706235695451e-07
7.827547649752538e-07
7.955777790543968e-07
7.676120132701988e-07
8.217760036184446e-07
9.139570558902884e-07
9.921265332077238e-07
1.009903540035150e-06
1.086167544319017e-06
1.156678540688875e-06
1.275295604622301e-06
1.317457940463363e-06
1.410766507739092e-06
1.509878458436528e-06
1.633854966769870e-06
1.735391712496797e-06
1.864098432024668e-06
2.037301818690046e-06
2.195427456804197e-06
2.417285925483372e-06
2.655446150586724e-06
2.959370886682258e-06
3.298021591284698e-06
3.719121359449255e-06
4.236578755550839e-06
4.829394250688281e-06
5.559781020895946e-06
6.433539652527092e-06
7.481634088859413e-06
8.788951282236548e-06
1.034245481445648e-05
1.222486343703556e-05
1.449201472424822e-05
1.718963705838071e-05
2.047723001952303e-05
2.444022231803591e-05
2.928031362640101e-05
3.517535526619361e-05
4.260041071050295e-05
5.236134467942787e-05
6.491529363893056e-05
8.048898885124966e-05
1.003107533336655e-04
1.238280985264603e-04
1.524164270009579e-04
1.968490516064024e-04
2.742155668235500e-04
4.105247277760724e-04
6.433413499028255e-04
1.014293867477826e-03
1.570038098271679e-03
2.361317752065684e-03
3.482563828947260e-03
5.075584312555293e-03
7.285846748657329e-03
1.047733466035365e-02
1.506481526289686e-02
2.141793622601490e-02
2.994974838707109e-02
4.114865325289827e-02
5.550238281048134e-02
7.359422523826764e-02
9.607040420540985e-02
1.234478498513100e-01
1.562026550820866e-01
1.952878013306779e-01
2.420694091080071e-01
2.965422050812538e-01
3.574013932293080e-01
4.244286483591825e-01
4.954475047480852e-01
5.677016207949510e-01
6.380402625764533e-01
7.023203000931912e-01
7.881669785072037e-01
1.000000000000000e+00
1.000000000000000e+00
1.000000000000000e+00
1.000000000000000e+00
1.000000000000000e+00
1.000000000000000e+00
1.000000000000000e+00
1.000000000000000e+00
1.000000000000000e+00
1.000000000000000e+00
1.000000000000000e+00
###1.200000000000001e+01
-4.224834364422517e-07
8.871127510125171e-08
-1.124647400977639e-08
1.191168265076194e-07
3.193672243714212e-07
5.131003039726209e-08
7.241289312687046e-08
3.268886290699294e-07
5.296832070518771e-07
4.685616983118426e-07
7.437098554886763e-07
8.662235015233734e-07
6.784942863392735e-07
6.492105788242214e-07
7.408675152873909e-07
8.854116475753048e-07
9.096136936376912e-07
8.890773950090337e-07
9.683516907929099e-07
1.035505624038557e-06
1.123281464434105e-06
1.151935482752604e-06
1.237101349258326e-06
1.311548480020194e-06
1.432431617248191e-06
1.493836042652418e-06
1.593700226068853e-06
1.700991907783205e-06
1.836884902112000e-06
1.953912162095244e-06
2.097925858972639e-06
2.289403319702811e-06
2.463632368804622e-06
2.704718581095340e-06
2.969559490897015e-06
3.299354367492529e-06
3.678493533261401e-06
4.126502424823671e-06
4.687170601697251e-06
5.333803768180645e-06
6.118789407348137e-06
7.069920309636725e-06
8.208710345935373e-06
9.617832290064595e-06
1.130410745929474e-05
1.334343936369105e-05
1.582052436158761e-05
1.877210162137017e-05
2.237733039458196e-05
2.667304017985829e-05
3.211899616785680e-05
3.855155124044185e-05
4.716296625415170e-05
5.818832384165267e-05
7.245792925406951e-05
9.049754131880656e-05
1.138211718268977e-04
1.425794588600887e-04
1.791593603503931e-04
2.348540440092409e-04
3.274069436242561e-04
4.835765029771774e-04
7.415375839433596e-04
1.145514821502253e-03
1.746794425434519e-03
2.605297681303122e-03
3.821952152877482e-03
5.548593169248475e-03
7.956708861363879e-03
1.140433632305521e-02
1.631243448502547e-02
2.306194728757092e-02
3.208338153338316e-02
4.387498631601548e-02
5.893728577261092e-02
7.785756372822414e-02
1.012871566511559e-01
1.297441352349619e-01
1.636471296411077e-01
2.039296806728469e-01
2.518236191281658e-01
3.072241933847891e-01
3.688004865272528e-01
4.360496222333233e-01
5.067819702386367e-01
5.780826769265498e-01
6.468787163732970e-01
7.085333531939829e-01
7.920058612828275e-01
1.000000000000000e+00
1.000000000000000e+00
1.000000000000000e+00
1.000000000000000e+00
1.000000000000000e+00
1.000000000000000e+00
1.000000000000000e+00
1.000000000000000e+00
1.000000000000000e+00
1.000000000000000e+00
1.000000000000000e+00
###1.240000000000001e+01
-3.829670327058761e-07
6.596974714569598e-08
1.376503832233213e-08
1.274871685287643e-07
2.396468137220978e-07
5.029746430876481e-08
7.323066700431580e-08
3.467598287431313e-07
5.217176511293125e-07
3.417309371863508e-07
7.636628670753195e-07
8.781796131624373e-07
7.078798733961509e-07
6.757263244802458e-07
7.781133857410608e-07
9.275653951435989e-07
9.486162726690013e-07
9.412743233360421e-07
1.011079136961610e-06
1.098117990728662e-06
1.190998207054444e-06
1.227498643763273e-06
1.316295017596157e-06
1.399874124908875e-06
1.522828298744282e-06
1.604859390890734e-06
1.710051916644531e-06
1.828929399132497e-06
1.977394635844481e-06
2.111128612105705e-06
2.267079217883420e-06
2.470829431745541e-06
2.669410452703017e-06
2.928422376829331e-06
3.222647324744598e-06
3.580372960050244e-06
3.990040011297210e-06
4.475608457870764e-06
5.081948790230922e-06
5.785101855641830e-06
6.628308896582987e-06
7.658279810679672e-06
8.892143439007512e-06
1.041141529255724e-05
1.224192442737109e-05
1.448274632001773e-05
1.715013234725917e-05
2.038955733700357e-05
2.435824284011165e-05
2.913706942248362e-05
3.520443169645019e-05
4.249989639848715e-05
5.221750634106196e-05
6.474481085580133e-05
8.103651581338665e-05
1.019321465970750e-04
1.292265356519370e-04
1.638995895232315e-04
2.094194625557325e-04
2.774270937763285e-04
3.868386296730907e-04
5.648589335329752e-04
8.512792290009671e-04
1.292676790740114e-03
1.945102172016422e-03
2.876846480755508e-03
4.196655305593219e-03
6.067708746688247e-03
8.679002687487884e-03
1.239261059625344e-02
1.763355771855726e-02
2.479182959190811e-02
3.431191585115426e-02
4.671169389979117e-02
6.249438454817086e-02
8.226369621454006e-02
1.066385844669763e-01
1.361657715471370e-01
1.712148361627201e-01
2.126746245628183e-01
2.616749603706160e-01
3.179643363629850e-01
3.801972710918147e-01
4.476503278186923e-01
5.180402946297137e-01
5.883477537686591e-01
6.554573547605809e-01
7.149357862679218e-01
7.958968482439177e-01
1.000000000000000e+00
1.000000000000000e+00
1.000000000000000e+00
1.000000000000000e+00
1.000000000000000e+00
1.000000000000000e+00
1.000000000000000e+00
1.000000000000000e+00
1.000000000000000e+00
1.000000000000000e+00
1.000000000000000e+00
###1.280000000000001e+01
-4.108770065249289e-07
4.286208611575644e-08
1.030741754916386e-08
1.399317246843663e-07
2.550580027770146e-07
5.684304278138267e-08
7.772190855547387e-08
3.645608030118655e-07
5.429604033157779e-07
3.814516925134022e-07
7.992660124464825e-07
9.014978706499825e-07
7.458462566432856e-07
7.217934177590076e-07
8.252076699353188e-07
9.739607626461871e-07
9.926540586896460e-07
1.002969328862477e-06
1.067276274248217e-06
1.168892683653530e-06
1.267424662660727e-06
1.325802880187141e-06
1.408637142885790e-06
1.503235388530828e-06
1.630306037653939e-06
1.725278401871440e-06
1.840658637536812e-06
1.975723772705450e-06
2.133022896032811e-06
2.280759158764954e-06
2.463203597790702e-06
2.675089757202911e-06
2.896310887263906e-06
3.177347248445168e-06
3.499041227459958e-06
3.887259150895517e-06
4.331064268475578e-06
4.857637593836278e-06
5.509859108541577e-06
6.272064276840084e-06
7.183978026447602e-06
8.302049930813852e-06
9.638519231147368e-06
1.127525092619841e-05
1.326203731042881e-05
1.569040775354050e-05
1.860649221693792e-05
2.215453901093722e-05
2.653964333075252e-05
3.186016974601498e-05
3.860416753024217e-05
4.689568140261046e-05
5.789098260335333e-05
7.212856405961772e-05
9.071314916840916e-05
1.148089765804102e-04
1.467382227192906e-04
1.880922379379761e-04
2.434412096368524e-04
3.250918321023230e-04
4.529878404398483e-04
6.553594083488349e-04
9.734847134470081e-04
1.456652862394220e-03
2.165934018277951e-03
3.177501478658410e-03
4.609140191647276e-03
6.633157505082922e-03
9.458242668667786e-03
1.344645735775940e-02
1.902732484998804e-02
2.660765220778254e-02
3.664851717508494e-02
4.966115009840311e-02
6.618318485013057e-02
8.679374390156504e-02
1.121367831195121e-01
1.427242004474524e-01
1.789381089319671e-01
2.215424725768464e-01
2.716020614604967e-01
3.287677224323950e-01
3.916302968600425e-01
4.592402058924179e-01
5.292775208321708e-01
5.987073309578840e-01
6.642305408915362e-01
7.211641777396799e-01
7.998453914179111e-01
1.000000000000000e+00
1.000000000000000e+00
1.000000000000000e+00
1.000000000000000e+00
1.000000000000000e+00
1.000000000000000e+00
1.000000000000000e+00
1.000000000000000e+00
1.000000000000000e+00
1.000000000000000e+00
1.000000000000000e+00
###1.320000000000001e+01
-3.799410245187538e-07
5.230625346704337e-08
-4.719400476224474e-08
1.582650309255789e-07
3.015440526936460e-07
6.724599581225125e-08
9.438223913402991e-08
3.451856947853414e-07
5.784253891404702e-07
4.035713427990697e-07
8.046815560550884e-07
8.399772048895069e-07
7.716433478734904e-07
7.478269469632913e-07
8.611883737404644e-07
1.010496161682020e-06
1.035668431594281e-06
1.055576440538896e-06
1.125371671799733e-06
1.229368134265896e-06
1.334595061700358e-06
1.403631891831677e-06
1.496381721958099e-06
1.598386679372476e-06
1.732734326385303e-06
1.837064864171487e-06
1.966861820678801e-06
2.120935380181638e-06
2.287203442139585e-06
2.449582680190538e-06
2.649416139689391e-06
2.880396545991545e-06
3.127432942711582e-06
3.429258053507862e-06
3.778714503288460e-06
4.199869621771286e-06
4.681412351025208e-06
5.255742098914472e-06
5.956497459071616e-06
6.781788255218953e-06
7.768961196531315e-06
8.974109502965337e-06
1.042167951154686e-05
1.219516298937608e-05
1.435008688926396e-05
1.698965833580160e-05
2.017667154238989e-05
2.407164909920968e-05
2.891206788673421e-05
3.485643027998357e-05
4.237917833408972e-05
5.176978272261055e-05
6.419545865681075e-05
8.038156876825458e-05
1.016198173189607e-04
1.294496351091779e-04
1.665832916256244e-04
2.154291418037108e-04
2.816113752857834e-04
3.782898868976624e-04
5.263585241845981e-04
7.555157004537063e-04
1.108867882766333e-03
1.638382587754404e-03
2.410189177827796e-03
3.509269173462592e-03
5.059469885920371e-03
7.246860517586114e-03
1.029457833566630e-02
1.456798227318961e-02
2.050212416331729e-02
2.851441285863792e-02
3.908868155453794e-02
5.273357370003757e-02
7.000460895969823e-02
9.147303901305429e-02
1.177890816710076e-01
1.494462748029343e-01
1.867964322612295e-01
2.305512094088252e-01
2.816231820571073e-01
3.396643767909071e-01
4.030847461035658e-01
4.708203810032009e-01
5.405239036458921e-01
6.090345784476214e-01
6.728907646457972e-01
7.277425147654322e-01
8.039870199212164e-01
1.000000000000000e+00
1.000000000000000e+00
1.000000000000000e+00
1.000000000000000e+00
1.000000000000000e+00
1.000000000000000e+00
1.000000000000000e+00
1.000000000000000e+00
1.000000000000000e+00
1.000000000000000e+00
1.000000000000000e+00
###1.360000000000001e+01
-3.485824081249307e-07
1.979854561238452e-07
-3.504122031604824e-08
1.570528387462883e-07
3.226622830570698e-07
8.251730863774256e-08
1.457914899787231e-07
3.977157950994645e-07
5.889640475763526e-07
4.340538704187885e-07
8.322507223903074e-07
8.760693472753928e-07
8.107380149479551e-07
7.994542594714176e-07
9.115239296331184e-07
1.057047430600649e-06
1.091244325660634e-06
1.120321753236155e-06
1.194069499890480e-06
1.306320310438941e-06
1.416536288994556e-06
1.496468452520967e-06
1.605326573360557e-06
1.708985174408243e-06
1.847942928243085e-06
1.964267695949490e-06
2.111421072382204e-06
2.278368215013340e-06
2.458763773869517e-06
2.638794963159033e-06
2.857573038465150e-06
3.108568196713907e-06
3.380809124803875e-06
3.709617818611863e-06
4.089945541811023e-06
4.547389313220665e-06
5.067166114240136e-06
5.689463990429673e-06
6.445817206926877e-06
7.338620923606084e-06
8.411268209667390e-06
9.714037033059876e-06
1.128315733906782e-05
1.319844154605073e-05
1.553756598806002e-05
1.841558201960131e-05
2.189791814302103e-05
2.618564612983629e-05
3.152602173924193e-05
3.815319539610070e-05
4.656757910493528e-05
5.717199990605692e-05
7.123335018739293e-05
8.960919852786334e-05
1.138621525370635e-04
1.459078230126476e-04
1.888618813892601e-04
2.460379963916286e-04
3.241710134974118e-04
4.372612987455504e-04
6.075272848112464e-04
8.662628906969576e-04
1.258204489105470e-03
1.838667914466224e-03
2.679058272964691e-03
3.873342764397576e-03
5.551689054300847e-03
7.910155954971758e-03
1.119087841993634e-02
1.575914267397124e-02
2.205885333960842e-02
3.051919125114785e-02
4.163463659122495e-02
5.592513073554629e-02
7.396087321814543e-02
9.630009596322225e-02
1.235938762622987e-01
1.563226504590272e-01
1.948083795924601e-01
2.396888217212403e-01
2.917630415434775e-01
3.506336554440876e-01
4.145629922791585e-01
4.824069031671831e-01
5.517075830960394e-01
6.193015623535899e-01
6.816184872641861e-01
7.344568238652421e-01
8.082482341460883e-01
1.000000000000000e+00
1.000000000000000e+00
1.000000000000000e+00
1.000000000000000e+00
1.000000000000000e+00
1.000000000000000e+00
1.000000000000000e+00
1.000000000000000e+00
1.000000000000000e+00
1.000000000000000e+00
1.000000000000000e+00
###1.400000000000001e+01
-3.699018093748816e-08
1.786883389377681e-07
-2.079236861488637e-08
1.910997085227284e-07
3.245969095236047e-07
1.055948717142722e-07
1.914978477293731e-07
4.352800666344815e-07
5.882591624540139e-07
4.691282291660879e-07
8.583017177828228e-07
8.751436716693402e-07
8.529153234079741e-07
8.573625548875846e-07
9.660747315387283e-07
1.110590472023489e-06
1.153859910011983e-06
1.192256892259169e-06
1.273271857169512e-06
1.390546614378459e-06
1.506911941008540e-06
1.597970938545569e-06
1.714870620978258e-06
1.829657059547658e-06
1.977881239592593e-06
2.107864373227889e-06
2.270515622237280e-06
2.449338521103038e-06
2.645552392942179e-06
2.846898938463512e-06
3.091214864408556e-06
3.355595376253261e-06
3.655398645687989e-06
4.012426968393743e-06
4.422256423239990e-06
4.921075650378985e-06
5.493971505269895e-06
6.157888555392987e-06
6.973600134758263e-06
7.940763778166682e-06
9.101529477411627e-06
1.051175859824798e-05
1.220919605172155e-05
1.428528802872105e-05
1.682920516217814e-05
1.996940738784748e-05
2.378161634973916e-05
2.849026182917994e-05
3.440543908242081e-05
4.179228923952268e-05
5.121290002420258e-05
6.316700803888740e-05
7.905208726955003e-05
9.992055844006038e-05
1.275414492814082e-04
1.643456737446441e-04
2.138230426596263e-04
2.802428646429822e-04
3.714926368918237e-04
5.026183216794656e-04
6.971116693957944e-04
9.878623088813519e-04
1.422189076055427e-03
2.058291452687447e-03
2.973634079959453e-03
4.270319223570036e-03
6.084787823094731e-03
8.625770898494010e-03
1.214836183091537e-02
1.702511972554782e-02
2.370238574984569e-02
3.262342801691551e-02
4.429538235540440e-02
5.925163542945133e-02
7.805756554079171e-02
1.012796705047872e-01
1.295569728110046e-01
1.633584491363615e-01
2.029753956846764e-01
2.489639099452580e-01
3.020441439799739e-01
3.617029412010461e-01
4.261242019532546e-01
4.940340190576182e-01
5.628937912060513e-01
6.295885886786911e-01
6.904347516072947e-01
7.409922422233505e-01
8.125278889819256e-01
1.000000000000000e+00
1.000000000000000e+00
1.000000000000000e+00
1.000000000000000e+00
1.000000000000000e+00
1.000000000000000e+00
1.000000000000000e+00
1.000000000000000e+00
1.000000000000000e+00
1.000000000000000e+00
1.000000000000000e+00
###1.440000000000001e+01
-3.065776198881204e-08
1.326305392698576e-07
-1.178150431336702e-08
1.434580146898895e-07
3.363181960763815e-07
1.108761105708407e-07
1.938855885205460e-07
4.407522320720370e-07
6.407197092581885e-07
4.888184628184158e-07
8.742205717222134e-07
8.923770307602034e-07
8.788663564753663e-07
8.921823664097266e-07
9.983193088569273e-07
1.149348402071807e-06
1.199354269763258e-06
1.251834743846772e-06
1.338714151321412e-06
1.458618324472274e-06
1.583662952542861e-06
1.681055898205040e-06
1.809961754806938e-06
1.936658951387060e-06
2.094659655308795e-06
2.239588259838261e-06
2.415012214611472e-06
2.609762172634852e-06
2.822701556856298e-06
3.044290508648342e-06
3.308395773381310e-06
3.597591708237099e-06
3.927607238596261e-06
4.317558365419077e-06
4.758072277545297e-06
5.295941769334588e-06
5.916249948888868e-06
6.636512005329737e-06
7.516609595524870e-06
8.561111260121482e-06
9.818659679390134e-06
1.134438522293383e-05
1.318373107289105e-05
1.543711834162482e-05
1.820558901920754e-05
2.163019087585403e-05
2.581437743969086e-05
3.100463802212752e-05
3.755357175482215e-05
4.578920721745276e-05
5.633429210048829e-05
6.983114344818384e-05
8.776010158268405e-05
1.114270062801980e-04
1.428245827281574e-04
1.849645099404593e-04
2.416685183106149e-04
3.183545557180541e-04
4.239545363996506e-04
5.746813708176825e-04
7.957301747183403e-04
1.121501059769803e-03
1.602083864349434e-03
2.298983685267701e-03
3.295586829063117e-03
4.701270332603302e-03
6.660538062107298e-03
9.394580075270722e-03
1.316872294066780e-02
1.836666772677526e-02
2.543573506981708e-02
3.482768017281064e-02
4.707272368006137e-02
6.270711859258137e-02
8.229527014262887e-02
1.064161542640391e-01
1.356792316029085e-01
1.705652279070069e-01
2.113114420832839e-01
2.583834754604855e-01
3.124294436107095e-01
3.728402319104665e-01
4.377479886674816e-01
5.056834688899705e-01
5.741133595342219e-01
6.399046199628847e-01
6.991722488150643e-01
7.478326224014494e-01
8.168530938172425e-01
1.000000000000000e+00
1.000000000000000e+00
1.000000000000000e+00
1.000000000000000e+00
1.000000000000000e+00
1.000000000000000e+00
1.000000000000000e+00
1.000000000000000e+00
1.000000000000000e+00
1.000000000000000e+00
1.000000000000000e+00
###1.480000000000001e+01
2.451593458609726e-08
1.690123967492965e-07
-8.956774326249569e-08
3.756465984720620e-07
3.702279053399362e-07
9.113986767536565e-08
2.674068410571502e-07
8.295022371621614e-07
7.354903690531180e-07
5.876788275191161e-07
9.616872811578943e-07
9.808719171802697e-07
9.811016565936311e-07
9.985655082648933e-07
1.106970545852303e-06
1.256190095855929e-06
1.316907827840584e-06
1.378697709139032e-06
1.473369862786198e-06
1.599896683892205e-06
1.732607386651166e-06
1.841725431096637e-06
1.980544074213496e-06
2.119895126490446e-06
2.289460741259077e-06
2.450211728425527e-06
2.616223918724368e-06
2.852216799747115e-06
3.083930744889382e-06
3.327313010854444e-06
3.614542657734126e-06
3.930530677676760e-06
4.290535124415170e-06
4.716057372596390e-06
5.189104827384697e-06
5.775049715932309e-06
6.446937657109364e-06
7.228683949791061e-06
8.180706846346877e-06
9.310708837012431e-06
1.067075964819052e-05
1.232691048489584e-05
1.432150490608129e-05
1.677008092000237e-05
1.979157587981934e-05
2.353057621258764e-05
2.811808061692243e-05
3.384398511786262e-05
4.109915008833677e-05
5.022596705986954e-05
6.199847345279464e-05
7.717061618657873e-05
9.742088228494148e-05
1.242823276765000e-04
1.598309721452302e-04
2.079118116154209e-04
2.726203743728999e-04
3.604770537733598e-04
4.818322715390569e-04
6.539503180540153e-04
9.037457358490477e-04
1.267688608043103e-03
1.798366714044030e-03
2.561310898930394e-03
3.645226234070598e-03
5.168274106547934e-03
7.281920802322297e-03
1.021871759456874e-02
1.425665068354237e-02
1.978434882907184e-02
2.726029826858603e-02
3.714031662277228e-02
4.997363488773707e-02
6.629711098171805e-02
8.668404909608549e-02
1.117201490265968e-01
1.419806569074555e-01
1.779505610375760e-01
2.198078991093944e-01
2.679618451277797e-01
3.229445093233440e-01
3.840578155058248e-01
4.494050575893975e-01
5.173610216480847e-01
5.853277846121078e-01
6.501463510456461e-01
7.079882249504297e-01
7.546817952996897e-01
8.214076140449186e-01
1.000000000000000e+00
1.000000000000000e+00
1.000000000000000e+00
1.000000000000000e+00
1.000000000000000e+00
1.000000000000000e+00
1.000000000000000e+00
1.000000000000000e+00
1.000000000000000e+00
1.000000000000000e+00
1.000000000000000e+00
###1.520000000000001e+01
4.413627646395469e-08
1.837520400018639e-07
-7.600219161054676e-10
4.342709295332570e-07
4.051203540379514e-07
1.414362547005989e-07
3.254743524063837e-07
8.731624189846760e-07
7.872236992860567e-07
6.645168760137765e-07
1.020904702800352e-06
1.051649594930959e-06
1.055162890807306e-06
1.078707958892756e-06
1.194665104683999e-06
1.344472881916541e-06
1.414658146685904e-06
1.486433001534488e-06
1.589660774977457e-06
1.723784485428305e-06
1.865874001624698e-06
1.986523543296540e-06
2.136215780471766e-06
2.289154888779972e-06
2.471476335119824e-06
2.648167342518627e-06
2.833560504599461e-06
3.091282716341814e-06
3.336591497851429e-06
3.603681112924797e-06
3.916371573124413e-06
4.261113865397748e-06
4.654035600003687e-06
5.114264713694085e-06
5.630907575555804e-06
6.263576237202391e-06
6.992488692805374e-06
7.840370999812668e-06
8.869469060581937e-06
1.009251126577679e-05
1.156322366129468e-05
1.335677249661360e-05
1.552783622070534e-05
1.818584829502444e-05
2.148653761410994e-05
2.556930579822324e-05
3.061113306469128e-05
3.692578331359833e-05
4.491889607623347e-05
5.511948693575219e-05
6.816901437652039e-05
8.529662666325299e-05
1.081489758692682e-04
1.384485396889216e-04
1.787324419260550e-04
2.333527510504528e-04
3.069452407725008e-04
4.071042276816335e-04
5.456025799013288e-04
7.409652110733371e-04
1.022004919994352e-03
1.427263685248325e-03
2.012180854139491e-03
2.846549396535082e-03
4.024816852388567e-03
5.673158365779751e-03
7.950160635963426e-03
1.110126723425778e-02
1.541271694052156e-02
2.128600516511330e-02
2.918262826669509e-02
3.956439179876938e-02
5.299674927326473e-02
7.003103518088008e-02
9.122683598216247e-02
1.171891453419299e-01
1.484538147558164e-01
1.854898263891478e-01
2.284656731869967e-01
2.776848119515614e-01
3.336118588704479e-01
3.953929940978979e-01
4.611553042334244e-01
5.290607835947893e-01
5.965722836016061e-01
6.604263802833656e-01
7.168607254624484e-01
7.616642525469136e-01
8.259474849554214e-01
1.000000000000000e+00
1.000000000000000e+00
1.000000000000000e+00
1.000000000000000e+00
1.000000000000000e+00
1.000000000000000e+00
1.000000000000000e+00
1.000000000000000e+00
1.000000000000000e+00
1.000000000000000e+00
1.000000000000000e+00
###1.560000000000001e+01
2.200374615058382e-08
2.210620327608476e-07
2.270351836976016e-08
4.297311840672457e-07
4.053810691684198e-07
1.402024848332513e-07
3.577146451736369e-07
8.976794956176428e-07
8.001669852942874e-07
7.095311916912611e-07
1.054505557285063e-06
1.098178838766594e-06
1.106037755633656e-06
1.146015459575339e-06
1.227891345911934e-06
1.410320910928187e-06
1.490396922728844e-06
1.572806144039950e-06
1.684952233813644e-06
1.827556589298131e-06
1.978601233601200e-06
2.112329699342391e-06
2.273716128096138e-06
2.440764498297142e-06
2.636644648702933e-06
2.830291822946477e-06
3.035522084369953e-06
3.311381783654807e-06
3.578352060875432e-06
3.870096555752903e-06
4.207916363590751e-06
4.583674295253097e-06
5.011156488112129e-06
5.510057432476458e-06
6.071970562832476e-06
6.755439632319846e-06
7.544611359054471e-06
8.463778410967626e-06
9.575654809372261e-06
1.090057479577076e-05
1.249583305175913e-05
1.443840939050980e-05
1.679502828708568e-05
1.969083684940294e-05
2.329364278835170e-05
2.775366278508176e-05
3.329232286041738e-05
4.027306227971243e-05
4.911301510264506e-05
6.049570470697734e-05
7.508358528490205e-05
9.435171261798046e-05
1.200057146495848e-04
1.541623909804057e-04
1.996998842764224e-04
2.614856163652944e-04
3.448675398648115e-04
4.586059160105270e-04
6.157414001863107e-04
8.362042763206906e-04
1.151092776461719e-03
1.600969362855066e-03
2.244669523542259e-03
3.155927369854060e-03
4.436086099103633e-03
6.217301723646105e-03
8.667883428531059e-03
1.204293289084678e-02
1.663978720218215e-02
2.287122465877520e-02
3.120100762533252e-02
4.210447337039201e-02
5.615470095161892e-02
7.391230100047738e-02
9.593787816142504e-02
1.228250399724990e-01
1.551040522233633e-01
1.932211726099780e-01
2.372993263304225e-01
2.875918858072005e-01
3.443797919441968e-01
4.068384716530573e-01
4.729529803825541e-01
5.407826896166217e-01
6.078438188992528e-01
6.707231593758554e-01
7.257254741926629e-01
7.685887663618931e-01
8.306219205901901e-01
1.000000000000000e+00
1.000000000000000e+00
1.000000000000000e+00
1.000000000000000e+00
1.000000000000000e+00
1.000000000000000e+00
1.000000000000000e+00
1.000000000000000e+00
1.000000000000000e+00
1.000000000000000e+00
1.000000000000000e+00
