# NLO BK equation solver 0.0-dev build  (build Nov 18 2025 11:57:20)
# Initial condition: MV model, Q_s0^2 = 0.0885193 GeV^2, \gamma = 4.40548, coefficient of E inside Log is 1, x0=0.01, \Lambda_QCD = 0.241 GeV
# # LO Kernel RC:  Balitsky. NLO Kernel RC:  smallest dipole
# Nc=3, Nf=4
# Using RungeKutta method in K1
# Resumming double log
# Resumming single log, K_sub=0.65 resum rc: smallest
# BK K1 integration relative accuracy: 0.02# NLO BK as^2 terms: MC integration method: Vegas, points=1000000
# Kinematical constraint: none
# Target kinematical constraint: disabled

###1.000000000000000e-05
###1.160836920850890e+00
###100
###1.000000000000000e+00
###0.000000000000000e+00
6.548422091471753e-49
2.408779541551500e-48
8.859278675834118e-48
3.257910807468454e-47
1.197893156871040e-46
4.403860352036004e-46
1.618765705134065e-45
5.949326912100752e-45
2.186167210934778e-44
8.032095788248067e-44
2.950546964051554e-43
1.083683480102996e-42
3.979483305496518e-42
1.461077323238941e-41
5.363396152689667e-41
1.968450559467958e-40
7.223119684343716e-40
2.649954296423371e-39
9.719921021760779e-39
3.564472488402120e-38
1.306872627520603e-37
4.790423235800099e-37
1.755553929565552e-36
6.432074045552395e-36
2.356032225520885e-35
8.627825616183573e-35
3.158696379735816e-34
1.156104468065751e-33
4.230240427683758e-33
1.547418231965806e-32
5.658753336661621e-32
2.068710454853583e-31
7.560313683406538e-31
2.762079079935052e-30
1.008749567512703e-29
3.682782536222649e-29
1.344028452862739e-28
4.903141581365388e-28
1.788000252681213e-27
6.517501426593347e-27
2.374695875451275e-26
8.648497663409167e-26
3.148264895442683e-25
1.145490444879272e-24
4.165743604845425e-24
1.514137300637772e-23
5.500472014909797e-23
1.997038668030729e-22
7.246263765105360e-22
2.627675813880919e-21
9.522428854064399e-21
3.448496800952476e-20
1.247973633896678e-19
4.512959071037635e-19
1.630738409048123e-18
5.887898663461031e-18
2.124102438008639e-17
7.656240977887051e-17
2.757190257445370e-16
9.920080620045329e-16
3.565725654186786e-15
1.280421057305518e-14
4.593240189288291e-14
1.646031785993341e-13
5.892557254663033e-13
2.107235485917757e-12
7.527786686957461e-12
2.686414065613978e-11
9.577290457243723e-11
3.411115261632268e-10
1.213843286820671e-09
4.315979870149040e-09
1.533541210378306e-08
5.445914572632165e-08
1.933202909408422e-07
6.861182885604604e-07
2.435175929910398e-06
8.645222163513305e-06
3.070734094767769e-05
1.091546402265386e-04
3.883844507220902e-04
1.383266285106655e-03
4.928154048715161e-03
1.750922154743517e-02
6.132582173278889e-02
2.032666593002698e-01
5.585879440484925e-01
9.476602933518278e-01
9.999767033699911e-01
1.000000000000000e+00
1.000000000000000e+00
1.000000000000000e+00
1.000000000000000e+00
1.000000000000000e+00
1.000000000000000e+00
1.000000000000000e+00
1.000000000000000e+00
1.000000000000000e+00
1.000000000000000e+00
1.000000000000000e+00
###4.000000000000000e-01
-1.929807653906548e-10
-9.376049092301614e-11
-1.494024798158473e-10
1.446265057329152e-10
-4.280692852652344e-11
2.192432800220867e-12
-1.480306448911988e-10
-1.656176382065560e-10
7.912388590458231e-11
-1.649591620553532e-11
5.196419255681970e-11
4.740863519545434e-11
3.111631440193498e-10
8.609261948072562e-10
-1.035147133436794e-09
-3.974206415415143e-11
-1.858958481711791e-11
7.762322055827113e-10
3.386375175092101e-10
7.109526707616988e-12
-8.158074780226110e-11
5.493430693530277e-11
-3.521524834952503e-11
7.030241029221974e-11
2.334753697852410e-11
5.547577758707199e-11
9.068003217789131e-11
2.323563829781836e-11
8.979532416305386e-11
1.507745452813695e-10
2.154366202684036e-10
3.351608042058618e-10
4.432925541183296e-10
5.296687841525964e-10
7.798195742066720e-10
9.788330994170378e-10
1.317956184255496e-09
1.739801145455606e-09
2.309509826507531e-09
3.082788166528923e-09
4.100691289517084e-09
5.409958488479580e-09
7.191846961268868e-09
9.484723290236011e-09
1.246861660563793e-08
1.652050120713359e-08
2.179166974970489e-08
2.844753515033391e-08
3.707397796690463e-08
4.849849493037368e-08
6.326001635443996e-08
8.286589930313014e-08
1.078603415178709e-07
1.407976933794959e-07
1.838507328771657e-07
2.407483747314890e-07
3.172281680732581e-07
4.210084469836206e-07
5.608463286348061e-07
7.600513432695308e-07
1.045255615515410e-06
1.450770293026451e-06
2.060672790757672e-06
2.986597234734496e-06
4.391450638155736e-06
6.606719595283645e-06
1.001049873767285e-05
1.508996491187498e-05
2.207006255433498e-05
3.743888672207032e-05
5.853705759976899e-05
9.115671708931536e-05
1.419061560834147e-04
2.196182620628932e-04
3.400865384921487e-04
5.259268065785314e-04
8.150819060849406e-04
1.262814100947045e-03
1.972031359847363e-03
3.137454937014707e-03
5.188270067887589e-03
9.035610434130531e-03
1.709554954164348e-02
3.635874147905534e-02
8.768062058570256e-02
2.273461380801026e-01
5.413024786732813e-01
8.807382922797727e-01
9.600332408700499e-01
1.000000000000000e+00
1.000000000000000e+00
1.000000000000000e+00
1.000000000000000e+00
1.000000000000000e+00
1.000000000000000e+00
1.000000000000000e+00
1.000000000000000e+00
1.000000000000000e+00
1.000000000000000e+00
1.000000000000000e+00
###8.000000000000000e-01
-2.197757328397875e-09
-3.395493365797376e-10
3.184295801844130e-10
1.374967190004552e-09
-1.476941063971392e-10
1.444518000935539e-09
7.322381369532454e-10
9.502787039691357e-10
-9.829423108827730e-10
3.936756968834245e-09
7.454436728367448e-10
1.431775179727467e-09
8.298224146765489e-10
1.264267273638294e-09
-7.483812410103133e-10
6.539019437297834e-10
-6.749797061580323e-10
2.068862116797021e-09
1.531526570807351e-09
6.149764140264454e-10
1.198819931836559e-10
3.518253106876673e-10
1.271807052336685e-10
6.091058244316095e-10
2.553701408323523e-10
4.601030578301375e-10
4.783591501193596e-10
3.265596683583447e-10
6.807588496699756e-10
6.092003833241003e-10
8.587284237191641e-10
1.103715113172215e-09
1.536735431682924e-09
1.576717981293873e-09
2.231638081295606e-09
2.841986184248584e-09
3.798537619496465e-09
5.032792388759320e-09
6.339153080984273e-09
8.777841734902568e-09
1.132579047257914e-08
1.460046257241071e-08
1.937963285243125e-08
2.506787166373449e-08
3.226444644295420e-08
4.206649558640392e-08
5.420708611574890e-08
6.962230047757040e-08
8.900009745277877e-08
1.103277979722445e-07
1.436629553455474e-07
1.818945816521799e-07
2.249066249251196e-07
2.809783049332365e-07
3.529047069646734e-07
4.379430890401965e-07
5.410983209324149e-07
6.761192927526418e-07
8.464385940849174e-07
1.054523123476366e-06
1.421570304192608e-06
1.928739625997412e-06
2.724521812184067e-06
4.074335535193003e-06
6.563864403135271e-06
1.061638792869606e-05
1.767784710807856e-05
2.920910045688680e-05
4.754901263946688e-05
8.151070279508082e-05
1.324370703806946e-04
2.114309545270459e-04
3.326967696532197e-04
5.169095903003493e-04
7.962972155265438e-04
1.218953922308790e-03
1.857649823299004e-03
2.814468012669929e-03
4.267541418976228e-03
6.563067159669833e-03
1.038640696135203e-02
1.697208775270716e-02
2.911433426606770e-02
5.404364698237780e-02
1.110881531070230e-01
2.473995856632703e-01
5.266020871273686e-01
8.253494596748132e-01
9.235851070372276e-01
1.000000000000000e+00
1.000000000000000e+00
1.000000000000000e+00
1.000000000000000e+00
1.000000000000000e+00
1.000000000000000e+00
1.000000000000000e+00
1.000000000000000e+00
1.000000000000000e+00
1.000000000000000e+00
1.000000000000000e+00
###1.200000000000000e+00
-1.790716120886205e-08
-1.171031612536460e-09
1.142152542763712e-08
6.942200551659766e-09
2.238298054728767e-08
-6.413242278553243e-09
6.009512744803851e-09
1.196880967096759e-09
2.763353483654432e-09
-6.004883586504455e-10
-1.199074180795722e-08
2.804736827101496e-09
-6.973604549823571e-10
1.525566010061511e-09
1.547373973519297e-08
1.343671836345515e-09
3.312966845497879e-09
3.448423090918511e-09
1.543536334261067e-09
2.106978806191850e-09
6.257387003125943e-10
-1.568025494472628e-09
9.791155927343595e-10
1.906193651598809e-09
7.620762429866340e-10
1.419650961963071e-09
8.138040518325174e-10
8.982423966957572e-10
1.959233312179470e-09
2.074274611087585e-09
2.166735256121170e-09
2.562925896741176e-09
3.717384472749515e-09
3.590081100494167e-09
5.468735543258561e-09
7.042864409049887e-09
9.107191932584613e-09
1.000973038981652e-08
1.493068577667011e-08
1.973986970476989e-08
2.502321082628821e-08
3.163116422965258e-08
4.088711256781657e-08
5.193258303218291e-08
6.577766351419701e-08
8.377255959136797e-08
1.059415026422020e-07
1.320192977161395e-07
1.642442015627949e-07
1.998761550575254e-07
2.462741447385910e-07
2.962206888454759e-07
3.456817256448108e-07
4.008743277252029e-07
4.595372468568304e-07
5.001413622912620e-07
5.062514867670408e-07
5.133176205427914e-07
4.619604672432825e-07
3.427712472435560e-07
2.330577719918237e-07
1.362959742648816e-07
2.101713407395785e-07
9.242604366361456e-07
2.989774392601755e-06
7.601172733245454e-06
1.738744888397809e-05
3.556768710269795e-05
6.733671380266978e-05
1.250149504931837e-04
2.156821724342697e-04
3.574744900567294e-04
5.716262414516904e-04
8.929295689057995e-04
1.371392358638435e-03
2.082163375594645e-03
3.133637853650679e-03
4.669116421654667e-03
6.927366672674108e-03
1.039963944295387e-02
1.601393017763042e-02
2.524601557674749e-02
4.109958958150214e-02
7.086614192660856e-02
1.322135959942621e-01
2.645268401330543e-01
5.144277779170139e-01
7.795393865207133e-01
8.907937398345309e-01
1.000000000000000e+00
1.000000000000000e+00
1.000000000000000e+00
1.000000000000000e+00
1.000000000000000e+00
1.000000000000000e+00
1.000000000000000e+00
1.000000000000000e+00
1.000000000000000e+00
1.000000000000000e+00
1.000000000000000e+00
###1.600000000000000e+00
-2.621684147923083e-08
8.456243192757868e-09
2.622985878717621e-08
7.674287836610760e-09
2.778400639922732e-08
-2.327698834932840e-08
-1.702381633962950e-09
-9.398778396312317e-09
8.004259523855550e-09
9.650966758498528e-09
-3.227486874356680e-09
3.732903300120521e-09
1.931693847608048e-09
9.696598034337912e-09
1.796279660877435e-08
6.146049975666482e-09
2.978827030524169e-09
5.524468452826192e-09
5.405220843682272e-09
9.058364904115875e-09
6.463320457818261e-09
4.170748225053474e-09
5.362946663456880e-09
7.462361546463958e-09
3.276699897299028e-09
6.178729667610005e-09
6.134757906204453e-09
5.362275552389818e-09
6.855319900220800e-09
7.811712402855514e-09
7.601218053420617e-09
1.113335132680968e-08
1.144074480642692e-08
8.417721034494150e-09
1.378989914124543e-08
1.730686897205625e-08
1.709922381160783e-08
2.459449012769849e-08
2.960455440653154e-08
3.990920324010796e-08
4.960418318499674e-08
6.182565461321326e-08
7.774086618643051e-08
9.767116722473651e-08
1.208240490891062e-07
1.517427657072756e-07
1.853453740519726e-07
2.255245947448549e-07
2.729992548236163e-07
3.234788761697929e-07
3.773501178299672e-07
4.349969354984484e-07
4.723066034657600e-07
4.946437860173009e-07
4.866409016703905e-07
3.980707879179878e-07
2.060760279775771e-07
-1.591701531324297e-07
-8.025862729849552e-07
-1.792978676298867e-06
-3.080846196906971e-06
-4.806344348978564e-06
-6.725424001331537e-06
-8.268793660694647e-06
-7.862344014601791e-06
-3.679533904548777e-06
1.061554796704051e-05
3.457919253607308e-05
7.876520918659003e-05
1.648166937604971e-04
3.063004154864702e-04
5.262398484812429e-04
8.574637898760456e-04
1.347974276359655e-03
2.069776454984814e-03
3.119961932985360e-03
4.648933099513132e-03
6.830044577869236e-03
9.961538056555105e-03
1.465519353008324e-02
2.207962819953118e-02
3.388338289031702e-02
5.315663689982897e-02
8.704715143434634e-02
1.516284822222190e-01
2.795572310402255e-01
5.046695510736713e-01
7.419782373746610e-01
8.619348286932219e-01
1.000000000000000e+00
1.000000000000000e+00
1.000000000000000e+00
1.000000000000000e+00
1.000000000000000e+00
1.000000000000000e+00
1.000000000000000e+00
1.000000000000000e+00
1.000000000000000e+00
1.000000000000000e+00
1.000000000000000e+00
###2.000000000000000e+00
6.336454508089211e-08
6.376656989342267e-08
-1.749087137106939e-08
5.138590797249978e-09
2.679462135969915e-08
-1.400530018432349e-08
-1.073405979654284e-08
-6.375271427774331e-09
1.485262033245281e-08
1.046152895162025e-08
2.144086788085190e-08
3.581861839696623e-09
1.006928458808433e-08
2.097364486012596e-08
1.915348189444670e-08
3.180791428917416e-09
6.258486555370795e-09
7.794006772405125e-09
3.151075346071479e-08
1.467306902597215e-08
1.096050607893562e-08
7.687336558248918e-09
1.015085262680881e-08
1.196641986614632e-08
5.452067906400024e-09
1.340449069347905e-08
1.426309252597987e-08
1.130021486710519e-08
1.306804311341969e-08
1.258853300200192e-08
2.001287075847491e-08
1.693660377428233e-08
1.952900619840275e-08
2.190691303915625e-08
2.648381823239937e-08
2.740592639524675e-08
3.271654423246848e-08
4.163492938979879e-08
5.416479190477170e-08
6.602357719650898e-08
8.079309451130577e-08
1.004426093169260e-07
1.296255687134849e-07
1.609948713889810e-07
1.963885233903008e-07
2.421722340126735e-07
2.912894955708920e-07
3.522459211544825e-07
4.155139463892464e-07
4.851862002364983e-07
5.468936552585521e-07
6.015088791132224e-07
6.110116294817178e-07
5.790662789362546e-07
4.586808390471541e-07
2.103451499437095e-07
-4.156082674243160e-07
-1.435394296309749e-06
-3.112124686055013e-06
-5.481035068417358e-06
-8.824012671182497e-06
-1.315930289417061e-05
-1.873202964565428e-05
-2.410801903007558e-05
-2.754944436566434e-05
-2.541179087435824e-05
-4.441745955778505e-06
3.563800751517654e-05
9.274045771307803e-05
2.055696414876011e-04
4.062758078286586e-04
7.207016473746784e-04
1.192849725570488e-03
1.887640902925621e-03
2.891275620004245e-03
4.333867362100976e-03
6.398228246401886e-03
9.292290463861803e-03
1.335495234292498e-02
1.932904040691611e-02
2.857790781464161e-02
4.287791180835854e-02
6.532044998355384e-02
1.028166196508467e-01
1.697433799753650e-01
2.932043355694309e-01
4.973600522704527e-01
7.113295462744534e-01
8.370978128360080e-01
1.000000000000000e+00
1.000000000000000e+00
1.000000000000000e+00
1.000000000000000e+00
1.000000000000000e+00
1.000000000000000e+00
1.000000000000000e+00
1.000000000000000e+00
1.000000000000000e+00
1.000000000000000e+00
1.000000000000000e+00
###2.400000000000000e+00
8.841608769654964e-08
8.087479135135911e-08
-3.844884920881603e-08
8.616383530929602e-09
3.023240165587602e-08
-3.480152743691327e-09
-1.659678276903572e-08
-2.034611833626766e-09
1.575868619904915e-08
8.715612052163446e-13
-4.833104183897246e-09
1.431692003314966e-08
2.096514607011611e-08
3.677665917548779e-08
4.656811179496536e-08
-9.597931217659878e-08
2.716222300315508e-08
2.004101731207541e-08
3.204427688068202e-08
3.118345949145042e-08
2.872406612309688e-08
2.477227222886105e-08
2.371102143007682e-08
2.502099377114148e-08
2.150669713885349e-08
2.922297521428178e-08
2.639797042917835e-08
2.886288659927942e-08
3.069876001719404e-08
3.208889534214946e-08
3.874465885991041e-08
3.681012769999936e-08
4.127668795092526e-08
4.608639202580400e-08
5.348662564276456e-08
5.312334083321823e-08
6.089608734187020e-08
7.831192470002572e-08
9.761805695270418e-08
1.143707519003089e-07
1.383350776177033e-07
1.681532080229311e-07
2.078754737093109e-07
2.464282906292678e-07
3.097260245667956e-07
3.696816266350723e-07
4.546654946725064e-07
5.223682060496334e-07
6.114459785969674e-07
6.979578516808166e-07
7.569274579000248e-07
8.116560452251129e-07
7.805073953202672e-07
6.881736344222853e-07
4.549852513938587e-07
-1.121254930967881e-07
-1.346230764004990e-06
-3.244155602682442e-06
-6.258583054402239e-06
-1.050483584100900e-05
-1.665338487663754e-05
-2.460141840120267e-05
-3.565871369489678e-05
-4.558000701358969e-05
-5.434265320106296e-05
-5.518522870411221e-05
-2.782215638049508e-05
6.203198416010563e-05
1.312749277435034e-04
2.554506726907350e-04
5.248770016014006e-04
9.492381434429942e-04
1.584463714181784e-03
2.510174189274437e-03
3.834992417070584e-03
5.719718320648784e-03
8.369760643073650e-03
1.203680564688025e-02
1.717673313503691e-02
2.439826398775509e-02
3.549747955439470e-02
5.224445648977535e-02
7.759707043204575e-02
1.182788007459610e-01
1.869677483023481e-01
3.059736002624902e-01
4.923456521290295e-01
6.869752259467069e-01
8.164619595393644e-01
1.000000000000000e+00
1.000000000000000e+00
1.000000000000000e+00
1.000000000000000e+00
1.000000000000000e+00
1.000000000000000e+00
1.000000000000000e+00
1.000000000000000e+00
1.000000000000000e+00
1.000000000000000e+00
1.000000000000000e+00
###2.800000000000000e+00
1.096150038670795e-07
-1.521979818619776e-07
-5.833959245361858e-08
-1.602914338538808e-08
8.397028579241917e-09
-5.574389084047331e-08
1.596314472845215e-09
3.372073919313244e-08
2.675139824032729e-08
1.054078469922338e-11
9.773704602259109e-09
2.901425113241140e-08
6.083621758507654e-08
4.542328779860746e-08
6.066854169921470e-08
-7.715883064118461e-08
2.633555924508488e-08
5.881918473188798e-08
4.715303217234489e-08
4.561189460215402e-08
4.159259544319116e-08
4.220186167569835e-08
3.795679495150350e-08
3.179369391357650e-08
3.402613598918318e-08
4.408263812652296e-08
3.635015087457486e-08
4.114382319842876e-08
4.543455514138582e-08
5.053299499938709e-08
5.535409030024619e-08
5.186401483718121e-08
6.308411408857215e-08
6.773450161964783e-08
7.860159440113593e-08
8.358205669153159e-08
9.220250626878095e-08
1.171004714392156e-07
1.433730968974281e-07
1.674474982701126e-07
2.018688530572027e-07
2.462426396943791e-07
2.989944782632473e-07
3.579115773922141e-07
4.391858831680509e-07
5.259663087833928e-07
6.382480401567425e-07
7.328554875030917e-07
8.527893972515607e-07
9.663322796027692e-07
1.043107475673248e-06
1.094458068466233e-06
1.031040323801264e-06
9.696846179328647e-07
6.619397290910404e-07
-4.971568603019003e-07
-2.444128041277755e-06
-5.418382650076416e-06
-1.008121616425264e-05
-1.679929534764297e-05
-2.606698674820555e-05
-3.833203466888165e-05
-5.530115015559814e-05
-7.142890952567440e-05
-8.611701302025764e-05
-8.876616739969470e-05
-5.194704604941386e-05
1.255681384416129e-04
2.024643163811069e-04
3.263987641963902e-04
6.692077813327219e-04
1.215501438042949e-03
2.038257410620848e-03
3.223901051976376e-03
4.908817684583642e-03
7.278846916767142e-03
1.057186082330505e-02
1.506193610353688e-02
2.124126069993056e-02
2.983734781406935e-02
4.278080426070933e-02
6.193780644033586e-02
9.006180208453987e-02
1.334497793587472e-01
2.034439878363561e-01
3.181475194288658e-01
4.896340013946681e-01
6.678651233103896e-01
7.998977543758128e-01
1.000000000000000e+00
1.000000000000000e+00
1.000000000000000e+00
1.000000000000000e+00
1.000000000000000e+00
1.000000000000000e+00
1.000000000000000e+00
1.000000000000000e+00
1.000000000000000e+00
1.000000000000000e+00
1.000000000000000e+00
###3.200000000000000e+00
1.055616917235163e-07
-1.644451399444621e-07
1.428922592554716e-08
-2.896844432842575e-08
3.827250708635784e-09
-5.843753210226743e-08
-1.568535644188313e-09
6.744463996595046e-08
5.405592631491848e-08
1.148023072166917e-08
5.891898565935062e-09
3.309252370446581e-08
6.626120841376325e-08
5.573821527131379e-08
8.381480264655936e-08
-4.531509941032550e-08
4.009758043396532e-08
7.435987007633215e-08
6.171109766710761e-08
5.491727882218196e-08
5.092604710336394e-08
6.260830441687123e-08
4.963067935337775e-08
4.957989827347820e-08
4.790358367847552e-08
5.569555230013318e-08
5.010768724895597e-08
5.822568760622790e-08
6.085698220028626e-08
6.310328546186173e-08
7.272639466672286e-08
7.460569845085885e-08
8.522760395817214e-08
9.200538799889180e-08
1.039836356283963e-07
1.152789651576349e-07
1.315631979636612e-07
1.633484635895599e-07
1.931365535708805e-07
2.269140617460268e-07
2.757000539611519e-07
3.361243323287423e-07
4.019915616960640e-07
4.840235222004359e-07
5.932670438649383e-07
7.131691353222413e-07
8.529910214516228e-07
9.917786753997714e-07
1.144807313483416e-06
1.302056878651146e-06
1.411297547502873e-06
1.486490185383135e-06
1.418976323258713e-06
1.468001824255888e-06
1.190091817523215e-06
-7.104356061157899e-07
-3.452288756546639e-06
-7.545646227508091e-06
-1.410166098758909e-05
-2.311626288212092e-05
-3.570403227717211e-05
-5.270084383110213e-05
-7.505063954429810e-05
-9.704561672489262e-05
-1.151093362157954e-04
-1.145525464405817e-04
-6.334295205030532e-05
3.116516717365105e-04
3.734668889744058e-04
4.489433002323051e-04
8.644549624827002e-04
1.539991848643107e-03
2.568748012669448e-03
4.038253859564061e-03
6.116625343492525e-03
9.004813497445191e-03
1.298771591399470e-02
1.834750600127710e-02
2.560642152795423e-02
3.561344512049018e-02
5.037886444672400e-02
7.188495685928879e-02
1.025893114050548e-01
1.484227192464833e-01
2.193907826522626e-01
3.301328358426933e-01
4.888822419224930e-01
6.534688610002460e-01
7.862434172002598e-01
1.000000000000000e+00
1.000000000000000e+00
1.000000000000000e+00
1.000000000000000e+00
1.000000000000000e+00
1.000000000000000e+00
1.000000000000000e+00
1.000000000000000e+00
1.000000000000000e+00
1.000000000000000e+00
1.000000000000000e+00
###3.600000000000000e+00
2.077506394988038e-07
-1.221347973574984e-07
1.411647930769913e-08
-4.659906656865313e-08
7.332739262259376e-09
-3.213218493964444e-08
4.681091458811818e-09
6.936115321127125e-08
6.100966010802754e-08
2.687368892085902e-08
1.457135866850781e-08
1.416689057446255e-07
8.249724838265635e-08
1.112441812281996e-07
1.606687384803302e-07
8.175095882938218e-08
9.179442278459404e-08
1.084882556215139e-07
1.051565351340182e-07
8.828300195848892e-08
8.256634371139747e-08
9.330475878000128e-08
8.511710943171316e-08
9.026053094594230e-08
8.690798626849518e-08
9.258584827785951e-08
8.868006074610379e-08
1.010615726203882e-07
1.003225531243863e-07
1.012865283709040e-07
1.131735464895575e-07
1.171296244182661e-07
1.303200794687508e-07
1.362415266046649e-07
1.582489755613678e-07
1.744948754123875e-07
1.992184917687211e-07
2.385083423267504e-07
2.771217674139250e-07
3.223106974774286e-07
3.915447628866116e-07
4.701101075485017e-07
5.541482824997556e-07
6.667522572687546e-07
8.084777376090000e-07
9.699301217725996e-07
1.160067645863529e-06
1.347093053713782e-06
1.567698354814707e-06
1.787458122123340e-06
1.975990295574146e-06
2.121631734469547e-06
2.143537379124854e-06
2.559171035927350e-06
2.585693027455887e-06
-2.194380048627215e-07
-3.563724223130210e-06
-8.568576233893123e-06
-1.653709704809665e-05
-2.737772280541482e-05
-4.256493575931774e-05
-6.261300730418797e-05
-8.801412340097041e-05
-1.115886481986851e-04
-1.250512157196902e-04
-1.029890642825807e-04
3.043003556644424e-05
8.053053301340989e-04
7.896739423309084e-04
6.977830906002028e-04
1.165881554309274e-03
1.975846389278521e-03
3.220181249519654e-03
4.996339707351411e-03
7.488688082964335e-03
1.093330279830124e-02
1.562568052658469e-02
2.191140806587846e-02
3.028334034506441e-02
4.172595780846271e-02
5.834348743830732e-02
8.210268245312544e-02
1.152060263345324e-01
1.632923975156223e-01
2.349849102795630e-01
3.420927624439267e-01
4.898386464040740e-01
6.428080524450922e-01
7.756041179471914e-01
1.000000000000000e+00
1.000000000000000e+00
1.000000000000000e+00
1.000000000000000e+00
1.000000000000000e+00
1.000000000000000e+00
1.000000000000000e+00
1.000000000000000e+00
1.000000000000000e+00
1.000000000000000e+00
1.000000000000000e+00
###4.000000000000000e+00
2.053880807843035e-07
-1.490865786986264e-07
4.851258140681054e-08
2.858031640530936e-08
2.994513077557827e-08
-8.192953338883672e-09
-1.862166468397071e-09
7.804592508642819e-08
4.677468388668467e-08
3.927608701980495e-08
3.841433093496474e-08
1.546722121874693e-07
9.341531391828952e-08
1.093835439981258e-07
1.715803833389142e-07
1.020263071567286e-07
9.887339899400839e-08
1.275583074428433e-07
1.129158683212196e-07
9.500522184641831e-08
9.426791218341600e-08
1.177558696028546e-07
9.869660599488068e-08
1.031616205050524e-07
9.917002905437281e-08
1.074256085056117e-07
1.065867579781420e-07
1.187428613180220e-07
1.187443009312978e-07
1.299123230487030e-07
1.389536776115707e-07
1.438850662799657e-07
1.591745997250353e-07
1.697245403433213e-07
1.925528505007655e-07
2.179053958684612e-07
2.467642375083762e-07
2.943056384150935e-07
3.471776908625372e-07
4.008064211489464e-07
4.826101177401877e-07
5.963867238995218e-07
6.961110277669306e-07
8.383419474994580e-07
1.011664711054559e-06
1.213415462556845e-06
1.455470941741607e-06
1.694081936286299e-06
1.970691973992489e-06
2.251526254798525e-06
2.495298128315522e-06
2.696285041399617e-06
2.801025192641212e-06
3.681712084931986e-06
4.032829340594444e-06
5.461970753547913e-08
-4.278435099001132e-06
-1.056120307742903e-05
-2.047028386189878e-05
-3.395725969182857e-05
-5.284862612304064e-05
-7.743477062047655e-05
-1.079861959559470e-04
-1.356079480733945e-04
-1.475084022514483e-04
-1.027347838069590e-04
1.902874408930156e-04
8.741703196380114e-04
8.085268049075748e-04
8.340174081298147e-04
1.402237872787839e-03
2.382062272043093e-03
3.864982975531389e-03
5.975961061926798e-03
8.912187023080224e-03
1.294204852654484e-02
1.839058526842115e-02
2.562096380485157e-02
3.514763662227824e-02
4.803742279943599e-02
6.650030175894221e-02
9.241756722274259e-02
1.278379729512850e-01
1.779279987592744e-01
2.501599737905471e-01
3.538933792407229e-01
4.923173434488287e-01
6.355794270837052e-01
7.674269408598190e-01
1.000000000000000e+00
1.000000000000000e+00
1.000000000000000e+00
1.000000000000000e+00
1.000000000000000e+00
1.000000000000000e+00
1.000000000000000e+00
1.000000000000000e+00
1.000000000000000e+00
1.000000000000000e+00
1.000000000000000e+00
###4.399999999999999e+00
2.291479258572053e-07
-1.723005661333863e-07
-9.580606437279014e-09
5.923146010923788e-08
2.197876278035622e-07
-2.309820981265469e-08
-1.498871615492895e-08
9.537012069983429e-08
3.826349019521437e-08
4.911768767744783e-08
4.632239056194283e-08
1.869713044053300e-07
1.021595930216522e-07
2.692173980879490e-07
1.798613192182170e-07
1.172748071954529e-07
1.140285446636981e-07
1.365270545063038e-07
1.250647888686198e-07
1.091374890295715e-07
9.345684830984205e-08
1.247034432015358e-07
1.094866078796466e-07
1.221608792901778e-07
1.131609823349382e-07
1.220571441329974e-07
1.406923986871596e-07
1.310523506988902e-07
1.340648342367773e-07
1.525027018007023e-07
1.656757724798887e-07
1.748146317799279e-07
1.878441090690281e-07
2.100473366506037e-07
2.310808788099754e-07
2.659947546239627e-07
3.037345512338683e-07
3.594403660040680e-07
4.241780843424936e-07
4.951847778840834e-07
5.945198489846443e-07
7.285250559656365e-07
8.597475213564183e-07
1.039330419567728e-06
1.254328216875364e-06
1.507463656686139e-06
1.800195774737655e-06
2.129018855076069e-06
2.471619491330324e-06
2.864041393131710e-06
3.201365361713305e-06
3.502153966180069e-06
3.741134355844817e-06
4.598428689811170e-06
5.210530530025016e-06
1.834131482102422e-06
-3.271094464507195e-06
-1.013008582575524e-05
-2.087883496910296e-05
-3.544331103923866e-05
-5.541400369906000e-05
-8.060245897349777e-05
-1.096455171984676e-04
-1.295949487290933e-04
-1.163206991249795e-04
1.334247306373937e-05
7.807293674508845e-04
1.314781178194047e-03
1.007453077349509e-03
1.103817353416202e-03
1.768622635893287e-03
2.916817295237991e-03
4.652267439663760e-03
7.117436865292519e-03
1.051279882480012e-02
1.515172823603657e-02
2.138321331351123e-02
2.956147344959376e-02
4.029179997186180e-02
5.463603519847028e-02
7.490659506541442e-02
1.029142283144896e-01
1.405475365279113e-01
1.923900486486994e-01
2.650286759112677e-01
3.656828600651427e-01
4.959772379261599e-01
6.309174591279115e-01
7.614450095283146e-01
1.000000000000000e+00
1.000000000000000e+00
1.000000000000000e+00
1.000000000000000e+00
1.000000000000000e+00
1.000000000000000e+00
1.000000000000000e+00
1.000000000000000e+00
1.000000000000000e+00
1.000000000000000e+00
1.000000000000000e+00
###4.800000000000000e+00
2.327545168759332e-07
-2.048756653573365e-07
-7.156684776531511e-08
1.987332718334823e-10
2.210699873844958e-07
-1.085822263745290e-07
-4.878549965480964e-09
1.130126377161792e-07
2.254631342694467e-08
9.841907723073971e-08
1.228975826625277e-09
1.802704333088495e-07
1.399689710515505e-07
2.726940689402234e-07
2.090959901332029e-07
1.233517322913980e-07
1.250641700598788e-07
1.550311131753394e-07
1.350868193430287e-07
1.331105574663210e-07
1.136816364147848e-07
1.390074274335924e-07
1.321091385075142e-07
1.417320368277343e-07
1.373815585455862e-07
1.463287098778140e-07
1.626799779292675e-07
1.541565211267403e-07
1.590839589994445e-07
1.781263701718889e-07
1.946702532859325e-07
2.076751481270319e-07
2.307090243316217e-07
2.531450850195032e-07
2.796818562819638e-07
3.191759416073287e-07
3.643274759597073e-07
4.283942073313250e-07
5.079681254811675e-07
5.922776939832466e-07
7.139038085208614e-07
8.678725577608335e-07
1.024746318239943e-06
1.242447993483072e-06
1.496331951120712e-06
1.792677311900017e-06
2.135375904171795e-06
2.531803956466134e-06
2.928824525510603e-06
3.387067883031799e-06
3.782107714719684e-06
4.129823885655045e-06
4.433268264363766e-06
5.241185890855051e-06
6.523630868184164e-06
3.945170170078470e-06
-3.410965021611484e-06
-1.173101471926690e-05
-2.449824508948150e-05
-4.180311776506146e-05
-6.523648305560711e-05
-9.499778470660757e-05
-1.272901473712810e-04
-1.476588408821784e-04
-1.221960428473769e-04
1.022325961899383e-04
7.853732168975990e-04
1.216308549820574e-03
1.049644870117077e-03
1.262435908121122e-03
2.060468470224403e-03
3.403343506119597e-03
5.411568047785525e-03
8.241388921867772e-03
1.212823313849627e-02
1.740088506375661e-02
2.443073039226761e-02
3.360290396858606e-02
4.551337861383536e-02
6.133683875569452e-02
8.337608991357716e-02
1.133897595520786e-01
1.530564642471089e-01
2.066316130290175e-01
2.794951283086676e-01
3.773290218974290e-01
5.005631137001969e-01
6.281777672207157e-01
7.572543118521391e-01
1.000000000000000e+00
1.000000000000000e+00
1.000000000000000e+00
1.000000000000000e+00
1.000000000000000e+00
1.000000000000000e+00
1.000000000000000e+00
1.000000000000000e+00
1.000000000000000e+00
1.000000000000000e+00
1.000000000000000e+00
###5.200000000000000e+00
2.009949155201623e-07
-1.920549694493776e-07
-5.630423033954212e-08
2.072624128625639e-08
1.235866953211414e-07
-1.302898679275095e-07
-1.490138092079062e-08
1.074753755067440e-07
4.691239707477768e-08
1.029712920665903e-07
2.365282533483035e-08
1.997707243933372e-07
1.600397070203982e-07
2.883089720524801e-07
2.293001169699021e-07
1.640314605146686e-07
1.450168052292224e-07
1.790521116066366e-07
1.503183426489342e-07
1.551109892419269e-07
1.346968625347149e-07
1.594076302804584e-07
1.528459994804231e-07
1.692394755368390e-07
1.604688261681761e-07
1.753525561289853e-07
1.907992188434802e-07
1.828330269757603e-07
1.897548343923313e-07
2.077267825361837e-07
2.340233239489088e-07
2.480668059871902e-07
2.731161473187278e-07
3.020509952355503e-07
3.333999852730852e-07
3.861834089295459e-07
4.361392354681095e-07
5.132180519579181e-07
6.107077057562811e-07
7.127377578876639e-07
8.551921996908809e-07
1.035941544038619e-06
1.230081698322291e-06
1.491072656750616e-06
1.791691763089244e-06
2.151766045013024e-06
2.580767111328156e-06
3.054830764547098e-06
3.556046812483432e-06
4.135827421887617e-06
4.684661621308393e-06
5.209353394083947e-06
5.825290558720493e-06
6.968477324597327e-06
1.015337243578067e-05
9.816369141330727e-06
-6.827986557332939e-07
-1.003949606763728e-05
-2.371409191375040e-05
-4.193577104113625e-05
-6.599097158425464e-05
-9.532172932074306e-05
-1.230461943230284e-04
-1.285482473981137e-04
-5.129274195325635e-05
4.891141638621474e-04
1.059112832756845e-03
1.257009099624165e-03
1.189878607728592e-03
1.509435633938398e-03
2.444026208521619e-03
3.986771359070697e-03
6.279613150833064e-03
9.492552543884727e-03
1.388416940845889e-02
1.979998995794778e-02
2.764760829834446e-02
3.783090429139704e-02
5.092739845561921e-02
6.823481436100449e-02
9.201781577589205e-02
1.239586861155037e-01
1.655492294357954e-01
2.205894550575938e-01
2.936114274609536e-01
3.889747181449136e-01
5.061178270350214e-01
6.276075742538951e-01
7.548239721130842e-01
1.000000000000000e+00
1.000000000000000e+00
1.000000000000000e+00
1.000000000000000e+00
1.000000000000000e+00
1.000000000000000e+00
1.000000000000000e+00
1.000000000000000e+00
1.000000000000000e+00
1.000000000000000e+00
1.000000000000000e+00
###5.600000000000001e+00
2.745867129443688e-07
-1.641058008992336e-07
2.405771527405606e-08
-2.833133176054804e-08
-4.764021841406461e-08
-6.045709906898191e-08
-1.788592004135046e-08
1.168793275559186e-07
3.517364933115421e-08
1.360517345550651e-07
2.901105279391095e-08
2.282121125728323e-07
1.704458960623407e-07
2.790691943821461e-07
2.421742209870454e-07
2.001208440841341e-07
1.648554995604921e-07
1.893414501941805e-07
1.748673321703265e-07
1.670826713414618e-07
1.541380505110818e-07
1.754472560605625e-07
1.739723129063480e-07
1.926067618792501e-07
1.796637592499946e-07
1.961133108390201e-07
2.127468482901670e-07
2.071493205850470e-07
2.228368445263230e-07
2.437439965372346e-07
2.666102678039502e-07
2.841912729543545e-07
3.139817030237912e-07
3.492223473596518e-07
3.876816377041634e-07
4.454355194761972e-07
5.078421818197358e-07
5.955425003658751e-07
7.077663450389871e-07
8.296757821571869e-07
9.940720366550213e-07
1.201679118999909e-06
1.429235847463289e-06
1.723625705323853e-06
2.080401605287410e-06
2.501107774551442e-06
3.001326445688810e-06
3.555998134080392e-06
4.143612161957055e-06
4.832981069785230e-06
5.496953893820426e-06
6.152612501443138e-06
6.927038066890086e-06
8.252905622358304e-06
1.175805175605752e-05
1.269760971106129e-05
2.450006186882149e-06
-8.799326418234463e-06
-2.373734452285296e-05
-4.320232776351180e-05
-6.819408470679407e-05
-9.732056427802674e-05
-1.215368307129698e-04
-1.120399919736509e-04
3.035932255200285e-05
6.853197089327990e-04
1.158654954057639e-03
1.288497116473828e-03
1.319558497564538e-03
1.759206679737537e-03
2.843725284658390e-03
4.601058594854439e-03
7.188372665090800e-03
1.080020291797563e-02
1.570876107142192e-02
2.229169850192271e-02
3.097252972687299e-02
4.217906410183116e-02
5.649596337202686e-02
7.524755728686316e-02
1.007342329768794e-01
1.345619459372905e-01
1.779312203074987e-01
2.342670904679267e-01
3.075049701182884e-01
4.005350903911980e-01
5.123468810042374e-01
6.280456502572832e-01
7.532990668982583e-01
1.000000000000000e+00
1.000000000000000e+00
1.000000000000000e+00
1.000000000000000e+00
1.000000000000000e+00
1.000000000000000e+00
1.000000000000000e+00
1.000000000000000e+00
1.000000000000000e+00
1.000000000000000e+00
1.000000000000000e+00
###6.000000000000001e+00
2.566139022982119e-07
-1.404779772850026e-07
6.203001806771798e-09
-4.010501051045534e-08
-9.776830750204868e-08
-8.325941814071357e-08
-2.979113619957610e-08
1.315074297937475e-07
4.458032445151471e-08
1.594309539434168e-07
6.711298402621392e-08
3.079375528509607e-07
1.724507422542368e-07
2.872652913772552e-07
2.641939381255415e-07
2.407694049270001e-07
1.942486587633620e-07
1.837110546483998e-07
2.042422120437621e-07
2.166013084998133e-07
1.828986242803276e-07
2.294092977015928e-07
1.954976708047836e-07
2.181746963648905e-07
1.967079390323082e-07
2.131494094635292e-07
2.431088602369285e-07
2.396224111511108e-07
2.574471638222832e-07
2.756307162013810e-07
3.053989173187820e-07
3.282778630995839e-07
3.598261404747405e-07
3.922638678077281e-07
4.414658047386207e-07
5.152315196623794e-07
5.882577299718454e-07
6.834559425480571e-07
8.118934401961326e-07
9.584095935495261e-07
1.143789133555633e-06
1.380709236794071e-06
1.647710628439170e-06
1.982676437738194e-06
2.392780776150652e-06
2.874018167413303e-06
3.448883975995665e-06
4.091603260212053e-06
4.772420163486654e-06
5.575797113629678e-06
6.379172423341864e-06
7.198975482708949e-06
8.124825689967962e-06
9.669009076768352e-06
1.312186589223014e-05
1.605555907283683e-05
8.593285341771704e-06
-6.236399536933252e-06
-2.249436093701780e-05
-4.296616158350386e-05
-6.814412883597127e-05
-9.594445388658080e-05
-1.130660391811085e-04
-7.771532748157380e-05
2.192745410253137e-04
7.967790747525306e-04
1.136921434279903e-03
1.314894987366371e-03
1.449282126723763e-03
2.021915475566374e-03
3.263018856682962e-03
5.248001213323954e-03
8.145821158248761e-03
1.216894820439425e-02
1.760383065335084e-02
2.487612054247509e-02
3.439602716729841e-02
4.663236246184366e-02
6.218261218544290e-02
8.236631662914898e-02
1.094860873946523e-01
1.451217017378811e-01
1.902227600882943e-01
2.477671070085077e-01
3.209583632356989e-01
4.118967283017677e-01
5.190760862839420e-01
6.297924050517322e-01
7.525961804547904e-01
1.000000000000000e+00
1.000000000000000e+00
1.000000000000000e+00
1.000000000000000e+00
1.000000000000000e+00
1.000000000000000e+00
1.000000000000000e+00
1.000000000000000e+00
1.000000000000000e+00
1.000000000000000e+00
1.000000000000000e+00
###6.400000000000001e+00
4.776062911086897e-07
1.050512144786759e-07
5.694853334458868e-08
5.456114823362212e-08
-1.140806222774849e-07
-7.641390656357024e-08
-2.467844915911442e-08
1.374599007001978e-07
1.372802464791036e-07
1.810231997661252e-07
9.524687276950923e-08
3.062663738364923e-07
2.460693291669766e-07
3.283432108894769e-07
2.842076538076033e-07
2.624861975842621e-07
2.172368836743164e-07
2.140744801813939e-07
2.205115391944210e-07
2.383494554210263e-07
1.976502915160443e-07
2.473750100184717e-07
2.208812957154422e-07
2.452430887309904e-07
2.355662998947838e-07
2.541362001256982e-07
2.888744167523984e-07
2.841758610593413e-07
2.994062954569573e-07
3.215854144090725e-07
3.551403490712102e-07
3.830087859248686e-07
4.175986136199793e-07
4.590513686602695e-07
5.176584467767643e-07
6.019069538757983e-07
6.840248514892445e-07
7.944021675187988e-07
9.385941914442587e-07
1.104083576929512e-06
1.323751680703825e-06
1.596153080669021e-06
1.909917388228558e-06
2.302935105133764e-06
2.778973423526224e-06
3.344654079439500e-06
4.020098543759142e-06
4.793373658407278e-06
5.650004501270526e-06
6.646458570069463e-06
7.731954487682346e-06
8.898103655227287e-06
1.029600721900246e-05
1.250986471674717e-05
1.677692720667567e-05
2.379612832574980e-05
2.214129848395662e-05
3.525359352787867e-06
-1.322409974163699e-05
-3.176545720839886e-05
-5.232815402212024e-05
-6.941034597202849e-05
-6.100103863910481e-05
5.743355611052090e-05
6.755400399892561e-04
1.125018575020606e-03
1.245250670975362e-03
1.444099580003932e-03
1.670319705368613e-03
2.373419336079343e-03
3.781450578146360e-03
6.002366426669513e-03
9.212114447199962e-03
1.365894522902837e-02
1.963431579021770e-02
2.758966491496742e-02
3.797187718021235e-02
5.123292257551220e-02
6.801868061559824e-02
8.961079456284247e-02
1.183578066526767e-01
1.556680891233705e-01
2.023475226122727e-01
2.609849955375954e-01
3.341985100075962e-01
4.232033716907527e-01
5.264286147570986e-01
6.324936702942872e-01
7.531012882681665e-01
1.000000000000000e+00
1.000000000000000e+00
1.000000000000000e+00
1.000000000000000e+00
1.000000000000000e+00
1.000000000000000e+00
1.000000000000000e+00
1.000000000000000e+00
1.000000000000000e+00
1.000000000000000e+00
1.000000000000000e+00
###6.800000000000002e+00
6.586358203711404e-07
-1.313701728695962e-07
1.113557056826521e-07
4.730034219003700e-08
-1.467658565169673e-07
-6.781622201155037e-08
-1.836092590327167e-08
1.369565498224004e-07
1.437832530720607e-07
1.781293357920206e-07
1.168737064264917e-07
1.608300042195680e-07
2.690146809722362e-07
3.384631382890581e-07
3.054099254685340e-07
2.837693736075421e-07
2.453010354239755e-07
2.463724662551084e-07
2.463196307401149e-07
2.602684776237478e-07
2.289735000961836e-07
2.577338177133203e-07
2.362344373595425e-07
2.762533085743306e-07
2.737071210656840e-07
2.885521602211165e-07
3.262266126350047e-07
3.245825576256613e-07
3.466814453430529e-07
3.712903259057394e-07
4.022342437761171e-07
4.377335707697932e-07
4.770847083983747e-07
5.281347715086703e-07
5.925650988047587e-07
6.842509603186945e-07
7.797231309906975e-07
9.058785273398744e-07
1.071211077803019e-06
1.261006811175972e-06
1.502202730090545e-06
1.821117868467399e-06
2.169902232474730e-06
2.618804909707059e-06
3.165262473157485e-06
3.813212971335358e-06
4.588240305320264e-06
5.489136298090096e-06
6.508821312357918e-06
7.695784132399377e-06
9.013766808907590e-06
1.047680951671721e-05
1.230583968596017e-05
1.497215451630657e-05
1.980366833663189e-05
2.719814255508389e-05
3.107447856968560e-05
1.948586013814425e-05
-2.385193351646044e-06
-1.953722071508512e-05
-3.472794362159472e-05
-3.860250006746738e-05
8.394334185895499e-06
3.233559338888472e-04
8.577442982909268e-04
1.146002936389943e-03
1.296125750633165e-03
1.536745326241868e-03
1.878058147385348e-03
2.721922197704546e-03
4.310562006943819e-03
6.774541588630880e-03
1.031301229248869e-02
1.519797354360551e-02
2.172814982146518e-02
3.038690239459301e-02
4.163509372853975e-02
5.592601280802195e-02
7.392438628926834e-02
9.692428126801576e-02
1.272211220121983e-01
1.661848583265245e-01
2.143651406428293e-01
2.740382358081193e-01
3.471712230200458e-01
4.344876613489577e-01
5.340954203174615e-01
6.357448704531999e-01
7.540438838350063e-01
1.000000000000000e+00
1.000000000000000e+00
1.000000000000000e+00
1.000000000000000e+00
1.000000000000000e+00
1.000000000000000e+00
1.000000000000000e+00
1.000000000000000e+00
1.000000000000000e+00
1.000000000000000e+00
1.000000000000000e+00
###7.200000000000002e+00
6.472695145906421e-07
-4.751835125534304e-08
2.247797970301309e-07
6.810749921655549e-08
-8.797933870523170e-08
7.851930294590137e-08
8.093190563969786e-08
2.682077697709687e-07
2.446543595201835e-07
2.747253262745245e-07
3.794271304634028e-07
2.571408750312770e-07
3.600852844599802e-07
4.072419064550212e-07
3.912215880534917e-07
3.770040208892678e-07
2.433487415125981e-07
3.446202865460715e-07
3.489925260112706e-07
3.700486304507570e-07
3.349654229663178e-07
3.688427804575305e-07
3.284771076370291e-07
3.933379080274280e-07
3.949909919960939e-07
4.062257319663759e-07
4.492148941049049e-07
4.527913520368772e-07
4.793611651485707e-07
5.093586006953014e-07
5.447530816553824e-07
5.857980692774864e-07
6.436493407331713e-07
6.927102686440853e-07
7.663571474077490e-07
8.750554356719701e-07
9.796273294761814e-07
1.120712914682269e-06
1.310518886088319e-06
1.523740829531288e-06
1.803406507851738e-06
2.151511930865745e-06
2.546683575812055e-06
3.034688474754654e-06
3.620465017391811e-06
4.388808653514275e-06
5.259102635821882e-06
6.274520187570083e-06
7.445535556045719e-06
8.782230912672548e-06
1.026213561625406e-05
1.191897791230951e-05
1.417099603327771e-05
1.717825329881243e-05
2.238961008181158e-05
3.023328181004003e-05
3.735091710674718e-05
3.295020368280175e-05
1.099076204622491e-05
-8.689633709346857e-06
-2.017173940810272e-05
-1.111725891910589e-05
1.025587310136638e-04
3.909721904248929e-04
8.370334130384393e-04
1.132533321712473e-03
1.319179458862487e-03
1.623922983354847e-03
2.083960660929571e-03
3.078014539659359e-03
4.852701404963872e-03
7.576838097350472e-03
1.145548065807990e-02
1.678092316858563e-02
2.387625455188182e-02
3.324793394797800e-02
4.535375957346838e-02
6.070631248578186e-02
7.991307931552236e-02
1.042928419697076e-01
1.361288841668014e-01
1.766414140444690e-01
2.262640546574444e-01
2.868151188977372e-01
3.599740565735080e-01
4.456895317900350e-01
5.418251488044062e-01
6.396714292220254e-01
7.555207978062142e-01
1.000000000000000e+00
1.000000000000000e+00
1.000000000000000e+00
1.000000000000000e+00
1.000000000000000e+00
1.000000000000000e+00
1.000000000000000e+00
1.000000000000000e+00
1.000000000000000e+00
1.000000000000000e+00
1.000000000000000e+00
###7.600000000000002e+00
4.867015001285132e-07
-1.179823500545212e-08
2.671533320515414e-07
1.203149333952605e-07
-2.153139541780874e-08
1.194733586053600e-07
2.201922664244544e-07
3.960208708590892e-07
3.857842197646573e-07
4.189425168012758e-07
3.815541208279528e-07
3.443113332414504e-07
4.836574187334913e-07
5.188340356795825e-07
5.116700648500999e-07
5.140664608149753e-07
3.883681506427684e-07
4.781749014953221e-07
4.850373117485637e-07
5.078106812584767e-07
4.965677543292316e-07
5.148409519017984e-07
4.839820499092140e-07
5.423619594958554e-07
5.458548138058534e-07
5.681863452410045e-07
6.158840042688827e-07
6.290944909938092e-07
6.625043975751680e-07
6.946271913140963e-07
7.304834009165108e-07
7.815635498073718e-07
8.480108690411641e-07
9.073485078191473e-07
1.028763050170407e-06
1.114716192011466e-06
1.236116672911363e-06
1.398688237992183e-06
1.605956117830062e-06
1.851808903831759e-06
2.164616351149050e-06
2.547741656102994e-06
2.994925091882621e-06
3.536489763878757e-06
4.199907475477532e-06
5.042206879723104e-06
6.009220534457384e-06
7.144644124444930e-06
8.462505426885958e-06
9.969175100339253e-06
1.166601897844717e-05
1.353104424270834e-05
1.603247468074305e-05
1.939766356734794e-05
2.486348301331812e-05
3.294287106862173e-05
4.053612320887781e-05
4.188491045736711e-05
2.883260534054234e-05
6.705104477541550e-06
-2.555024541590894e-06
2.941459245812906e-05
1.535934020833414e-04
4.137840704999601e-04
8.224213419310302e-04
1.125294049221322e-03
1.358111787797321e-03
1.731858329306415e-03
2.314800804909826e-03
3.462833991098449e-03
5.433112430497199e-03
8.423525960069646e-03
1.265734039368251e-02
1.843783197010573e-02
2.610828855094931e-02
3.619672151239853e-02
4.918288457489593e-02
6.557127370841893e-02
8.599335298093223e-02
1.117401081354079e-01
1.450671139407489e-01
1.870903880146481e-01
2.380110131774578e-01
2.994026782017277e-01
3.724419193631289e-01
4.567666317759493e-01
5.499038637339462e-01
6.438896050626025e-01
7.573159911674662e-01
1.000000000000000e+00
1.000000000000000e+00
1.000000000000000e+00
1.000000000000000e+00
1.000000000000000e+00
1.000000000000000e+00
1.000000000000000e+00
1.000000000000000e+00
1.000000000000000e+00
1.000000000000000e+00
1.000000000000000e+00
###8.000000000000002e+00
4.428863692949191e-07
2.953433585931451e-08
2.563449912397717e-07
1.296597633770060e-07
-1.465675799687840e-08
2.500143777580462e-07
2.463270612664074e-07
4.849107781661792e-07
4.265478440427973e-07
4.334571881419949e-07
4.205329785619116e-07
3.876035393211993e-07
5.023203615397325e-07
5.528807320818851e-07
5.509087484684101e-07
5.531623497084319e-07
4.470284685450410e-07
5.282246947479111e-07
5.379746203365660e-07
5.603458022188650e-07
5.605694926682890e-07
5.769942774875851e-07
5.509796769163217e-07
6.091340233805326e-07
6.193744402713411e-07
6.455801608633593e-07
6.809039064194718e-07
7.166030552489408e-07
7.596784804331854e-07
7.890793605983253e-07
8.300921963470806e-07
8.951007131175301e-07
9.684539825848909e-07
1.038892007864749e-06
1.165726713618657e-06
1.267834616725313e-06
1.406181754625879e-06
1.587726907739939e-06
1.817338621379330e-06
2.090923585088573e-06
2.433715288669137e-06
2.852653919227810e-06
3.349343247117921e-06
3.946728327739075e-06
4.681365370335445e-06
5.598924017007861e-06
6.660808866214679e-06
7.903301897085819e-06
9.340567678558958e-06
1.101850157076818e-05
1.290792838159396e-05
1.500214575773070e-05
1.772509840269269e-05
2.133804124568609e-05
2.694048877043916e-05
3.495835146059230e-05
4.256735506180609e-05
4.522256275285682e-05
3.585526988748793e-05
1.739966130230654e-05
1.267670119990586e-05
5.422827138349961e-05
1.858822451765717e-04
4.321859195222244e-04
8.155282841249106e-04
1.132551419194151e-03
1.414148487511713e-03
1.863019106290111e-03
2.570660819846469e-03
3.881297986173431e-03
6.059448095648155e-03
9.322421362968647e-03
1.391819107631067e-02
2.016210961536886e-02
2.842373371151900e-02
3.923892063828936e-02
5.309696332796592e-02
7.054134343404107e-02
9.215443512458824e-02
1.192611921344379e-01
1.540139091970932e-01
1.974722861359728e-01
2.496251576480056e-01
3.118415325102817e-01
3.847664413509231e-01
4.676687709953734e-01
5.580715667608652e-01
6.488091640688510e-01
7.594044792413106e-01
1.000000000000000e+00
1.000000000000000e+00
1.000000000000000e+00
1.000000000000000e+00
1.000000000000000e+00
1.000000000000000e+00
1.000000000000000e+00
1.000000000000000e+00
1.000000000000000e+00
1.000000000000000e+00
1.000000000000000e+00
###8.400000000000002e+00
4.518782117880901e-07
1.636650128819355e-08
1.375429184296364e-07
1.789592764151627e-07
-9.829897838228039e-09
2.451897489085592e-07
2.968820625904948e-07
4.266109243474884e-07
5.457253441324340e-07
4.802064111314138e-07
4.662734300491161e-07
4.513807124364069e-07
5.378051171021590e-07
5.977869863764423e-07
5.957378297402032e-07
6.076191008127383e-07
5.104436258656174e-07
5.946771460705389e-07
5.729898868514364e-07
6.271377223242830e-07
6.461737264150896e-07
6.486292230884838e-07
6.586726413304302e-07
6.918654525489807e-07
6.994729357428759e-07
7.389370514071367e-07
7.762922161728229e-07
8.160371389307851e-07
8.668031201076355e-07
9.040695745516029e-07
9.476150636001403e-07
1.022517005672648e-06
1.106258083349766e-06
1.188526808972890e-06
1.325033476094808e-06
1.445709786135500e-06
1.596204749897601e-06
1.801697979925375e-06
2.051363867444766e-06
2.355187510313642e-06
2.732631526978354e-06
3.188513234319887e-06
3.738545440530203e-06
4.393251653637219e-06
5.192554042946027e-06
6.183292986129231e-06
7.358318445302860e-06
8.697816019769609e-06
1.027012977387107e-05
1.208158368772251e-05
1.415236207341483e-05
1.647823048427285e-05
1.943170506839375e-05
2.323261779012440e-05
2.893449062516862e-05
3.689199319703281e-05
4.449217111671023e-05
4.763598627654358e-05
4.036354029837691e-05
2.624230287342269e-05
2.645501615528825e-05
7.151388410854724e-05
2.029576642072992e-04
4.445272717234549e-04
8.173245671876077e-04
1.153789008577550e-03
1.489026714247504e-03
2.018702720235226e-03
2.854852853960364e-03
4.332081025159374e-03
6.728391820783775e-03
1.027609978502353e-02
1.524602281865147e-02
2.195838774538195e-02
3.082046938816584e-02
4.237149675620924e-02
5.711272451388015e-02
7.560878063084960e-02
9.840911074116172e-02
1.268638161297605e-01
1.630105828561884e-01
2.078707420899962e-01
2.611776028098955e-01
3.241222452607355e-01
3.969207419935253e-01
4.785937635728271e-01
5.663419093435547e-01
6.538114371622483e-01
7.619028152524677e-01
1.000000000000000e+00
1.000000000000000e+00
1.000000000000000e+00
1.000000000000000e+00
1.000000000000000e+00
1.000000000000000e+00
1.000000000000000e+00
1.000000000000000e+00
1.000000000000000e+00
1.000000000000000e+00
1.000000000000000e+00
###8.800000000000002e+00
4.609855656490416e-07
5.733610406951879e-08
1.493288795417246e-07
1.848244878909575e-07
1.116548255886245e-07
2.952639873986649e-07
3.161666624801891e-07
4.098386077420209e-07
5.671291659637330e-07
5.312438546210012e-07
4.715979322117106e-07
3.554249784452975e-07
5.654108747942216e-07
6.214149344742932e-07
6.273313011722615e-07
6.492019018851993e-07
5.255306237240325e-07
6.225839836954216e-07
6.199897812446656e-07
6.934314571566943e-07
6.967116511686617e-07
7.045152830216197e-07
7.221697649339334e-07
7.748295756982301e-07
7.708784079494326e-07
8.108443475982403e-07
8.620090764504869e-07
9.016467456667478e-07
9.585469964925664e-07
1.002226621330816e-06
1.053137714527606e-06
1.134971136193015e-06
1.227331612986008e-06
1.323633690176964e-06
1.472279612278034e-06
1.611271850747451e-06
1.779104431082215e-06
2.005629752182715e-06
2.283119714857172e-06
2.609463292351592e-06
3.022015282689648e-06
3.523426439365141e-06
4.120562961896268e-06
4.838507090161705e-06
5.713203341577161e-06
6.781910158721403e-06
8.050677780794963e-06
9.508118606487681e-06
1.123487219129206e-05
1.320204569660111e-05
1.547420876115622e-05
1.804245931160959e-05
2.127246214956143e-05
2.532444612885985e-05
3.125862820573908e-05
3.936771348826853e-05
4.717256824139001e-05
5.119860415695378e-05
4.631321283197680e-05
3.663964188854036e-05
4.241160991617351e-05
9.228439887667172e-05
2.256097575409363e-04
4.657529357041735e-04
8.340364971499291e-04
1.194730327150371e-03
1.587105563050355e-03
2.203664797497157e-03
3.172375491076106e-03
4.824283863380259e-03
7.444556572475468e-03
1.128841725030308e-02
1.663847009328683e-02
2.383404220748964e-02
3.331184894410914e-02
4.559617571624728e-02
6.122809110009587e-02
8.077304253468374e-02
1.047637123473558e-01
1.345399246970218e-01
1.720641868199737e-01
2.182026026915445e-01
2.726159090234730e-01
3.362430667012129e-01
4.088824343721846e-01
4.893369798200728e-01
5.747448264512121e-01
6.591105471023486e-01
7.644974695172904e-01
1.000000000000000e+00
1.000000000000000e+00
1.000000000000000e+00
1.000000000000000e+00
1.000000000000000e+00
1.000000000000000e+00
1.000000000000000e+00
1.000000000000000e+00
1.000000000000000e+00
1.000000000000000e+00
1.000000000000000e+00
###9.200000000000003e+00
3.739878673543501e-07
-7.983249323838634e-08
1.615471670681116e-07
1.240496629893722e-07
1.007239745836859e-07
5.291606260383423e-07
3.110020686325721e-07
4.290115196680367e-07
5.934067866778302e-07
5.297112057606413e-07
4.290579826243022e-07
3.871438728519495e-07
5.839251416646758e-07
6.449668563034158e-07
6.646252246831440e-07
6.749667465825336e-07
6.163356667635673e-07
6.622834609958630e-07
6.733349761847244e-07
7.391899474373854e-07
7.467074770309787e-07
7.637063196783588e-07
7.913087813999143e-07
8.341949438739629e-07
8.448150870820611e-07
8.848174981723040e-07
9.452382936490765e-07
9.882711515424052e-07
1.054344677902472e-06
1.107220243499504e-06
1.168176378929184e-06
1.256251783997388e-06
1.355696773658728e-06
1.462937363642192e-06
1.627952984039992e-06
1.782008883503377e-06
1.971438127636405e-06
2.219877536148408e-06
2.520587058594627e-06
2.882758219041794e-06
3.328752482420612e-06
3.870779017627452e-06
4.524235857349891e-06
5.305187402046871e-06
6.258691026242612e-06
7.415560743176126e-06
8.779294040101112e-06
1.036853141370818e-05
1.224737429397385e-05
1.439628261821009e-05
1.689775381877061e-05
1.974199961385036e-05
2.328867467324550e-05
2.770034243450171e-05
3.396722993170126e-05
4.233303073586242e-05
5.062893698782990e-05
5.589103949770800e-05
5.385935276259912e-05
4.914480953303221e-05
6.091892724431165e-05
1.168819787642834e-04
2.540102046351441e-04
4.968990231311715e-04
8.667989720921084e-04
1.255984497759839e-03
1.710286763262249e-03
2.417546999587712e-03
3.525458229493698e-03
5.359220737802914e-03
8.213376715179169e-03
1.236171862750359e-02
1.809890243418098e-02
2.579600225441769e-02
3.588749267137412e-02
4.891951330491034e-02
6.544558111720702e-02
8.602864254337765e-02
1.112136295400399e-01
1.423003655797795e-01
1.811625071531413e-01
2.285488444478926e-01
2.839659738917788e-01
3.482098622737090e-01
4.206941193030521e-01
4.999790814988491e-01
5.830128522438798e-01
6.644424849387841e-01
7.672929400862114e-01
1.000000000000000e+00
1.000000000000000e+00
1.000000000000000e+00
1.000000000000000e+00
1.000000000000000e+00
1.000000000000000e+00
1.000000000000000e+00
1.000000000000000e+00
1.000000000000000e+00
1.000000000000000e+00
1.000000000000000e+00
###9.600000000000003e+00
3.998385008033004e-07
-1.249475587647376e-08
2.433446238997493e-07
1.337474593330694e-07
1.275172776336267e-07
5.824378423966363e-07
6.276319307011196e-07
5.060753200996377e-07
6.186230147463901e-07
5.555013628640416e-07
4.420038846915123e-07
4.380675903557444e-07
6.118268902620858e-07
6.676016758085215e-07
6.833496268413287e-07
7.067865858698894e-07
6.580149170390384e-07
7.099032479299291e-07
7.394928047420908e-07
7.913242172357067e-07
8.069733779092692e-07
8.251291549991406e-07
8.671606473408179e-07
9.055631625637476e-07
9.241438938457666e-07
9.673729257547002e-07
1.036039726991177e-06
1.084172410425845e-06
1.155585325165376e-06
1.249103497488622e-06
1.302650497752710e-06
1.389706402823446e-06
1.502084795159776e-06
1.622604260691513e-06
1.797129372100342e-06
1.968939744370680e-06
2.177807388203618e-06
2.453421776409827e-06
2.780395333399552e-06
3.175832625718904e-06
3.662784920926605e-06
4.247047711026622e-06
4.955397423200962e-06
5.801507622165516e-06
6.840058681883210e-06
8.087624283705540e-06
9.571601557715487e-06
1.129226275763817e-05
1.333668444567009e-05
1.568632868448487e-05
1.843042195834947e-05
2.158244517050355e-05
2.550459372546031e-05
3.029235024383376e-05
3.706838176665285e-05
4.589493298679046e-05
5.497709699025523e-05
6.187438890065939e-05
6.301815334480090e-05
6.382129684228961e-05
8.244165566948217e-05
1.457279892002540e-04
2.889879501013484e-04
5.378972572192475e-04
9.154603687721350e-04
1.337275675412533e-03
1.858690513089094e-03
2.662641943028413e-03
3.915461144678094e-03
5.938340837122411e-03
9.035742377457030e-03
1.349635097647751e-02
1.963283471713559e-02
2.783691269804421e-02
3.855797584569461e-02
5.234514619532976e-02
6.976798734800614e-02
9.139153325481832e-02
1.177686008085407e-01
1.501314342625625e-01
1.902934338609704e-01
2.388602405978715e-01
2.953002064061570e-01
3.600792692733639e-01
4.323626608987791e-01
5.105255238010534e-01
5.913661653525109e-01
6.701964022963890e-01
7.702974569479660e-01
1.000000000000000e+00
1.000000000000000e+00
1.000000000000000e+00
1.000000000000000e+00
1.000000000000000e+00
1.000000000000000e+00
1.000000000000000e+00
1.000000000000000e+00
1.000000000000000e+00
1.000000000000000e+00
1.000000000000000e+00
###1.000000000000000e+01
5.839254402990325e-07
-1.657210798444032e-08
3.880602232510403e-08
1.547949548789705e-07
1.403124473940813e-07
5.995816851665981e-07
6.275159866690298e-07
5.456331630715847e-07
6.364034659872689e-07
5.840653444599033e-07
4.774767785471647e-07
5.102979835077621e-07
6.459409971519421e-07
6.855602224304802e-07
7.160840768808044e-07
7.555701294684858e-07
7.077180479319748e-07
7.637931096959621e-07
8.050138431659739e-07
8.499895514089278e-07
8.619506571769203e-07
8.930209307161383e-07
9.413823875721866e-07
9.850468470585191e-07
1.005218012598282e-06
1.058529934908547e-06
1.135880559510177e-06
1.190748563702927e-06
1.270675594922043e-06
1.368929892477196e-06
1.438851389347496e-06
1.529988956381118e-06
1.658334714287895e-06
1.795943377809131e-06
1.983708725754899e-06
2.182451722570529e-06
2.407549861006689e-06
2.705961163156092e-06
3.069714329349424e-06
3.496749809589279e-06
4.023846865539597e-06
4.659218890925286e-06
5.424883053959146e-06
6.344013140857021e-06
7.469785090657802e-06
8.810459119395714e-06
1.042078071055326e-05
1.229630911184344e-05
1.450565213493805e-05
1.708835129907795e-05
2.010994935963156e-05
2.361447840757426e-05
2.794586655955888e-05
3.328611294098054e-05
4.062710653247735e-05
5.014916967741572e-05
6.035827275209818e-05
6.930195527360129e-05
7.423953371855831e-05
8.101504672345801e-05
1.074407497163371e-04
1.793213488817461e-04
3.314270554950358e-04
5.900706761951837e-04
9.805317403270316e-04
1.440913705372182e-03
2.034362164168338e-03
2.940869043492178e-03
4.344042682154303e-03
6.564696539868717e-03
9.912030767882185e-03
1.469965465554257e-02
2.124567223787160e-02
2.996845431378593e-02
4.132805147990695e-02
5.587993591821995e-02
7.420287977396735e-02
9.686928373854337e-02
1.244316539673079e-01
1.580534601501882e-01
1.994585411208221e-01
2.491969373364881e-01
3.065476249035790e-01
3.717829555392816e-01
4.439503359403980e-01
5.209371489409456e-01
5.998417148438875e-01
6.760251916056140e-01
7.734002614803008e-01
1.000000000000000e+00
1.000000000000000e+00
1.000000000000000e+00
1.000000000000000e+00
1.000000000000000e+00
1.000000000000000e+00
1.000000000000000e+00
1.000000000000000e+00
1.000000000000000e+00
1.000000000000000e+00
1.000000000000000e+00
###1.040000000000000e+01
5.868062670173526e-07
-3.709445032573551e-09
3.797695698137090e-08
1.427700036610837e-07
1.276526038151466e-07
6.310269089978479e-07
6.132170007909943e-07
5.804341277589038e-07
6.276050063220380e-07
5.984788632899846e-07
5.024074901484329e-07
5.364538842688710e-07
6.682720444839244e-07
7.209373848237129e-07
7.462686856083851e-07
7.838906228600518e-07
7.510889308533325e-07
8.095617631382761e-07
8.528612952037023e-07
9.019058879323092e-07
9.207760823443674e-07
9.561108629692093e-07
1.015106665478168e-06
1.059763514645380e-06
1.087162911130433e-06
1.161536971842361e-06
1.231939720016707e-06
1.293504947915386e-06
1.386516053700457e-06
1.487467706141071e-06
1.569249475523902e-06
1.675756226127665e-06
1.815095396242788e-06
1.970181074366638e-06
2.174135569724511e-06
2.398275499490306e-06
2.642148914435095e-06
2.966710270400772e-06
3.361993818635294e-06
3.825419956358828e-06
4.394003455750285e-06
5.086612649195153e-06
5.918701732326793e-06
6.916526497043479e-06
8.121451401144510e-06
9.578258567932782e-06
1.131872810033660e-05
1.335439127072293e-05
1.576687952372340e-05
1.859671375234919e-05
2.195578769760214e-05
2.585033839339101e-05
3.068856226249415e-05
3.666605257734097e-05
4.474461084620754e-05
5.518441150647602e-05
6.662267590317444e-05
7.825362339790818e-05
8.756238487312749e-05
1.009775281280413e-04
1.361502461088187e-04
2.183205711892592e-04
3.815833000061638e-04
6.538358978844202e-04
1.062813740888948e-03
1.567282898993648e-03
2.237538115403941e-03
3.253481770567216e-03
4.813229788754572e-03
7.239807213498639e-03
1.084840431575257e-02
1.597048837242028e-02
2.293992356095420e-02
3.219250242082906e-02
4.420204099000416e-02
5.952498565286034e-02
7.875815829506007e-02
1.024747101884118e-01
1.312037927994439e-01
1.660628578693314e-01
2.086893154696179e-01
2.595619840898072e-01
3.177503924770061e-01
3.834297282688740e-01
4.553537070206088e-01
5.313499775444640e-01
6.082689359634240e-01
6.817761133848517e-01
7.768748668253157e-01
1.000000000000000e+00
1.000000000000000e+00
1.000000000000000e+00
1.000000000000000e+00
1.000000000000000e+00
1.000000000000000e+00
1.000000000000000e+00
1.000000000000000e+00
1.000000000000000e+00
1.000000000000000e+00
1.000000000000000e+00
###1.080000000000000e+01
6.055716939833974e-07
2.385532719115771e-08
4.841682876837249e-08
1.208149995903117e-07
9.491928301230037e-08
6.182491204569545e-07
6.190176499332414e-07
5.867456158092947e-07
6.429723584242158e-07
6.207511417698559e-07
5.243614293580955e-07
5.480147184127203e-07
6.933972598615412e-07
7.437870372904304e-07
7.786549978323038e-07
8.178167762685792e-07
7.944931448156577e-07
8.553360299728178e-07
9.023216977038286e-07
9.551320080646172e-07
9.809412028876693e-07
1.023906413529124e-06
1.085548788004017e-06
1.136803418597955e-06
1.173459651348918e-06
1.248125478226497e-06
1.327605460991728e-06
1.401811480329734e-06
1.508244766274339e-06
1.612483144944916e-06
1.710731916720485e-06
1.828641212748279e-06
1.989901427591196e-06
2.153483353777506e-06
2.372223225102500e-06
2.622100893882300e-06
2.889096226481928e-06
3.242074155884915e-06
3.671480092362718e-06
4.175441473607625e-06
4.791162675235651e-06
5.542419559337548e-06
6.449777633214931e-06
7.516494187214360e-06
8.824474335657362e-06
1.038833302627535e-05
1.228387636486563e-05
1.450865199680499e-05
1.713381376692607e-05
2.024434354617843e-05
2.393996619504722e-05
2.829969574806133e-05
3.373838659023076e-05
4.042609078248121e-05
4.948536359993767e-05
6.109362638824082e-05
7.441580623670138e-05
8.897994710045441e-05
1.031574526762389e-04
1.238941178600187e-04
1.689669345741862e-04
2.630205267756356e-04
4.402041713798634e-04
7.300192327876255e-04
1.163338938080829e-03
1.717289131248064e-03
2.469513890373809e-03
3.601706737760044e-03
5.325930444342059e-03
7.963289278219206e-03
1.184474276815450e-02
1.731147593044558e-02
2.471755220326563e-02
3.450985067019158e-02
4.717429307785582e-02
6.327404511792487e-02
8.342083206395323e-02
1.081792401176076e-01
1.380654200742994e-01
1.741405305348008e-01
2.179616530942918e-01
2.699177139134633e-01
3.289341062330693e-01
3.950378847855568e-01
4.667448719770959e-01
5.416898313872391e-01
6.167444254575274e-01
6.876274754418240e-01
7.801676680917475e-01
1.000000000000000e+00
1.000000000000000e+00
1.000000000000000e+00
1.000000000000000e+00
1.000000000000000e+00
1.000000000000000e+00
1.000000000000000e+00
1.000000000000000e+00
1.000000000000000e+00
1.000000000000000e+00
1.000000000000000e+00
###1.120000000000000e+01
6.534996972862766e-07
-6.481903460428207e-09
8.970892119478979e-08
1.749122688692547e-07
-3.181967178883536e-07
6.627133338069134e-07
6.957654800271045e-07
7.485859282564887e-07
7.696905981246073e-07
7.048858470621088e-07
6.152474950726162e-07
6.362763816864374e-07
7.887026588388219e-07
8.397398079884726e-07
8.775105610695402e-07
9.155042696350237e-07
9.001473061651498e-07
9.338493101473325e-07
1.013770116528571e-06
1.070873639561616e-06
1.107402372530728e-06
1.154227916562871e-06
1.225861406045800e-06
1.278777548529442e-06
1.325852406375072e-06
1.407391822971144e-06
1.494930176163413e-06
1.580545491690689e-06
1.696752373330139e-06
1.809304444694920e-06
1.922690303944150e-06
2.033811805596047e-06
2.232122735146820e-06
2.415517938787554e-06
2.659851893402374e-06
2.927817955254080e-06
3.226587389063065e-06
3.608471471707145e-06
4.077047753179575e-06
4.624644434441180e-06
5.291451764798092e-06
6.103857311045947e-06
7.078576846978537e-06
8.240185555324045e-06
9.652769225114290e-06
1.131909109377592e-05
1.340271419820955e-05
1.582234589842404e-05
1.868921548974199e-05
2.212491633138549e-05
2.617650185651760e-05
3.107939298324164e-05
3.719192354308369e-05
4.469259270203929e-05
5.489058836659249e-05
6.798901542287656e-05
8.355926277076115e-05
1.015390103286438e-04
1.213239236055531e-04
1.503959061977537e-04
2.063916555136179e-04
3.141832253237757e-04
5.079550819357257e-04
8.189402373607295e-04
1.282532907500578e-03
1.892135806249922e-03
2.731601158045366e-03
3.986700948414696e-03
5.882223061656030e-03
8.739492407280728e-03
1.290334400240512e-02
1.872361593094967e-02
2.657748837737672e-02
3.691558727296496e-02
5.025308644859447e-02
6.714090407142038e-02
8.820725671664642e-02
1.140198343514232e-01
1.450573978886486e-01
1.823264750752821e-01
2.273144244199232e-01
2.803236142101190e-01
3.401289981946782e-01
4.065634457783161e-01
4.780312864762409e-01
5.519870067109861e-01
6.252606097335063e-01
6.935189400796909e-01
7.837475209392871e-01
1.000000000000000e+00
1.000000000000000e+00
1.000000000000000e+00
1.000000000000000e+00
1.000000000000000e+00
1.000000000000000e+00
1.000000000000000e+00
1.000000000000000e+00
1.000000000000000e+00
1.000000000000000e+00
1.000000000000000e+00
###1.160000000000000e+01
8.081251786328275e-07
1.155517699468230e-07
1.585181221052021e-07
2.404877115649789e-07
-2.403140594247042e-07
7.330250955467556e-07
8.143667000416928e-07
8.798069375996910e-07
9.298150565922006e-07
8.540182215534064e-07
7.806122796090353e-07
8.129671916434963e-07
9.415701808582411e-07
9.954754479218954e-07
1.035608164544966e-06
1.075325513088971e-06
1.070712833643018e-06
1.117971560045156e-06
1.192508866994351e-06
1.255371878598278e-06
1.299783907477113e-06
1.336877035272649e-06
1.436611049596095e-06
1.495240516234037e-06
1.554221114673310e-06
1.649947336414922e-06
1.741164003494176e-06
1.838159952618947e-06
1.965347341017452e-06
2.092521145220985e-06
2.222972358132123e-06
2.351182657082669e-06
2.566498258498623e-06
2.772177162617680e-06
3.037782802677897e-06
3.335217062721603e-06
3.666158347735654e-06
4.082862655073953e-06
4.593031520842822e-06
5.189185090724965e-06
5.918342767510985e-06
6.793314299437756e-06
7.842966937062769e-06
9.105579174511398e-06
1.064000202029682e-05
1.244567126123647e-05
1.470369017503787e-05
1.734893337832251e-05
2.049666418891009e-05
2.426003139255306e-05
2.872458170748355e-05
3.424459512543138e-05
4.110882846215742e-05
4.954962498713637e-05
6.110855303968260e-05
7.598075348447811e-05
9.425689948937411e-05
1.162006296387760e-04
1.422851315815157e-04
1.806557477287884e-04
2.488070987525883e-04
3.723655515799984e-04
5.855247268449817e-04
9.216214608080066e-04
1.421323753836513e-03
2.092293589678612e-03
3.024381349820647e-03
4.410904736614072e-03
6.484118547096908e-03
9.571196372592726e-03
1.402648197783448e-02
2.021368818363435e-02
2.852222373914308e-02
3.942701337270583e-02
5.344329257889736e-02
7.112912353154842e-02
9.311557567862686e-02
1.199777350226485e-01
1.521557792179924e-01
1.906227973794404e-01
2.367672223768020e-01
2.907420199017928e-01
3.513120015621702e-01
4.180772139852893e-01
4.892737713361521e-01
5.622276221331385e-01
6.337641736687929e-01
6.996794505024051e-01
7.870916216561493e-01
1.000000000000000e+00
1.000000000000000e+00
1.000000000000000e+00
1.000000000000000e+00
1.000000000000000e+00
1.000000000000000e+00
1.000000000000000e+00
1.000000000000000e+00
1.000000000000000e+00
1.000000000000000e+00
1.000000000000000e+00
###1.200000000000001e+01
8.216568096485711e-07
8.145388585580447e-08
2.018118861696751e-07
2.804481788754239e-07
-1.788855799081109e-07
7.901581129155393e-07
8.507466796678367e-07
9.155171650119546e-07
9.158882140130224e-07
9.349193338858820e-07
9.089918994820847e-07
9.370075003173463e-07
1.057648124024750e-06
1.115828278622366e-06
1.159105813271147e-06
1.204419154651751e-06
1.207830883965959e-06
1.261871873863808e-06
1.339292358336881e-06
1.410709485884568e-06
1.462358575807382e-06
1.508469256738779e-06
1.613456066285732e-06
1.682313043693173e-06
1.727020864853149e-06
1.865578813002856e-06
1.961775397053186e-06
2.070772123900290e-06
2.210055542380491e-06
2.351599109391602e-06
2.499164395564582e-06
2.649332554511301e-06
2.880534022628197e-06
3.112099587343763e-06
3.401656208929879e-06
3.729987608975041e-06
4.092817547172564e-06
4.548417118140273e-06
5.102410722240757e-06
5.751814745707545e-06
6.537352108281167e-06
7.483028308176337e-06
8.627334582946519e-06
1.000038330237133e-05
1.165479552824390e-05
1.360147515469950e-05
1.606111009165136e-05
1.896619279998924e-05
2.226445668898840e-05
2.652558611189220e-05
3.152328504358635e-05
3.771799049577780e-05
4.547117079751782e-05
5.515909024019190e-05
6.819198583519654e-05
8.529025041971078e-05
1.066582526867400e-04
1.331499861725598e-04
1.662489807366188e-04
2.149085994538781e-04
2.967162620304827e-04
4.380228448387979e-04
6.735220899577114e-04
1.038920221334081e-03
1.580091685544913e-03
2.317738425525850e-03
3.349681851153042e-03
4.874795364157252e-03
7.133298970180844e-03
1.046071637450276e-02
1.521565506575435e-02
2.178115064893204e-02
3.056039107548459e-02
4.203906803648039e-02
5.674553267840822e-02
7.524285367954406e-02
9.815912046336843e-02
1.260634595520714e-01
1.593873833469816e-01
1.990401419464251e-01
2.463167568145157e-01
3.012207862684879e-01
3.624619751169058e-01
4.295490345983956e-01
5.004657895707972e-01
5.724328431071073e-01
6.422294090840343e-01
7.055966983191938e-01
7.907518402562771e-01
1.000000000000000e+00
1.000000000000000e+00
1.000000000000000e+00
1.000000000000000e+00
1.000000000000000e+00
1.000000000000000e+00
1.000000000000000e+00
1.000000000000000e+00
1.000000000000000e+00
1.000000000000000e+00
1.000000000000000e+00
###1.240000000000001e+01
8.228763735609768e-07
1.139278437586698e-07
2.471693393993521e-07
2.356739399465141e-07
-1.416596359529080e-07
8.375533907568703e-07
8.986065427735855e-07
9.597047016428052e-07
1.057173074277506e-06
1.058364508039259e-06
1.041633196455566e-06
1.065433601118760e-06
1.192756128198137e-06
1.255819174212515e-06
1.291572053304775e-06
1.341843315996628e-06
1.354602766805946e-06
1.415374243410968e-06
1.498352712981579e-06
1.576606074592784e-06
1.637764359905101e-06
1.694692298171318e-06
1.805964930794292e-06
1.886820396063588e-06
1.947922277550331e-06
2.091971239408601e-06
2.202154543980778e-06
2.325280504126137e-06
2.478750399705936e-06
2.637184001316301e-06
2.802532566168844e-06
2.976409803003033e-06
3.225850442616240e-06
3.483310467642274e-06
3.799749639819354e-06
4.161612679264847e-06
4.561022116679589e-06
5.057761933043985e-06
5.658783684874900e-06
6.367415234199526e-06
7.219145360943236e-06
8.242358421179921e-06
9.487894220903507e-06
1.097070048740705e-05
1.276783990342783e-05
1.487339776751537e-05
1.755565255576984e-05
2.072619828349235e-05
2.427027128880018e-05
2.903959900445877e-05
3.464188166314335e-05
4.161763583978251e-05
5.039714433364084e-05
6.140387484489005e-05
7.628497415941751e-05
9.588247082337017e-05
1.208637554361034e-04
1.525698955606218e-04
1.935755126192592e-04
2.535270791023351e-04
3.505674278523876e-04
5.116559534603101e-04
7.726055647067705e-04
1.171654421493875e-03
1.759776695945720e-03
2.570105737091353e-03
3.708153570872121e-03
5.378126572565697e-03
7.832627349589923e-03
1.140796970033126e-02
1.647595942522700e-02
2.342968239957968e-02
3.269340845709888e-02
4.475470208811912e-02
6.016683109195436e-02
7.948451088984528e-02
1.033361419053916e-01
1.323047683824586e-01
1.667528215456010e-01
2.075880535821936e-01
2.559304377025202e-01
3.117734089646150e-01
3.736606353069226e-01
4.409625930619852e-01
5.115781777603520e-01
5.827012583731630e-01
6.508539259976764e-01
7.117607770106280e-01
7.945774754218197e-01
1.000000000000000e+00
1.000000000000000e+00
1.000000000000000e+00
1.000000000000000e+00
1.000000000000000e+00
1.000000000000000e+00
1.000000000000000e+00
1.000000000000000e+00
1.000000000000000e+00
1.000000000000000e+00
1.000000000000000e+00
###1.280000000000001e+01
8.012928297949950e-07
3.882075449617055e-07
2.871835765136913e-07
2.844676908036717e-07
-8.504374411951869e-08
9.005368636827031e-07
9.746308397194312e-07
1.102573093310017e-06
1.200332283074508e-06
1.210085260187404e-06
1.156998303533123e-06
1.202233483623960e-06
1.324942125868631e-06
1.374140269816989e-06
1.436660767922307e-06
1.492866127580530e-06
1.515502997252548e-06
1.583393692088618e-06
1.674281871041129e-06
1.759082337413485e-06
1.830499395512575e-06
1.900015991300076e-06
2.018280473973244e-06
2.111290672200423e-06
2.188249252747402e-06
2.341564799942961e-06
2.466869544939304e-06
2.606102989173145e-06
2.775070633937346e-06
2.951806555866343e-06
3.136191360706009e-06
3.336019438324328e-06
3.608119127327785e-06
3.893299766516791e-06
4.239577284008028e-06
4.633603800551685e-06
5.075707275862495e-06
5.620590882372332e-06
6.272122704641326e-06
7.045023205445697e-06
7.972414594928727e-06
9.080305909487995e-06
1.043199776703079e-05
1.203755384724589e-05
1.398492769953645e-05
1.628944244470167e-05
1.919829435292880e-05
2.267622424236012e-05
2.663256877145462e-05
3.184447766040503e-05
3.809875032627027e-05
4.594841863243805e-05
5.590342081860924e-05
6.834106963840552e-05
8.550959590782528e-05
1.080199131395988e-04
1.370541952893256e-04
1.746936900419799e-04
2.245481529612038e-04
2.969165327274685e-04
4.107696025633702e-04
5.938917855893871e-04
8.833649725896259e-04
1.320497309863292e-03
1.960921450680012e-03
2.851024112197667e-03
4.102195990175525e-03
5.925997012704519e-03
8.583730185607650e-03
1.241560791762249e-02
1.780815704394031e-02
2.516590724914703e-02
3.492595724382207e-02
4.758760291291573e-02
6.371218860122224e-02
8.386255086849521e-02
1.086562139699327e-01
1.386689801297248e-01
1.742538543236659e-01
2.162324629850106e-01
2.656317462471537e-01
3.223446225780024e-01
3.848778549121745e-01
4.523861127731028e-01
5.226844783835574e-01
5.928424229828619e-01
6.594743789365882e-01
7.181628575311185e-01
7.985397416307383e-01
1.000000000000000e+00
1.000000000000000e+00
1.000000000000000e+00
1.000000000000000e+00
1.000000000000000e+00
1.000000000000000e+00
1.000000000000000e+00
1.000000000000000e+00
1.000000000000000e+00
1.000000000000000e+00
1.000000000000000e+00
###1.320000000000001e+01
7.995111670199223e-07
4.383647359403625e-07
3.377384251337351e-07
3.105776453152303e-07
-9.293722764776549e-08
9.247637345456952e-07
1.065960520339103e-06
1.201741518017869e-06
1.361848430993221e-06
1.360934782206698e-06
1.308535940685367e-06
1.356167774699772e-06
1.595828356741481e-06
1.530827068810405e-06
1.598685967469919e-06
1.661405619178053e-06
1.694362892172935e-06
1.770175154409372e-06
1.868520130058745e-06
1.962407407942875e-06
2.045108713098370e-06
2.127313369252190e-06
2.254986470369652e-06
2.361579128350641e-06
2.455148643292893e-06
2.619469900601902e-06
2.761761136171041e-06
2.918620727135776e-06
3.104937123572226e-06
3.302085525895393e-06
3.509440177320677e-06
3.735525539858113e-06
4.032321944375208e-06
4.349333546507430e-06
4.727227308373324e-06
5.160033010147733e-06
5.648484001230250e-06
6.242967620035496e-06
6.950647155933182e-06
7.793657554572122e-06
8.801911124041192e-06
1.000492987659535e-05
1.146755408992729e-05
1.321323730702890e-05
1.533233596569279e-05
1.784620807580890e-05
2.102325996991723e-05
2.481887465161469e-05
2.924243458061916e-05
3.496342608073294e-05
4.196146284171351e-05
5.077626715948579e-05
6.212358860231061e-05
7.637111902477656e-05
9.591077404496511e-05
1.217845483231976e-04
1.554477254055110e-04
1.997707126987630e-04
2.593962998761952e-04
3.455576868457122e-04
4.779814667053871e-04
6.853522318830016e-04
1.006812676594327e-03
1.486496671380568e-03
2.185124428976844e-03
3.160743876200838e-03
4.532077932065025e-03
6.518067376132975e-03
9.388175904596920e-03
1.349009140110330e-02
1.921999932074266e-02
2.699020406517580e-02
3.725884100839696e-02
5.053830526402898e-02
6.738875830420850e-02
8.836750653546957e-02
1.141196601574618e-01
1.451761025892568e-01
1.818956851246345e-01
2.249898343200278e-01
2.754428175991330e-01
3.330235389653864e-01
3.961272419111499e-01
4.637871966569953e-01
5.338103814480285e-01
6.029964705809444e-01
6.681650313863760e-01
7.244249974562249e-01
8.024832432749057e-01
1.000000000000000e+00
1.000000000000000e+00
1.000000000000000e+00
1.000000000000000e+00
1.000000000000000e+00
1.000000000000000e+00
1.000000000000000e+00
1.000000000000000e+00
1.000000000000000e+00
1.000000000000000e+00
1.000000000000000e+00
###1.360000000000001e+01
8.211124967625919e-07
4.652725094273649e-07
3.880973441387345e-07
4.235920336777450e-07
-3.227370073379344e-08
1.002747513358448e-06
1.168487442815040e-06
1.340565497618829e-06
1.539304254323868e-06
1.527504711596818e-06
1.481815619933541e-06
1.504422798119451e-06
1.756029556341241e-06
1.705399369437587e-06
1.778732961956238e-06
1.848629707277178e-06
1.892803055887124e-06
1.977620217851894e-06
2.092132619131649e-06
2.188562434699041e-06
2.283589423069077e-06
2.379901832433725e-06
2.518573089825022e-06
2.639778907965755e-06
2.751467548415812e-06
2.928999345932966e-06
3.089736966307914e-06
3.266044370637072e-06
3.471084367011779e-06
3.691510104628199e-06
3.924549222163181e-06
4.179182508123435e-06
4.500116556436539e-06
4.855044741435157e-06
5.270744365678673e-06
5.743977886163287e-06
6.282007186910643e-06
6.931774101419668e-06
7.703842761276395e-06
8.621261408674134e-06
9.712041097852985e-06
1.102744476919630e-05
1.259960066130864e-05
1.451130783234191e-05
1.681191688718171e-05
1.956730438623592e-05
2.297939562666707e-05
2.719355635289151e-05
3.213429689548073e-05
3.840812357870036e-05
4.625483074601164e-05
5.618369282681557e-05
6.900815189730416e-05
8.535480703051824e-05
1.075290516102837e-04
1.372658970620163e-04
1.762459275055643e-04
2.280507180952139e-04
2.986228978798647e-04
3.997444620557305e-04
5.525679535428711e-04
7.868277409680679e-04
1.143710314697897e-03
1.670371782115640e-03
2.433539158752334e-03
3.500272198678375e-03
5.000015740805355e-03
7.155580613964610e-03
1.024872843425967e-02
1.463151149119394e-02
2.070758769952178e-02
2.890116808732287e-02
3.969843410955214e-02
5.360341803487421e-02
7.119024407740472e-02
9.301992891779388e-02
1.197219203534530e-01
1.518428334014129e-01
1.896734012848025e-01
2.338827521611877e-01
2.853524809476563e-01
3.437272420752359e-01
4.074270952352784e-01
4.752514395824947e-01
5.448606491379474e-01
6.131596201085693e-01
6.768187235944395e-01
7.309111168242125e-01
8.065024186621776e-01
1.000000000000000e+00
1.000000000000000e+00
1.000000000000000e+00
1.000000000000000e+00
1.000000000000000e+00
1.000000000000000e+00
1.000000000000000e+00
1.000000000000000e+00
1.000000000000000e+00
1.000000000000000e+00
1.000000000000000e+00
###1.400000000000001e+01
8.843448719600190e-07
4.931893274754334e-07
4.189668613569812e-07
4.630023510932518e-07
1.935514852556227e-08
1.052577128975976e-06
1.284085408212537e-06
1.430795895276125e-06
1.633254993859993e-06
1.620110452422264e-06
1.596520544794796e-06
1.620654645443637e-06
1.865523936274265e-06
1.814637946212853e-06
1.913656157899193e-06
1.992591401687830e-06
2.049186197863529e-06
2.144305795194679e-06
2.267754240193650e-06
2.376668512889753e-06
2.485011358837913e-06
2.596192835512823e-06
2.747285060820843e-06
2.884252625104521e-06
3.015148066108565e-06
3.207568865044977e-06
3.387917017492181e-06
3.587072599903616e-06
3.812007916110855e-06
4.056498022681615e-06
4.316910937302470e-06
4.602600404109374e-06
4.947899938410446e-06
5.344788449889608e-06
5.800329683980090e-06
6.318159039804140e-06
6.912477370547188e-06
7.619087737905762e-06
8.460872040088198e-06
9.462010370453230e-06
1.064645268151156e-05
1.207494657560138e-05
1.377742323332941e-05
1.585725290883088e-05
1.836796626322713e-05
2.138238119325040e-05
2.511232714763050e-05
2.974733493510203e-05
3.523970730677465e-05
4.219617643522894e-05
5.098371357881790e-05
6.217780658674481e-05
7.666421056166025e-05
9.531420332076059e-05
1.205789822576747e-04
1.545070525018002e-04
1.994771650642750e-04
2.597697345039059e-04
3.423107502946007e-04
4.599481794250460e-04
6.351657952806918e-04
8.989661144039407e-04
1.294727295448607e-03
1.873123256871909e-03
2.706814088947669e-03
3.872469145490444e-03
5.508005595131421e-03
7.842301023326666e-03
1.116728048810977e-02
1.584113799804069e-02
2.227817219697313e-02
3.091421477212792e-02
4.224718660152950e-02
5.679319671681984e-02
7.512875727334169e-02
9.781919953158599e-02
1.254861325807657e-01
1.586623152378558e-01
1.976070106011502e-01
2.429151069111760e-01
2.953777143095684e-01
3.545453400801926e-01
4.187760937145489e-01
4.866960575111364e-01
5.559177776212383e-01
6.233307158282619e-01
6.854680682115365e-01
7.375326454385396e-01
8.107164434266217e-01
1.000000000000000e+00
1.000000000000000e+00
1.000000000000000e+00
1.000000000000000e+00
1.000000000000000e+00
1.000000000000000e+00
1.000000000000000e+00
1.000000000000000e+00
1.000000000000000e+00
1.000000000000000e+00
1.000000000000000e+00
###1.440000000000001e+01
8.787445416980862e-07
4.888408919364939e-07
4.263334717196718e-07
4.853297787086686e-07
4.473773826876247e-08
1.068914910952660e-06
1.298200645408963e-06
1.449799199378334e-06
1.652513224370857e-06
1.651854674360933e-06
1.644492734382670e-06
1.680185624993292e-06
1.921375829679150e-06
1.891293091440281e-06
1.998654818714306e-06
2.087959000856963e-06
2.157961398244164e-06
2.264392696506654e-06
2.400185624988852e-06
2.519963077699323e-06
2.642230488889670e-06
2.769041469246959e-06
2.933594883641269e-06
3.087443282973849e-06
3.237963433598261e-06
3.446542444219371e-06
3.648004502349393e-06
3.868779220717806e-06
4.118125191223888e-06
4.386960748100719e-06
4.676388430345210e-06
4.994638618396094e-06
5.373784441357472e-06
5.808485240090273e-06
6.307163616063916e-06
6.873498352255986e-06
7.523937511566208e-06
8.295029218409230e-06
9.212961739851395e-06
1.029735659764899e-05
1.158422544407579e-05
1.313643324291492e-05
1.498660761667639e-05
1.725509333131690e-05
1.998105453697662e-05
2.327401146718772e-05
2.727966662492181e-05
3.245778807187802e-05
3.857506924670467e-05
4.633127188486453e-05
5.618831300264463e-05
6.877467438967491e-05
8.515467505338654e-05
1.063940063696527e-04
1.351121116514483e-04
1.737866139091813e-04
2.254991483097630e-04
2.951470303394917e-04
3.908138577212582e-04
5.266110083622694e-04
7.261990082415013e-04
1.022396052045857e-03
1.460851908906484e-03
2.095842851933735e-03
3.005640141285481e-03
4.277911572697988e-03
6.056427264901066e-03
8.578930519941930e-03
1.214561787438080e-02
1.712266371258868e-02
2.393261275181915e-02
3.302649957198337e-02
4.490643824175871e-02
6.011200995441123e-02
7.920149675399780e-02
1.027646773683317e-01
1.314089824158013e-01
1.656393724924127e-01
2.056852519261547e-01
2.520812954661665e-01
3.055197274365971e-01
3.654620198713505e-01
4.301318112261904e-01
4.981828455846719e-01
5.669612990192482e-01
6.334636255341185e-01
6.941098020402462e-01
7.440859943937116e-01
8.149847037809922e-01
1.000000000000000e+00
1.000000000000000e+00
1.000000000000000e+00
1.000000000000000e+00
1.000000000000000e+00
1.000000000000000e+00
1.000000000000000e+00
1.000000000000000e+00
1.000000000000000e+00
1.000000000000000e+00
1.000000000000000e+00
###1.480000000000001e+01
8.883196957675027e-07
5.110055557237400e-07
4.346390637957009e-07
5.028740677421595e-07
7.465090521836381e-08
1.080860337405263e-06
1.307253984927846e-06
1.464697154059415e-06
1.682451547291660e-06
1.683381557871051e-06
1.692467910600124e-06
1.740459948472455e-06
1.979041453251051e-06
1.969077372821956e-06
2.085947729264859e-06
2.189981511078567e-06
2.273899995937652e-06
2.390826950634631e-06
2.533238531808107e-06
2.669047058486299e-06
2.805283666975389e-06
2.948310551007540e-06
3.127878309994806e-06
3.300080348484877e-06
3.473128607805290e-06
3.697580064110413e-06
3.922393405274685e-06
4.165566810941152e-06
4.440334386988754e-06
4.736270530507852e-06
5.014044059083337e-06
5.409928868290114e-06
5.826203301185041e-06
6.301851796146118e-06
6.846863131895438e-06
7.465888744415742e-06
8.177261036403410e-06
9.016874449555321e-06
1.001636863015604e-05
1.119565045859255e-05
1.259387935993977e-05
1.427781270470605e-05
1.629476987731426e-05
1.875798275513381e-05
2.172809321151062e-05
2.533907173396319e-05
2.975821216406802e-05
3.543633520852441e-05
4.223206922731992e-05
5.088461110787546e-05
6.192137482213991e-05
7.610014317960221e-05
9.448971268276675e-05
1.187046490219071e-04
1.513152645097765e-04
1.953848716027987e-04
2.544334236608281e-04
3.344362009044189e-04
4.445746680148843e-04
6.000922538035607e-04
8.263629500616204e-04
1.157747604617264e-03
1.642885753376540e-03
2.339753338214351e-03
3.331907905648577e-03
4.717062242782095e-03
6.647176803713667e-03
9.367558360907947e-03
1.318607012671119e-02
1.847883268784057e-02
2.567645671930876e-02
3.524167604163272e-02
4.768771608799065e-02
6.355855779821137e-02
8.342344687740433e-02
1.078757906310594e-01
1.374908536360513e-01
1.727864318908272e-01
2.139318889344827e-01
2.614065559274496e-01
3.157874375555635e-01
3.764541757453457e-01
4.415415211821854e-01
5.096347617638411e-01
5.780129186682389e-01
6.436174904964498e-01
7.027495763426330e-01
7.508344290013732e-01
8.193039721567276e-01
1.000000000000000e+00
1.000000000000000e+00
1.000000000000000e+00
1.000000000000000e+00
1.000000000000000e+00
1.000000000000000e+00
1.000000000000000e+00
1.000000000000000e+00
1.000000000000000e+00
1.000000000000000e+00
1.000000000000000e+00
###1.520000000000001e+01
8.818025013116371e-07
4.228851567335315e-07
4.634042682763969e-07
5.482594598793076e-07
1.139746951521062e-07
1.235911463604689e-06
1.323529416763408e-06
1.502437628426422e-06
1.704850141336752e-06
1.871401619165033e-06
1.742794882622552e-06
1.805967540413117e-06
2.042009609635752e-06
2.055376330135596e-06
2.179266411659841e-06
2.292119812944529e-06
2.390745675159346e-06
2.520267779454909e-06
2.674919049674649e-06
2.825193792350665e-06
2.981117492768306e-06
3.137219660890342e-06
3.332395796027000e-06
3.523532381447571e-06
3.718372533708193e-06
3.962327181277977e-06
4.210736848985425e-06
4.478573873622781e-06
4.780578772044768e-06
5.105521658689426e-06
5.372125624871438e-06
5.849981317357988e-06
6.307086405110802e-06
6.827836669716726e-06
7.423213869923950e-06
8.098820077807990e-06
8.877193633603072e-06
9.791939218209277e-06
1.088024344024034e-05
1.215905718805455e-05
1.367854037956467e-05
1.550642808040182e-05
1.770915652497362e-05
2.038313785864078e-05
2.363179092942663e-05
2.758977172015374e-05
3.245921072876764e-05
3.868286832850907e-05
4.616094834616635e-05
5.588130039451641e-05
6.822474023134203e-05
8.417907678504166e-05
1.048614784508323e-04
1.323797516295838e-04
1.693359897772407e-04
2.194072849829074e-04
2.866713918436687e-04
3.780275908257617e-04
5.038811169323109e-04
6.809492897824377e-04
9.362571186502375e-04
1.305827287667870e-03
1.841351669267477e-03
2.605447719011454e-03
3.686395540830393e-03
5.192596539086426e-03
7.282556798250090e-03
1.021070900426873e-02
1.429255450240595e-02
1.991271401682513e-02
2.751369861655386e-02
3.756282362269911e-02
5.058470072740102e-02
6.714255434422392e-02
8.779416264365318e-02
1.131485940618083e-01
1.437509632084180e-01
1.800959688141133e-01
2.223359453461901e-01
2.708798546960742e-01
3.261690068476897e-01
3.875376159939748e-01
4.530390639484848e-01
5.211318590324420e-01
5.890653543753721e-01
6.537601993941158e-01
7.114589873230375e-01
7.575626331013150e-01
8.236153808567643e-01
1.000000000000000e+00
1.000000000000000e+00
1.000000000000000e+00
1.000000000000000e+00
1.000000000000000e+00
1.000000000000000e+00
1.000000000000000e+00
1.000000000000000e+00
1.000000000000000e+00
1.000000000000000e+00
1.000000000000000e+00
###1.560000000000001e+01
8.770953035846059e-07
4.712501229633179e-07
4.813350395151214e-07
5.711002876802305e-07
1.725223671755732e-07
1.247928503851314e-06
1.354526252495530e-06
1.530584484776903e-06
1.743814256916079e-06
1.913708467785827e-06
1.812564586477763e-06
1.880119510561497e-06
2.116922581971133e-06
2.148067184980792e-06
2.281514407334915e-06
2.406203199449462e-06
2.519252539302576e-06
2.662086522900428e-06
2.829706108388010e-06
2.995163350978977e-06
3.167557490874143e-06
3.342160918538223e-06
3.554538726861314e-06
3.765960245635822e-06
3.983731616673289e-06
4.249294795370725e-06
4.523220754966954e-06
4.817969727602227e-06
5.148779801461472e-06
5.504139952864821e-06
5.817327526257342e-06
6.326052765807682e-06
6.827903900010041e-06
7.397276311393281e-06
8.046811526895468e-06
8.784161839116360e-06
9.632922856058094e-06
1.062869677803183e-05
1.181151290959597e-05
1.320307317580777e-05
1.485966923885009e-05
1.684631847223345e-05
1.924433949583828e-05
2.215919199462423e-05
2.570738519660285e-05
3.003953259258336e-05
3.541105392151322e-05
4.225757576730294e-05
5.059315130062132e-05
6.137202193081137e-05
7.519093931642110e-05
9.310698006764535e-05
1.164332689030871e-04
1.475017345644686e-04
1.893538747297100e-04
2.460251546837189e-04
3.223232373438825e-04
4.261404351975250e-04
5.692065726657808e-04
7.696141110077371e-04
1.056235014406966e-03
1.467349857298604e-03
2.057429711072871e-03
2.893826873946917e-03
4.070435153771926e-03
5.705016497400879e-03
7.964881001351365e-03
1.111011065470606e-02
1.546588234026579e-02
2.142753491262461e-02
2.944421035994121e-02
3.999160020147075e-02
5.361243149987755e-02
7.086938079633097e-02
9.231706020892207e-02
1.185844905911120e-01
1.501718892828413e-01
1.875782812456954e-01
2.309008300116273e-01
2.805036916702351e-01
3.366890888227039e-01
3.987316804494382e-01
4.645972610683447e-01
5.326518849077236e-01
6.001331329463663e-01
6.638524749658991e-01
7.201438490564636e-01
7.643028794848525e-01
8.281979406536586e-01
1.000000000000000e+00
1.000000000000000e+00
1.000000000000000e+00
1.000000000000000e+00
1.000000000000000e+00
1.000000000000000e+00
1.000000000000000e+00
1.000000000000000e+00
1.000000000000000e+00
1.000000000000000e+00
1.000000000000000e+00
