# NLO BK equation solver 0.0-dev build  (build Nov 18 2025 11:57:20)
# Initial condition: MV model, Q_s0^2 = 0.0892943 GeV^2, \gamma = 4.33345, coefficient of E inside Log is 1, x0=0.01, \Lambda_QCD = 0.241 GeV
# # LO Kernel RC:  Balitsky. NLO Kernel RC:  smallest dipole
# Nc=3, Nf=4
# Using RungeKutta method in K1
# Resumming double log
# Resumming single log, K_sub=0.65 resum rc: smallest
# BK K1 integration relative accuracy: 0.02# NLO BK as^2 terms: MC integration method: Vegas, points=1000000
# Kinematical constraint: none
# Target kinematical constraint: disabled

###1.000000000000000e-05
###1.160836920850890e+00
###100
###1.000000000000000e+00
###0.000000000000000e+00
4.252886441346631e-48
1.531134195834371e-47
5.511675562843056e-47
1.983780209469629e-46
7.139068143958704e-46
2.568774981696519e-45
9.241566636153719e-45
3.324287056931439e-44
1.195592388748774e-43
4.299299744324062e-43
1.545754281131012e-42
5.556604159500403e-42
1.997113623789606e-41
7.176593839925512e-41
2.578422749293114e-40
9.262065329374553e-40
3.326421048748077e-39
1.194427718547780e-38
4.287985480719135e-38
1.539057754955957e-37
5.522834036834049e-37
1.981397892087727e-36
7.106914115372460e-36
2.548513906233547e-35
9.136635076168147e-35
3.274729951261102e-34
1.173413543244604e-33
4.203483760031275e-33
1.505380985398229e-32
5.389620232433626e-32
1.929035851817458e-31
6.902212492534712e-31
2.468865959375236e-30
8.828011405512765e-30
3.155580175935669e-29
1.127563510480532e-28
4.027564286775803e-28
1.438061743229377e-27
5.132627603051744e-27
1.831143563558761e-26
6.530077540478700e-26
2.327662946579295e-25
8.293154725629431e-25
2.953310113460836e-24
1.051185105153791e-23
3.739564265311092e-23
1.329611560803335e-22
4.724766797328974e-22
1.677942686189856e-21
5.955302799438067e-21
2.112267328247740e-20
7.486865875125907e-20
2.651824117219931e-19
9.385767271090952e-19
3.319416643738560e-18
1.173023935959271e-17
4.141818706454643e-17
1.461168505066515e-16
5.150157658508132e-16
1.813585650573329e-15
6.380282014404948e-15
2.242403889052949e-14
7.873163433631168e-14
2.761451427476977e-13
9.675470265604499e-13
3.386494879548274e-12
1.184060072626064e-11
4.135694646335059e-11
1.443069514939318e-10
5.030487433208491e-10
1.752045478820668e-09
6.097211292920144e-09
2.120393022728822e-08
7.369886852277045e-08
2.560569194767668e-07
8.894614955957261e-07
3.089780156128208e-06
1.073594170319936e-05
3.732296801339796e-05
1.298500696081950e-04
4.521906031830225e-04
1.576182453354003e-03
5.495058952182941e-03
1.909840939875895e-02
6.538272004734014e-02
2.115027583290413e-01
5.669900600796635e-01
9.479290111544895e-01
9.999713018000367e-01
9.999999999999999e-01
1.000000000000000e+00
1.000000000000000e+00
1.000000000000000e+00
1.000000000000000e+00
1.000000000000000e+00
1.000000000000000e+00
1.000000000000000e+00
1.000000000000000e+00
1.000000000000000e+00
1.000000000000000e+00
###4.000000000000000e-01
3.442587280085768e-11
-5.291621595221123e-11
-9.213131092417194e-11
1.024588692558421e-11
3.103969691106413e-11
-7.170040058338169e-10
-1.024789813424413e-11
-4.129765938767483e-11
9.847312513834204e-11
5.021045897637360e-10
8.731200463505761e-12
-2.163438844938345e-11
-1.406043673622903e-09
-9.552993879110957e-12
6.614960794268355e-11
7.700667254094902e-12
6.943639640725907e-11
8.618765375958343e-12
9.916847551149451e-12
6.800673181282005e-11
-5.469063797479393e-11
-3.478367267515856e-12
4.983164779770237e-11
1.998917371402972e-11
4.968677330747580e-11
3.431960908993754e-11
3.610575493869201e-11
8.306880921143365e-11
1.162899803731061e-10
1.528794202221264e-10
1.962598500848523e-10
2.418692196275026e-10
3.854590398274207e-10
4.188591375158757e-10
6.517985437917886e-10
8.898021923717083e-10
1.203629033506719e-09
1.617252198073363e-09
2.161974746458744e-09
2.805137888928198e-09
3.858866865739221e-09
5.107639363974585e-09
6.804130869204789e-09
9.100519679528971e-09
1.198163628729839e-08
1.593519272050967e-08
2.099382242523217e-08
2.781655072157379e-08
3.665667617093869e-08
4.837074186436835e-08
6.365498363563686e-08
8.393989767623176e-08
1.106630520764597e-07
1.459832058208741e-07
1.933208574365159e-07
2.566656946285983e-07
3.432787350287985e-07
4.614015536202161e-07
6.240175977878797e-07
8.577409160458062e-07
1.183498640716794e-06
1.657481484311223e-06
2.356429291694927e-06
3.311691345614122e-06
4.521548891673488e-06
7.330323452557718e-06
1.093728535138721e-05
1.653098405250786e-05
2.519128347877103e-05
3.864624669072854e-05
5.945941336646306e-05
9.170230926149427e-05
1.418210448151229e-04
2.189352741023437e-04
3.385122769098498e-04
5.239826255528034e-04
8.142501079482099e-04
1.269064159709002e-03
1.997617862594649e-03
3.204592030250285e-03
5.335044045785159e-03
9.367267680244875e-03
1.788108875818429e-02
3.822114106651824e-02
9.182812843886569e-02
2.349649278049747e-01
5.486634885542155e-01
8.814029042765467e-01
9.603802702086788e-01
9.999999999999999e-01
1.000000000000000e+00
1.000000000000000e+00
1.000000000000000e+00
1.000000000000000e+00
1.000000000000000e+00
1.000000000000000e+00
1.000000000000000e+00
1.000000000000000e+00
1.000000000000000e+00
1.000000000000000e+00
###8.000000000000000e-01
1.862586549693129e-09
1.214569654915490e-08
2.344585204916318e-09
-9.305214701275477e-10
-2.630063620471063e-10
-7.862744586614991e-11
9.820448001708454e-10
9.852938241869133e-10
2.262724122343163e-09
1.069345181143008e-09
4.936852000287489e-10
2.028757608646858e-10
-1.387959881391512e-09
4.075265010265001e-11
2.187764610170488e-10
2.092084299297589e-10
-3.737836621222833e-10
6.599759221888319e-10
4.134277456819114e-10
2.165149990296507e-10
1.812989848544957e-10
5.155585942758488e-10
2.978342446580943e-10
2.335203978100213e-10
6.816105153788898e-10
-9.190123475654944e-10
3.968255760006528e-10
5.581141063375604e-10
6.002367794320079e-10
4.985878157850060e-10
6.725981690765097e-10
8.192698042828986e-10
9.038090177828109e-10
1.347212349847772e-09
1.836985987631070e-09
2.404516917489354e-09
3.203437840285065e-09
4.161540330416266e-09
5.364613104034874e-09
7.038748653608553e-09
9.246882679355048e-09
1.238259651931548e-08
1.627587497728524e-08
2.138767652374391e-08
2.802451761944971e-08
3.693141598123673e-08
4.821646415789685e-08
6.334591172637690e-08
8.242078596185662e-08
1.075222816915965e-07
1.329497710164838e-07
1.834317450583606e-07
2.390353248885073e-07
3.124352264849673e-07
4.088060502417936e-07
5.375333662692347e-07
7.104354320908299e-07
9.416687358213466e-07
1.183763065045347e-06
1.695621132786959e-06
2.372981902889449e-06
3.320619536365494e-06
4.752631348320132e-06
6.836256083678913e-06
9.875274873382478e-06
1.540206379608865e-05
2.355503912491002e-05
3.639290356857163e-05
5.660190040101773e-05
8.839401282892813e-05
1.374915370091011e-04
2.129012188847751e-04
3.291965919190421e-04
5.067785478718181e-04
7.773876454509214e-04
1.189244258210944e-03
1.818024484272057e-03
2.777095701019576e-03
4.256900751529580e-03
6.617582774756224e-03
1.054647952857295e-02
1.735110279053899e-02
3.001662993805215e-02
5.607864887358650e-02
1.152576531825566e-01
2.545173355481433e-01
5.333266870747542e-01
8.267975679947992e-01
9.247669376974755e-01
9.999999999999999e-01
1.000000000000000e+00
1.000000000000000e+00
1.000000000000000e+00
1.000000000000000e+00
1.000000000000000e+00
1.000000000000000e+00
1.000000000000000e+00
1.000000000000000e+00
1.000000000000000e+00
1.000000000000000e+00
###1.200000000000000e+00
2.531786406524501e-09
9.880000345114237e-09
3.679497960936125e-09
-1.253724144202535e-09
-2.206806671454671e-09
5.062949777949116e-10
4.597560929416009e-09
4.235241313181861e-09
4.060692109111539e-09
1.218306332618507e-09
2.297271725119350e-09
1.152204562585218e-10
1.405202200977665e-10
-1.918450557029574e-09
1.003107193034015e-10
9.245239018877225e-10
1.736482982285207e-10
1.124501760704618e-09
5.910635512858589e-10
5.317468955198145e-10
6.090311872101625e-10
7.234485801600366e-10
7.200976685269803e-10
3.362857889356687e-10
1.245167068332179e-09
1.003594598245008e-10
1.232248686222960e-09
1.274732681211445e-09
1.417848989356054e-09
7.725305292967630e-10
1.604672022385252e-09
1.566358306475652e-09
2.211393795580814e-09
2.884349939992876e-09
3.687593698111396e-09
4.872525008750285e-09
5.871238682948138e-09
7.876875180310236e-09
1.022109385180489e-08
1.356937010986842e-08
1.781028195839232e-08
2.261506726322494e-08
3.011638565276026e-08
3.898872309349173e-08
5.083903577664811e-08
6.587532560583234e-08
8.585169910239497e-08
1.109516344090621e-07
1.429274741395648e-07
1.838612555720202e-07
2.302637630773739e-07
3.039202604601377e-07
3.891641755606299e-07
4.983080745482109e-07
6.385245073234986e-07
8.199297108540765e-07
1.056395393455875e-06
1.368771690221336e-06
1.731228102188563e-06
2.380623015478415e-06
3.276366184610238e-06
4.552443565472192e-06
6.553749713698860e-06
9.597004431371434e-06
1.436411667934742e-05
2.265321014863215e-05
3.580887233240261e-05
5.714609688396399e-05
9.159241969805908e-05
1.461496537086013e-04
2.314059532985961e-04
3.623835293113498e-04
5.615854177533374e-04
8.626763741276438e-04
1.316440290480379e-03
1.993613166257684e-03
3.009267612540824e-03
4.525227045428756e-03
6.804714056965939e-03
1.035363223426402e-02
1.607280001303847e-02
2.552514032406800e-02
4.195029614700873e-02
7.286649698015275e-02
1.362489383738716e-01
2.711126270668893e-01
5.207027934392240e-01
7.819080315859371e-01
8.930673728645675e-01
9.999999999999999e-01
1.000000000000000e+00
1.000000000000000e+00
1.000000000000000e+00
1.000000000000000e+00
1.000000000000000e+00
1.000000000000000e+00
1.000000000000000e+00
1.000000000000000e+00
1.000000000000000e+00
1.000000000000000e+00
###1.600000000000000e+00
7.236589716332478e-09
1.128995260607502e-08
8.420695362098399e-10
5.020772904712655e-09
9.897222650644637e-10
2.123955284971982e-09
8.885849171064674e-09
1.616265825694514e-09
7.421017564490637e-09
5.375625661706787e-09
9.838451927106911e-10
2.314478766496116e-09
4.551368024423218e-09
1.203840325481013e-09
1.601575990691525e-09
3.185741974480084e-09
1.545206023942699e-09
2.555457182123338e-09
1.584194082199900e-09
1.660380409670960e-09
2.030046435740143e-09
1.939346145461183e-09
1.870495886251869e-09
1.220268317590088e-09
2.940452535946368e-09
1.437059323962852e-09
2.514377847965911e-09
2.761403444670553e-09
3.031406574613083e-09
2.729516547219706e-09
3.468984598572504e-09
4.850892304804603e-09
4.312563144421529e-09
5.678990193937401e-09
6.935611303806249e-09
7.864233327658220e-09
8.998325388753168e-09
1.307252080877866e-08
1.594936964936570e-08
2.309751803336918e-08
2.932759265106841e-08
3.764371293399416e-08
4.978138895112598e-08
6.348168837266703e-08
8.183957699352610e-08
1.050058104517206e-07
1.359012807282579e-07
1.735665831620739e-07
2.199557763330738e-07
2.797797659565375e-07
3.479230499213851e-07
4.448069101619434e-07
5.574444059348958e-07
6.976260137599582e-07
8.699590043046372e-07
1.083082008775380e-06
1.348476680333034e-06
1.681786405821722e-06
2.074639736189889e-06
2.738306990502302e-06
3.662323857555369e-06
5.003575483172775e-06
7.340676542234895e-06
1.095071561546059e-05
1.716191205457346e-05
2.802190000552381e-05
4.654275981087171e-05
7.725637728996118e-05
1.284207754340925e-04
2.106532135621497e-04
3.400990173589118e-04
5.389578592307339e-04
8.384953954647868e-04
1.286238073006402e-03
1.954024468225494e-03
2.935881326145886e-03
4.386977163495481e-03
6.506611510103757e-03
9.631894557767801e-03
1.439727342122888e-02
2.189000979964451e-02
3.388660163289711e-02
5.372831392565833e-02
8.878362669459412e-02
1.552826833813205e-01
2.855062579802041e-01
5.105795630882544e-01
7.450546153588029e-01
8.651913358499119e-01
9.999999999999999e-01
1.000000000000000e+00
1.000000000000000e+00
1.000000000000000e+00
1.000000000000000e+00
1.000000000000000e+00
1.000000000000000e+00
1.000000000000000e+00
1.000000000000000e+00
1.000000000000000e+00
1.000000000000000e+00
###2.000000000000000e+00
6.788374791612493e-09
1.429734765530320e-08
2.349294440661835e-08
2.270141052159653e-09
2.743757377479958e-09
1.605965116887287e-08
3.668338804799944e-09
-8.083047254752133e-10
1.371652619316575e-08
9.768349644805036e-09
2.706834786030155e-09
4.066601592523050e-09
5.612350716891338e-09
8.827476189280857e-09
3.399020942586801e-09
4.769804210842456e-09
4.936821729467407e-09
3.607701721594245e-09
3.061373448196712e-09
2.991868751397254e-09
4.013565760276032e-09
3.228515052623532e-09
3.435196995820970e-09
3.228199323116017e-09
7.907118127027158e-09
3.802070521973161e-09
1.027057689498116e-09
5.584956535923838e-09
5.320388381107876e-09
5.853004914350062e-09
7.362292666363915e-09
7.866086422172325e-09
8.827153164046769e-09
1.037904921996839e-08
1.208506195557867e-08
1.362318033926006e-08
1.655006008477850e-08
2.236789281531848e-08
2.782845640432114e-08
3.677877435448140e-08
4.652309382193656e-08
6.015288780318466e-08
7.744676757264304e-08
9.735301974289135e-08
1.232530084745149e-07
1.578036846411610e-07
2.022523597205899e-07
2.526840003859859e-07
3.177660455040648e-07
3.964400949611479e-07
4.879571793130354e-07
6.106899973915309e-07
7.464737517752505e-07
9.085911286869690e-07
1.097484627381574e-06
1.308227298384402e-06
1.567526802249668e-06
1.861109930143958e-06
2.158132735103696e-06
2.691956503257518e-06
3.421192679636701e-06
4.613626245084189e-06
6.892660670104042e-06
1.068582189507937e-05
1.783996884678445e-05
3.127896902194237e-05
5.515423287492812e-05
9.636495052000293e-05
1.669074189739125e-04
2.817334120308859e-04
4.635883948363572e-04
7.423471993506582e-04
1.159183843183705e-03
1.778717388492262e-03
2.689516858347256e-03
4.013851162829962e-03
5.942281803110600e-03
8.714057063814361e-03
1.272736760216232e-02
1.872334859031790e-02
2.798490351038668e-02
4.240916644437191e-02
6.537034324642203e-02
1.039539133746370e-01
1.727272057231549e-01
2.982930601821187e-01
5.026397577606725e-01
7.149241464914433e-01
8.410356694524059e-01
9.999999999999999e-01
1.000000000000000e+00
1.000000000000000e+00
1.000000000000000e+00
1.000000000000000e+00
1.000000000000000e+00
1.000000000000000e+00
1.000000000000000e+00
1.000000000000000e+00
1.000000000000000e+00
1.000000000000000e+00
###2.400000000000000e+00
8.021773364366667e-09
2.968448784564884e-08
1.015783127357976e-07
4.615833808053923e-09
-8.220718140514392e-09
1.600403198479251e-08
-5.511909225506044e-09
3.707582293348934e-10
2.788459245883219e-08
8.438333712394906e-09
6.543098922600423e-09
1.247472203994473e-09
8.405790537897293e-09
6.529943119676472e-09
9.595011782828676e-09
1.349201002374825e-08
6.706670665257778e-09
1.053150226545462e-08
7.190716959493326e-09
7.777176826530534e-09
9.362697286034156e-09
6.260194957379976e-09
7.899406691918056e-09
3.575672100121812e-09
1.273655408264118e-08
9.197290394698273e-09
6.273364222120925e-09
1.061129723100608e-08
1.061377690001049e-08
1.197837712264750e-08
1.283155952379348e-08
1.381763084150383e-08
1.676330079040281e-08
1.793400636919338e-08
2.130557949814367e-08
2.393333587542601e-08
2.880992343199151e-08
3.635270263302464e-08
4.398259797824124e-08
5.601164163250698e-08
7.183990331625134e-08
9.009440164894888e-08
1.141192381334490e-07
1.414388138206368e-07
1.757089394062423e-07
2.227657704152900e-07
2.816304413284778e-07
3.476461728097939e-07
4.344260602258998e-07
5.355533062352641e-07
6.488201882973206e-07
7.963094432191462e-07
9.571815989422832e-07
1.128289648565016e-06
1.313771575491760e-06
1.497092101352265e-06
1.686412935651330e-06
1.863687269784323e-06
1.969063619324950e-06
2.213289055679805e-06
2.556989374192908e-06
3.326928387878903e-06
5.194591915849831e-06
8.843858597848219e-06
1.658855037768933e-05
3.234175106167198e-05
6.213616971087417e-05
1.150776112554969e-04
2.073420828296981e-04
3.597692114066721e-04
6.023792075786565e-04
9.729273619776148e-04
1.525654139008499e-03
2.330853998650898e-03
3.519805823195690e-03
5.220354415691040e-03
7.669257019408095e-03
1.112957521893465e-02
1.606821850300981e-02
2.332856985314185e-02
3.432577603567302e-02
5.108112307648521e-02
7.690032971808992e-02
1.185265691831478e-01
1.889197067553811e-01
3.099522449689128e-01
4.967520978355650e-01
6.905251831126117e-01
8.203100133768998e-01
9.999999999999999e-01
1.000000000000000e+00
1.000000000000000e+00
1.000000000000000e+00
1.000000000000000e+00
1.000000000000000e+00
1.000000000000000e+00
1.000000000000000e+00
1.000000000000000e+00
1.000000000000000e+00
1.000000000000000e+00
###2.800000000000000e+00
3.752530702927088e-09
5.170455898893629e-08
8.704430415700910e-08
8.068230494304419e-09
-5.287487658512816e-09
2.527375146281310e-08
-4.357656058071879e-09
5.019352528152370e-09
4.769353680485232e-08
2.488197886608357e-08
1.130312035318691e-08
1.119127409025959e-09
9.251612364109266e-09
1.081211675583825e-08
9.619785716521363e-09
1.691824382066657e-08
1.531374149687393e-08
1.477435572753157e-08
8.535462477258099e-09
1.334544606388151e-08
9.275306089803775e-09
1.175166706861766e-08
1.263135169631749e-08
8.853402616352164e-09
1.741674230478012e-08
1.295643941923499e-08
1.204297509922036e-08
1.780465922777860e-08
1.783121813389047e-08
1.796933761889779e-08
1.917644181619370e-08
2.241743671135301e-08
2.507851651151693e-08
2.694055481295763e-08
3.199096203894219e-08
3.660489755585230e-08
4.271786269453717e-08
5.259300846947136e-08
6.460901292309457e-08
8.184487203315728e-08
1.001965864921414e-07
1.263754563371904e-07
1.592447586684681e-07
1.954002017457260e-07
2.421277214024115e-07
3.017121221692131e-07
3.781382284790055e-07
4.629838759033277e-07
5.686693129792667e-07
6.951852451999003e-07
8.309821153769888e-07
1.000810554312301e-06
1.175090608576703e-06
1.348929130192375e-06
1.513063726274548e-06
1.641629892582536e-06
1.713458725642999e-06
1.705437068635012e-06
1.506187732733138e-06
1.331357633247359e-06
1.112214727550472e-06
1.180630316352935e-06
2.355594177929070e-06
5.561285667283101e-06
1.382633557470005e-05
3.191735290136033e-05
6.803293495628339e-05
1.343089877188398e-04
2.510032229337643e-04
4.470035804106726e-04
7.578042142660910e-04
1.232301926791701e-03
1.936468094431243e-03
2.957743279160607e-03
4.444003499269987e-03
6.551024441730910e-03
9.557849808497139e-03
1.374785457099439e-02
1.964178839582891e-02
2.818087750548692e-02
4.091862046857624e-02
5.989236983243612e-02
8.831690070863593e-02
1.325799802928572e-01
2.041246009295484e-01
3.207665665886995e-01
4.926989151755223e-01
6.709347818016768e-01
8.027023952191719e-01
9.999999999999999e-01
1.000000000000000e+00
1.000000000000000e+00
1.000000000000000e+00
1.000000000000000e+00
1.000000000000000e+00
1.000000000000000e+00
1.000000000000000e+00
1.000000000000000e+00
1.000000000000000e+00
1.000000000000000e+00
###3.200000000000000e+00
1.303819669456603e-08
1.037558382384295e-07
8.437591517790358e-08
4.359826940230836e-09
3.596378880887339e-08
3.253206070664147e-08
3.135435518825364e-08
1.425555416008528e-08
5.780908475944566e-08
4.261389797080104e-08
1.006054092183625e-08
9.920481349817333e-09
6.507251364349559e-09
1.461828154914817e-08
1.563168422929029e-08
2.189577153705046e-08
1.734867697103558e-08
1.861104248184295e-08
1.435538718804006e-08
2.080235229916672e-08
1.731529677809116e-08
1.015273536040303e-08
2.029408337556314e-08
1.753444874866182e-08
2.257486818257755e-08
2.023670470592155e-08
1.968600778107617e-08
2.399306957103139e-08
2.553150202896915e-08
2.627286506108233e-08
2.830378773798314e-08
3.105570661239255e-08
3.545788754270007e-08
3.822997754613960e-08
4.488780582816344e-08
5.127316520889108e-08
5.948913351591528e-08
7.308616581019529e-08
8.860858421276187e-08
1.100170406622641e-07
1.354264370440993e-07
1.690713201865050e-07
2.106606340597614e-07
2.594351459751400e-07
3.191781073294198e-07
3.966695804962200e-07
4.911487698556870e-07
5.966701143504788e-07
7.285753328818748e-07
8.779522309197965e-07
1.037181734392398e-06
1.230212275559387e-06
1.411550427467576e-06
1.587645679772618e-06
1.709245794018019e-06
1.760392921023167e-06
1.684551149373342e-06
1.436982387113925e-06
8.958800912438303e-07
2.019158619886611e-07
-7.721023514308378e-07
-1.476341873984659e-06
-1.126427177963670e-06
2.134583225117313e-06
1.075073926539730e-05
3.113493214286975e-05
7.436359020139034e-05
1.555111219200620e-04
2.999318387350734e-04
5.440965521776841e-04
9.318850007448317e-04
1.521863457029435e-03
2.393973341052191e-03
3.649345024484806e-03
5.464064507924177e-03
8.004287981303655e-03
1.159914114579576e-02
1.655415913362028e-02
2.343676768350272e-02
3.326757088183902e-02
4.770419747468486e-02
6.881902419462049e-02
9.965761555496529e-02
1.461954834485358e-01
2.184866119792950e-01
3.310237683495199e-01
4.903421383288811e-01
6.553928223695400e-01
7.880917804841830e-01
9.999999999999999e-01
1.000000000000000e+00
1.000000000000000e+00
1.000000000000000e+00
1.000000000000000e+00
1.000000000000000e+00
1.000000000000000e+00
1.000000000000000e+00
1.000000000000000e+00
1.000000000000000e+00
1.000000000000000e+00
###3.600000000000000e+00
1.984578178449791e-08
9.797679478400836e-08
9.397686863254514e-08
-3.332842011031119e-09
4.024093322845549e-08
2.111506919585024e-08
4.299913883680369e-08
1.511844802408061e-08
6.269445608322069e-08
4.823630136214777e-08
8.082633133221601e-09
1.434553409571602e-08
1.449731442830015e-08
1.337475443668649e-08
2.454584628028460e-08
2.757629366310388e-08
2.303117066108576e-08
1.995043281980134e-08
2.051906896981643e-08
2.735636396416867e-08
2.328477922890241e-08
1.724129399857016e-08
3.095152393124207e-08
2.344582036237013e-08
2.835870418689618e-08
2.710099898703951e-08
2.723348018900342e-08
3.303122361657390e-08
3.292871950233271e-08
3.454916860014533e-08
3.791362441182003e-08
4.017731231623017e-08
4.678317731909427e-08
5.128194946133206e-08
6.079705870583008e-08
6.775391909511857e-08
7.760027807606116e-08
9.563728756165184e-08
1.158761562407196e-07
1.423266625607861e-07
1.761865154974949e-07
2.179521342141676e-07
2.713689761419910e-07
3.301303528438700e-07
4.076107036578916e-07
5.030775111486104e-07
6.173106379200464e-07
7.487373508925362e-07
9.063883925423976e-07
1.084002740378913e-06
1.265526378106006e-06
1.476777319697326e-06
1.671081796878710e-06
1.843240338810254e-06
1.930538393074191e-06
1.903088409498557e-06
1.675486937225151e-06
1.309685062829354e-06
5.116850037618323e-07
-9.740366310494942e-07
-2.865196744220886e-06
-4.489963653790832e-06
-4.909899444950051e-06
-6.392573782395014e-07
1.039757432016822e-05
3.345647320235642e-05
8.337624579871195e-05
1.813716635354392e-04
3.571559524597290e-04
6.544220254823915e-04
1.127317870049440e-03
1.844302121882380e-03
2.897983786828448e-03
4.411752047576024e-03
6.571259539817072e-03
9.577773429050036e-03
1.378532509490695e-02
1.953933121119407e-02
2.742803904940164e-02
3.854976826424265e-02
5.468321620541005e-02
7.782972716230234e-02
1.109016957448065e-01
1.594635207749293e-01
2.322193792701167e-01
3.409515947287956e-01
4.894665985796398e-01
6.434594542611802e-01
7.761700873348044e-01
9.999999999999999e-01
1.000000000000000e+00
1.000000000000000e+00
1.000000000000000e+00
1.000000000000000e+00
1.000000000000000e+00
1.000000000000000e+00
1.000000000000000e+00
1.000000000000000e+00
1.000000000000000e+00
1.000000000000000e+00
###4.000000000000000e+00
3.815925245150975e-08
6.647358795268425e-08
1.190013005601312e-07
-7.612850719412578e-09
1.900880124008252e-08
2.120192059669347e-08
5.067136565394344e-08
2.553375037338892e-08
6.526662486285708e-08
6.577102865497267e-08
1.881309049797770e-08
2.515368887795008e-08
2.880243627897486e-08
2.406915335738221e-08
3.073606722538298e-08
3.885786493686139e-08
3.360551788383155e-08
3.021032347599301e-08
3.039084264061356e-08
3.840874668371035e-08
3.118934116679131e-08
2.873137034905036e-08
4.076657448592365e-08
2.539024365832427e-08
3.993198652540260e-08
3.691248791729302e-08
4.228949972837387e-08
4.760322978976349e-08
4.742803240217313e-08
4.979668009969602e-08
5.292765193987158e-08
5.668991593912731e-08
6.588054504747416e-08
7.153571641007179e-08
8.232195060655421e-08
9.165113494517435e-08
1.071807788409623e-07
1.279082879541486e-07
1.529646221408359e-07
1.856906871060504e-07
2.270641874561414e-07
2.775182214083273e-07
3.432804335051601e-07
4.177354800635249e-07
5.124241571044159e-07
6.286394849644650e-07
7.664453796546128e-07
9.265881964862897e-07
1.104110464785442e-06
1.318484210097060e-06
1.528082067128724e-06
1.768288471149564e-06
1.983348148683267e-06
2.159721908008783e-06
2.213782291444094e-06
2.133167879588771e-06
1.764570278170669e-06
1.344912450538442e-06
3.629096318810258e-07
-1.902169972493293e-06
-4.529606892377373e-06
-6.832659617300954e-06
-7.309065762470373e-06
-9.291847363263363e-07
2.422803704033068e-05
4.939979139417855e-05
1.006834114641458e-04
2.170553861307478e-04
4.267671203219972e-04
7.827962302911577e-04
1.348616006241819e-03
2.204447228380213e-03
3.452400972156407e-03
5.241194975643450e-03
7.767064516580983e-03
1.126232125965708e-02
1.610993065170783e-02
2.268625990212534e-02
3.160518375552249e-02
4.403191703828044e-02
6.181434039113130e-02
8.691901216485338e-02
1.220868541203452e-01
1.724110059718418e-01
2.454635402738913e-01
3.507075712637425e-01
4.899791613746410e-01
6.344270494283292e-01
7.666332056918909e-01
9.999999999999999e-01
1.000000000000000e+00
1.000000000000000e+00
1.000000000000000e+00
1.000000000000000e+00
1.000000000000000e+00
1.000000000000000e+00
1.000000000000000e+00
1.000000000000000e+00
1.000000000000000e+00
1.000000000000000e+00
###4.399999999999999e+00
3.362809050480427e-08
8.545663184120120e-08
1.252173211887766e-07
-3.423161688837295e-09
-3.388122606865339e-08
3.069043345852734e-08
5.673689527724676e-08
3.372658331072456e-08
8.813170986388896e-08
8.097825422219623e-08
3.108757205070161e-08
4.144260995290141e-08
3.986329794059236e-08
4.821647078705565e-08
3.893583412735283e-08
5.428904854254130e-08
8.510608304998145e-08
3.702677677161985e-08
4.190140482680853e-08
4.283250019501893e-08
4.547304971700753e-08
3.829801856004352e-08
5.341946283495655e-08
3.738883888264121e-08
5.594971168925813e-08
5.062672817711444e-08
5.579909387819353e-08
6.260659994621954e-08
6.441950416390656e-08
7.277413229460983e-08
7.222589375407200e-08
7.572566961853018e-08
8.511778639759828e-08
9.409321752276068e-08
1.048000947684986e-07
1.177225266206143e-07
1.378647515928297e-07
1.626681096789952e-07
1.934928518187238e-07
2.327403518601342e-07
2.813216876411982e-07
3.417337565587328e-07
4.217265852642399e-07
5.100655080126336e-07
6.279299623789604e-07
7.664128082903663e-07
9.245243373818964e-07
1.110965092844400e-06
1.323195901000225e-06
1.571396500757989e-06
1.811079071450641e-06
2.080037029151715e-06
2.314712982444677e-06
2.487003236882700e-06
2.532664380052981e-06
2.381137630498538e-06
1.903003397223227e-06
1.438928834290656e-06
2.060790414557029e-07
-2.827752925624974e-06
-6.121973278302239e-06
-9.177335491426576e-06
-9.317361629389112e-06
2.568751089524827e-07
3.472062036564875e-05
6.339938428172259e-05
1.211966016090969e-04
2.595003958988920e-04
5.084479506236467e-04
9.291629988779752e-04
1.595715224437878e-03
2.600023646754316e-03
4.059758299233656e-03
6.137862661348294e-03
9.048342568985197e-03
1.306034913748139e-02
1.856568516830895e-02
2.597948211830989e-02
3.594073297476742e-02
4.967845895341650e-02
6.908381420845904e-02
9.607236896118741e-02
1.331720825395686e-01
1.850713370142393e-01
2.582808618475435e-01
3.603063841481656e-01
4.915668804144042e-01
6.276549586525442e-01
7.590754010534115e-01
9.999999999999999e-01
1.000000000000000e+00
1.000000000000000e+00
1.000000000000000e+00
1.000000000000000e+00
1.000000000000000e+00
1.000000000000000e+00
1.000000000000000e+00
1.000000000000000e+00
1.000000000000000e+00
1.000000000000000e+00
###4.800000000000000e+00
6.327647294752088e-08
1.018370259098761e-07
1.139197724879325e-07
7.037958805643235e-09
-1.649506451776347e-08
-2.490661451497502e-08
4.632232197228241e-08
3.450001197774982e-08
1.212174652869342e-07
8.725540565694822e-08
3.769830444670583e-08
5.343220954141379e-08
4.923155053602491e-08
4.819020899587428e-08
4.692393294652975e-08
6.113267933403280e-08
9.550916035218736e-08
4.485076033218286e-08
4.681721518312858e-08
5.195441890842327e-08
5.674318500244766e-08
4.550314498073545e-08
5.925158660879917e-08
4.712578695549846e-08
6.713383867622329e-08
5.765747322288251e-08
6.622572417295368e-08
7.486510843084340e-08
7.613877593614228e-08
8.811746352374390e-08
8.685313523228865e-08
9.026015294475118e-08
1.020247823725367e-07
1.131010775405708e-07
1.265284184880111e-07
1.434149283593202e-07
1.673041506217061e-07
1.957016925478122e-07
2.335421239291985e-07
2.810651383341871e-07
3.396304957189802e-07
4.114191405549416e-07
5.037445151237927e-07
6.081476889913215e-07
7.432079604301233e-07
9.096128361040379e-07
1.090816897364864e-06
1.310325723461768e-06
1.553386318599435e-06
1.838944410483355e-06
2.109089326543811e-06
2.410980101362763e-06
2.660737920181844e-06
2.839737405668139e-06
2.865629096080065e-06
2.666082352656213e-06
2.101252366983208e-06
1.533633640063757e-06
3.199707816784351e-08
-3.583448028236552e-06
-7.517939455911469e-06
-1.082661387296547e-05
-1.031582696522013e-05
4.126989018668138e-06
4.437301408977125e-05
7.785264504275524e-05
1.476793641015251e-04
3.105678269058814e-04
6.033312512648621e-04
1.095804183496014e-03
1.870993389446659e-03
3.034206149619838e-03
4.719273871742576e-03
7.100563485242254e-03
1.041711170345440e-02
1.496120542943988e-02
2.114365162581526e-02
2.941629001379262e-02
4.043850954591827e-02
5.548587931870901e-02
7.648594503447989e-02
1.052381165553824e-01
1.441713872218268e-01
1.974859079394873e-01
2.707510836811750e-01
3.698340535963787e-01
4.942615094701505e-01
6.232044836731943e-01
7.533590507456894e-01
9.999999999999999e-01
1.000000000000000e+00
1.000000000000000e+00
1.000000000000000e+00
1.000000000000000e+00
1.000000000000000e+00
1.000000000000000e+00
1.000000000000000e+00
1.000000000000000e+00
1.000000000000000e+00
1.000000000000000e+00
###5.200000000000000e+00
5.780991472068925e-08
4.681127120387195e-08
1.698976490870931e-07
1.701661492563738e-08
-2.960809708490617e-08
-9.809592171169846e-09
4.345462237433521e-08
4.921645945231933e-08
1.388961230063961e-07
9.766011628250590e-08
5.179687258617723e-08
6.741453443157298e-08
6.150829364003243e-08
6.323885499537311e-08
6.005127992071619e-08
6.998265418858579e-08
1.049801519486736e-07
5.936504796641574e-08
5.958402616703092e-08
6.485794973734025e-08
7.200862573970283e-08
6.123111468256328e-08
7.086398631337867e-08
6.011028658669523e-08
8.320548706998969e-08
7.412620714105435e-08
8.311475368090513e-08
9.200360539407871e-08
9.592183077488288e-08
1.122999576115401e-07
1.078882726174005e-07
1.147293048482470e-07
1.268166200732182e-07
1.401666328134489e-07
1.564679036085044e-07
1.782668537833081e-07
2.053490946150179e-07
2.402647643311263e-07
2.857684327304664e-07
3.398895784872181e-07
4.081542863328468e-07
4.924176563545252e-07
6.003038758137035e-07
7.242322555987389e-07
8.787030755649404e-07
1.069685518074416e-06
1.281597060970693e-06
1.533431696865023e-06
1.811322033986690e-06
2.136729572557558e-06
2.447590476661265e-06
2.776009306608390e-06
3.061959390890274e-06
3.260174189893161e-06
3.300817489745589e-06
3.125538563921714e-06
2.674247679693400e-06
2.251047650549931e-06
3.861352174713193e-07
-3.724796989314111e-06
-7.997078940403468e-06
-1.093624325252111e-05
-8.389798453785698e-06
1.756940437667978e-05
5.755000529371415e-05
9.432053802960010e-05
1.819629669209513e-04
3.729516124085004e-04
7.148432173446867e-04
1.283724001965211e-03
2.176342156211301e-03
3.506817776467761e-03
5.428252730056644e-03
8.127357136016748e-03
1.186646332874494e-02
1.696532761661945e-02
2.384890833838032e-02
3.300037495361895e-02
4.509288189397987e-02
6.142501756899728e-02
8.400286727381166e-02
1.144787129341678e-01
1.550960294533806e-01
2.096461596295003e-01
2.829142369839171e-01
3.793737429322869e-01
4.978002057524749e-01
6.205707718571940e-01
7.490976077032900e-01
9.999999999999999e-01
1.000000000000000e+00
1.000000000000000e+00
1.000000000000000e+00
1.000000000000000e+00
1.000000000000000e+00
1.000000000000000e+00
1.000000000000000e+00
1.000000000000000e+00
1.000000000000000e+00
1.000000000000000e+00
###5.600000000000001e+00
5.203291544944225e-08
5.377314606021313e-08
1.607187092518795e-07
-7.702098137696670e-09
-3.338406763754095e-08
-1.312411728006017e-08
5.673376188060537e-08
5.641595887853714e-08
1.789157973162102e-07
9.380517424607491e-08
7.593253286135079e-08
9.023811246962799e-08
6.930927718867386e-08
7.015663482099116e-08
7.168805620110147e-08
9.749796272739372e-08
1.161209393695395e-07
6.967462732469705e-08
6.763924014147230e-08
7.711586458556155e-08
9.772265954962061e-08
7.066858147739121e-08
8.076052478678599e-08
7.832983618137027e-08
9.625068735509701e-08
8.960756893758046e-08
9.621766154552843e-08
1.099432559865847e-07
1.101659961919026e-07
1.285585679575832e-07
1.274987955803397e-07
1.365153050740810e-07
1.531555050094001e-07
1.669846319274268e-07
1.851440672146479e-07
2.104617753387461e-07
2.433627273266207e-07
2.846072126529373e-07
3.381032697993851e-07
4.014210040521932e-07
4.796896245430388e-07
5.748740122588211e-07
7.002238847427790e-07
8.426872789603552e-07
1.021161156536178e-06
1.240379243239802e-06
1.487894699309698e-06
1.778290945010985e-06
2.097122914463295e-06
2.467148154529492e-06
2.834498977268217e-06
3.219194620295481e-06
3.541765108147120e-06
3.829605435883660e-06
3.940143225929432e-06
3.856381079298907e-06
3.498188387087517e-06
3.524203667745250e-06
2.290407158408146e-06
-2.275175613302837e-06
-6.047479936392425e-06
-7.258546976540810e-06
1.008300125085428e-06
5.239993417040010e-05
9.081345249936743e-05
1.242701933631204e-04
2.307183553238850e-04
4.531957369919794e-04
8.477642931688020e-04
1.500092085442967e-03
2.517365197967663e-03
4.027143236041945e-03
6.195329326701109e-03
9.228318881164715e-03
1.340323822467020e-02
1.907067369386382e-02
2.667077001603814e-02
3.671400912593797e-02
4.988468441375978e-02
6.752757804420294e-02
9.160160119395171e-02
1.237571443979553e-01
1.659713105760857e-01
2.216498655905041e-01
2.948641482166225e-01
3.889347441933139e-01
5.021862982356314e-01
6.193365600344090e-01
7.461369366269511e-01
9.999999999999999e-01
1.000000000000000e+00
1.000000000000000e+00
1.000000000000000e+00
1.000000000000000e+00
1.000000000000000e+00
1.000000000000000e+00
1.000000000000000e+00
1.000000000000000e+00
1.000000000000000e+00
1.000000000000000e+00
###6.000000000000001e+00
1.919157004198223e-07
6.005638873998222e-08
1.700585933276418e-07
-2.577191666816423e-08
-1.874992366831556e-08
-5.368964432818659e-09
4.524250317208168e-08
6.498762448079611e-08
1.851625311119047e-07
9.699346156901854e-08
8.661897905618615e-08
1.004016436457213e-07
8.030591682575922e-08
8.311768656516592e-08
8.780194545286106e-08
1.084324433155668e-07
1.266081995994995e-07
8.548716963752147e-08
7.965763873502906e-08
9.094744707448946e-08
1.103339015395796e-07
8.575525478885262e-08
9.691142068476589e-08
9.496766118947549e-08
1.145490333960196e-07
1.099540107649624e-07
1.136602332625400e-07
1.291322184271431e-07
1.321103765240914e-07
1.487671385111615e-07
1.517986378085076e-07
1.635547947337715e-07
1.790180029252397e-07
1.974397196497780e-07
2.194007340279095e-07
2.504804144499665e-07
2.877069863591999e-07
3.345422195929191e-07
3.960020983826010e-07
4.665901418927634e-07
5.576839047785270e-07
6.639928323739558e-07
8.103414245285163e-07
9.737065435354815e-07
1.174780274008832e-06
1.422402258117686e-06
1.704961012858922e-06
2.039701314931853e-06
2.399077894729437e-06
2.825230576550557e-06
3.250428986240960e-06
3.693908242754979e-06
4.094594391800355e-06
4.481940658682335e-06
4.684740097256610e-06
4.771657926360235e-06
4.670982364907304e-06
5.869439313775542e-06
5.989277361915431e-06
1.730386071180647e-07
-3.250853387040475e-06
-2.124353543080618e-06
1.648520899734303e-05
6.589960617804880e-05
1.043223374423704e-04
1.552012135928355e-04
2.844910163613508e-04
5.441161588147011e-04
9.972539115558994e-04
1.738957667452222e-03
2.890625523137119e-03
4.589175055111918e-03
7.016834234616072e-03
1.039817930278867e-02
1.502667817662041e-02
2.127520371266140e-02
2.960840205560857e-02
4.055273104820883e-02
5.480488689156942e-02
7.374295046685055e-02
9.927106722760083e-02
1.330852918865546e-01
1.767654317879757e-01
2.334937114494448e-01
3.066349816444124e-01
3.985936093536881e-01
5.072136939723959e-01
6.195288035060039e-01
7.445571904957303e-01
9.999999999999999e-01
1.000000000000000e+00
1.000000000000000e+00
1.000000000000000e+00
1.000000000000000e+00
1.000000000000000e+00
1.000000000000000e+00
1.000000000000000e+00
1.000000000000000e+00
1.000000000000000e+00
1.000000000000000e+00
###6.400000000000001e+00
1.816384861157288e-07
5.762752138984721e-08
2.587093669587948e-07
7.589569014317321e-08
-1.849771259876363e-08
-1.046687874481253e-08
7.718874438530457e-08
6.867455180135963e-08
1.921857781512519e-07
1.019913282697708e-07
6.820842138057210e-08
1.076661759203012e-07
7.850609711537671e-08
9.844129683646482e-08
9.771723789380914e-08
1.188263201301687e-07
1.331830509948572e-07
9.745443511297512e-08
1.091662079744653e-07
9.532275964705114e-08
1.172258170278765e-07
8.989103260646419e-08
1.135429406116120e-07
1.095545305085868e-07
1.257429004298104e-07
1.266981438353373e-07
1.341832289845155e-07
1.509437633587838e-07
1.517159943857939e-07
1.687405385675524e-07
1.792236467828638e-07
1.859831978541129e-07
2.063341649613744e-07
2.276251647347538e-07
2.564022826287723e-07
2.900651376839487e-07
3.300656457817084e-07
3.860977145734488e-07
4.528735421977337e-07
5.328335031554176e-07
6.373775563824767e-07
7.588711295028662e-07
9.218856489640158e-07
1.107538765895019e-06
1.332418906775919e-06
1.612478282547532e-06
1.931503427055472e-06
2.303820462845906e-06
2.709823335630095e-06
3.193279999029475e-06
3.678778508974066e-06
4.188765744988136e-06
4.664968045934684e-06
5.147431741421193e-06
5.451826961857497e-06
5.681118884232808e-06
5.779546010799704e-06
7.037645891406686e-06
7.771438804351357e-06
3.558426649023918e-06
1.071921533281677e-06
5.755550201268509e-06
3.268069767191955e-05
8.171641531899473e-05
1.247224501778658e-04
1.940593195850617e-04
3.502600363679089e-04
6.507709386526917e-04
1.168733219520675e-03
2.008913890042470e-03
3.300013221840621e-03
5.195088599922230e-03
7.896280323122173e-03
1.163758082184678e-02
1.673147533644427e-02
2.358214049335014e-02
3.265729322459021e-02
4.451508642955006e-02
5.985542192720949e-02
8.007687035635595e-02
1.070548408538156e-01
1.424088527533934e-01
1.875188527794564e-01
2.452321323149754e-01
3.182184874738633e-01
4.082618013865118e-01
5.128785432541233e-01
6.207543775193091e-01
7.439688043407411e-01
9.999999999999999e-01
1.000000000000000e+00
1.000000000000000e+00
1.000000000000000e+00
1.000000000000000e+00
1.000000000000000e+00
1.000000000000000e+00
1.000000000000000e+00
1.000000000000000e+00
1.000000000000000e+00
1.000000000000000e+00
###6.800000000000002e+00
1.977204510592818e-07
6.126501647763670e-08
2.505607293034710e-07
6.347572732021909e-08
-6.792909732246696e-09
-2.814419795430444e-09
8.758033560174666e-08
8.895452944641461e-08
1.903291055379510e-07
1.173531517541092e-07
9.969619118739210e-08
1.243352653851152e-07
9.653726388990845e-08
1.108293892082814e-07
1.069666237363480e-07
1.300719419263453e-07
1.446697320596798e-07
1.160755268465693e-07
1.215432501256494e-07
1.137229537870807e-07
1.359527621338600e-07
1.067189408867249e-07
1.294703290297424e-07
1.293096026464130e-07
1.439646925041257e-07
1.462727521417414e-07
1.564339469601941e-07
1.725510644856277e-07
1.785269058279339e-07
1.939416055259674e-07
2.071001544769912e-07
2.169522194130435e-07
2.395554738303449e-07
2.640783898286474e-07
2.903637186770286e-07
3.351450563660180e-07
3.796420909926347e-07
4.429421831008250e-07
5.155796997634272e-07
6.092096322676733e-07
7.273845351676844e-07
8.644719722680282e-07
1.044800002474890e-06
1.251708053659419e-06
1.499722938046561e-06
1.820758746885847e-06
2.167596989102555e-06
2.578334660902979e-06
3.030720607662950e-06
3.564532010391152e-06
4.112049115646562e-06
4.693673940535170e-06
5.251760740167106e-06
5.827932751137563e-06
6.223699113802959e-06
6.629142526047950e-06
6.931526391170883e-06
8.345810734241564e-06
9.274532795553734e-06
6.352483560237889e-06
5.583333085583217e-06
1.260385610493294e-05
4.166905568104887e-05
9.403683706729524e-05
1.487037995913657e-04
2.399580731589724e-04
4.269214893601325e-04
7.735402031188818e-04
1.361584684316851e-03
2.307108997166154e-03
3.745780023302683e-03
5.851652781282101e-03
8.834144139943890e-03
1.294453897004049e-02
1.852745454324558e-02
2.598904545653246e-02
3.582016151190730e-02
4.859304595737097e-02
6.504124715831726e-02
8.653672915459611e-02
1.149294120302051e-01
1.517376575571552e-01
1.982087455427389e-01
2.568145193739789e-01
3.296639074163625e-01
4.179314017025210e-01
5.189056719742959e-01
6.229383925950798e-01
7.439400774547401e-01
9.999999999999999e-01
1.000000000000000e+00
1.000000000000000e+00
1.000000000000000e+00
1.000000000000000e+00
1.000000000000000e+00
1.000000000000000e+00
1.000000000000000e+00
1.000000000000000e+00
1.000000000000000e+00
1.000000000000000e+00
###7.200000000000002e+00
2.110759778799799e-07
4.302909847914582e-08
2.389889155517251e-07
4.807674659466782e-08
-3.124194477687903e-09
1.589009686995992e-08
1.004558207575831e-07
9.791362835237655e-08
1.858752266169060e-07
1.321580349325512e-07
1.078262010937058e-07
1.167012466144692e-07
1.093027098589123e-07
1.091193760539157e-07
1.159222406068112e-07
1.388055897677899e-07
1.571385539942681e-07
1.291928475774104e-07
1.387509237455953e-07
1.289761908832150e-07
1.456492035702619e-07
1.406980663477991e-07
1.468614803915451e-07
1.488335846658094e-07
1.627464751878199e-07
1.721280641562391e-07
1.770194992809081e-07
1.933366722156039e-07
2.017701630955941e-07
2.168928034450585e-07
2.342730246946507e-07
2.480003655288859e-07
2.709206447988716e-07
3.004521040768824e-07
3.307772621254194e-07
3.801753888151453e-07
4.309262468296505e-07
5.003165846975702e-07
5.838218755336664e-07
6.896323173091389e-07
8.189582041397654e-07
9.747562658406728e-07
1.170628218597471e-06
1.401602187889298e-06
1.676431271371028e-06
2.030054570981536e-06
2.412629763795308e-06
2.870508714598136e-06
3.379696777944467e-06
3.971452308227424e-06
4.603000591136483e-06
5.259996577323561e-06
5.919430195613471e-06
6.621679366680158e-06
7.197108145471926e-06
7.823146156521574e-06
8.454672589780538e-06
1.019302029143288e-05
1.162595261887731e-05
1.030519103191714e-05
1.182140345325173e-05
2.196647785797270e-05
5.454186491618565e-05
1.122164075554199e-04
1.809589847448089e-04
2.964305437636893e-04
5.173841298938493e-04
9.153827952634180e-04
1.579863413891490e-03
2.637375844997553e-03
4.232515028085014e-03
6.557897355434696e-03
9.832224029655535e-03
1.432604978527330e-02
2.040572419891513e-02
2.848624318097633e-02
3.908881749190542e-02
5.279687421725567e-02
7.033737198552416e-02
9.309615552414603e-02
1.228760074386556e-01
1.611196772756299e-01
2.088834621000607e-01
2.682872655162167e-01
3.410156370864004e-01
4.276955398133950e-01
5.255169538534560e-01
6.259609693035619e-01
7.449499861405438e-01
9.999999999999999e-01
1.000000000000000e+00
1.000000000000000e+00
1.000000000000000e+00
1.000000000000000e+00
1.000000000000000e+00
1.000000000000000e+00
1.000000000000000e+00
1.000000000000000e+00
1.000000000000000e+00
1.000000000000000e+00
###7.600000000000002e+00
2.222796958628894e-07
3.449699630052417e-07
2.244884541591526e-07
4.818653739636417e-08
2.763271804782482e-08
3.268369473033420e-08
1.020459568711315e-07
2.314025023514298e-07
1.842142941443941e-07
1.858499857465416e-07
1.234152744725716e-07
1.307386146509802e-07
1.208816688237876e-07
1.179094839126001e-07
1.341097233622178e-07
1.443952815861867e-07
1.655316474517451e-07
1.415400338756372e-07
1.542345470542788e-07
1.401686539908690e-07
1.630040974652704e-07
1.562790074529638e-07
1.623203875962263e-07
1.662585343419398e-07
1.759676001861737e-07
1.932708090247143e-07
1.986428757745991e-07
2.150565974192964e-07
2.251345596146640e-07
2.436419899003827e-07
2.641477600140179e-07
2.806405169438978e-07
3.066616997254135e-07
3.391265348482766e-07
3.764313285669650e-07
4.285490418791294e-07
4.875309166661918e-07
5.628848226157018e-07
6.560718706297890e-07
7.732991500961963e-07
9.164665487677951e-07
1.089444775033032e-06
1.303789728437242e-06
1.550562098137084e-06
1.865789030780179e-06
2.252294251086539e-06
2.676711469536082e-06
3.183784732301385e-06
3.773118349582897e-06
4.416041864332487e-06
5.120150339175763e-06
5.900660508913709e-06
6.687834261362621e-06
7.558564855111622e-06
8.365466498602993e-06
9.289921753349814e-06
1.039495796471559e-05
1.265915631486780e-05
1.501505449275080e-05
1.560853750481420e-05
1.998498602688676e-05
3.414017483485674e-05
7.153287341885720e-05
1.367312096597565e-04
2.218524441448058e-04
3.642179501705412e-04
6.233856435545268e-04
1.077435087679313e-03
1.824063595318343e-03
3.000915658353437e-03
4.760943747777150e-03
7.315281017444167e-03
1.089462415639056e-02
1.578348468783669e-02
2.236777446571134e-02
3.108827170219156e-02
4.247319347860674e-02
5.712219982349796e-02
7.576090756323053e-02
9.976967239819944e-02
1.309158729786575e-01
1.705267607538262e-01
2.195255847342665e-01
2.796593826693329e-01
3.523205509306280e-01
4.375592524913697e-01
5.325257535603987e-01
6.297314421470661e-01
7.465489141594286e-01
9.999999999999999e-01
1.000000000000000e+00
1.000000000000000e+00
1.000000000000000e+00
1.000000000000000e+00
1.000000000000000e+00
1.000000000000000e+00
1.000000000000000e+00
1.000000000000000e+00
1.000000000000000e+00
1.000000000000000e+00
###8.000000000000002e+00
2.290063231868242e-07
3.454000461041962e-07
2.227226322057913e-07
5.883432887236101e-08
2.196983663828331e-08
4.599166134849220e-08
1.032231138865048e-07
2.442161960441186e-07
2.224954022091863e-07
1.900461149684505e-07
1.036123207557970e-07
1.453030908554596e-07
1.321641541249667e-07
1.298345102396070e-07
1.465021916611738e-07
1.603667706664935e-07
1.788826380450705e-07
1.558478797228905e-07
1.705103205412956e-07
1.587306901661706e-07
1.793673452335397e-07
1.734881994924473e-07
1.827958928329347e-07
1.870957939575110e-07
1.998871153765097e-07
2.169166595157585e-07
2.234788635162249e-07
2.419093367792390e-07
2.545210917860650e-07
2.768723285132732e-07
2.985244611089293e-07
3.190402250181073e-07
3.466040286643208e-07
3.832200545712605e-07
4.259666781357565e-07
4.838822505828913e-07
5.503925011373187e-07
6.320281850316386e-07
7.392793091322218e-07
8.665587078881195e-07
1.024112575993693e-06
1.215745639812595e-06
1.447372280725177e-06
1.710909803707381e-06
2.071857726280358e-06
2.489868455285612e-06
2.962179543581482e-06
3.523641090172434e-06
4.179194481298906e-06
4.907313037935489e-06
5.704124194011088e-06
6.612448221232606e-06
7.576339727401443e-06
8.662284981659129e-06
9.794113486486232e-06
1.113004580641191e-05
1.284031575226312e-05
1.587274805976295e-05
1.948062677966954e-05
2.248435086813622e-05
3.043209812154195e-05
4.955472485084631e-05
9.322779295100364e-05
1.683714610684701e-04
2.726911087265770e-04
4.443791443582876e-04
7.461310835941186e-04
1.261708691129768e-03
2.097079093739197e-03
3.400185302650864e-03
5.336198954708031e-03
8.128871740488652e-03
1.202246523786911e-02
1.732007036151586e-02
2.442751795270550e-02
3.379701841965570e-02
4.596566118751665e-02
6.156912297296013e-02
8.130202618822116e-02
1.065607953633249e-01
1.390386947262716e-01
1.799777206435923e-01
2.301451742274553e-01
2.910095095938548e-01
3.635413454871722e-01
4.474466013109651e-01
5.398971674406786e-01
6.341682843235252e-01
7.487694220885696e-01
9.999999999999999e-01
1.000000000000000e+00
1.000000000000000e+00
1.000000000000000e+00
1.000000000000000e+00
1.000000000000000e+00
1.000000000000000e+00
1.000000000000000e+00
1.000000000000000e+00
1.000000000000000e+00
1.000000000000000e+00
###8.400000000000002e+00
2.425470427920568e-07
3.440719577285564e-07
8.241652750906380e-07
6.771330333630102e-08
3.925035843093255e-08
6.066931568989420e-08
1.153461314714235e-07
2.539390983754063e-07
2.352929111490717e-07
2.130793100523937e-07
1.190095415625130e-07
1.469352897285991e-07
1.475755157184232e-07
1.483564890324993e-07
1.622466878111647e-07
1.272368850895039e-07
1.951165923994305e-07
1.740789452554746e-07
1.894112767185679e-07
1.793751780050801e-07
2.002032415436321e-07
1.957400921541453e-07
2.057778982266202e-07
2.116957626364526e-07
2.257670975235576e-07
2.434653000138382e-07
2.536491334312973e-07
2.718008079555865e-07
2.884416006761418e-07
3.164380519777795e-07
3.385067352687919e-07
3.613408943006726e-07
3.918772162902905e-07
4.326849231602668e-07
4.811159213581353e-07
5.457991247735276e-07
6.193653031863663e-07
7.119006522344507e-07
8.269634502219305e-07
9.684179500911554e-07
1.140176040429943e-06
1.351125537601786e-06
1.606940079293435e-06
1.901197791106603e-06
2.295014172618774e-06
2.742032937926880e-06
3.272062196377995e-06
3.893245533021708e-06
4.626420845853916e-06
5.448992534437147e-06
6.369609555155975e-06
7.423257997495219e-06
8.583588879509370e-06
9.955196517833031e-06
1.148014359691897e-05
1.337556892749095e-05
1.587905461777736e-05
1.996793992886756e-05
2.523241010104523e-05
3.113733955555830e-05
4.337048267556246e-05
6.852517255320041e-05
1.202736414271820e-04
2.074104391516228e-04
3.329617079921985e-04
5.380968133833409e-04
8.869792972712835e-04
1.470030086906155e-03
2.400364851675666e-03
3.837297469953778e-03
5.959203300185141e-03
9.000653671559767e-03
1.321856793329265e-02
1.893879877792505e-02
2.658034358841220e-02
3.660547928127616e-02
4.956779139224756e-02
6.613907304220858e-02
8.697352235642418e-02
1.134618173850788e-01
1.472515737892558e-01
1.894974583273985e-01
2.407637393063858e-01
3.023182263502948e-01
3.747102405754585e-01
4.574344532739631e-01
5.475420757947771e-01
6.388361192220042e-01
7.513414680937186e-01
9.999999999999999e-01
1.000000000000000e+00
1.000000000000000e+00
1.000000000000000e+00
1.000000000000000e+00
1.000000000000000e+00
1.000000000000000e+00
1.000000000000000e+00
1.000000000000000e+00
1.000000000000000e+00
1.000000000000000e+00
###8.800000000000002e+00
1.709987399249194e-07
4.290645258947723e-07
8.147182408905381e-07
6.954787029054818e-08
6.680202087205209e-08
1.022011797135663e-07
-4.471603724211375e-08
2.742044870860627e-07
2.516046705157104e-07
2.296346800708550e-07
1.448259574664878e-07
1.719967889507982e-07
1.700988671429270e-07
1.713255918311259e-07
1.844039675433820e-07
1.532851842962659e-07
2.166743363486754e-07
2.193580459275379e-07
2.144109697370875e-07
2.053894298655323e-07
2.271431373973769e-07
2.248612073002816e-07
2.359339178958836e-07
2.418664655762560e-07
2.588197489032186e-07
2.785075997164935e-07
2.947248982248841e-07
3.105480682684034e-07
3.284529808892612e-07
3.605014462083249e-07
3.856889869387685e-07
4.145389151428564e-07
4.470589305008047e-07
4.908526034716331e-07
5.472400336171804e-07
6.188700503295759e-07
6.992644559619695e-07
8.019564375043699e-07
9.280069150829924e-07
1.082555424500680e-06
1.268014217353300e-06
1.503303610141951e-06
1.781397185958777e-06
2.111976281146865e-06
2.528380346412350e-06
3.012497883874106e-06
3.617886937960802e-06
4.300996244889719e-06
5.119317998007603e-06
6.052177039591451e-06
7.113660523813702e-06
8.350336943698326e-06
9.761323636910586e-06
1.145720007679653e-05
1.347717085936863e-05
1.608228678440564e-05
1.960195281156528e-05
2.507284576683773e-05
3.241481267698504e-05
4.178227219724210e-05
5.915171009484474e-05
9.137692958061783e-05
1.530824630906676e-04
2.542568012061628e-04
4.042702758669076e-04
6.464093705740005e-04
1.046689428229669e-03
1.702703799805872e-03
2.735636314049252e-03
4.314644418633635e-03
6.630765288289948e-03
9.932738746044062e-03
1.448463187562355e-02
2.064090309705353e-02
2.882617849847311e-02
3.952080460574563e-02
5.329162050699128e-02
7.082409152955378e-02
9.276540986246058e-02
1.204639393241335e-01
1.555506733800924e-01
1.990567735394730e-01
2.513507741868986e-01
3.135853257839389e-01
3.858761026484460e-01
4.674803502906911e-01
5.554156877917317e-01
6.440373128537209e-01
7.543071060583377e-01
9.999999999999999e-01
1.000000000000000e+00
1.000000000000000e+00
1.000000000000000e+00
1.000000000000000e+00
1.000000000000000e+00
1.000000000000000e+00
1.000000000000000e+00
1.000000000000000e+00
1.000000000000000e+00
1.000000000000000e+00
###9.200000000000003e+00
1.804191172233233e-07
6.451320503942118e-07
8.176007802257391e-07
1.232125032561995e-07
9.196776374528684e-08
1.243855081794569e-07
1.399423864943736e-08
2.939318856324450e-07
2.837226868492434e-07
2.732167411868514e-07
1.963670723089877e-07
2.170696771602613e-07
2.132279277950595e-07
2.140971306523501e-07
2.255726877132227e-07
1.985374222894219e-07
2.525663193580592e-07
2.616427703756206e-07
2.572067265474569e-07
2.513318427019782e-07
2.728509025402616e-07
2.739684771631589e-07
2.852170485161037e-07
2.937996683746321e-07
3.116730821301376e-07
3.331911230702690e-07
3.513951879871526e-07
3.706048736596136e-07
3.910938480234867e-07
4.301101420974278e-07
4.547322398845658e-07
4.874092615499790e-07
5.257264100593440e-07
5.764545025925376e-07
6.396647309306172e-07
7.202426521772314e-07
8.096159920528939e-07
9.197096442947533e-07
1.058834640275964e-06
1.228230535228319e-06
1.431447045139858e-06
1.687829640079161e-06
1.991923912045812e-06
2.357901331118880e-06
2.813252543641086e-06
3.349600112392822e-06
4.014014487840110e-06
4.775863568800947e-06
5.688532348758737e-06
6.752005181740514e-06
7.981751301958358e-06
9.416562526313373e-06
1.111468384401739e-05
1.325871438718621e-05
1.587469592581768e-05
1.933914702028796e-05
2.406933161776721e-05
3.125937783978001e-05
4.121142017986603e-05
5.470333116848078e-05
7.803169413700495e-05
1.185259109210528e-04
1.919085823235706e-04
3.101626682352881e-04
4.868587764603536e-04
7.697942403993617e-04
1.226201043665408e-03
1.961427514716147e-03
3.103809104108764e-03
4.834050094422122e-03
7.354902020898005e-03
1.092401055518929e-02
1.582475809217196e-02
2.242672383834961e-02
3.116782426010307e-02
4.254718209460574e-02
5.713654590350403e-02
7.563689999173616e-02
9.868884309128367e-02
1.276023170005647e-01
1.639465217259187e-01
2.086583210227418e-01
2.619907294753905e-01
3.247907448676580e-01
3.970000064019237e-01
4.775714448043581e-01
5.635842441861988e-01
6.494903089636704e-01
7.575579836760596e-01
9.999999999999999e-01
1.000000000000000e+00
1.000000000000000e+00
1.000000000000000e+00
1.000000000000000e+00
1.000000000000000e+00
1.000000000000000e+00
1.000000000000000e+00
1.000000000000000e+00
1.000000000000000e+00
1.000000000000000e+00
###9.600000000000003e+00
1.710026409085117e-07
6.260889777409866e-07
8.124783306823668e-07
1.555023538932063e-07
9.689823472596867e-08
1.376085360923109e-07
1.840423527754172e-07
3.133912269447915e-07
2.978121350789067e-07
2.830391275592326e-07
2.138661872843179e-07
2.500375357109678e-07
2.308055424487665e-07
2.316206821495396e-07
2.440472599419816e-07
2.214919589986435e-07
2.729253035360643e-07
2.834109792768523e-07
2.809093153744691e-07
2.779166629658117e-07
2.995785679617955e-07
3.031474410267814e-07
3.157954384036133e-07
3.265095492748480e-07
3.461201358313296e-07
3.693125815362270e-07
3.899858973701294e-07
4.117517400678086e-07
4.374215837881187e-07
4.771047328859132e-07
5.057337501630601e-07
5.428850272076317e-07
5.865973009395225e-07
6.431272085654190e-07
7.125595899661307e-07
8.029233768988366e-07
9.000574548335154e-07
1.022265275229146e-06
1.174578581924760e-06
1.359948342254767e-06
1.583826775928843e-06
1.861362493922176e-06
2.191645300635111e-06
2.595553627302067e-06
3.095414841486853e-06
3.685797970970294e-06
4.418488442290377e-06
5.260480076712725e-06
6.287119139192507e-06
7.504186287992539e-06
8.927383171276381e-06
1.063038761098750e-05
1.270629930245780e-05
1.534167866878492e-05
1.869148044640019e-05
2.318968787512222e-05
2.941250315571094e-05
3.867036577386402e-05
5.171300693047031e-05
7.002399178308905e-05
1.002255806694554e-04
1.503780763764202e-04
2.372543970411267e-04
3.752310820461559e-04
5.819302850036753e-04
9.092014795135266e-04
1.426930387017516e-03
2.247669843304920e-03
3.507053077447485e-03
5.397618725893091e-03
8.130797230211286e-03
1.198126170653297e-02
1.724279547603210e-02
2.430195919798590e-02
3.361039419417357e-02
4.568675219667095e-02
6.110452756462909e-02
8.057119871930227e-02
1.047378788567677e-01
1.348560058211892e-01
1.724520146809985e-01
2.183515931944312e-01
2.726696141234077e-01
3.360463725659232e-01
4.081838309500079e-01
4.877137927852055e-01
5.718702224716159e-01
6.554689753143988e-01
7.612465222593526e-01
9.999999999999999e-01
1.000000000000000e+00
1.000000000000000e+00
1.000000000000000e+00
1.000000000000000e+00
1.000000000000000e+00
1.000000000000000e+00
1.000000000000000e+00
1.000000000000000e+00
1.000000000000000e+00
1.000000000000000e+00
###1.000000000000000e+01
1.789944016873471e-07
6.649283787941929e-07
8.222012004323971e-07
1.578527234167407e-07
8.814543712098579e-08
1.518925414097528e-07
1.936442018302073e-07
3.231317697176789e-07
3.047441452588404e-07
2.951401987234687e-07
2.407992083440612e-07
2.701237908202076e-07
2.496475077294682e-07
2.521406486060896e-07
2.700621478365295e-07
2.472462236573192e-07
2.683666429621692e-07
3.064538581016224e-07
3.065246466440918e-07
3.060643761473643e-07
3.282216745269372e-07
3.343123828831630e-07
3.486281225188262e-07
3.616942761442197e-07
3.833708987845307e-07
4.086613242563097e-07
4.316207656940017e-07
4.564018481080173e-07
4.854721448282830e-07
5.277482831645022e-07
5.618629666617851e-07
6.027151440042452e-07
6.520057269324393e-07
7.159708063268492e-07
7.926917575042503e-07
8.892967533950537e-07
9.989565311260701e-07
1.133870660675621e-06
1.297484326830027e-06
1.500261489222980e-06
1.746297831723619e-06
2.045728766029302e-06
2.410281048964405e-06
2.850339131328048e-06
3.397793707191173e-06
4.053309052265574e-06
4.861284198491176e-06
5.794463334017414e-06
6.954704657781927e-06
8.342816960243002e-06
9.999907870564842e-06
1.201737973106739e-05
1.452041656423704e-05
1.777422870940287e-05
2.197135574708624e-05
2.769340556762647e-05
3.568699695853685e-05
4.742066124695693e-05
6.414229227758150e-05
8.790792993397117e-05
1.259888143501310e-04
1.873930017944148e-04
2.897693389398635e-04
4.501329590211296e-04
6.901871681695242e-04
1.065182762565780e-03
1.649767278610281e-03
2.562131206311338e-03
3.946083457934100e-03
6.005969172827359e-03
8.962063177665895e-03
1.310324598358346e-02
1.873666316625475e-02
2.627290653595645e-02
3.615702663797490e-02
4.894241623997425e-02
6.519964830294890e-02
8.564139359862129e-02
1.109262010120854e-01
1.422403461647263e-01
1.810435843048213e-01
2.281087544369758e-01
2.833712419479987e-01
3.472652210871134e-01
4.193287919166291e-01
4.979672512803127e-01
5.804253133812609e-01
6.617552986159553e-01
7.651094620882075e-01
9.999999999999999e-01
1.000000000000000e+00
1.000000000000000e+00
1.000000000000000e+00
1.000000000000000e+00
1.000000000000000e+00
1.000000000000000e+00
1.000000000000000e+00
1.000000000000000e+00
1.000000000000000e+00
1.000000000000000e+00
###1.040000000000000e+01
2.322928032932546e-07
6.253174754652301e-07
8.215616719558960e-07
1.276629192402999e-07
1.011812162413163e-07
1.514418948747606e-07
2.072958091423343e-07
3.393231280981994e-07
3.209167815975813e-07
3.076803639331046e-07
2.569188047826642e-07
2.523784027582134e-07
2.689113412838611e-07
2.727542477312603e-07
2.908753348238832e-07
2.717242764335875e-07
2.932629943575403e-07
3.306648950295877e-07
3.334081827558565e-07
3.355890650285170e-07
3.584833352671452e-07
3.671181659798281e-07
3.834078002902440e-07
3.989358352325697e-07
4.228589764376760e-07
4.500845207291313e-07
4.767839882801604e-07
5.043359443603376e-07
5.368850050423236e-07
5.823729146533264e-07
6.214761777122165e-07
6.672979723891266e-07
7.237004890678897e-07
7.937396871529276e-07
8.790524476017869e-07
9.837152679988617e-07
1.103735512902102e-06
1.252975245650000e-06
1.430943131572222e-06
1.654453022790465e-06
1.922299994480164e-06
2.247272878385587e-06
2.655127528810760e-06
3.130597976874537e-06
3.727933012397373e-06
4.453549441622990e-06
5.345435070621376e-06
6.390456852362516e-06
7.696879292046540e-06
9.287061579055034e-06
1.120596470889503e-05
1.359596967657141e-05
1.660725720332282e-05
2.058725167170489e-05
2.580017363052562e-05
3.296664250155762e-05
4.303119540916854e-05
5.768941219770768e-05
7.869434831651692e-05
1.087650288851085e-04
1.558919002134098e-04
2.298185036708045e-04
3.500326248913354e-04
5.355873874737921e-04
8.123556611959115e-04
1.239481638974168e-03
1.896710213632526e-03
2.907506587718915e-03
4.424075012343224e-03
6.661679446951866e-03
9.851542021450771e-03
1.429552803399646e-02
2.031216349815953e-02
2.833126514749524e-02
3.881210575543624e-02
5.231678135108587e-02
6.942427776786994e-02
9.085255326813058e-02
1.172430348910662e-01
1.497535006531393e-01
1.897675564321526e-01
2.379495256502732e-01
2.941290606927360e-01
3.585336965598140e-01
4.305009901689579e-01
5.083192526562939e-01
5.891359190774785e-01
6.682470242865788e-01
7.693731335663271e-01
9.999999999999999e-01
1.000000000000000e+00
1.000000000000000e+00
1.000000000000000e+00
1.000000000000000e+00
1.000000000000000e+00
1.000000000000000e+00
1.000000000000000e+00
1.000000000000000e+00
1.000000000000000e+00
1.000000000000000e+00
###1.080000000000000e+01
2.612729616819275e-07
6.073846320272373e-07
8.034262181489558e-07
1.526792889903477e-07
9.478192603634584e-08
1.632133792606862e-07
2.215158156897145e-07
3.411868278730619e-07
3.270318720493675e-07
3.169382012656802e-07
2.739589878449499e-07
2.712408597823614e-07
2.877311917571367e-07
2.936916901288610e-07
3.136902249536529e-07
2.967368481335377e-07
3.186676511699035e-07
3.557157779937462e-07
3.612202279200589e-07
3.661905882980506e-07
3.901293009540399e-07
4.013284877053632e-07
4.198123489996954e-07
4.366951549239158e-07
4.646698075908955e-07
4.940306689940117e-07
5.238216484794083e-07
5.548951358510514e-07
5.911882147920207e-07
6.424225263202952e-07
6.777008577361575e-07
7.328111218637309e-07
8.005851067214547e-07
8.765473956790796e-07
9.701510191242256e-07
1.083832505535790e-06
1.215916378986842e-06
1.379652250120847e-06
1.575459871828177e-06
1.816858366268466e-06
2.109038099544079e-06
2.464415739525520e-06
2.906228871635539e-06
3.430586604245158e-06
4.087162437334423e-06
4.884573729240954e-06
5.872497583434339e-06
7.046099660667134e-06
8.519573612494691e-06
1.033508432690849e-05
1.256759649039691e-05
1.539694632908139e-05
1.900480096144534e-05
2.382176826996304e-05
3.022566096978079e-05
3.909058637462868e-05
5.156053754596466e-05
6.961345611903958e-05
9.548313053013938e-05
1.328252487524554e-04
1.901254073339975e-04
2.783262564022398e-04
4.184288533224681e-04
6.320080835046569e-04
9.492603826180547e-04
1.433378201878109e-03
2.168640983169194e-03
3.284355041415642e-03
4.941753772641264e-03
7.366938250077007e-03
1.080169479645653e-02
1.555956177688216e-02
2.197176037047511e-02
3.049091428239581e-02
4.158165189995838e-02
5.581075890082764e-02
7.378688227575023e-02
9.620863957948693e-02
1.237091257582166e-01
1.573955092965764e-01
1.985967744951701e-01
2.478829532899031e-01
3.049294871712104e-01
3.698306675362203e-01
4.417008337406624e-01
5.186888719078935e-01
5.979531156483540e-01
6.750345707173033e-01
7.736686557989974e-01
9.999999999999999e-01
1.000000000000000e+00
1.000000000000000e+00
1.000000000000000e+00
1.000000000000000e+00
1.000000000000000e+00
1.000000000000000e+00
1.000000000000000e+00
1.000000000000000e+00
1.000000000000000e+00
1.000000000000000e+00
###1.120000000000000e+01
2.381872632190026e-07
6.308204647937274e-07
8.058979647708944e-07
1.368641054302335e-07
1.089202549298653e-07
1.786281216332620e-07
2.548664713990324e-07
3.564401338383013e-07
3.399575786474343e-07
3.343888944259305e-07
2.928404825384769e-07
2.904496193460596e-07
3.070228846972731e-07
3.157732228059075e-07
3.356418929803782e-07
3.224165045173781e-07
3.456167246122837e-07
3.822120041591149e-07
3.923997657174890e-07
3.982655462182463e-07
4.234299242479741e-07
4.374501694567540e-07
4.583129243089465e-07
4.782533392177461e-07
5.085860910397671e-07
5.409171830919814e-07
5.739699505129114e-07
6.091044319689658e-07
6.497561050269711e-07
7.043704898492525e-07
7.462973658850852e-07
8.015930376883728e-07
8.809886774000108e-07
9.651231947603304e-07
1.068593899454991e-06
1.192635869465570e-06
1.336183582874647e-06
1.513594356341740e-06
1.730110994320264e-06
1.990898806824483e-06
2.311022697407390e-06
2.699180330098149e-06
3.180198768401411e-06
3.753595903113035e-06
4.477702706715390e-06
5.351684130212995e-06
6.454075204454089e-06
7.775085923345603e-06
9.439368372484194e-06
1.151944559151313e-05
1.411059543990651e-05
1.743561276951738e-05
2.175462242488103e-05
2.753997330693475e-05
3.532280809032034e-05
4.613801176952111e-05
6.138650383665959e-05
8.334773215738690e-05
1.148890475585219e-04
1.603053471298103e-04
2.290671065919138e-04
3.333943975515576e-04
4.955960499095931e-04
7.399212254320692e-04
1.101466780363226e-03
1.647202479001872e-03
2.466783761306320e-03
3.694679557631707e-03
5.501838467499494e-03
8.124178144920354e-03
1.181331311243585e-02
1.689635984555236e-02
2.372140863389486e-02
3.274887442967921e-02
4.446233044444500e-02
5.943505602300737e-02
7.828393656044742e-02
1.017041505008682e-01
1.303248548744539e-01
1.651758205100628e-01
2.075583248526545e-01
2.579040630442312e-01
3.157843983605575e-01
3.811716240357845e-01
4.529628928691225e-01
5.291982201892028e-01
6.069898618266790e-01
6.819319168874995e-01
7.784099406836527e-01
9.999999999999999e-01
1.000000000000000e+00
1.000000000000000e+00
1.000000000000000e+00
1.000000000000000e+00
1.000000000000000e+00
1.000000000000000e+00
1.000000000000000e+00
1.000000000000000e+00
1.000000000000000e+00
1.000000000000000e+00
###1.160000000000000e+01
2.261734050712821e-07
6.242149113216024e-07
8.017980225642668e-07
1.469807462639719e-07
1.174535056277874e-07
1.695397317273872e-07
2.714025390004052e-07
3.603566258838464e-07
3.512860386928236e-07
3.494841135847394e-07
3.085769937496016e-07
3.112339897792063e-07
3.275300067548024e-07
3.369538762558459e-07
3.585782222880735e-07
3.492668588890129e-07
3.732551821108916e-07
4.100504857582694e-07
4.229001762997534e-07
4.318667964985145e-07
4.586316924932995e-07
4.757038906619693e-07
4.989446468352716e-07
5.222156010584907e-07
5.552159384157755e-07
5.908043732054445e-07
6.275166032223448e-07
6.668217125777911e-07
7.120541046366682e-07
7.705148757205532e-07
8.201478101782583e-07
8.818601003757661e-07
9.671240261111072e-07
1.059757184314007e-06
1.172916553081459e-06
1.308031330624620e-06
1.465693820620815e-06
1.659378411974260e-06
1.896829517698033e-06
2.180833293159941e-06
2.525478247322559e-06
2.950952060120872e-06
3.476320410468371e-06
4.111214444622997e-06
4.904913038244285e-06
5.869220364660544e-06
7.095584296824442e-06
8.585445299854848e-06
1.045569259618179e-05
1.284682358259837e-05
1.585469601273213e-05
1.975933511530875e-05
2.488788792636182e-05
3.179463716443873e-05
4.116498182173799e-05
5.421856889354820e-05
7.263357230277624e-05
9.906568137182778e-05
1.369331278016885e-04
1.915895421233490e-04
2.730540214086247e-04
3.952489855866263e-04
5.820114064663309e-04
8.604414146188756e-04
1.270525584011917e-03
1.882843524716252e-03
2.792406376839817e-03
4.139880875240152e-03
6.106591277977039e-03
8.933946208498782e-03
1.288988032446878e-02
1.830940681986521e-02
2.556101005732095e-02
3.511075224726500e-02
4.746468436260113e-02
6.319517359875003e-02
8.292338410212244e-02
1.073497319207291e-01
1.370842642291673e-01
1.731029965903040e-01
2.166460159145236e-01
2.680309127084921e-01
3.267286207693837e-01
3.925468222616088e-01
4.642436078751851e-01
5.397541040649386e-01
6.160701865159200e-01
6.890288723286699e-01
7.832897079494925e-01
9.999999999999999e-01
1.000000000000000e+00
1.000000000000000e+00
1.000000000000000e+00
1.000000000000000e+00
1.000000000000000e+00
1.000000000000000e+00
1.000000000000000e+00
1.000000000000000e+00
1.000000000000000e+00
1.000000000000000e+00
###1.200000000000001e+01
2.282571886886675e-07
6.259613058454828e-07
7.982426083183242e-07
1.543500102974547e-07
1.418766079472966e-07
1.749187446115957e-07
2.844434339360034e-07
3.427997913401060e-07
3.640716608379200e-07
3.614567772399643e-07
3.286318590075839e-07
3.304206818827769e-07
3.503652287761010e-07
3.641686007112838e-07
3.831028896284939e-07
3.754964963827294e-07
4.022339702467786e-07
4.391028015671283e-07
4.548619012353671e-07
4.669728348215351e-07
4.955379531295939e-07
5.157519788586897e-07
5.418048198444591e-07
5.684663788595643e-07
6.045264500740771e-07
6.434659529698066e-07
6.843484885603928e-07
7.281673553659311e-07
7.782528230076803e-07
8.414968791108827e-07
8.981021521660608e-07
9.671312613124480e-07
1.059693246395687e-06
1.160655154232126e-06
1.285126057116951e-06
1.431075880209882e-06
1.604478555720567e-06
1.816107306566711e-06
2.074484282894323e-06
2.385020165004176e-06
2.762210055869310e-06
3.225785524491263e-06
3.797815129128525e-06
4.497264867291015e-06
5.370825582451376e-06
6.443346988969064e-06
7.808298953025598e-06
9.486601788355435e-06
1.160777708632218e-05
1.434164637602968e-05
1.782736155133433e-05
2.238108587464008e-05
2.844402838080531e-05
3.663558753573989e-05
4.780518842100268e-05
6.344136720796342e-05
8.545433206328132e-05
1.169388920983980e-04
1.620181781345127e-04
2.268565953727647e-04
3.225554102198997e-04
4.645852505464383e-04
6.784357222584352e-04
9.944138251153547e-04
1.457032471752377e-03
2.140786783361531e-03
3.146505002736176e-03
4.621840479379352e-03
6.757219424178082e-03
9.799519163332542e-03
1.403419081610145e-02
1.980261146902625e-02
2.749607440108815e-02
3.758378192899260e-02
5.058522061457126e-02
6.708693237923226e-02
8.770323619464045e-02
1.131512749888462e-01
1.439960838120534e-01
1.811890530737584e-01
2.258640098273965e-01
2.782647704506534e-01
3.377571496359801e-01
4.039954196638614e-01
4.755875333013176e-01
5.503843982055401e-01
6.253252863594712e-01
6.963642021198531e-01
7.882110468721909e-01
9.999999999999999e-01
1.000000000000000e+00
1.000000000000000e+00
1.000000000000000e+00
1.000000000000000e+00
1.000000000000000e+00
1.000000000000000e+00
1.000000000000000e+00
1.000000000000000e+00
1.000000000000000e+00
1.000000000000000e+00
###1.240000000000001e+01
2.265726736178148e-07
6.802760010802745e-07
7.933042906215803e-07
1.604290248109955e-07
1.539715017388155e-07
1.799865219882609e-07
2.986699025784796e-07
3.562199132114741e-07
3.790084954843405e-07
3.904617816441924e-07
3.371156482569154e-07
3.508024803703785e-07
3.717693283670546e-07
3.872832299413703e-07
4.076565666856926e-07
4.038521136166668e-07
4.318456883551793e-07
4.696393794554872e-07
4.882418228428228e-07
5.036946991698693e-07
5.343481999355491e-07
5.578643023501657e-07
5.870750155278483e-07
6.174241614834717e-07
6.567172124760621e-07
6.994863394356737e-07
7.445994717816401e-07
7.933350841750647e-07
8.488020540045158e-07
9.182281903532640e-07
9.814705598230194e-07
1.058000692562355e-06
1.159145156136677e-06
1.269452142911158e-06
1.405424282061535e-06
1.563153956162300e-06
1.753964354441924e-06
1.985453278133735e-06
2.267012966616603e-06
2.604499392410655e-06
3.014204551766451e-06
3.522495373281469e-06
4.149381302322823e-06
4.918021891521636e-06
5.882105529181744e-06
7.077172043672028e-06
8.598650675959684e-06
1.048628283989528e-05
1.289485239057388e-05
1.601789382024732e-05
2.004552971961334e-05
2.535107835000371e-05
3.247529114131980e-05
4.212190956526815e-05
5.536905966774356e-05
7.391205999730128e-05
9.999564526519343e-05
1.371416758112687e-04
1.902477205347429e-04
2.664231129557860e-04
3.781185460814562e-04
5.417731934578301e-04
7.855906757433242e-04
1.142521332065536e-03
1.661725859538008e-03
2.422494104283430e-03
3.530736630458893e-03
5.142056253766783e-03
7.454452412247344e-03
1.072440985209396e-02
1.524906084722401e-02
2.137961939970374e-02
2.952894710959724e-02
4.017166378695206e-02
5.384190391006515e-02
7.111912892687933e-02
9.264676206623543e-02
1.191097524928945e-01
1.510711288688490e-01
1.894295629398874e-01
2.352213734761250e-01
2.886222161541360e-01
3.488547167487375e-01
4.154985262982135e-01
4.870174554321153e-01
5.610820627348035e-01
6.347537162475366e-01
7.038530184781028e-01
7.931790774455271e-01
9.999999999999999e-01
1.000000000000000e+00
1.000000000000000e+00
1.000000000000000e+00
1.000000000000000e+00
1.000000000000000e+00
1.000000000000000e+00
1.000000000000000e+00
1.000000000000000e+00
1.000000000000000e+00
1.000000000000000e+00
###1.280000000000001e+01
2.385760604999318e-07
6.698600763841032e-07
7.962625036028017e-07
1.837616126560106e-07
1.606718866587673e-07
8.335802096962367e-08
3.108983303262781e-07
3.623841715521568e-07
3.954204136002460e-07
4.088945938093966e-07
3.619634927402820e-07
3.752779021693124e-07
3.972321177236739e-07
4.144394417628971e-07
4.363508758405533e-07
4.362851170411321e-07
4.657861181922502e-07
5.046627633467565e-07
5.262978435188830e-07
5.452161196324561e-07
5.782881588292586e-07
6.057040010537805e-07
6.379081686660221e-07
6.721712146396416e-07
7.151454833895138e-07
7.620384444072532e-07
8.116577891478114e-07
8.658315551774331e-07
9.269292857222783e-07
1.001928081130131e-06
1.059202695675702e-06
1.158200186120546e-06
1.270170470201280e-06
1.389956047551262e-06
1.538185308321413e-06
1.715252565354559e-06
1.917456771521386e-06
2.170602519976235e-06
2.477335738719176e-06
2.845362896889222e-06
3.294953456509659e-06
3.851383340364979e-06
4.536679087503852e-06
5.381494311539875e-06
6.450422926262911e-06
7.775743826727228e-06
9.472844058945027e-06
1.160329185208046e-05
1.433407535576352e-05
1.790142659107255e-05
2.254873141213938e-05
2.870524458733495e-05
3.703224943932391e-05
4.833592514092200e-05
6.390456394343073e-05
8.573292762110785e-05
1.163830608243074e-04
1.598650686839731e-04
2.219596244856959e-04
3.106162139388373e-04
4.397334312701656e-04
6.274073688045482e-04
9.038018923765566e-04
1.305356874132907e-03
1.885648573379185e-03
2.729243995092967e-03
3.947039628244471e-03
5.701908957234531e-03
8.201110661771966e-03
1.170883151933133e-02
1.653581850077208e-02
2.304524293825973e-02
3.166137478477463e-02
4.287510903719576e-02
5.722554814340042e-02
7.529632749077769e-02
9.774127567361955e-02
1.252320091161397e-01
1.583199651944923e-01
1.978285637960526e-01
2.447340299241083e-01
2.990819735226653e-01
3.600738497479564e-01
4.270857285241986e-01
4.984927302538519e-01
5.718810748345238e-01
6.441948563660651e-01
7.114271113929264e-01
7.984725350528780e-01
9.999999999999999e-01
1.000000000000000e+00
1.000000000000000e+00
1.000000000000000e+00
1.000000000000000e+00
1.000000000000000e+00
1.000000000000000e+00
1.000000000000000e+00
1.000000000000000e+00
1.000000000000000e+00
1.000000000000000e+00
###1.320000000000001e+01
2.127390862844259e-07
6.636676074199620e-07
7.925086623083997e-07
2.262158031888821e-07
1.311505003452554e-07
1.115726843053720e-07
3.243041767084508e-07
3.784826339037296e-07
4.081601120974574e-07
4.237304704500278e-07
3.780482853018656e-07
3.963763879075995e-07
4.206525528358084e-07
4.394545346824177e-07
4.626988600701410e-07
4.663711877463120e-07
5.000296686734097e-07
5.380819210323762e-07
5.625443909089719e-07
5.854443213675788e-07
6.212227211290783e-07
6.524169837902702e-07
6.882477002602954e-07
7.265939907711257e-07
7.736392195965176e-07
8.249014569885548e-07
8.798349711041520e-07
9.396487758812990e-07
1.006968073079034e-06
1.088039261025755e-06
1.155112822839337e-06
1.262076206546191e-06
1.383410446636456e-06
1.515388570780495e-06
1.677734870583357e-06
1.874114185954207e-06
2.090888841129251e-06
2.366670213593814e-06
2.698754815859265e-06
3.102693138392374e-06
3.590975457770664e-06
4.203857180862129e-06
4.954700544927048e-06
5.885650816851162e-06
7.068050408515779e-06
8.529428727566660e-06
1.043901146401518e-05
1.284398955609369e-05
1.593543279052366e-05
2.001185145405730e-05
2.535194877876103e-05
3.248906160904378e-05
4.215721935022102e-05
5.534282145948867e-05
7.353462500763430e-05
9.903971518879032e-05
1.347905700267990e-04
1.853699468338215e-04
2.574124583358170e-04
3.598647580171947e-04
5.081096452232669e-04
7.220760554953238e-04
1.033997103056094e-03
1.483962207847164e-03
2.130245996627085e-03
3.061961166037605e-03
4.396198114583004e-03
6.303069917705540e-03
8.999498720844346e-03
1.275559040523805e-02
1.789810723231983e-02
2.479945307765701e-02
3.389953234230886e-02
4.569617614722254e-02
6.074348708037060e-02
7.962463695807649e-02
1.029993140893372e-01
1.315290967905442e-01
1.657409915534531e-01
2.063943090980983e-01
2.544000369090983e-01
3.096877872245388e-01
3.713841209067192e-01
4.387568826285405e-01
5.100331602897108e-01
5.826771791036608e-01
6.537769280036970e-01
7.191505715425538e-01
8.038489448535914e-01
9.999999999999999e-01
1.000000000000000e+00
1.000000000000000e+00
1.000000000000000e+00
1.000000000000000e+00
1.000000000000000e+00
1.000000000000000e+00
1.000000000000000e+00
1.000000000000000e+00
1.000000000000000e+00
1.000000000000000e+00
###1.360000000000001e+01
2.153839637906155e-07
6.514155344989321e-07
7.857999847961609e-07
2.304637126772428e-07
1.365898380593384e-07
1.249228471018680e-07
3.367869677730072e-07
3.871902807252464e-07
4.222623913899198e-07
4.401608043875816e-07
3.975945138973497e-07
4.179510988428387e-07
4.437332967796122e-07
4.647208811402614e-07
4.900106259561605e-07
4.975707074193644e-07
5.323006824303987e-07
5.729751367633604e-07
6.005809936554973e-07
6.274022191145756e-07
6.661627194020048e-07
7.013012120704219e-07
7.411450127136054e-07
7.838782054291733e-07
8.353699860178508e-07
8.916413742976548e-07
9.519557013902478e-07
1.017682628283173e-06
1.092173694149716e-06
1.179874472021372e-06
1.257353582464871e-06
1.372562456145755e-06
1.504490102040786e-06
1.650738934127714e-06
1.826882274315321e-06
2.039339118446119e-06
2.279777881049626e-06
2.576731700727947e-06
2.937396182069911e-06
3.380184528596750e-06
3.914532612176034e-06
4.585309671809983e-06
5.410863496880763e-06
6.441046610188041e-06
7.746491222577297e-06
9.375646632443087e-06
1.150863117029706e-05
1.422392090993163e-05
1.772396231923999e-05
2.238212000769068e-05
2.851062160252013e-05
3.673869403907925e-05
4.792265590794911e-05
6.325485548906047e-05
8.436099253188792e-05
1.139529342157555e-04
1.553754965347493e-04
2.138558790953499e-04
2.968312359527844e-04
4.144882568473825e-04
5.836784452813903e-04
8.263121170756197e-04
1.176791482989629e-03
1.678961369288247e-03
2.396138287425183e-03
3.422109263242832e-03
4.880515872643373e-03
6.947927327207801e-03
9.850423277410952e-03
1.386877769772807e-02
1.934093754580142e-02
2.664762181945748e-02
3.624642004942448e-02
4.864293824260583e-02
6.440031335341315e-02
8.410169519929711e-02
1.084161932403389e-01
1.379980052760711e-01
1.733386315560839e-01
2.151368088062654e-01
2.642182368549837e-01
3.204324364688692e-01
3.828007863455176e-01
4.505234748528411e-01
5.216297334761250e-01
5.936076733047959e-01
6.634652353680174e-01
7.269347934517598e-01
8.093185078208575e-01
9.999999999999999e-01
1.000000000000000e+00
1.000000000000000e+00
1.000000000000000e+00
1.000000000000000e+00
1.000000000000000e+00
1.000000000000000e+00
1.000000000000000e+00
1.000000000000000e+00
1.000000000000000e+00
1.000000000000000e+00
###1.400000000000001e+01
2.201344625717211e-07
6.715442734537054e-07
7.680489234573374e-07
2.374293963651614e-07
1.266226852050728e-07
1.380565878687716e-07
3.496722854413869e-07
3.990398852768025e-07
4.345781423411111e-07
4.547120799992274e-07
4.164550719575162e-07
4.399625159997049e-07
4.712856572380699e-07
4.907206427929346e-07
5.181944636814805e-07
5.296919851604472e-07
5.665412751584507e-07
6.093129810600799e-07
6.391283757285957e-07
6.711536376759153e-07
7.132239811286431e-07
7.526261912291577e-07
7.967283762776313e-07
8.441491166091563e-07
9.005132638759571e-07
9.619868157996067e-07
1.028042092581280e-06
1.103843521070103e-06
1.182416990829306e-06
1.277580257140007e-06
1.366044070571808e-06
1.490773574191960e-06
1.633664482303017e-06
1.794120046014347e-06
1.985319979541385e-06
2.216536750741621e-06
2.480013656509763e-06
2.802636931044856e-06
3.196477579872978e-06
3.678833654532814e-06
4.264284050309764e-06
4.999994117101171e-06
5.906859957068794e-06
7.043793591387229e-06
8.491419070563393e-06
1.031038922556334e-05
1.269253670743023e-05
1.575562513487156e-05
1.972312664582202e-05
2.501973865559501e-05
3.203302726859177e-05
4.148277294911822e-05
5.438086655317134e-05
7.212928000797254e-05
9.647726995958566e-05
1.306120795990106e-04
1.783450027112885e-04
2.455537031733325e-04
3.405997651379202e-04
4.748505806705120e-04
6.670159432811609e-04
9.406290318740751e-04
1.333037171011046e-03
1.891351517780498e-03
2.684692134541401e-03
3.811513730044215e-03
5.400498303228455e-03
7.638201257273262e-03
1.075810987418744e-02
1.505036146487121e-02
2.086357120405677e-02
2.859095088963751e-02
3.870596714346229e-02
5.171781958136100e-02
6.820510950086099e-02
8.874726892441462e-02
1.140156991559623e-01
1.446551758341696e-01
1.811050262042335e-01
2.240466605292073e-01
2.741863553441522e-01
3.313012772533497e-01
3.943324613406146e-01
4.623556149825062e-01
5.333041583445929e-01
6.045576396924681e-01
6.731303844137894e-01
7.349262709330395e-01
8.149834471147216e-01
9.999999999999999e-01
1.000000000000000e+00
1.000000000000000e+00
1.000000000000000e+00
1.000000000000000e+00
1.000000000000000e+00
1.000000000000000e+00
1.000000000000000e+00
1.000000000000000e+00
1.000000000000000e+00
1.000000000000000e+00
###1.440000000000001e+01
2.193894436715583e-07
6.676811898933593e-07
7.697742247096141e-07
2.456996511287310e-07
1.343735583355001e-07
1.515483417856568e-07
3.628099388490287e-07
4.042498337597842e-07
4.441827757967249e-07
4.685628607931798e-07
4.370733865833781e-07
4.619462731460916e-07
4.912457207174820e-07
5.178226863524364e-07
5.472818459402508e-07
5.627977376418447e-07
6.025658209033625e-07
6.472517319912456e-07
6.807747750309944e-07
7.165877288308518e-07
7.624207949997774e-07
8.062304028626489e-07
8.524886157120952e-07
9.075343552863429e-07
9.689291411351207e-07
1.036370808248638e-06
1.108829959826944e-06
1.191498838312728e-06
1.278409487651455e-06
1.381222445386163e-06
1.481326251178170e-06
1.616495770480063e-06
1.771501641020468e-06
1.947333933321903e-06
2.155604544704889e-06
2.406998643578524e-06
2.694941868074404e-06
3.045604301914760e-06
3.475683990194090e-06
4.000289617398495e-06
4.644338620518995e-06
5.451379385078866e-06
6.448794234241792e-06
7.703667888237119e-06
9.310626943240482e-06
1.134189517088169e-05
1.400679097644971e-05
1.745820105811937e-05
2.195217168231947e-05
2.796579375375131e-05
3.596809573966602e-05
4.680430521107012e-05
6.160559604463641e-05
8.204084862628679e-05
1.100289805903221e-04
1.491691680595580e-04
2.038763940375544e-04
2.807095732555727e-04
3.889620829308342e-04
5.414110737767254e-04
7.584037719200655e-04
1.065711960358141e-03
1.503326883762773e-03
2.122258078238608e-03
2.996578011570502e-03
4.230572600734167e-03
5.958340211167445e-03
8.375030982900116e-03
1.172337893751379e-02
1.630261350441698e-02
2.246980051413640e-02
3.063376619414888e-02
4.127955958463315e-02
5.492744915654579e-02
7.215815212744971e-02
9.356140062374438e-02
1.197852567774201e-01
1.514881560180995e-01
1.890691038428269e-01
2.331428420960027e-01
2.843135316329437e-01
3.423121578716801e-01
4.059919855986662e-01
4.742656815128293e-01
5.450565575247391e-01
6.155563906299428e-01
6.829184332049316e-01
7.430458099291835e-01
8.206394980392823e-01
9.999999999999999e-01
1.000000000000000e+00
1.000000000000000e+00
1.000000000000000e+00
1.000000000000000e+00
1.000000000000000e+00
1.000000000000000e+00
1.000000000000000e+00
1.000000000000000e+00
1.000000000000000e+00
1.000000000000000e+00
###1.480000000000001e+01
2.334970871679077e-07
6.632533609650300e-07
7.783243163764358e-07
2.652515887445728e-07
1.420257646234851e-07
1.984054089872722e-07
3.729009177350299e-07
4.244894632407141e-07
4.634036287752239e-07
4.539745072455910e-07
4.577215993115547e-07
4.874490219193583e-07
5.184327640319273e-07
5.453917476646876e-07
5.774470681358738e-07
5.970606778009522e-07
6.394269288101110e-07
6.866948685755223e-07
7.242520683869666e-07
7.643614083194743e-07
8.140238075343203e-07
8.624274967206932e-07
9.139672363058046e-07
9.741730054825131e-07
1.041208092271022e-06
1.114743280539698e-06
1.194205877933991e-06
1.284469271079566e-06
1.380147433221685e-06
1.491766576623442e-06
1.604246007242395e-06
1.750292059581181e-06
1.919468128970422e-06
2.110957848550262e-06
2.337985505684158e-06
2.609823017367110e-06
2.925422696447640e-06
3.308817137454413e-06
3.776982864783916e-06
4.342604225205197e-06
5.058374553908279e-06
5.942243006251172e-06
7.043949024973818e-06
8.428960043129029e-06
1.017792332258010e-05
1.248082057172549e-05
1.546390317690695e-05
1.934756923873606e-05
2.443203413628698e-05
3.124833357714314e-05
4.035957564197776e-05
5.271441653308347e-05
6.965341039106185e-05
9.306756089232932e-05
1.250760065544850e-04
1.697828420610670e-04
2.321866349108562e-04
3.196033240482035e-04
4.423171384701932e-04
6.145480246079216e-04
8.584937179175432e-04
1.202243336534395e-03
1.688607677106510e-03
2.372565945042657e-03
3.333404533942006e-03
4.681181542254012e-03
6.556103242716711e-03
9.161325246046109e-03
1.274922654170044e-02
1.762832341138314e-02
2.416649624016812e-02
3.277950959651647e-02
4.397395535685245e-02
5.827168894737045e-02
7.625946846179825e-02
9.854358021699862e-02
1.257499083767873e-01
1.585142807222047e-01
1.972154699836817e-01
2.424238760315049e-01
2.946144099881001e-01
3.534792246267227e-01
4.177625930187786e-01
4.862709990967539e-01
5.568139236171988e-01
6.266242083976025e-01
6.926960176130096e-01
7.511590592995213e-01
8.263313262508570e-01
9.999999999999999e-01
1.000000000000000e+00
1.000000000000000e+00
1.000000000000000e+00
1.000000000000000e+00
1.000000000000000e+00
1.000000000000000e+00
1.000000000000000e+00
1.000000000000000e+00
1.000000000000000e+00
1.000000000000000e+00
###1.520000000000001e+01
2.321157147674302e-07
6.641869501475814e-07
7.634977315164194e-07
2.426588433811826e-07
1.519454236613612e-07
2.113442285679102e-07
3.866005712885613e-07
4.372308238686711e-07
4.768683286100720e-07
4.713309759024800e-07
4.786619205517176e-07
5.106420505181501e-07
5.439015338348937e-07
5.737444488062805e-07
6.085486358167303e-07
6.323844606706908e-07
6.775314689762497e-07
7.277137074379736e-07
7.694636232069447e-07
8.140814026573603e-07
8.679380737457885e-07
9.213092179796522e-07
9.783326104553217e-07
1.044142279176011e-06
1.117370120200612e-06
1.197562983997357e-06
1.284509222512041e-06
1.382563662787656e-06
1.487540981500026e-06
1.609068660104909e-06
1.734345629613073e-06
1.893212319075443e-06
2.076603114017472e-06
2.286267032737952e-06
2.532755318694952e-06
2.828644812624059e-06
3.173197234918749e-06
3.591321906900144e-06
4.101926448250573e-06
4.722177579089029e-06
5.505382978099784e-06
6.476458141868176e-06
7.690556090462406e-06
9.224155926052618e-06
1.117477726869237e-05
1.373633809727502e-05
1.707646868528966e-05
2.143424958812051e-05
2.718484823216384e-05
3.491124763770566e-05
4.523371558073375e-05
5.932070533303283e-05
7.861225994921218e-05
1.053130259873340e-04
1.417870683782455e-04
1.926155417270520e-04
2.634707849567448e-04
3.624524636190634e-04
5.010221093818350e-04
6.946864500321495e-04
9.679562024434641e-04
1.350787205149957e-03
1.889785476784425e-03
2.643269609857080e-03
3.696339101547539e-03
5.164867130383232e-03
7.195330212947316e-03
9.998993722460450e-03
1.383712471856454e-02
1.902961886566288e-02
2.595243498960486e-02
3.503476137791806e-02
4.679292589161211e-02
6.176009987894135e-02
8.052870589347981e-02
1.036957526405752e-01
1.318909160905826e-01
1.657270512078503e-01
2.055574435935030e-01
2.518908061193829e-01
3.051023674918151e-01
3.647957477562078e-01
4.296374377866075e-01
4.983453442322379e-01
5.686211608092320e-01
6.377236521270122e-01
7.025854364159441e-01
7.593090667528398e-01
8.320058645147560e-01
9.999999999999999e-01
1.000000000000000e+00
1.000000000000000e+00
1.000000000000000e+00
1.000000000000000e+00
1.000000000000000e+00
1.000000000000000e+00
1.000000000000000e+00
1.000000000000000e+00
1.000000000000000e+00
1.000000000000000e+00
###1.560000000000001e+01
2.362415642572299e-07
6.650992515915013e-07
7.577104600518342e-07
2.326024905899125e-07
1.620700410464220e-07
2.249678530588893e-07
3.994411913665839e-07
4.421497671936351e-07
4.831262080079615e-07
4.896531175210947e-07
4.999020711350868e-07
5.320413254533803e-07
5.699555173721053e-07
6.028476444864176e-07
6.406234938452470e-07
6.687454312948954e-07
7.169467569555921e-07
7.703129937770592e-07
8.126539524830393e-07
8.658256756413964e-07
9.241693162358966e-07
9.829143259259007e-07
1.045726204893164e-06
1.117577110543874e-06
1.197323227936354e-06
1.284794126914173e-06
1.379823455238122e-06
1.486571418847231e-06
1.601309429018163e-06
1.733729305062520e-06
1.872487862733379e-06
2.045119900745726e-06
2.244093010499699e-06
2.472670669542829e-06
2.741255403788302e-06
3.062056423447794e-06
3.438711722882566e-06
3.895876449300476e-06
4.453945343699142e-06
5.125697953650240e-06
5.990078392182564e-06
7.055234414583622e-06
8.396887362653047e-06
1.009951859868394e-05
1.226776469429137e-05
1.512540836849810e-05
1.885610743781434e-05
2.375486617556348e-05
3.022931697870111e-05
3.897106005521417e-05
5.067647778908748e-05
6.667385824771593e-05
8.856116752585996e-05
1.188786439579873e-04
1.602663770235141e-04
2.178454274228535e-04
2.979248150630542e-04
4.095917990527439e-04
5.653397372309473e-04
7.823261752341746e-04
1.087149304222821e-03
1.512257523973408e-03
2.107574287785700e-03
2.935572064826236e-03
4.086678778621464e-03
5.683334045074018e-03
7.876677504704097e-03
1.089049265344855e-02
1.498811334926809e-02
2.050991033657319e-02
2.783356151253016e-02
3.740106651013414e-02
4.974065646888225e-02
6.539649025827969e-02
8.496351506170917e-02
1.090308899191857e-01
1.382301550007644e-01
1.731520070771605e-01
2.141049620577229e-01
2.615453520881775e-01
3.157495467039096e-01
3.762502162600519e-01
4.416372860182547e-01
5.105087688642337e-01
5.805021992545165e-01
6.488720386775425e-01
7.125215787740156e-01
7.674622496508058e-01
8.378136775128976e-01
9.999999999999999e-01
1.000000000000000e+00
1.000000000000000e+00
1.000000000000000e+00
1.000000000000000e+00
1.000000000000000e+00
1.000000000000000e+00
1.000000000000000e+00
1.000000000000000e+00
1.000000000000000e+00
1.000000000000000e+00
