# NLO BK equation solver 0.0-dev build  (build Nov 18 2025 11:57:20)
# Initial condition: MV model, Q_s0^2 = 0.0890313 GeV^2, \gamma = 4.42853, coefficient of E inside Log is 1, x0=0.01, \Lambda_QCD = 0.241 GeV
# # LO Kernel RC:  Balitsky. NLO Kernel RC:  smallest dipole
# Nc=3, Nf=4
# Using RungeKutta method in K1
# Resumming double log
# Resumming single log, K_sub=0.65 resum rc: smallest
# BK K1 integration relative accuracy: 0.02# NLO BK as^2 terms: MC integration method: Vegas, points=1000000
# Kinematical constraint: none
# Target kinematical constraint: disabled

###1.000000000000000e-05
###1.160836920850890e+00
###100
###1.000000000000000e+00
###0.000000000000000e+00
3.736429433495473e-49
1.383894989347069e-48
5.124959164414456e-48
1.897654741906862e-47
7.025577954009165e-47
2.600659384910671e-46
9.625424562338356e-46
3.561965402909944e-45
1.317926536779567e-44
4.875539382845925e-44
1.803359387143393e-43
6.669114433444935e-43
2.465916502052046e-42
9.116137004700881e-42
3.369484653259027e-41
1.245185575861316e-40
4.600662174018329e-40
1.699494957505254e-39
6.276683009217068e-39
2.317654476166555e-38
8.556036890017578e-38
3.157906267503682e-37
1.165267110229383e-36
4.298810609412791e-36
1.585493501962310e-35
5.846158181836740e-35
2.155078277672875e-34
7.942152278774802e-34
2.926120083066258e-33
1.077756786689278e-32
3.968439682824125e-32
1.460779591831534e-31
5.375399690567427e-31
1.977393119931460e-30
7.271537281597654e-30
2.673036641282542e-29
9.822527718736854e-29
3.608072018153761e-28
1.324812151233254e-27
4.862435183951349e-27
1.783884169989747e-26
6.541619652535238e-26
2.397738668458895e-25
8.784317299987639e-25
3.216585081649401e-24
1.177209420528706e-23
4.306003646306812e-23
1.574152745702037e-22
5.751226859876047e-22
2.099926564685967e-21
7.662421243956894e-21
2.794049384940018e-20
1.018112158649237e-19
3.707127918635019e-19
1.348796533020104e-18
4.903525416674952e-18
1.781187032722922e-17
6.464510198806115e-17
2.344081618434448e-16
8.491944733220204e-16
3.073447835430141e-15
1.111262583706310e-14
4.013922690262896e-14
1.448351682851593e-13
5.220662101747865e-13
1.879839663514530e-12
6.761779508334949e-12
2.429699794230693e-11
8.721843433238496e-11
3.127864891491051e-10
1.120727877891272e-09
4.012388048001834e-09
1.435505735733920e-08
5.132940958401547e-08
1.834673752134061e-07
6.556413965387422e-07
2.343061439588557e-06
8.375590891261351e-06
2.995488354518017e-05
1.072145799193569e-04
3.841138348720241e-04
1.377495527778994e-03
4.941405565301760e-03
1.767604711402071e-02
6.231017993156818e-02
2.075265170290339e-01
5.695158346121680e-01
9.531781879166467e-01
9.999855731586552e-01
1.000000000000000e+00
1.000000000000000e+00
1.000000000000000e+00
1.000000000000000e+00
1.000000000000000e+00
1.000000000000000e+00
1.000000000000000e+00
1.000000000000000e+00
1.000000000000000e+00
1.000000000000000e+00
1.000000000000000e+00
###4.000000000000000e-01
3.081577525687991e-10
-1.977116526014435e-09
-1.546643887141678e-10
-7.528017957477540e-10
1.268621256679543e-09
-1.843195729071204e-11
-2.005403680398232e-10
-1.180108779586729e-09
9.342429938873916e-12
-1.607005021181988e-11
-6.800287107222933e-11
-3.344988101852040e-10
-3.173665596703539e-11
1.063970243454050e-10
-1.540746817211405e-11
-1.171955132787849e-09
-4.186976816872959e-11
3.118287397203933e-12
3.454824437712742e-11
2.196165832479893e-11
-1.483896669914794e-10
1.553963630621279e-11
3.935187872047339e-11
1.871355492338889e-11
2.564251666681830e-11
6.039105090921797e-11
8.457553773995723e-11
1.530059663745411e-10
1.056374812211523e-10
1.470348600236455e-10
2.258994696606464e-10
2.845756693410076e-10
4.085250798415419e-10
5.360775516570233e-10
7.219719383570139e-10
9.453621925831897e-10
1.289955745546952e-09
1.727427103772719e-09
2.294562910432661e-09
3.052013506751068e-09
4.057009037765056e-09
5.381096586801627e-09
7.133593369343726e-09
9.407805276201125e-09
1.243664546186559e-08
1.642081519773668e-08
2.151086713379044e-08
2.831633868429402e-08
3.708000378766213e-08
4.848690631562448e-08
6.342092316878461e-08
8.273023300756728e-08
1.080586600877853e-07
1.412263922993538e-07
1.844889065223547e-07
2.426186881530465e-07
3.200474665143748e-07
4.251710403933023e-07
5.679234768566986e-07
7.704076165322799e-07
1.058164271536762e-06
1.475363112685337e-06
2.093645722787887e-06
3.038275178989881e-06
4.455276467287524e-06
6.338796304374766e-06
1.013583384297096e-05
1.418715327085239e-05
2.419326178956184e-05
3.775893314695887e-05
5.894143015137647e-05
9.155919710832961e-05
1.424784862076228e-04
2.205897754533880e-04
3.412080018021772e-04
5.281192612273666e-04
8.184898116953912e-04
1.270203950848161e-03
1.984358884583739e-03
3.158060550600889e-03
5.223296770173520e-03
9.097071033323958e-03
1.722536572097595e-02
3.671930187763146e-02
8.889554206822239e-02
2.314184060174980e-01
5.506001156278902e-01
8.859467384320683e-01
9.607818074795522e-01
1.000000000000000e+00
1.000000000000000e+00
1.000000000000000e+00
1.000000000000000e+00
1.000000000000000e+00
1.000000000000000e+00
1.000000000000000e+00
1.000000000000000e+00
1.000000000000000e+00
1.000000000000000e+00
1.000000000000000e+00
###8.000000000000000e-01
1.975161965499502e-09
-1.689444088564024e-10
-8.848361020693341e-10
-1.908469975465504e-10
8.271184460692727e-09
4.416223797436096e-10
-2.199849053317707e-09
6.403757434483324e-10
6.114094379299470e-10
-1.861871776398986e-10
2.020396399044514e-09
-9.428312831581661e-10
-3.994325143471663e-09
3.061044232056435e-10
1.858731808627815e-09
-5.591588220472015e-10
6.331867501258473e-10
-6.421639106575298e-10
1.186997084097055e-09
1.080701393514087e-09
-4.606140592529191e-11
3.936414930284397e-10
1.869391302017297e-10
5.348389747599296e-10
5.761500200794649e-10
7.324627573090982e-10
4.320288434594120e-10
9.635247607740517e-10
8.816949929492353e-10
1.042072595661953e-09
1.487416906274779e-09
1.040631959126815e-09
1.531480725142585e-09
1.949438507069366e-09
2.536487543006633e-09
3.066025717847417e-09
4.059532922941922e-09
5.410501011587521e-09
6.165855111690153e-09
8.580929427947349e-09
1.126008643393397e-08
1.449697316799689e-08
1.965770946755684e-08
2.425276860671242e-08
3.196750344521155e-08
4.177785787067412e-08
5.347591523067913e-08
6.874393873976093e-08
8.794678701827009e-08
1.124007317891042e-07
1.432698832265879e-07
1.815823543314431e-07
2.257800879636967e-07
2.844922636938540e-07
3.577353419455282e-07
4.466989639698710e-07
5.483308045352102e-07
6.917341672210456e-07
8.891956312828474e-07
1.145698974588772e-06
1.511054464550528e-06
2.067044551300107e-06
2.942017923230877e-06
4.436845429656046e-06
6.920385617044710e-06
1.078253796730938e-05
1.823791941801709e-05
2.909924355484699e-05
5.016443974492898e-05
8.248434873318905e-05
1.335320443820156e-04
2.124047935793099e-04
3.334842275008978e-04
5.182389407737120e-04
7.975036781050536e-04
1.220319642177371e-03
1.861352526493917e-03
2.826199296070845e-03
4.290840990701199e-03
6.603007770408976e-03
1.045412522521112e-02
1.708995444512944e-02
2.934596145154451e-02
5.456261152964555e-02
1.124798779186867e-01
2.512762008556492e-01
5.345792179139049e-01
8.302794677377836e-01
9.248602005069105e-01
1.000000000000000e+00
1.000000000000000e+00
1.000000000000000e+00
1.000000000000000e+00
1.000000000000000e+00
1.000000000000000e+00
1.000000000000000e+00
1.000000000000000e+00
1.000000000000000e+00
1.000000000000000e+00
1.000000000000000e+00
###1.200000000000000e+00
-1.721798559197637e-08
4.918029763040636e-08
-9.173543823632385e-10
-1.194421200201808e-08
9.600215373849053e-09
-1.298478476100395e-08
8.343779604524662e-09
-3.108781777336911e-09
-1.965403078649774e-10
1.508387794681009e-10
-2.320907305072670e-08
-2.667968954743017e-09
-1.627301142000233e-08
4.753989552272664e-09
5.111763650378213e-09
1.275780986030044e-09
1.367923664378729e-09
-2.405936328680379e-09
2.931843320818921e-09
4.020609168793864e-09
1.162557680152665e-09
1.569628386459369e-09
2.959937172875526e-09
-3.042069664432899e-10
1.395908657709525e-09
2.280082320753715e-09
1.850033413394745e-09
2.517375550104314e-09
3.634275852136696e-09
3.172088295820664e-09
3.381383534822977e-09
2.903750164978685e-09
3.817972627569872e-09
4.538151552952923e-09
6.171551197586510e-09
8.096515767941516e-09
9.903063729414221e-09
1.255039305373273e-08
1.429255220722243e-08
1.920054254226933e-08
2.432025730036217e-08
3.151764622136440e-08
4.057682027280016e-08
5.041129830686911e-08
6.416131505254567e-08
8.253495971671152e-08
1.035196680907431e-07
1.299828400268294e-07
1.618300018292924e-07
2.009786764991105e-07
2.462673834260613e-07
2.964943650245285e-07
3.506517714339173e-07
4.115681318602257e-07
4.705776715454749e-07
5.217266371729194e-07
5.469997758443202e-07
5.715380651411971e-07
5.644626772720998e-07
5.247746787649117e-07
4.692988951619442e-07
4.973709107436338e-07
7.340563755383024e-07
1.682096380000976e-06
3.912255143316255e-06
8.583620847258903e-06
1.876291080768054e-05
3.672385314674245e-05
7.096683867047469e-05
1.274966880201142e-04
2.181640177714689e-04
3.576908515086109e-04
5.721822770644912e-04
8.932236198279124e-04
1.372980709375700e-03
2.083422234729545e-03
3.137317789013655e-03
4.680418267746399e-03
6.955783974721066e-03
1.045388776539750e-02
1.611143886429240e-02
2.540410654593016e-02
4.140837001977513e-02
7.149386090836918e-02
1.337021050140541e-01
2.681747925018865e-01
5.213201285581981e-01
7.841638008648245e-01
8.925228892522903e-01
1.000000000000000e+00
1.000000000000000e+00
1.000000000000000e+00
1.000000000000000e+00
1.000000000000000e+00
1.000000000000000e+00
1.000000000000000e+00
1.000000000000000e+00
1.000000000000000e+00
1.000000000000000e+00
1.000000000000000e+00
###1.600000000000000e+00
1.003423396162497e-09
6.614322896698971e-08
-3.129256239507209e-08
-2.339455877909142e-08
-4.735804016615933e-09
-3.059219674053156e-09
1.076635077174493e-08
-2.236143836738859e-09
1.424052369697863e-08
6.367125269490842e-09
-1.527358708504782e-08
-3.819551113415129e-09
-1.306833142297426e-08
8.124205283729225e-09
1.339830225029245e-08
4.662244446968556e-09
4.332067141610804e-09
1.731047263067559e-09
1.109782042969155e-08
1.949988124767930e-08
7.604937671607228e-09
8.633895440351258e-09
8.475544677166491e-09
4.630128615319923e-09
6.780690487605758e-09
2.139797965603217e-09
9.486728285426965e-09
8.044638336737808e-09
8.952737431575520e-09
1.076411239573663e-08
8.439196619708235e-09
8.525861866791442e-09
9.657998000887339e-09
1.185401445796808e-08
1.532735799419402e-08
1.691786941148013e-08
2.054036067718364e-08
2.618392352290356e-08
3.124757041929276e-08
3.872341854627512e-08
4.858233979537836e-08
5.974883261209307e-08
7.745193567847670e-08
9.441048558763167e-08
1.170333160847796e-07
1.432735497037186e-07
1.808680155890257e-07
2.184540680829245e-07
2.652591568279407e-07
3.168209803804413e-07
3.745635227981754e-07
4.270909022454059e-07
4.730513671627227e-07
5.002217836590165e-07
4.893931314144152e-07
4.111238166318222e-07
2.412129002808058e-07
-7.775599033423110e-08
-6.476867350322283e-07
-1.450204134766067e-06
-2.720111093818739e-06
-4.181864123089886e-06
-5.869443087322932e-06
-6.959696201304534e-06
-6.091472007534945e-06
-2.075516357009044e-06
9.249582727201058e-06
3.371155549005036e-05
8.306627002923367e-05
1.686500665751479e-04
3.091902292910276e-04
5.276809736269074e-04
8.588838641225546e-04
1.348828480486181e-03
2.069447600847703e-03
3.121257700130625e-03
4.650684781997719e-03
6.838663819661269e-03
9.989180908058540e-03
1.471839973816197e-02
2.219224557864202e-02
3.406742732586959e-02
5.350408183782709e-02
8.775842447211087e-02
1.531651422724728e-01
2.829901061965113e-01
5.107007855884466e-01
7.462727493838683e-01
8.639022639045479e-01
1.000000000000000e+00
1.000000000000000e+00
1.000000000000000e+00
1.000000000000000e+00
1.000000000000000e+00
1.000000000000000e+00
1.000000000000000e+00
1.000000000000000e+00
1.000000000000000e+00
1.000000000000000e+00
1.000000000000000e+00
###2.000000000000000e+00
2.549583279496119e-08
9.241439387338734e-08
-5.534033327262722e-08
-1.719613773050575e-08
1.055207324075054e-08
-5.998771114237397e-09
1.424958677977662e-08
7.227293057310177e-09
9.261887145571871e-09
3.016034212227094e-08
-3.528670162455725e-09
5.491787865584257e-10
1.893267665374129e-08
1.599624729606300e-08
1.138567213523797e-08
1.434165401192806e-08
9.022124427944927e-09
2.616484629881513e-09
1.930342386312927e-08
2.444366264392138e-08
1.057673752551345e-08
6.023221155143748e-08
1.385841345569824e-08
9.528269222874925e-09
1.164927077973246e-08
7.332933602091259e-09
1.437015482062309e-08
1.523122258129106e-08
1.289849822067516e-08
1.602198735208961e-08
1.329424457397433e-08
1.690692854052358e-08
1.771290864881013e-08
2.017279501699422e-08
2.693560782741588e-08
2.943554469475054e-08
3.761069997796332e-08
4.610376383879874e-08
5.477661992736653e-08
6.704862635790179e-08
8.208143474966698e-08
9.906884919971972e-08
1.261460361189217e-07
1.545763186303971e-07
1.892596411684734e-07
2.323870711892802e-07
2.877746318167573e-07
3.431575494994786e-07
4.062936196229548e-07
4.721180717897645e-07
5.330673921796287e-07
5.920631155640623e-07
6.121947554048077e-07
5.782266990726955e-07
4.934091945060168e-07
2.510394768045131e-07
-3.227151265188835e-07
-1.292503327439917e-06
-2.837095146034925e-06
-4.980810274186891e-06
-8.166436693277335e-06
-1.221771378708563e-05
-1.719095149066041e-05
-2.210646469942719e-05
-2.478022442189557e-05
-2.231780431152715e-05
-4.754533814956136e-06
3.643563929798013e-05
9.840091041428741e-05
2.115664829921350e-04
4.106763954816661e-04
7.234935839128328e-04
1.195939151208372e-03
1.886741653546777e-03
2.889864054070884e-03
4.335456803452906e-03
6.400065162858915e-03
9.302735015122812e-03
1.337820807222822e-02
1.938874403153578e-02
2.870134431921817e-02
4.309874356971909e-02
6.569998556730647e-02
1.035483929810196e-01
1.713020979217526e-01
2.964129810415331e-01
5.026352255790520e-01
7.154194746441080e-01
8.393898532450157e-01
1.000000000000000e+00
1.000000000000000e+00
1.000000000000000e+00
1.000000000000000e+00
1.000000000000000e+00
1.000000000000000e+00
1.000000000000000e+00
1.000000000000000e+00
1.000000000000000e+00
1.000000000000000e+00
1.000000000000000e+00
###2.400000000000000e+00
-1.046965705518856e-08
8.574282994267221e-08
-2.933533809725366e-08
-5.828907303018810e-08
8.770816765020740e-09
-3.525402185277333e-09
-2.261133466736071e-08
-9.546866711025177e-08
1.024837916147164e-08
3.230546260931863e-08
6.070571476706846e-09
1.378703425495332e-08
4.155831869168838e-08
1.594876996502068e-08
9.943961981616914e-09
1.957248305890686e-08
1.654803455695502e-08
1.538915761224085e-08
2.901941707306106e-08
3.146415357877045e-08
1.757877438228711e-08
6.201828550029082e-08
2.010647205264062e-08
1.643255594481586e-08
2.040440655689067e-08
1.693421305873921e-08
2.121061056673813e-08
2.515674241947277e-08
2.104256057279606e-08
2.296096655605292e-08
2.404614891767280e-08
2.697101380128930e-08
3.319579834908226e-08
3.470386366546247e-08
3.525368882018789e-08
4.771761365755237e-08
5.768016883895557e-08
7.269917686747606e-08
8.192578474757010e-08
1.039467783264864e-07
1.268053636534351e-07
1.533307658793564e-07
1.913976092228332e-07
2.369012630144733e-07
2.869937291797918e-07
3.507453675537426e-07
4.326875594060147e-07
5.089941306877139e-07
5.888015796292665e-07
6.707656928602196e-07
7.469088233972411e-07
7.935242050393979e-07
7.805503945452700e-07
6.787033872661303e-07
4.713300142729560e-07
-4.976286400959064e-08
-1.197249990799359e-06
-3.001007937817333e-06
-5.844684199469040e-06
-9.848152049132497e-06
-1.559660165468364e-05
-2.325266716115848e-05
-3.263528360542897e-05
-4.284431132162647e-05
-5.002763084653313e-05
-4.980163423360815e-05
-2.423222810067647e-05
7.101012866557685e-05
1.441594609466242e-04
2.668467723831481e-04
5.339797057504165e-04
9.547919993065393e-04
1.590040611525591e-03
2.511679103854740e-03
3.831901885790895e-03
5.720631193446485e-03
8.379674932598931e-03
1.204947996703869e-02
1.711673415720245e-02
2.446591794507787e-02
3.561938562052770e-02
5.247071804233702e-02
7.800544578002287e-02
1.189964348628914e-01
1.884880277225367e-01
3.089718186890278e-01
4.969773423792175e-01
6.906085906354047e-01
8.185222247887942e-01
1.000000000000000e+00
1.000000000000000e+00
1.000000000000000e+00
1.000000000000000e+00
1.000000000000000e+00
1.000000000000000e+00
1.000000000000000e+00
1.000000000000000e+00
1.000000000000000e+00
1.000000000000000e+00
1.000000000000000e+00
###2.800000000000000e+00
1.461181520727291e-08
9.064558986963951e-08
1.170004770486258e-08
-4.588784073007312e-08
3.109609550462330e-08
-4.216869718873481e-08
-1.152683180359796e-08
-7.803345800292860e-08
1.336613084433235e-08
5.167138426772836e-08
1.875306131170517e-08
2.706583299190941e-08
6.916357550988901e-08
2.492833006624937e-08
1.559059590920949e-08
1.766661589279203e-08
2.025526112755996e-08
3.092718287254850e-08
4.042682251768439e-08
3.784406674076706e-08
2.681486763736483e-08
6.761958722388436e-08
3.417194728585384e-08
2.168057727822755e-08
2.891839329198947e-08
2.845172876783741e-08
2.984367151413923e-08
3.341496746361939e-08
3.135017780056864e-08
3.134058189806747e-08
3.563653481425476e-08
4.051435873823212e-08
4.369781630467945e-08
5.342367599651084e-08
5.456738687494132e-08
7.365002089895063e-08
8.720143384914411e-08
1.011612624713765e-07
1.195536232324325e-07
1.485917001863677e-07
1.859489287883830e-07
2.228695313974555e-07
2.775017752398933e-07
3.398735982065196e-07
4.085296122510518e-07
5.014614381949895e-07
6.081471285751742e-07
7.124080943809198e-07
8.178480565964016e-07
9.314424462471907e-07
1.009005547266138e-06
1.074321060221727e-06
1.038034313255623e-06
9.776768318284631e-07
7.302948772872007e-07
-3.972033318196179e-07
-2.228721936899869e-06
-5.014360846052138e-06
-9.424817692841909e-06
-1.563140951955412e-05
-2.445255209467729e-05
-3.634368937539722e-05
-5.085591306037275e-05
-6.708109476967837e-05
-7.910607063331034e-05
-7.966707201335776e-05
-3.914593121599467e-05
1.579665218740502e-04
2.269996563249047e-04
3.450395239617213e-04
6.848518480658871e-04
1.227666451861638e-03
2.047533541964518e-03
3.228458700378393e-03
4.905225407520761e-03
7.279085747921145e-03
1.057033278989760e-02
1.507171890371779e-02
2.119605978788349e-02
2.990766410334623e-02
4.289885831937314e-02
6.215885283554023e-02
9.043431372763051e-02
1.341886195344273e-01
2.049234596988770e-01
3.209907854437312e-01
4.936294060910465e-01
6.711896531113341e-01
8.014311472940975e-01
1.000000000000000e+00
1.000000000000000e+00
1.000000000000000e+00
1.000000000000000e+00
1.000000000000000e+00
1.000000000000000e+00
1.000000000000000e+00
1.000000000000000e+00
1.000000000000000e+00
1.000000000000000e+00
1.000000000000000e+00
###3.200000000000000e+00
1.636090372657959e-07
5.996453896484215e-08
2.511646771062903e-08
-6.574715291160938e-08
2.077079973988137e-08
-3.217018322576567e-08
-7.067756799161799e-08
-5.241087366122159e-08
1.493585060916429e-08
5.024939466190427e-08
3.698165702052969e-08
3.723386692849153e-08
5.437516893701071e-08
3.628662452729467e-08
3.144412622439526e-08
2.447138036198033e-08
2.983761266286719e-08
3.853626157206395e-08
4.924711257457818e-08
4.568917612316487e-08
3.719789470357498e-08
7.467856956764314e-08
4.019907115997959e-08
4.927868244238311e-08
3.876035241261397e-08
3.654255701389586e-08
4.000743885103358e-08
4.370247129124100e-08
4.463200175620746e-08
4.590387048407960e-08
5.070635123129561e-08
5.440159093582166e-08
6.145539287340485e-08
6.919869247426239e-08
8.126441579190230e-08
1.043293068745950e-07
1.153374474327961e-07
1.429298464592983e-07
1.724792137742990e-07
2.058219832465712e-07
2.557430942016561e-07
3.076505255311534e-07
3.804804159742338e-07
4.639229070162725e-07
5.628890734533222e-07
6.874844872331551e-07
8.275525874272855e-07
9.699478537679034e-07
1.119295488221775e-06
1.277386994825327e-06
1.396034766026043e-06
1.469552845230624e-06
1.480080330072162e-06
1.590190932306255e-06
1.418873863432298e-06
-4.222635978892197e-07
-2.980118582675342e-06
-6.759411095587523e-06
-1.267129827290052e-05
-2.112085521400195e-05
-3.287623151067517e-05
-4.873920225398322e-05
-6.791449363318301e-05
-8.864675879816916e-05
-1.024978985686439e-04
-9.550472419618835e-05
-1.662677089242810e-05
4.180725135474714e-04
4.588305409436912e-04
4.945611911804967e-04
9.007658820886313e-04
1.570886771749416e-03
2.594973471290032e-03
4.060242123306460e-03
6.123692329491456e-03
9.020535410872060e-03
1.299275315554950e-02
1.836815010743824e-02
2.558669929514357e-02
3.569297557929459e-02
5.054546074025236e-02
7.213925340124315e-02
1.029938776526580e-01
1.492144065784071e-01
2.208122656319619e-01
3.327640004865863e-01
4.923628962406601e-01
6.564942805421573e-01
7.876447858762151e-01
1.000000000000000e+00
1.000000000000000e+00
1.000000000000000e+00
1.000000000000000e+00
1.000000000000000e+00
1.000000000000000e+00
1.000000000000000e+00
1.000000000000000e+00
1.000000000000000e+00
1.000000000000000e+00
1.000000000000000e+00
###3.600000000000000e+00
2.886916211294659e-07
8.756571267165540e-08
5.281017040823300e-08
-3.114069780852979e-08
6.093561261176885e-08
-5.119360784514500e-08
-6.014056101674974e-08
8.644354897222909e-08
3.563295572090289e-08
1.437119490381443e-07
1.658827677000916e-08
7.997902836768051e-08
-5.571762028759811e-08
5.881697253455901e-08
4.690632148875194e-08
4.223498215035937e-08
5.468990800094181e-08
6.149815450911307e-08
6.106859669320405e-08
5.549659434152269e-08
5.312297069122522e-08
8.903245520353198e-08
6.016331449095203e-08
6.847264147054750e-08
6.390416082432513e-08
5.981568230348760e-08
6.452518873112869e-08
6.924316868999253e-08
7.243869124523951e-08
6.879927463259187e-08
7.674395401574770e-08
8.342271855164126e-08
9.607148171082547e-08
1.045608778118531e-07
1.186299413621931e-07
1.478661131273020e-07
1.667389325636942e-07
1.991504572463445e-07
2.414340282045418e-07
2.826421279210567e-07
3.452268135404778e-07
4.154447575102098e-07
5.113467729786407e-07
6.208686153777188e-07
7.431355822641535e-07
9.054866462220107e-07
1.087793753858874e-06
1.272798860640666e-06
1.469761846686114e-06
1.675896916908920e-06
1.834635011893407e-06
1.942489532127087e-06
1.996204857998946e-06
2.457310540399645e-06
2.560057103497241e-06
-4.579310914103316e-07
-3.954742467676699e-06
-9.046137921899432e-06
-1.684190102913900e-05
-2.808377708944472e-05
-4.352348128861036e-05
-6.433941766224048e-05
-8.951392557199898e-05
-1.170375402611887e-04
-1.334197269631742e-04
-1.205078843885183e-04
3.394902924913970e-06
5.318004846047618e-04
5.727399020232046e-04
6.208405060377064e-04
1.112798779291209e-03
1.931984220227834e-03
3.178443874673087e-03
4.953384052221813e-03
7.439670776422226e-03
1.088511143098059e-02
1.557868826090628e-02
2.188130779457826e-02
3.022117902070447e-02
4.175870217700491e-02
5.846035789162386e-02
8.229523478831174e-02
1.155901777842974e-01
1.640121862545037e-01
2.362332184417840e-01
3.443644417638370e-01
4.928054068238251e-01
6.456692618698356e-01
7.769061828695976e-01
1.000000000000000e+00
1.000000000000000e+00
1.000000000000000e+00
1.000000000000000e+00
1.000000000000000e+00
1.000000000000000e+00
1.000000000000000e+00
1.000000000000000e+00
1.000000000000000e+00
1.000000000000000e+00
1.000000000000000e+00
###4.000000000000000e+00
2.714448575598863e-07
6.344601409880242e-08
7.574573767316974e-08
-2.670499884693841e-08
-2.850387278008753e-07
-9.297912362478244e-08
-4.444836401359064e-08
8.926520318457325e-08
6.497772220131809e-08
1.480060220999603e-07
3.623769103646736e-08
1.160348916413838e-07
1.057691640082156e-09
7.124834318195995e-08
4.983504642413846e-08
4.794433986671070e-08
7.389000521558337e-08
6.320905986024484e-08
6.805500393162797e-08
7.106207507662080e-08
7.257057749264188e-08
9.746253803379154e-08
7.948480645463530e-08
8.910283356310879e-08
8.449620234800213e-08
8.063835863000540e-08
8.334944252114970e-08
8.941532017561799e-08
9.429224128800597e-08
9.177370490510243e-08
1.040410341223459e-07
1.062224560686845e-07
1.217160661347389e-07
1.397008551579324e-07
1.618337726349176e-07
1.866445957538853e-07
2.078347122109869e-07
2.577037375071156e-07
3.062994530856030e-07
3.623441335825032e-07
4.397339487737463e-07
5.299009879331189e-07
6.479623350215374e-07
7.885980708608551e-07
9.463838724928941e-07
1.139758652836417e-06
1.376389624237627e-06
1.616175551131718e-06
1.875644420771031e-06
2.139167628140519e-06
2.362882030086167e-06
2.551315740236068e-06
2.713882326066710e-06
3.845621981004636e-06
4.548871563563754e-06
-1.349491263949203e-07
-4.652534439197011e-06
-1.115718787442661e-05
-2.086151712191547e-05
-3.479619815278681e-05
-5.409354482068174e-05
-7.971958705296782e-05
-1.105727459633677e-04
-1.432940208505858e-04
-1.602277075224398e-04
-1.329640323553143e-04
8.918654142490381e-05
6.611490341931600e-04
6.754403736792012e-04
7.693211229579150e-04
1.356637294337729e-03
2.340140673151864e-03
3.825362159126669e-03
5.931714352930878e-03
8.863270020724047e-03
1.288889619274117e-02
1.833395776968564e-02
2.558521109032936e-02
3.508386235601713e-02
4.803966149141649e-02
6.662526310270682e-02
9.260990102367458e-02
1.281900620485029e-01
1.785991182965296e-01
2.513136104698115e-01
3.559422038498322e-01
4.948377181820196e-01
6.381151319224857e-01
7.687407261347869e-01
1.000000000000000e+00
1.000000000000000e+00
1.000000000000000e+00
1.000000000000000e+00
1.000000000000000e+00
1.000000000000000e+00
1.000000000000000e+00
1.000000000000000e+00
1.000000000000000e+00
1.000000000000000e+00
1.000000000000000e+00
###4.399999999999999e+00
1.903858363353850e-07
1.461218570345332e-07
8.141189244963415e-08
-1.962551687907856e-08
-2.381891617968526e-07
-9.215441907198126e-08
-5.618827936650206e-08
8.882536120704905e-08
7.022365770657299e-08
1.583937389094138e-07
5.238027156085901e-08
8.091297444256158e-08
1.464734877505709e-08
7.840288384502493e-08
6.626296352068608e-08
7.542804164158580e-08
8.274971060259973e-08
7.310267398321752e-08
8.336419365411156e-08
7.923699674175118e-08
8.774808048983866e-08
1.075326160353361e-07
9.353979042517460e-08
9.466458459269432e-08
8.999397367362845e-08
9.641059217881336e-08
9.474802145809783e-08
1.050057983255504e-07
1.185949950355634e-07
1.083846278279200e-07
1.197772755628669e-07
1.292318261166741e-07
1.478279381223488e-07
1.724217599026369e-07
1.941356018419536e-07
2.242837067946014e-07
2.563908977839528e-07
3.148246216866877e-07
3.776904725984073e-07
4.511007572417695e-07
5.384881383213723e-07
6.501720073668529e-07
7.960608236663245e-07
9.688660455608255e-07
1.166632329733248e-06
1.400455039737389e-06
1.688954812494872e-06
1.987413717757256e-06
2.307193306616966e-06
2.636100598399935e-06
2.936933309708105e-06
3.186799663829201e-06
3.416064964418272e-06
4.640374574261083e-06
5.389681103419356e-06
4.960604471864539e-07
-4.882972635956711e-06
-1.253057454299852e-05
-2.384188952334750e-05
-3.997752425637466e-05
-6.226927798559460e-05
-9.132840176059849e-05
-1.253287439824291e-04
-1.580805872385871e-04
-1.660885197720111e-04
-9.655736924134166e-05
3.966442603054680e-04
8.821527124837128e-04
7.773719175054958e-04
9.558426635590209e-04
1.651871971202501e-03
2.811238652386059e-03
4.553026484762221e-03
7.007901935202758e-03
1.039944307372223e-02
1.503716572522778e-02
2.126832494802863e-02
2.947760687287490e-02
4.015502198878890e-02
5.457735358332131e-02
7.496110845241664e-02
1.030606054035391e-01
1.408310062283914e-01
1.929633084336541e-01
2.660550979651031e-01
3.675223243397188e-01
4.982506363445747e-01
6.330493831091203e-01
7.628700216849441e-01
1.000000000000000e+00
1.000000000000000e+00
1.000000000000000e+00
1.000000000000000e+00
1.000000000000000e+00
1.000000000000000e+00
1.000000000000000e+00
1.000000000000000e+00
1.000000000000000e+00
1.000000000000000e+00
1.000000000000000e+00
###4.800000000000000e+00
7.550835958210890e-08
1.279024893194147e-07
1.021535989395043e-07
2.024448842824721e-08
-2.409588733627843e-07
-8.585748941623286e-08
-5.699620542539878e-08
5.509688120163751e-08
7.202819315790319e-08
1.516803457624773e-07
7.403405623527745e-08
1.504116269875130e-07
5.694417459902895e-08
8.637322654639676e-08
5.772095786050728e-08
7.984638679839363e-08
9.900134494288525e-08
8.617808054076607e-08
9.073431980248665e-08
9.244881381711243e-08
9.964326252343845e-08
1.193907927777431e-07
1.017449439929249e-07
1.083747750763017e-07
1.062571879464195e-07
9.366728513153292e-08
1.114668353949504e-07
1.258630370429385e-07
1.431814862568123e-07
1.236126386247955e-07
1.426382528508839e-07
1.571368298973628e-07
1.816716022204188e-07
2.100522668322829e-07
2.389632118900283e-07
2.694688660130373e-07
3.147695106664330e-07
3.829901246068918e-07
4.558796303294188e-07
5.456369988633611e-07
6.553973039974069e-07
7.892009539302312e-07
9.675241074681222e-07
1.179226301560468e-06
1.422657255405180e-06
1.708596224068556e-06
2.064008740724280e-06
2.439721662280398e-06
2.848063177615590e-06
3.279697957589474e-06
3.699655049675800e-06
4.081552820304263e-06
4.486852088572881e-06
5.777898328055331e-06
7.224633751296661e-06
3.436975711101361e-06
-3.355814497284084e-06
-1.166586347591374e-05
-2.378418606954803e-05
-4.089356841262672e-05
-6.415347853744546e-05
-9.337559090145050e-05
-1.249592667089399e-04
-1.486371735013724e-04
-1.270378015091275e-04
5.294119710387633e-05
9.449947590057154e-04
1.284779629196029e-03
1.002649495609870e-03
1.244480449408676e-03
2.045895727805477e-03
3.386438109895308e-03
5.393982137610435e-03
8.213310291269304e-03
1.208715129637724e-02
1.735346697135481e-02
2.438891443868251e-02
3.358210648674014e-02
4.546536499774114e-02
6.133605782227927e-02
8.348765221538278e-02
1.136161178168543e-01
1.533951250767393e-01
2.071583995448484e-01
2.804591742769215e-01
3.789749720725625e-01
5.025444522603414e-01
6.302270512933627e-01
7.588052670573401e-01
1.000000000000000e+00
1.000000000000000e+00
1.000000000000000e+00
1.000000000000000e+00
1.000000000000000e+00
1.000000000000000e+00
1.000000000000000e+00
1.000000000000000e+00
1.000000000000000e+00
1.000000000000000e+00
1.000000000000000e+00
###5.200000000000000e+00
2.477515429025036e-08
1.110153214183248e-07
7.136576635665556e-08
1.704457004691084e-08
-2.411335971244670e-07
-1.570796415630543e-07
-3.783717498450439e-08
5.849958225645566e-08
8.220906282372591e-08
1.216029363711553e-07
2.120569099341069e-07
2.118481724815267e-07
6.176307650978730e-08
1.133752418992375e-07
6.474887692630699e-08
8.818723139614545e-08
2.834025930931142e-07
8.023328150269538e-08
9.005752841215328e-08
1.059688778988464e-07
1.154791608043312e-07
1.293106152142913e-07
1.183936419798443e-07
1.249727934039168e-07
1.229133570264200e-07
1.126001464088784e-07
1.395561968446281e-07
1.473848317946713e-07
1.684238812713012e-07
1.611457086771642e-07
1.661310956015852e-07
1.881168098463437e-07
2.168488643791953e-07
2.387137571450657e-07
2.795562655768847e-07
3.219541092541959e-07
3.600863623515536e-07
4.515133110443440e-07
5.419576281212056e-07
6.497731548952628e-07
7.796554157756704e-07
9.404174499736413e-07
1.149106114633618e-06
1.401412774606150e-06
1.688613810229105e-06
2.037620932091266e-06
2.462983509345693e-06
2.915298649278768e-06
3.425199804646157e-06
3.973049952524350e-06
4.529179535351009e-06
5.077659253153299e-06
5.703767645968532e-06
7.224997539507583e-06
1.040891155928870e-05
8.749888209778924e-06
-1.184173658213763e-06
-1.068873442990440e-05
-2.398418911015708e-05
-4.242216570321923e-05
-6.695248908815445e-05
-9.663854981405132e-05
-1.260882960981460e-04
-1.384268858742086e-04
-7.603589494829391e-05
3.557751233416547e-04
1.128235667789553e-03
1.288640660045970e-03
1.132437813602451e-03
1.475469383766670e-03
2.414829201746209e-03
3.957029361716616e-03
6.247701793662844e-03
9.451590393859054e-03
1.382291791143962e-02
1.973096731445735e-02
2.759315434395902e-02
3.778938172901981e-02
5.088591424397160e-02
6.822545582500235e-02
9.206902092435899e-02
1.241541855928024e-01
1.658647551907582e-01
2.210815161807317e-01
2.945002097200383e-01
3.905169744390037e-01
5.078768510861921e-01
6.292954420056678e-01
7.561257723575451e-01
1.000000000000000e+00
1.000000000000000e+00
1.000000000000000e+00
1.000000000000000e+00
1.000000000000000e+00
1.000000000000000e+00
1.000000000000000e+00
1.000000000000000e+00
1.000000000000000e+00
1.000000000000000e+00
1.000000000000000e+00
###5.600000000000001e+00
1.159548253078105e-07
1.659635542017297e-07
6.548350506753584e-08
-2.273512397546671e-09
-2.688718500182769e-07
-1.351192693471091e-07
-2.010006468937205e-08
4.358937219866030e-08
1.017811735641214e-07
1.357720444528240e-07
2.179112296346103e-07
2.288428012840907e-07
6.525975085197913e-08
1.047485884055464e-07
7.679575815859103e-08
9.172451423906542e-08
2.656045633219359e-07
9.640123082389287e-08
1.116723643689500e-07
1.266494086799372e-07
1.313445797494498e-07
1.509021382912383e-07
1.393479220815826e-07
1.386725213989170e-07
1.422552392657931e-07
1.393837031336982e-07
1.572739766705110e-07
1.705469873320592e-07
1.923479942085244e-07
1.830977499767290e-07
1.970710699909399e-07
2.239492704615079e-07
2.542687420894728e-07
2.757334453484662e-07
3.280442047719830e-07
3.740211160082341e-07
4.265912222039943e-07
5.252717194711515e-07
6.301055219858174e-07
7.606587193218948e-07
9.125141314547022e-07
1.102314550699834e-06
1.343683289918521e-06
1.632709416081101e-06
1.975690142679126e-06
2.398610122827344e-06
2.885883534484543e-06
3.422393799479368e-06
4.037239739733347e-06
4.702113154564366e-06
5.407803808454788e-06
6.120792540763626e-06
6.958555159998476e-06
8.688280771956934e-06
1.242480338733617e-05
1.247507983382734e-05
2.554963622580809e-06
-8.664697225034754e-06
-2.287291852955415e-05
-4.182724482221767e-05
-6.659763029523083e-05
-9.483435398277528e-05
-1.187711819813137e-04
-1.123819652879438e-04
1.970668143872696e-05
6.624776383671232e-04
1.303904671119710e-03
1.348345406285203e-03
1.296682984493906e-03
1.748231833913407e-03
2.834536649091935e-03
4.586396827828658e-03
7.173726146214064e-03
1.077292769328969e-02
1.566086678604734e-02
2.223040883459646e-02
3.092385603541510e-02
4.214164482394922e-02
5.644260067234957e-02
7.524973541914767e-02
1.007754621351074e-01
1.347387522053680e-01
1.782259777612332e-01
2.347931363834209e-01
3.083067674865222e-01
4.020050499790402e-01
5.138161727792623e-01
6.295107924625137e-01
7.546191821615377e-01
1.000000000000000e+00
1.000000000000000e+00
1.000000000000000e+00
1.000000000000000e+00
1.000000000000000e+00
1.000000000000000e+00
1.000000000000000e+00
1.000000000000000e+00
1.000000000000000e+00
1.000000000000000e+00
1.000000000000000e+00
###6.000000000000001e+00
1.098787415201641e-07
2.124991874494391e-07
8.599183514260360e-08
-2.670509970432632e-08
-1.598879914859183e-07
-1.327704569861790e-07
1.252602069916752e-08
4.704224194512281e-08
8.566072654559089e-08
1.458354421919645e-07
2.189204495171572e-07
2.402864831790718e-07
7.740242798007012e-08
1.130831023831927e-07
1.002330220946415e-07
1.227180882770164e-07
2.654539776058019e-07
8.841638488121376e-08
1.321792715718792e-07
1.445990903537102e-07
1.603116108252222e-07
1.705235057112232e-07
1.589292112920848e-07
1.589934030225522e-07
1.647055053435414e-07
1.641397149397414e-07
1.818518582932199e-07
2.010876443397712e-07
2.167580579966307e-07
2.154440459109441e-07
2.340084111456914e-07
2.626043294968029e-07
3.005485905940794e-07
3.227823423224721e-07
3.788530292342956e-07
4.314532723945729e-07
4.968271776620881e-07
6.073962823135031e-07
7.257432359394621e-07
8.743483963065619e-07
1.047081593350717e-06
1.272410636331596e-06
1.545179986829584e-06
1.874609252151988e-06
2.271874399122146e-06
2.752189808162096e-06
3.308635625662488e-06
3.926181224079391e-06
4.644473258334762e-06
5.412426883801802e-06
6.239965837474089e-06
7.176180319688797e-06
8.112662168348614e-06
1.011589425648121e-05
1.358805734914133e-05
1.566780336556125e-05
8.404122586540946e-06
-6.583299505488122e-06
-2.234275367219376e-05
-4.246144996372479e-05
-6.806491019305426e-05
-9.587819667458176e-05
-1.145410366930020e-04
-8.739420750397438e-05
1.696191301707143e-04
7.436388853872378e-04
1.249049685385163e-03
1.361933263196848e-03
1.425409121951900e-03
2.006093693586797e-03
3.253101736601267e-03
5.233264635745163e-03
8.125415395147160e-03
1.213590561992574e-02
1.755889873669932e-02
2.479917602447647e-02
3.433970008791670e-02
4.657784258656460e-02
6.210554355233189e-02
8.232278110467878e-02
1.095099602220512e-01
1.452691978950898e-01
1.904609421394022e-01
2.482371166863382e-01
3.217626397115925e-01
4.134267508319716e-01
5.204687195829241e-01
6.310309993424361e-01
7.538660889579690e-01
1.000000000000000e+00
1.000000000000000e+00
1.000000000000000e+00
1.000000000000000e+00
1.000000000000000e+00
1.000000000000000e+00
1.000000000000000e+00
1.000000000000000e+00
1.000000000000000e+00
1.000000000000000e+00
1.000000000000000e+00
###6.400000000000001e+00
3.598714282849021e-07
1.947840644589464e-07
1.124012524777555e-07
-2.553735191542061e-08
-1.442320785282837e-07
-1.521446427157993e-07
-2.653268150797326e-08
7.618944956115379e-08
5.590079130869356e-08
1.463797089997068e-07
2.633057137145836e-07
2.427610156582041e-07
9.785090704656965e-08
1.025655770105010e-07
1.194136452090567e-07
1.242488130208982e-07
2.681302239528686e-07
9.519428578303283e-08
1.421754103348715e-07
1.560591331745116e-07
1.788919935705834e-07
1.885518840005333e-07
1.678201179864900e-07
1.813468094096974e-07
1.913876709982127e-07
1.816492585067824e-07
2.103201444980134e-07
2.288943175978627e-07
2.465046141934747e-07
2.520737943421845e-07
2.713352243631373e-07
2.859465376161908e-07
3.461028906310433e-07
3.768889962544751e-07
4.357581414984424e-07
5.013216938956673e-07
5.761955435929963e-07
6.974949765007308e-07
8.334246854216707e-07
1.003612823808256e-06
1.203855230967783e-06
1.460351943861713e-06
1.777387851340767e-06
2.154696055598001e-06
2.614070927561109e-06
3.170191872448631e-06
3.824502661223230e-06
4.562609596824809e-06
5.414404304901448e-06
6.365908045721666e-06
7.417191050752882e-06
8.632173488575956e-06
9.961743314487410e-06
1.242408292172827e-05
1.647643302978886e-05
2.225281551382762e-05
1.981560562777598e-05
7.087310522550193e-07
-1.590586204599648e-05
-3.498138117534255e-05
-5.800709560461304e-05
-7.873781349972058e-05
-7.960344291001905e-05
1.386545157099967e-06
5.145781273677886e-04
9.953875564915750e-04
1.300651647819154e-03
1.457412614647585e-03
1.628177408513956e-03
2.336738801714451e-03
3.746890400016739e-03
5.964690960435663e-03
9.171323112256711e-03
1.360132191768047e-02
1.957355989986364e-02
2.751129635850552e-02
3.789729050784908e-02
5.115966549226875e-02
6.792029781636626e-02
8.953638029917987e-02
1.183445769333161e-01
1.558060553027174e-01
2.025670287673191e-01
2.614249838356635e-01
3.349145360532093e-01
4.246575215427584e-01
5.276335255414122e-01
6.336222331060073e-01
7.543391526344497e-01
1.000000000000000e+00
1.000000000000000e+00
1.000000000000000e+00
1.000000000000000e+00
1.000000000000000e+00
1.000000000000000e+00
1.000000000000000e+00
1.000000000000000e+00
1.000000000000000e+00
1.000000000000000e+00
1.000000000000000e+00
###6.800000000000002e+00
3.759769226182293e-07
3.757401663034681e-07
1.103437105586546e-07
-8.952663214685052e-08
-1.383567436557782e-07
-1.332669836543904e-07
-2.829540013866767e-08
-6.327788956724102e-08
6.939518038475565e-08
2.352081917852957e-07
2.452693255113266e-07
2.323874520178529e-07
9.776733946939078e-08
1.362629619313318e-07
1.318596599136840e-07
1.422738334884950e-07
2.831907234487576e-07
1.421704334516841e-07
1.535408442848067e-07
1.720660393927937e-07
1.984709300017474e-07
2.040309223002095e-07
1.887884327795110e-07
2.023025733666055e-07
2.164651587589898e-07
2.117607910803287e-07
2.227318307659604e-07
2.561515572315663e-07
2.804445055918860e-07
2.875575460869366e-07
3.148954232733870e-07
3.319885682133546e-07
3.949583271163846e-07
4.366210721211050e-07
4.991525552892498e-07
5.677259407219814e-07
6.603222002929258e-07
7.918482485935267e-07
9.483571283658510e-07
1.136491318053278e-06
1.361440643452512e-06
1.648362612738662e-06
2.002624102768966e-06
2.420918669217312e-06
2.933946595670559e-06
3.554355122156995e-06
4.278024902904794e-06
5.101625609897857e-06
6.047406478530322e-06
7.108932479464881e-06
8.280026710935545e-06
9.611244838963545e-06
1.112828255988364e-05
1.360903069033055e-05
1.759474929188671e-05
2.283705521040791e-05
2.231142911401610e-05
6.409035169201014e-06
-1.341475687018733e-05
-3.334936031281655e-05
-5.595887292330072e-05
-7.381421099697304e-05
-6.339102173148619e-05
7.916445865866295e-05
5.436704682633792e-04
9.575721579621161e-04
1.282328321536342e-03
1.500409180967186e-03
1.798487715923046e-03
2.647834184889301e-03
4.237907236612334e-03
6.699541092213159e-03
1.023775477988965e-02
1.510480751788216e-02
2.163223406773191e-02
3.027355337727205e-02
4.150850767553874e-02
5.580193280297585e-02
7.379418304124806e-02
9.683413222414895e-02
1.271837900289161e-01
1.662643989643227e-01
2.145130892064396e-01
2.744336989059163e-01
3.478398863829826e-01
4.356949025367585e-01
5.351431119918817e-01
6.367900885238050e-01
7.550915031051741e-01
1.000000000000000e+00
1.000000000000000e+00
1.000000000000000e+00
1.000000000000000e+00
1.000000000000000e+00
1.000000000000000e+00
1.000000000000000e+00
1.000000000000000e+00
1.000000000000000e+00
1.000000000000000e+00
1.000000000000000e+00
###7.200000000000002e+00
5.858440395992978e-07
3.532274609965247e-07
1.051757845192142e-07
-1.149278450767000e-07
-1.063128496477073e-06
-1.248343702836220e-07
-1.317526560743060e-08
-1.395508797401467e-09
8.500373362249927e-08
2.492278357926309e-07
2.822388516436400e-07
2.437165267583446e-07
8.891699759738970e-08
1.628296361067047e-07
1.505950316024837e-07
1.674000733466732e-07
2.931900183086211e-07
1.539679768002360e-07
1.772986238003465e-07
1.989174839930084e-07
2.170412927464275e-07
2.400472623968446e-07
2.138528243252171e-07
2.359427030513772e-07
2.455155226150389e-07
2.466904630243772e-07
2.531469479540925e-07
2.949640563904120e-07
3.208448241370417e-07
3.294459985754764e-07
3.606375386579905e-07
3.689218884355363e-07
4.560064314407383e-07
5.000021140022670e-07
5.685243344489320e-07
6.498810615966830e-07
7.560943192582768e-07
8.977920792341461e-07
1.076186976389264e-06
1.291150127640074e-06
1.542587973271513e-06
1.865245427363830e-06
2.266572017114482e-06
2.735959524601464e-06
3.316787029364721e-06
4.027749978763999e-06
4.865838801028136e-06
5.808044232541546e-06
6.907950269467847e-06
8.188626949952639e-06
9.607567113790846e-06
1.127919338093541e-05
1.323022134998198e-05
1.618227008927768e-05
2.088461741576435e-05
2.700209016857652e-05
3.249699684176385e-05
2.447789396120060e-05
-9.824592704930473e-07
-1.951282286341083e-05
-3.639739376976551e-05
-4.016567890771020e-05
1.130940990728314e-05
3.503236203336997e-04
7.466874892988252e-04
1.012072986871114e-03
1.341396209754653e-03
1.616450718485636e-03
2.036213802068348e-03
3.027394627897641e-03
4.805338017560146e-03
7.523273966471751e-03
1.139918951810427e-02
1.671041754984504e-02
2.380522537956498e-02
3.316237540969760e-02
4.526492660998974e-02
6.059342799781437e-02
7.979767034769684e-02
1.042423511650171e-01
1.361126292221617e-01
1.767397318594501e-01
2.263934337031850e-01
2.872242771993422e-01
3.605980512043452e-01
4.467039504524506e-01
5.428140660633918e-01
6.405252064221122e-01
7.562739199858198e-01
1.000000000000000e+00
1.000000000000000e+00
1.000000000000000e+00
1.000000000000000e+00
1.000000000000000e+00
1.000000000000000e+00
1.000000000000000e+00
1.000000000000000e+00
1.000000000000000e+00
1.000000000000000e+00
1.000000000000000e+00
###7.600000000000002e+00
5.014351494901797e-07
3.815553607011219e-07
-1.187996494904676e-08
6.159445496509135e-08
-1.015704542075632e-06
-8.651109112970825e-08
1.565348826532448e-08
2.280573899172046e-08
1.228321644126435e-07
2.781138463454444e-07
3.360139226776771e-07
2.572042239014667e-07
1.217008520240600e-07
1.870157537493694e-07
1.840951687551736e-07
1.972147223067907e-07
3.111515930585991e-07
1.820637673716711e-07
2.255839702153849e-07
2.314769743305158e-07
2.488451329613230e-07
2.750464329079756e-07
2.483634472708667e-07
2.762670349034508e-07
2.880721451360129e-07
2.910849345041033e-07
3.003095068944274e-07
3.431075549501587e-07
3.764990705882601e-07
3.870963635939010e-07
4.214407540273959e-07
4.403092141330524e-07
5.216665472154698e-07
5.808391561740950e-07
6.506185577079269e-07
7.519015733800435e-07
8.698924484858793e-07
1.024895302449843e-06
1.218905222228248e-06
1.463709361759503e-06
1.740267175743716e-06
2.089742543324873e-06
2.534969385476122e-06
3.054628296692409e-06
3.714242463811232e-06
4.499888690898272e-06
5.438217969035149e-06
6.487575396170943e-06
7.730064459626729e-06
9.188543120941893e-06
1.083303992486764e-05
1.272524414074889e-05
1.498347418574892e-05
1.827894238386400e-05
2.328503603498819e-05
2.986006539865503e-05
3.654199584413278e-05
3.420494340949245e-05
1.395615097432646e-05
-6.895386518343464e-06
-1.878581566006439e-05
-6.468581153746778e-06
1.268761659419432e-04
4.341801054271007e-04
7.536528201178820e-04
1.031449730819077e-03
1.377455200861312e-03
1.729220861649874e-03
2.274604069508216e-03
3.419204043053357e-03
5.395535976117718e-03
8.379109023381261e-03
1.260057987283561e-02
1.837160334739336e-02
2.604741584955259e-02
3.611184341431738e-02
4.910165224007423e-02
6.547560205262561e-02
8.588628550066892e-02
1.117050107000274e-01
1.450448335246860e-01
1.871566523959334e-01
2.381327658261713e-01
2.997876053070120e-01
3.730770543567128e-01
4.577085886056335e-01
5.506951571884844e-01
6.447513045241990e-01
7.579252074794137e-01
1.000000000000000e+00
1.000000000000000e+00
1.000000000000000e+00
1.000000000000000e+00
1.000000000000000e+00
1.000000000000000e+00
1.000000000000000e+00
1.000000000000000e+00
1.000000000000000e+00
1.000000000000000e+00
1.000000000000000e+00
###8.000000000000002e+00
5.496763412832311e-07
4.651988917015277e-07
-3.687382373959260e-08
-1.268434864416215e-07
-7.774331607626072e-07
-5.362946571777083e-08
4.279901147578944e-08
5.715697681036713e-08
1.699865835914326e-07
3.125751243573545e-07
3.903737605893177e-07
2.972887012990764e-07
1.405201866315366e-07
2.250394588222384e-07
1.984721788271917e-07
2.224458338055616e-07
3.415171274608704e-07
2.250901871819200e-07
2.621359511588887e-07
2.783199002425135e-07
3.156135964846833e-07
3.182226749577632e-07
2.985541852332756e-07
3.240207455731214e-07
3.534706789157619e-07
3.466496940358866e-07
3.626006392637624e-07
4.082407296247926e-07
4.410649108346385e-07
4.705088606481984e-07
4.925329380011422e-07
5.247392030461738e-07
6.087016573033481e-07
6.771107945395601e-07
7.520201771874275e-07
8.676615851146383e-07
1.000087892297808e-06
1.172851270090277e-06
1.387628559135179e-06
1.653661261297265e-06
1.962946718865424e-06
2.346402248123203e-06
2.837932816237161e-06
3.416676373636129e-06
4.133767404915349e-06
4.988305921376729e-06
6.032229499342765e-06
7.208855463209334e-06
8.590053239474529e-06
1.020425724330479e-05
1.203870914430377e-05
1.419845343097041e-05
1.673461182037999e-05
2.036649813128046e-05
2.562128853584910e-05
3.245080966398628e-05
3.943295289286615e-05
3.961237652046425e-05
2.554471016424883e-05
9.101957199857928e-06
3.919094357763535e-06
5.332688218572037e-05
1.966132192454984e-04
4.637747019492466e-04
7.659583989076883e-04
1.055752002027267e-03
1.433356532859672e-03
1.863236781176198e-03
2.540781670265280e-03
3.844494915209830e-03
6.025256824689114e-03
9.284844115330388e-03
1.386491034920801e-02
2.009855051680382e-02
2.837110250449597e-02
3.917079834661427e-02
5.302463193627570e-02
7.045121450653713e-02
9.207340443569698e-02
1.192466779657787e-01
1.540154332114216e-01
1.975741657424523e-01
2.497486788433628e-01
3.121810891072241e-01
3.853586178746560e-01
4.685826062402425e-01
5.586803171886486e-01
6.494721501077079e-01
7.602367577264002e-01
1.000000000000000e+00
1.000000000000000e+00
1.000000000000000e+00
1.000000000000000e+00
1.000000000000000e+00
1.000000000000000e+00
1.000000000000000e+00
1.000000000000000e+00
1.000000000000000e+00
1.000000000000000e+00
1.000000000000000e+00
###8.400000000000002e+00
6.121707340711446e-07
5.174057164007701e-07
-2.194333735493595e-07
3.484851825067098e-07
-7.397515671416547e-07
3.908230931613253e-08
-1.409422131466226e-08
1.312230426271254e-07
1.649829514757180e-07
3.683477286086989e-07
4.392499427162886e-07
3.461298348988590e-07
2.233439790885136e-07
2.808241561707403e-07
2.651633116249862e-07
2.555665140706620e-07
3.926628806262746e-07
2.994962635827525e-07
3.328939091210149e-07
3.519949963218817e-07
3.899340580516374e-07
3.989161384354986e-07
3.759275855800558e-07
3.916680740078683e-07
4.381693737967865e-07
4.415828987836526e-07
4.531773374336532e-07
5.079831782345245e-07
5.420519076654974e-07
5.874141234103723e-07
6.066066544467351e-07
6.463602088630998e-07
7.374376477266109e-07
8.105404016326836e-07
8.976023323362097e-07
1.024247542503081e-06
1.167426142678515e-06
1.362744239263083e-06
1.597686283415412e-06
1.889405525059202e-06
2.230051139343223e-06
2.632216941573634e-06
3.186303367912044e-06
3.822692513060782e-06
4.596849969846615e-06
5.516001377205100e-06
6.661496555160355e-06
7.937797927762435e-06
9.437699117832939e-06
1.120517772674489e-05
1.318772729271774e-05
1.549417157362076e-05
1.826123991027446e-05
2.209344950159296e-05
2.741541554366665e-05
3.419868090763348e-05
4.109871586025227e-05
4.187317667716848e-05
3.050131655903863e-05
1.795096901254848e-05
1.781904755221877e-05
7.008359816867675e-05
2.116486337606031e-04
4.696473434172497e-04
7.727981344956456e-04
1.085165154584342e-03
1.500506502456687e-03
2.015819568683369e-03
2.826506888792908e-03
4.296830191301281e-03
6.693360193717494e-03
1.023543421742544e-02
1.518868463640426e-02
2.189754838630140e-02
3.076557631511205e-02
4.230323299563425e-02
5.702873504064797e-02
7.551079653475555e-02
9.833943060627613e-02
1.268207970465188e-01
1.630312622750433e-01
2.079238793695362e-01
2.612787416122295e-01
3.243966966952425e-01
3.975444396264507e-01
4.793419038428530e-01
5.668731473126019e-01
6.545452322178182e-01
7.623944678398764e-01
1.000000000000000e+00
1.000000000000000e+00
1.000000000000000e+00
1.000000000000000e+00
1.000000000000000e+00
1.000000000000000e+00
1.000000000000000e+00
1.000000000000000e+00
1.000000000000000e+00
1.000000000000000e+00
1.000000000000000e+00
###8.800000000000002e+00
5.292135921414293e-07
5.341807752362120e-07
-1.674608478396097e-07
4.253096844546927e-07
-6.745184552220421e-07
1.656619147655814e-07
1.244570742223964e-07
2.763558479820851e-07
2.185326918469094e-07
5.013285476603839e-07
5.424770737385555e-07
4.732393325351597e-07
3.819696161267341e-07
4.125869305521113e-07
4.002085795509309e-07
3.902941916627782e-07
5.273866261916309e-07
4.454946896602480e-07
4.733390286774413e-07
4.890676512989809e-07
5.379049224060610e-07
5.501985954587660e-07
5.340679659989397e-07
5.526835632182080e-07
5.986391517689104e-07
6.100054535268490e-07
6.294612095277775e-07
6.683719447122172e-07
7.276374976638385e-07
7.764251481810622e-07
8.072333022836795e-07
8.532518793030501e-07
9.598719992021841e-07
1.034351482442478e-06
1.138219049265925e-06
1.277465849283879e-06
1.437593694412467e-06
1.655407782228850e-06
1.911255502661582e-06
2.229561886096993e-06
2.605052258255151e-06
3.052739965970942e-06
3.649629262688206e-06
4.343865091469201e-06
5.187361783375217e-06
6.189296244073292e-06
7.424352677961452e-06
8.811307256193073e-06
1.045753989798011e-05
1.238226823857916e-05
1.445618159843426e-05
1.697177519520694e-05
1.995457614370060e-05
2.401765456940688e-05
2.950965638371348e-05
3.642035114797369e-05
4.349411950346017e-05
4.524811332589047e-05
3.677544550873559e-05
2.836847444291217e-05
3.372308944186895e-05
9.007323921554978e-05
2.321398161172550e-04
4.854857296188804e-04
7.936080656722210e-04
1.132941008413973e-03
1.592297152065041e-03
2.197554635428488e-03
3.144639753233682e-03
4.789162844598152e-03
7.409117973188701e-03
1.124501552105753e-02
1.657956228450339e-02
2.377322015921661e-02
3.324595071398096e-02
4.553636547889316e-02
6.114630863593851e-02
8.065905455299456e-02
1.046958471164359e-01
1.344849305632282e-01
1.720875501612139e-01
2.182607584959113e-01
2.727409768403967e-01
3.364958190667252e-01
4.094626988392413e-01
4.899759323685094e-01
5.751108354727791e-01
6.596905124461470e-01
7.649406917649331e-01
1.000000000000000e+00
1.000000000000000e+00
1.000000000000000e+00
1.000000000000000e+00
1.000000000000000e+00
1.000000000000000e+00
1.000000000000000e+00
1.000000000000000e+00
1.000000000000000e+00
1.000000000000000e+00
1.000000000000000e+00
###9.200000000000003e+00
5.948331083122229e-07
7.179662796558741e-07
-6.319541606837769e-08
6.773645921409302e-07
-5.827847103375848e-07
3.127025094116123e-07
2.738860965675670e-07
3.540176425118981e-07
3.467756170664678e-07
6.425617875992746e-07
6.440078265214995e-07
6.003747325483798e-07
5.331340280931224e-07
5.582470113727080e-07
4.803651002383211e-07
5.493896977276605e-07
6.760415593024493e-07
5.974180533265345e-07
6.319754837644544e-07
6.469081499662939e-07
7.221491983413702e-07
7.130708560902015e-07
7.083387722579333e-07
7.268311572845917e-07
7.755819864119387e-07
7.934172738345418e-07
8.206594269671761e-07
8.636931841586723e-07
9.319837497793841e-07
9.827583713915137e-07
1.026647728069349e-06
1.082707904130169e-06
1.199474945017353e-06
1.284892426082192e-06
1.400942797067757e-06
1.559046410737257e-06
1.745531791471225e-06
1.983643936889297e-06
2.260600805340887e-06
2.608352951993814e-06
3.019790549520195e-06
3.514432340604755e-06
4.158152349635590e-06
4.916911683521087e-06
5.831053967884983e-06
6.921668631671891e-06
8.252579160848835e-06
9.768892503677512e-06
1.156534685689485e-05
1.364706855856226e-05
1.593317126419633e-05
1.858371370661238e-05
2.183140986464858e-05
2.619288062098002e-05
3.200343798453917e-05
3.920564864464521e-05
4.671439332090163e-05
4.979373346187879e-05
4.464045761039097e-05
4.075260093080623e-05
5.236334681853056e-05
1.138196807997130e-04
2.587113680011873e-04
5.115213622743928e-04
8.298007468083735e-04
1.199703783322653e-03
1.710083872673742e-03
2.409248338907855e-03
3.496987590675222e-03
5.325428950019834e-03
8.175966884632754e-03
1.231183438808817e-02
1.803693246060650e-02
2.573170225286965e-02
3.582859578317920e-02
4.885738148634632e-02
6.536194988584484e-02
8.594618009074376e-02
1.111430220275170e-01
1.422275297088049e-01
1.811537324081861e-01
2.285844745525170e-01
2.841714787699753e-01
3.484481719238742e-01
4.212029913979330e-01
5.005766972378354e-01
5.835159934155694e-01
6.650851923011197e-01
7.677005089876117e-01
1.000000000000000e+00
1.000000000000000e+00
1.000000000000000e+00
1.000000000000000e+00
1.000000000000000e+00
1.000000000000000e+00
1.000000000000000e+00
1.000000000000000e+00
1.000000000000000e+00
1.000000000000000e+00
1.000000000000000e+00
###9.600000000000003e+00
6.415924455156452e-07
7.773281689303242e-07
1.002257646938382e-08
1.177826483784429e-06
-4.665730244516741e-07
6.298460979583173e-07
4.782821611312906e-07
5.387358016579997e-07
6.175480750834553e-07
8.612881560271954e-07
8.521057669471979e-07
8.178409495545377e-07
7.492099496827384e-07
7.682155837212272e-07
7.032227272551233e-07
7.713432364531324e-07
8.923764376411494e-07
8.245448259015655e-07
8.635775898325804e-07
8.843150082631006e-07
9.623431497576767e-07
9.535649998496855e-07
9.621454503797492e-07
9.878182930576208e-07
1.040208948820322e-06
1.066703026888744e-06
1.100508599690768e-06
1.152853946692364e-06
1.227897050130941e-06
1.289180778340988e-06
1.345075660696653e-06
1.411890426415495e-06
1.544222028554923e-06
1.646070128764934e-06
1.786697449335811e-06
1.964064887261214e-06
2.163168535139665e-06
2.425802249629309e-06
2.733008790189694e-06
3.114942250673321e-06
3.568255294155282e-06
4.112475576040593e-06
4.811240502472581e-06
5.637290248088643e-06
6.631118689841912e-06
7.767742350086393e-06
9.259909357810670e-06
1.090918035191597e-05
1.275553983427397e-05
1.514093698228378e-05
1.761712233808228e-05
2.053082925103160e-05
2.404859137342552e-05
2.872337199516666e-05
3.492145112274007e-05
4.263532936643456e-05
5.088591038579190e-05
5.569699354714343e-05
5.417918342219669e-05
5.531533069862019e-05
7.392424063387518e-05
1.417800679393795e-04
2.920906439450639e-04
5.485884211885065e-04
8.807578760722414e-04
1.285978018629588e-03
1.854441042096232e-03
2.653417162426452e-03
3.886960103874179e-03
5.903591804799460e-03
8.995414158704591e-03
1.344875599042475e-02
1.957277015219617e-02
2.777269200955601e-02
3.850288917990634e-02
5.227752114588969e-02
6.969076377892305e-02
9.132319941223298e-02
1.176852972946799e-01
1.500569331960167e-01
1.902724871383455e-01
2.389340455277446e-01
2.954809530843003e-01
3.602861523801018e-01
4.327887369281158e-01
5.111347295053149e-01
5.918838339918115e-01
6.705311484332815e-01
7.707247388571249e-01
1.000000000000000e+00
1.000000000000000e+00
1.000000000000000e+00
1.000000000000000e+00
1.000000000000000e+00
1.000000000000000e+00
1.000000000000000e+00
1.000000000000000e+00
1.000000000000000e+00
1.000000000000000e+00
1.000000000000000e+00
###1.000000000000000e+01
5.850140494028464e-07
7.977069855898409e-07
9.897741926968453e-08
1.256072408538490e-06
-3.968349850850108e-07
7.308083688314068e-07
5.815782090770780e-07
6.803379631697494e-07
7.479814694675451e-07
9.982905251736848e-07
9.760985569775994e-07
9.535745372478386e-07
8.903256407642719e-07
9.079983979187824e-07
8.491707004514413e-07
9.165615227742432e-07
1.040044309140998e-06
9.787140456432684e-07
1.020536502847219e-06
1.047539153974155e-06
1.126292637684690e-06
1.126960586416316e-06
1.146400256458296e-06
1.177321191258163e-06
1.233547247743290e-06
1.267244804887661e-06
1.314751108653395e-06
1.372462918754449e-06
1.453934258036970e-06
1.525234291624762e-06
1.594455438719962e-06
1.680230711719449e-06
1.821695579093041e-06
1.938623021247600e-06
2.099343870261554e-06
2.293944969639996e-06
2.519760136325673e-06
2.803427980712714e-06
3.142965633515906e-06
3.558351954218716e-06
4.060428660289666e-06
4.655734992758833e-06
5.405698027933699e-06
6.308334175459833e-06
7.383543968272027e-06
8.628849439312407e-06
1.022671226973293e-05
1.202708682718040e-05
1.405605841957684e-05
1.662994807504882e-05
1.937830097089604e-05
2.264842202805020e-05
2.656733804957696e-05
3.165286099823178e-05
3.833462088714595e-05
4.679016812112670e-05
5.614726615164454e-05
6.305449586967334e-05
6.548211884266322e-05
7.235572995744240e-05
9.897904875055066e-05
1.748150589387939e-04
3.327275731054572e-04
5.969415183532098e-04
9.483319249418187e-04
1.394214393876086e-03
2.026340207225303e-03
2.929488645196205e-03
4.316594849315776e-03
6.529016784885881e-03
9.871316678767839e-03
1.465085136443206e-02
2.118583374833258e-02
2.990364604125973e-02
4.126904452828038e-02
5.580619831427137e-02
7.412661746267384e-02
9.679749210042751e-02
1.243420217379290e-01
1.579629386859260e-01
1.994401499719890e-01
2.492781557617229e-01
3.067382611533534e-01
3.720370544959866e-01
4.442961028119302e-01
5.215035375666386e-01
6.002559298156519e-01
6.761175812683495e-01
7.739137904995269e-01
1.000000000000000e+00
1.000000000000000e+00
1.000000000000000e+00
1.000000000000000e+00
1.000000000000000e+00
1.000000000000000e+00
1.000000000000000e+00
1.000000000000000e+00
1.000000000000000e+00
1.000000000000000e+00
1.000000000000000e+00
###1.040000000000000e+01
5.603006576984710e-07
8.174383015846308e-07
1.550101477033306e-07
1.281958637626896e-06
-3.565242669306131e-07
7.896213865381627e-07
6.827460444367566e-07
8.048412419156963e-07
9.526586831124648e-07
1.136113079591029e-06
1.110249229982317e-06
1.080383880881375e-06
1.033679461875328e-06
1.046950645884935e-06
1.040022235665311e-06
1.071334359605357e-06
1.191405193867160e-06
1.143276405416136e-06
1.189939776561295e-06
1.225694421714864e-06
1.303296455627331e-06
1.314003043208200e-06
1.341403532904312e-06
1.380372669732065e-06
1.442554437134054e-06
1.486782956874385e-06
1.543100039371558e-06
1.611065303796716e-06
1.702209054509565e-06
1.785475198477194e-06
1.869556039309161e-06
1.969510996706815e-06
2.122814998691734e-06
2.260778314394490e-06
2.439439830119119e-06
2.657306790063173e-06
2.909485378515825e-06
3.224403068068294e-06
3.599171884582955e-06
4.050373488699924e-06
4.597622461431860e-06
5.255376172479480e-06
6.063419925206610e-06
7.049876697345563e-06
8.208634888074695e-06
9.567576403078835e-06
1.125380059566367e-05
1.324677074155521e-05
1.548053990842635e-05
1.828646876867702e-05
2.133246162187643e-05
2.499402735625661e-05
2.940248411723217e-05
3.503788324781637e-05
4.236152407896113e-05
5.184901640370390e-05
6.256773370900811e-05
7.207502055712155e-05
7.890739472260056e-05
9.232469036824207e-05
1.276581081497681e-04
2.131357152982325e-04
3.814472269604775e-04
6.576382634619026e-04
1.032802151916697e-03
1.524703617592426e-03
2.225877958233616e-03
3.239522415977262e-03
4.783946025138300e-03
7.201755517273096e-03
1.080619372271404e-02
1.591680851269895e-02
2.287900233601154e-02
3.212369402631152e-02
4.412886899862230e-02
5.945280018190260e-02
7.867460905588849e-02
1.023938830756419e-01
1.311100285419930e-01
1.659835445151328e-01
2.086755432532884e-01
2.596221159376869e-01
3.179570765857911e-01
3.837011442172561e-01
4.557364936485543e-01
5.319327067672349e-01
6.087005034946930e-01
6.818178622467767e-01
7.770016710113448e-01
1.000000000000000e+00
1.000000000000000e+00
1.000000000000000e+00
1.000000000000000e+00
1.000000000000000e+00
1.000000000000000e+00
1.000000000000000e+00
1.000000000000000e+00
1.000000000000000e+00
1.000000000000000e+00
1.000000000000000e+00
###1.080000000000000e+01
6.357946319346635e-07
8.214433802800990e-07
3.227127804014937e-07
1.395981589641698e-06
-2.830979120101008e-07
8.484409949448536e-07
6.677213802696465e-07
9.556776007213551e-07
1.164734120732248e-06
1.301383796191341e-06
1.271277193070020e-06
1.203645056027705e-06
1.208132333863780e-06
1.216586763533955e-06
1.220566334857723e-06
1.256848218605153e-06
1.375044906771348e-06
1.339563349675741e-06
1.399095269773103e-06
1.423851190719289e-06
1.515702017052888e-06
1.537222170626666e-06
1.573976314232604e-06
1.622591950606793e-06
1.692418565694328e-06
1.747844776051280e-06
1.815038291203685e-06
1.894447114021794e-06
1.996713589615364e-06
2.104291954300032e-06
2.193395281055106e-06
2.310906186689871e-06
2.480101815966632e-06
2.640509128051205e-06
2.839378490332601e-06
3.084124482492827e-06
3.366217017252736e-06
3.711527489712266e-06
4.129185575629545e-06
4.616458774472239e-06
5.216354055860084e-06
5.938624967658415e-06
6.821601669123741e-06
7.884969648243214e-06
9.142043572651038e-06
1.063073259340198e-05
1.245650139008471e-05
1.462515751208061e-05
1.708787684096858e-05
2.015066418456837e-05
2.346615371311198e-05
2.760179988034215e-05
3.259093089801918e-05
3.894329457922041e-05
4.720415149258515e-05
5.777055161042247e-05
7.027677572685623e-05
8.286158071898452e-05
9.474289989478088e-05
1.154386698855609e-04
1.604513932104543e-04
2.572420341398870e-04
4.387912199304609e-04
7.310105389328990e-04
1.134774169231163e-03
1.677403083062938e-03
2.454968612989233e-03
3.585732582987811e-03
5.295500704869283e-03
7.925102480367699e-03
1.179996800222389e-02
1.725693580421261e-02
2.465099379230562e-02
3.443566897644468e-02
4.709816557479004e-02
6.319926793678074e-02
8.334364632674966e-02
1.081100733432334e-01
1.379930024545155e-01
1.740735491645296e-01
2.179628811838411e-01
2.699812553936106e-01
3.291179437846297e-01
3.952534349180388e-01
4.670766223396497e-01
5.422007833240408e-01
6.172363152900511e-01
6.876835576456075e-01
7.806415063105780e-01
1.000000000000000e+00
1.000000000000000e+00
1.000000000000000e+00
1.000000000000000e+00
1.000000000000000e+00
1.000000000000000e+00
1.000000000000000e+00
1.000000000000000e+00
1.000000000000000e+00
1.000000000000000e+00
1.000000000000000e+00
###1.120000000000000e+01
6.445496267964495e-07
8.663225043697923e-07
3.847693726223566e-07
1.416004182315580e-06
-1.842377781949146e-07
9.542501730332169e-07
7.992974549237078e-07
1.228452005237668e-06
1.374385018207935e-06
1.503904861625432e-06
1.469520453225619e-06
1.411610464618710e-06
1.404938824660330e-06
1.423005572034609e-06
1.438684461248641e-06
1.494927609650233e-06
1.576789684199807e-06
1.562483194192825e-06
1.629626093155163e-06
1.661293720399669e-06
1.758357409264194e-06
1.790919717990916e-06
1.838259979624760e-06
1.897688459222024e-06
1.977012798667345e-06
2.045037115670398e-06
2.124983441942598e-06
2.217723008706786e-06
2.333369147889905e-06
2.449994669529470e-06
2.563149866824455e-06
2.695037645423482e-06
2.887856161475120e-06
3.073253066997546e-06
3.290189533894226e-06
3.576158400341719e-06
3.889368731704369e-06
4.259619956576688e-06
4.716241353937657e-06
5.256441823342056e-06
5.910235669285534e-06
6.702733758503968e-06
7.657641096400432e-06
8.821874301070234e-06
1.017641859528594e-05
1.180254709266830e-05
1.378764870075692e-05
1.614917210623188e-05
1.887074342955992e-05
2.218201433097385e-05
2.586700389353199e-05
3.053687415098961e-05
3.621452016508153e-05
4.339309700662433e-05
5.279106440931565e-05
6.473536506214806e-05
7.938764959730735e-05
9.542208090320446e-05
1.130587191645979e-04
1.420107720165912e-04
1.979837162536377e-04
3.078731920950633e-04
5.053626970981747e-04
8.175808255896420e-04
1.255329035210049e-03
1.854760837524356e-03
2.713970124022782e-03
3.969261055102234e-03
5.852082798568684e-03
8.700269754383294e-03
1.285812545599793e-02
1.866993072525869e-02
2.650753314664442e-02
3.684829769636994e-02
5.017566909138888e-02
6.706278661501330e-02
8.812485422451907e-02
1.139393524292980e-01
1.449836085130303e-01
1.822947563917851e-01
2.273330627130401e-01
2.803297227714058e-01
3.402853741929919e-01
4.067956918018354e-01
4.783514654972960e-01
5.524451946385427e-01
6.257552442989309e-01
6.937434278386339e-01
7.841293454180228e-01
1.000000000000000e+00
1.000000000000000e+00
1.000000000000000e+00
1.000000000000000e+00
1.000000000000000e+00
1.000000000000000e+00
1.000000000000000e+00
1.000000000000000e+00
1.000000000000000e+00
1.000000000000000e+00
1.000000000000000e+00
###1.160000000000000e+01
6.386943474230004e-07
9.234127955039158e-07
4.671545890074535e-07
1.520890438179439e-06
-8.031768281236152e-08
1.044153718515198e-06
9.612349589655117e-07
1.414493843938558e-06
1.487183190637322e-06
1.706347549728105e-06
1.652640110893900e-06
1.631179846146776e-06
1.592733075573449e-06
1.629442764639899e-06
1.670859216103847e-06
1.730874916405369e-06
1.814592866779293e-06
1.812085735856561e-06
1.953128755528086e-06
1.931572905485206e-06
2.034222763057798e-06
2.081826990318722e-06
2.150845642526697e-06
2.211597504907632e-06
2.302993819972855e-06
2.309258489048412e-06
2.479171879126831e-06
2.586295324642929e-06
2.717347681684749e-06
2.851711847834806e-06
2.985405193060667e-06
3.139785902967046e-06
3.356831056816359e-06
3.564466852507960e-06
3.812537106628190e-06
4.126680682763076e-06
4.475205253498957e-06
4.889638759495681e-06
5.389351054648056e-06
5.983689975255218e-06
6.695934565797878e-06
7.560675053374204e-06
8.609376714163485e-06
9.870948802301812e-06
1.134755863252604e-05
1.312700969869899e-05
1.528081722461978e-05
1.779222816463194e-05
2.086037770889281e-05
2.453988278998336e-05
2.862428468056835e-05
3.387357858662136e-05
4.033859703198795e-05
4.854010352499049e-05
5.926309149575113e-05
7.296280969863340e-05
9.020389854391708e-05
1.102641728596775e-04
1.342975755171761e-04
1.722953053874493e-04
2.404588787425760e-04
3.656379792689100e-04
5.816616321074429e-04
9.184542771996654e-04
1.395154267048019e-03
2.057365429844370e-03
3.005465639701811e-03
4.391212553331422e-03
6.453085216374776e-03
9.531335049730352e-03
1.397931469127735e-02
2.016151339048178e-02
2.845468587141602e-02
3.935746243080815e-02
5.336956726060923e-02
7.105304209543069e-02
9.303702039400166e-02
1.198878636273015e-01
1.520726004122395e-01
1.905792909598525e-01
2.367642348581229e-01
2.907554953071372e-01
3.514382817994441e-01
4.182072542598506e-01
4.895692938763209e-01
5.626446274452066e-01
6.341662870873865e-01
6.999754610005973e-01
7.875376944509349e-01
1.000000000000000e+00
1.000000000000000e+00
1.000000000000000e+00
1.000000000000000e+00
1.000000000000000e+00
1.000000000000000e+00
1.000000000000000e+00
1.000000000000000e+00
1.000000000000000e+00
1.000000000000000e+00
1.000000000000000e+00
###1.200000000000001e+01
7.190251691140345e-07
1.007687720541885e-06
5.713358363401946e-07
1.594788756577057e-06
2.968690084879866e-08
1.167072254699501e-06
1.156742226422105e-06
1.612107530108130e-06
1.733973124126174e-06
1.933915627711339e-06
1.876181157834870e-06
1.828519799568579e-06
1.830650347718708e-06
1.867066863386364e-06
1.915271771962727e-06
1.982356759433096e-06
2.068168281495442e-06
2.081579821754626e-06
2.228106001985327e-06
2.225689919475321e-06
2.335658815283178e-06
2.397176784128404e-06
2.479262443172749e-06
2.554964876345245e-06
2.658713334958136e-06
2.668835225866210e-06
2.866837728107125e-06
2.993128043627150e-06
3.142535100459307e-06
3.296902184886570e-06
3.452975475797578e-06
3.632954811087692e-06
3.841809351719943e-06
4.111749834253250e-06
4.391833820088733e-06
4.706860554564445e-06
5.128391718522565e-06
5.565005407317764e-06
6.106344023093975e-06
6.757220463408267e-06
7.540838051405120e-06
8.486850625464136e-06
9.630096915985410e-06
1.099122879340528e-05
1.261239458719785e-05
1.455198302869608e-05
1.690281927199049e-05
1.967166844404825e-05
2.303932213817997e-05
2.711636310856026e-05
3.171590456582087e-05
3.766010458418041e-05
4.498434123541703e-05
5.436395433991870e-05
6.666427931998310e-05
8.250582945611485e-05
1.027635031392932e-04
1.273460977719350e-04
1.585971849596512e-04
2.067191075006448e-04
2.884684018909175e-04
4.308630281396881e-04
6.685397163170357e-04
1.034225558423835e-03
1.554887039620029e-03
2.285820464860466e-03
3.328925730029873e-03
4.852501315932308e-03
7.100613214809040e-03
1.041966785022491e-02
1.517011791475094e-02
2.172783712793261e-02
3.049061283132863e-02
4.197268841678557e-02
5.667586972390500e-02
7.516729921652124e-02
9.808116006614931e-02
1.259770985654715e-01
1.593170820395526e-01
1.989827836577003e-01
2.462980712967064e-01
3.012472829149805e-01
3.625912394419762e-01
4.296779231279752e-01
5.007913704863655e-01
5.728080824070041e-01
6.427481224672961e-01
7.061086373573828e-01
7.912060481856399e-01
1.000000000000000e+00
1.000000000000000e+00
1.000000000000000e+00
1.000000000000000e+00
1.000000000000000e+00
1.000000000000000e+00
1.000000000000000e+00
1.000000000000000e+00
1.000000000000000e+00
1.000000000000000e+00
1.000000000000000e+00
###1.240000000000001e+01
7.052967668771042e-07
9.894804225043528e-07
6.224032831890459e-07
1.602808476389190e-06
6.277620165452535e-08
1.211846745617158e-06
1.191438460227465e-06
1.638740691716539e-06
1.777086751316302e-06
1.968734591790610e-06
1.930574248880356e-06
1.893865656144451e-06
1.909567244919402e-06
1.955616655374198e-06
2.015008549710338e-06
2.092501246913055e-06
2.186302696966136e-06
2.215527244111733e-06
2.366294781914278e-06
2.383168993782600e-06
2.501723313990055e-06
2.576806669003047e-06
2.673464431110890e-06
2.764819263046209e-06
2.881560579530095e-06
2.916955693171667e-06
3.122918567902196e-06
3.269793012975627e-06
3.436925876604907e-06
3.611954420816323e-06
3.791670363209540e-06
3.998294585315742e-06
4.234093152597508e-06
4.532297285010834e-06
4.844603611837463e-06
5.198259625471787e-06
5.659869908282298e-06
6.148503344193475e-06
6.735820092053169e-06
7.454054945521877e-06
8.309323190992924e-06
9.337744525366982e-06
1.058476534310822e-05
1.206015240066815e-05
1.383996108446075e-05
1.595524725515995e-05
1.853052654378420e-05
2.154860184753339e-05
2.527445236472547e-05
2.978829623036658e-05
3.501402735637937e-05
4.173058884334113e-05
5.007920646117367e-05
6.080030118009631e-05
7.498483047643582e-05
9.338091926564194e-05
1.171966200101168e-04
1.470961973359401e-04
1.862945522953265e-04
2.456342814374201e-04
3.424060304513385e-04
5.040589456208415e-04
7.666075658195326e-04
1.165366218504742e-03
1.734834894302990e-03
2.539328447883532e-03
3.686412116064446e-03
5.356134191893560e-03
7.799464628202558e-03
1.136748043125091e-02
1.643265786893413e-02
2.337832660777487e-02
3.262475306521195e-02
4.469186424418095e-02
6.009210413995907e-02
7.940176185984033e-02
1.032569638843632e-01
1.322035784503972e-01
1.666729766346278e-01
2.075262026804441e-01
2.559136096194456e-01
3.117575635032821e-01
3.737926627179998e-01
4.411241484387068e-01
5.119340654198509e-01
5.829951731699778e-01
6.512854185496222e-01
7.123305031063484e-01
7.950391402357451e-01
1.000000000000000e+00
1.000000000000000e+00
1.000000000000000e+00
1.000000000000000e+00
1.000000000000000e+00
1.000000000000000e+00
1.000000000000000e+00
1.000000000000000e+00
1.000000000000000e+00
1.000000000000000e+00
1.000000000000000e+00
###1.280000000000001e+01
1.084591883196856e-06
1.012850101334928e-06
6.179531897476079e-07
1.593965191608976e-06
1.030677334199684e-07
1.203981377202427e-06
1.230472748943097e-06
1.680243210685642e-06
1.812286852341551e-06
2.000303450075364e-06
1.985771053452650e-06
1.955744419622056e-06
1.990689669547309e-06
2.047643255692879e-06
2.117780581113046e-06
2.205587503352955e-06
2.308915309794414e-06
2.354403298267125e-06
2.510779673531658e-06
2.546935633529959e-06
2.675455557834781e-06
2.766628320759528e-06
2.877476512263120e-06
2.985026630703901e-06
3.116349069190564e-06
3.177695763938954e-06
3.394154029396706e-06
3.562108897769893e-06
3.749455304404309e-06
3.947448831585606e-06
4.153330633796544e-06
4.387498655590778e-06
4.653268987781985e-06
4.981198101948011e-06
5.331295781986141e-06
5.725221656958399e-06
6.229349728464436e-06
6.772904453066622e-06
7.420397600073901e-06
8.206218734240297e-06
9.141362938083029e-06
1.026381442650035e-05
1.160753225706574e-05
1.321552485929691e-05
1.515982468110470e-05
1.748057049892019e-05
2.028526685388919e-05
2.362868428277215e-05
2.772916750148125e-05
3.277288593131804e-05
3.865559434397343e-05
4.558362492117855e-05
5.577948761617026e-05
6.810468916253746e-05
8.440643794147165e-05
1.056563381055084e-04
1.336669157095847e-04
1.695056354442390e-04
2.176052561868164e-04
2.893052150075012e-04
4.027186876328327e-04
5.861855780617235e-04
8.770607332596378e-04
1.313071630922638e-03
1.937201710172539e-03
2.821480727151513e-03
4.080044722266166e-03
5.903421135811807e-03
8.550554586159505e-03
1.237706675828393e-02
1.776629279070245e-02
2.511512253931022e-02
3.485649815347186e-02
4.752734320910092e-02
6.363787139085585e-02
8.377720803012280e-02
1.085730081628016e-01
1.385718397163077e-01
1.741747406631529e-01
2.161709749329687e-01
2.656358844284186e-01
3.223638729219222e-01
3.849825715860449e-01
4.525292586179002e-01
5.230172370532910e-01
5.931682058533332e-01
6.598984153643499e-01
7.186405331882103e-01
7.988693972349279e-01
1.000000000000000e+00
1.000000000000000e+00
1.000000000000000e+00
1.000000000000000e+00
1.000000000000000e+00
1.000000000000000e+00
1.000000000000000e+00
1.000000000000000e+00
1.000000000000000e+00
1.000000000000000e+00
1.000000000000000e+00
###1.320000000000001e+01
1.080940738028729e-06
1.081042477192588e-06
6.326727031751844e-07
1.609998242793349e-06
1.297131331455540e-07
1.254096057143237e-06
1.278156710948138e-06
1.708796276138223e-06
1.863062921073324e-06
2.037229037742645e-06
2.040284647461742e-06
2.026636745245950e-06
2.073375300946377e-06
2.141342934937596e-06
2.223728018523199e-06
2.322449921088506e-06
2.436111660068079e-06
2.498665366356030e-06
2.661553853117856e-06
2.717325406999410e-06
2.857047918692430e-06
2.964946034324820e-06
3.091361294151102e-06
3.216240339713142e-06
3.363872598796142e-06
3.451987490350259e-06
3.681407494795385e-06
3.871124736207276e-06
4.081225292025281e-06
4.304030773074621e-06
4.538306450543370e-06
4.801527040406969e-06
5.100697767306292e-06
5.462795065452358e-06
5.852543176219478e-06
6.289055376689501e-06
6.842697752197297e-06
7.442702915627057e-06
8.155669919566825e-06
9.013691530724365e-06
1.003917499405624e-05
1.125873862788302e-05
1.274788054844931e-05
1.447342329122462e-05
1.659227329327245e-05
1.913670031735852e-05
2.220500537431092e-05
2.589527139200980e-05
3.043520944938259e-05
3.602279639613327e-05
4.265852435037970e-05
5.064348311791041e-05
6.209714531720555e-05
7.625673490004531e-05
9.492740658259788e-05
1.195609766224219e-04
1.522874593613048e-04
1.948371534784129e-04
2.527330392764928e-04
3.382290379887343e-04
4.699865522721935e-04
6.775692635017580e-04
1.000009295580675e-03
1.478117157363555e-03
2.162312123272970e-03
3.132108781000406e-03
4.510024854546317e-03
6.493642439587785e-03
9.354484269573049e-03
1.345021714203685e-02
1.917551286862196e-02
2.693862525233010e-02
3.719329198796303e-02
5.047564499981990e-02
6.730972032344473e-02
8.828497059815947e-02
1.140347986503700e-01
1.450831746256873e-01
1.818133340300712e-01
2.249453772306364e-01
2.754333088076355e-01
3.330095365608475e-01
3.962098415417012e-01
4.639278552013665e-01
5.340677555417987e-01
6.033369635538084e-01
6.685034812655096e-01
7.250159920759585e-01
8.029557894037600e-01
1.000000000000000e+00
1.000000000000000e+00
1.000000000000000e+00
1.000000000000000e+00
1.000000000000000e+00
1.000000000000000e+00
1.000000000000000e+00
1.000000000000000e+00
1.000000000000000e+00
1.000000000000000e+00
1.000000000000000e+00
###1.360000000000001e+01
1.096408153535746e-06
1.094709065795282e-06
6.547683253313189e-07
1.629686938361222e-06
2.001457811278939e-07
1.281681759407912e-06
1.312551327635955e-06
1.737890975610017e-06
1.898253486704012e-06
2.077904370891430e-06
2.096867337913604e-06
2.099711072130508e-06
2.159250290232450e-06
2.238968060992930e-06
2.333118582115253e-06
2.443408190383415e-06
2.568191718360534e-06
2.647615022150113e-06
2.818991332378504e-06
2.896742343199931e-06
3.046985817742432e-06
3.173323353547041e-06
3.315668998196301e-06
3.459532366743262e-06
3.625080085838013e-06
3.741054393106999e-06
3.985608940388624e-06
4.198493689227212e-06
4.433499132903125e-06
4.683234163569493e-06
4.947401362281267e-06
5.243510462844311e-06
5.577898134841071e-06
5.977255809047761e-06
6.410508505236876e-06
6.895868482338395e-06
7.502734904253777e-06
8.161962323892777e-06
8.948087474109241e-06
9.887234827401329e-06
1.100161960744139e-05
1.233802640645347e-05
1.394764885273638e-05
1.583794920020755e-05
1.814994358631672e-05
2.093568939492565e-05
2.431105845918808e-05
2.837676533478173e-05
3.339227687773555e-05
3.960277744050790e-05
4.710845555591205e-05
5.630482413736453e-05
6.918030942833133e-05
8.539722158369122e-05
1.066785222331721e-04
1.351658242137314e-04
1.733093334101890e-04
2.234254624964333e-04
2.920737355618916e-04
3.926823461012280e-04
5.446110035861195e-04
7.790697813578020e-04
1.136428351059250e-03
1.661168442418958e-03
2.411144416705875e-03
3.472948047090637e-03
4.977362995115413e-03
7.131116583605425e-03
1.021401866221000e-02
1.459047746826585e-02
2.066390474328077e-02
2.885623485546957e-02
3.963470903318374e-02
5.353869734639902e-02
7.111831016750184e-02
9.294120762522923e-02
1.196429574725345e-01
1.517457822908882e-01
1.896036246230463e-01
2.338546837653924e-01
2.853606797804010e-01
3.437548681195694e-01
4.074852080584899e-01
4.753509580260156e-01
5.451345501052004e-01
6.135074114900719e-01
6.770324434527822e-01
7.313937894241852e-01
8.069618802789874e-01
1.000000000000000e+00
1.000000000000000e+00
1.000000000000000e+00
1.000000000000000e+00
1.000000000000000e+00
1.000000000000000e+00
1.000000000000000e+00
1.000000000000000e+00
1.000000000000000e+00
1.000000000000000e+00
1.000000000000000e+00
###1.400000000000001e+01
1.149453842784327e-06
1.235241685861296e-06
6.860706203738974e-07
1.637688176011983e-06
2.277254963235429e-07
1.309202671478564e-06
1.348268226714102e-06
1.771184412402203e-06
1.927039017919468e-06
2.121561995238164e-06
2.155811311108049e-06
2.251405409434806e-06
2.248117427169658e-06
2.340072381992744e-06
2.446381244522650e-06
2.568793179513260e-06
2.705490525904757e-06
2.802237739119771e-06
2.983386048010474e-06
3.082329122653010e-06
3.245801912040119e-06
3.390540945168445e-06
3.551078635198575e-06
3.714870470464266e-06
3.900089815691700e-06
4.044314639021071e-06
4.306630991838923e-06
4.545253332764637e-06
4.806944300146810e-06
5.085991476543641e-06
5.382818765424841e-06
5.714682359856724e-06
6.086358933388665e-06
6.525826200510308e-06
7.006723707193594e-06
7.544206401316975e-06
8.209395633991153e-06
8.936023783309883e-06
9.799070622826786e-06
1.082668968867738e-05
1.204260795815647e-05
1.349764177056220e-05
1.525335215378178e-05
1.731978187872168e-05
1.984013047793505e-05
2.288274517840499e-05
2.661000515041461e-05
3.108502169370977e-05
3.665094972632781e-05
4.358427777439618e-05
5.202149476926590e-05
6.260199405576826e-05
7.705986763028262e-05
9.558849927843313e-05
1.199223673759220e-04
1.526155043948485e-04
1.969430261193586e-04
2.553785789408572e-04
3.360201171153550e-04
4.530692701097466e-04
6.272778700433443e-04
8.908399905724719e-04
1.286953353649236e-03
1.863344344799405e-03
2.684408957543531e-03
3.845583234512503e-03
5.484139941958492e-03
7.816908168919294e-03
1.113181985376805e-02
1.580117150068488e-02
2.223293851284415e-02
3.086680506378335e-02
4.218499406190396e-02
5.673043630535559e-02
7.505514621182571e-02
9.773977930896464e-02
1.254008715707396e-01
1.585682287434920e-01
1.975407580386178e-01
2.428756287406556e-01
2.953973046440526e-01
3.546021085187473e-01
4.187986452195265e-01
4.867801736909400e-01
5.561493017058512e-01
6.235918794214519e-01
6.857055477449177e-01
7.378507618640230e-01
8.111564896286084e-01
1.000000000000000e+00
1.000000000000000e+00
1.000000000000000e+00
1.000000000000000e+00
1.000000000000000e+00
1.000000000000000e+00
1.000000000000000e+00
1.000000000000000e+00
1.000000000000000e+00
1.000000000000000e+00
1.000000000000000e+00
###1.440000000000001e+01
1.148704731160748e-06
1.228519902312226e-06
7.397960614945508e-07
1.613603543666511e-06
2.676155962003406e-07
1.478239530245073e-06
1.385980834400642e-06
1.705072023316194e-06
1.967507380851384e-06
2.178051003924251e-06
2.217893461223452e-06
2.325752848133329e-06
2.340608441446814e-06
2.445017552300173e-06
2.564102361110563e-06
2.699194334419713e-06
2.848725221543167e-06
2.963187055127090e-06
3.155452183226451e-06
3.275172692278557e-06
3.453974478196478e-06
3.618349313715129e-06
3.798473277575936e-06
3.983628952412403e-06
4.189062345992539e-06
4.363863094302160e-06
4.646775568601499e-06
4.912612771670080e-06
5.203321233531804e-06
5.514050067500219e-06
5.845919904738670e-06
6.215145911221441e-06
6.629930748005690e-06
7.113355050666095e-06
7.645987462107798e-06
8.242149275287257e-06
8.964695699229385e-06
9.768143382331258e-06
1.071774691832232e-05
1.183698924487207e-05
1.316466282352766e-05
1.475358187003860e-05
1.666659318877391e-05
1.892707475215945e-05
2.168604090209572e-05
2.501764507251816e-05
2.910811109062258e-05
3.384353476382113e-05
4.024328634998312e-05
4.797927077182359e-05
5.746242182058173e-05
6.950260928083349e-05
8.582816931906218e-05
1.069507126446258e-04
1.345775432305769e-04
1.721739583919437e-04
2.232362816514974e-04
2.910799251616427e-04
3.848529686860837e-04
5.198885297191461e-04
7.184896187924770e-04
1.014104026987039e-03
1.452562790924932e-03
2.085464850230341e-03
2.984067800761714e-03
4.251348089478089e-03
6.032016497779134e-03
8.552611489934555e-03
1.211055844135209e-02
1.708186431231958e-02
2.388792292703542e-02
3.297586420658016e-02
4.485020138392656e-02
6.004712367608769e-02
7.913131253485484e-02
1.026845569025340e-01
1.313291921941467e-01
1.655589694812876e-01
2.056127044903142e-01
2.520535231112086e-01
3.055578544587012e-01
3.654998767052373e-01
4.301936286870204e-01
4.982266945819141e-01
5.671838815759025e-01
6.337230915649276e-01
6.943283385299810e-01
7.443701928890891e-01
8.151012652907814e-01
1.000000000000000e+00
1.000000000000000e+00
1.000000000000000e+00
1.000000000000000e+00
1.000000000000000e+00
1.000000000000000e+00
1.000000000000000e+00
1.000000000000000e+00
1.000000000000000e+00
1.000000000000000e+00
1.000000000000000e+00
###1.480000000000001e+01
1.153175721334077e-06
1.220010619230403e-06
7.554067484233906e-07
1.640212883547238e-06
3.021804734318870e-07
1.505047656223502e-06
1.423365459469641e-06
1.741628223300275e-06
2.007303112530555e-06
2.227384280476014e-06
2.278126117653462e-06
2.400765985053395e-06
2.435355462143213e-06
2.552603407947384e-06
2.684924100324086e-06
2.833576588204332e-06
2.996641170711786e-06
3.129409808963181e-06
3.334282343282230e-06
3.475107005601600e-06
3.671128343128984e-06
3.855937148683169e-06
4.056939458162583e-06
4.265190808841029e-06
4.493916053941508e-06
4.698739386273672e-06
5.004299493375653e-06
5.300430534494620e-06
5.622207121225191e-06
5.967144423272199e-06
6.337556285526512e-06
6.747478408431889e-06
7.207782736820763e-06
7.739668150828762e-06
8.327841069135607e-06
8.986611862613186e-06
9.777313698672586e-06
1.065651001115982e-05
1.170021270040292e-05
1.292164661289883e-05
1.438023362018338e-05
1.610666293171081e-05
1.819592623137484e-05
2.066446345098122e-05
2.367664310642345e-05
2.733868915094723e-05
3.182457302882454e-05
3.709087772447283e-05
4.416150915384777e-05
5.281242928307940e-05
6.337541985201854e-05
7.714998889707552e-05
9.553900534521295e-05
1.195575485194405e-04
1.511040777608197e-04
1.939672809831573e-04
2.525252946261522e-04
3.306757154876740e-04
4.390365123450596e-04
5.935927222736740e-04
8.186758807903497e-04
1.149280147659443e-03
1.634110056986469e-03
2.328377676041417e-03
3.310403465287558e-03
4.691330619454140e-03
6.622751339401880e-03
9.340171350431860e-03
1.315151804146093e-02
1.844011244441876e-02
2.563057106559569e-02
3.518754656591584e-02
4.763352450754460e-02
6.349387717066145e-02
8.335458585872715e-02
1.077933227282312e-01
1.374208446732549e-01
1.726999959741336e-01
2.138591285959395e-01
2.613932569439377e-01
3.158261188637910e-01
3.764917825866313e-01
4.416297092447767e-01
5.096837315344497e-01
5.782501144694866e-01
6.438559666184607e-01
7.029969873840584e-01
7.508976937236328e-01
8.195072296599469e-01
1.000000000000000e+00
1.000000000000000e+00
1.000000000000000e+00
1.000000000000000e+00
1.000000000000000e+00
1.000000000000000e+00
1.000000000000000e+00
1.000000000000000e+00
1.000000000000000e+00
1.000000000000000e+00
1.000000000000000e+00
###1.520000000000001e+01
1.142127816194198e-06
1.236719133973401e-06
7.771412585281238e-07
1.653930135818633e-06
3.737047369614271e-07
1.533212262718104e-06
1.462971415169095e-06
1.795676046849729e-06
2.054229523047574e-06
2.278098731069958e-06
2.349523259749168e-06
2.480980557466623e-06
2.532546632138089e-06
2.660891429786376e-06
2.809508963027950e-06
2.972736316710501e-06
3.149993603551231e-06
3.301222400170855e-06
3.520140041534858e-06
3.683133946614914e-06
3.899941920722640e-06
4.104132795994156e-06
4.327492144822955e-06
4.560484244704832e-06
4.814232446376076e-06
5.050717826437271e-06
5.382045580378553e-06
5.709458502599304e-06
6.065408692895071e-06
6.447962690248613e-06
6.859808949794728e-06
7.314893247741306e-06
7.821285219596822e-06
8.408056507533011e-06
9.055452677972342e-06
9.784283352376511e-06
1.064545250624059e-05
1.161501366465595e-05
1.275736233987840e-05
1.409537950331600e-05
1.567979910317651e-05
1.757572730258144e-05
1.984355784204721e-05
2.254851130608806e-05
2.585018414430994e-05
2.986712730317711e-05
3.479578543797568e-05
4.067258275639278e-05
4.847153765561402e-05
5.810991927217135e-05
7.004497993840200e-05
8.558130582378629e-05
1.063512177475068e-04
1.335090760333284e-04
1.694392737271603e-04
2.182107788562694e-04
2.849730035132287e-04
3.745841365463587e-04
4.987259341079238e-04
6.747331875109152e-04
9.286245532265865e-04
1.297254481680057e-03
1.832486304846869e-03
2.593282745208383e-03
3.665098182602092e-03
5.167290500682794e-03
7.257783943782694e-03
1.018275088958953e-02
1.425706680619998e-02
1.987416120898903e-02
2.746758528095436e-02
3.750561045111246e-02
5.053433743903166e-02
6.707717295344040e-02
8.772823960679578e-02
1.130623898591986e-01
1.436737527267611e-01
1.800055023770117e-01
2.222689389570562e-01
2.708576773249727e-01
3.261988179085355e-01
3.875758409577617e-01
4.531143402299422e-01
5.211856624613799e-01
5.892976054985998e-01
6.540056019758518e-01
7.116902271678086e-01
7.576141977218875e-01
8.241135808205591e-01
1.000000000000000e+00
1.000000000000000e+00
1.000000000000000e+00
1.000000000000000e+00
1.000000000000000e+00
1.000000000000000e+00
1.000000000000000e+00
1.000000000000000e+00
1.000000000000000e+00
1.000000000000000e+00
1.000000000000000e+00
###1.560000000000001e+01
1.080839046031522e-06
1.246600089989550e-06
8.074023783091929e-07
1.609351204110868e-06
4.049144548741719e-07
1.569576977129394e-06
1.500432703808019e-06
1.839108241192089e-06
2.104087353945191e-06
2.332211159424838e-06
2.430333726910123e-06
2.561999063365760e-06
2.632013203207540e-06
2.774760036454425e-06
2.937748935127125e-06
3.115925944986894e-06
3.308570021909716e-06
3.477786453310268e-06
3.713539689928734e-06
3.899327390462026e-06
4.135554857605144e-06
4.363149936990529e-06
4.609991793988636e-06
4.869736033555195e-06
5.150621820283844e-06
5.420511423233185e-06
5.779413094197013e-06
6.141415072050657e-06
6.533629523182860e-06
6.957036756710865e-06
7.412847426388306e-06
7.916888462453151e-06
8.475545300040127e-06
9.119261222655738e-06
9.833736779066724e-06
1.063373615898597e-05
1.157713330698299e-05
1.263905760900095e-05
1.388929903400995e-05
1.535305416894095e-05
1.708329593664021e-05
1.915425504188084e-05
2.161847250159841e-05
2.458524460689584e-05
2.820541878987749e-05
3.261408806049166e-05
3.802802781843237e-05
4.459266150374503e-05
5.320017290982152e-05
6.393060648142042e-05
7.738238163933543e-05
9.485310635889902e-05
1.182931964502206e-04
1.487943646547048e-04
1.897861412501126e-04
2.451931862801113e-04
3.209441184384607e-04
4.230638418493042e-04
5.644952428509529e-04
7.637680998644186e-04
1.049092519400086e-03
1.459141580303349e-03
2.048602198929291e-03
2.881810800629146e-03
4.049496641780140e-03
5.680585770071037e-03
7.939622393872277e-03
1.108207331545827e-02
1.543163473308871e-02
2.138758399050976e-02
2.939724041860892e-02
3.993459627343558e-02
5.355808152584413e-02
7.080845761380336e-02
9.225114636817183e-02
1.184940563338308e-01
1.501002213408499e-01
1.875011977866423e-01
2.308478951450179e-01
2.804847226248345e-01
3.367186776843140e-01
3.987733421704869e-01
4.646782205146396e-01
5.327359470786155e-01
6.003727698570803e-01
6.641306036109191e-01
7.203461408422561e-01
7.644653180290475e-01
8.284930562389011e-01
1.000000000000000e+00
1.000000000000000e+00
1.000000000000000e+00
1.000000000000000e+00
1.000000000000000e+00
1.000000000000000e+00
1.000000000000000e+00
1.000000000000000e+00
1.000000000000000e+00
1.000000000000000e+00
1.000000000000000e+00
