# NLO BK equation solver 0.0-dev build  (build Nov 18 2025 11:57:20)
# Initial condition: MV model, Q_s0^2 = 0.0874731 GeV^2, \gamma = 4.4006, coefficient of E inside Log is 1, x0=0.01, \Lambda_QCD = 0.241 GeV
# # LO Kernel RC:  Balitsky. NLO Kernel RC:  smallest dipole
# Nc=3, Nf=4
# Using RungeKutta method in K1
# Resumming double log
# Resumming single log, K_sub=0.65 resum rc: smallest
# BK K1 integration relative accuracy: 0.02# NLO BK as^2 terms: MC integration method: Vegas, points=1000000
# Kinematical constraint: none
# Target kinematical constraint: disabled

###1.000000000000000e-05
###1.160836920850890e+00
###100
###1.000000000000000e+00
###0.000000000000000e+00
7.036533561422143e-49
2.584561646978542e-48
9.491961051342968e-48
3.485495431937847e-47
1.279708794376097e-46
4.697798149125137e-46
1.724298901514262e-45
6.327965947295805e-45
2.321920890409704e-44
8.518451689564817e-44
3.124654909894345e-43
1.145960701601078e-42
4.202054703103566e-42
1.540550566585674e-41
5.646903639791276e-41
2.069487250080513e-40
7.582820889256599e-40
2.777871253702147e-39
1.017429226549341e-38
3.725670841952574e-38
1.363986967029007e-37
4.992505903719467e-37
1.826949825256341e-36
6.683919693857949e-36
2.444720179525542e-35
8.939578300074148e-35
3.268069619108498e-34
1.194395723282072e-33
4.363992087210171e-33
1.594022163379924e-32
5.820699148038609e-32
2.124818512039085e-31
7.754069516849577e-31
2.828744526860481e-30
1.031593798558429e-29
3.760704235740534e-29
1.370469295761248e-28
4.992327000876965e-28
1.817874547780225e-27
6.616757391268112e-27
2.407353221235960e-26
8.754679159521634e-26
3.182281339475899e-25
1.156182839776742e-24
4.198511312152883e-24
1.523827450595964e-23
5.527620729756188e-23
2.003975900656087e-22
7.260857305455122e-22
2.629137442468767e-21
9.513865032686141e-21
3.440383213546346e-20
1.243226176043625e-19
4.489250848424937e-19
1.619811663978058e-18
5.839938738780587e-18
2.103735642538751e-17
7.571798445654627e-17
2.722813711268407e-16
9.782145952904775e-16
3.511030525865111e-15
1.258946371627762e-14
4.509634266897601e-14
1.613719794500237e-13
5.768480950893225e-13
2.059863613336084e-12
7.347852706336710e-12
2.618386984752218e-11
9.321188327565192e-11
3.315070443539666e-10
1.177949658799416e-09
4.182262264408389e-09
1.483867240947102e-08
5.261846365509968e-08
1.865144663799966e-07
6.610005497333719e-07
2.342614949602155e-06
8.304518735894265e-06
2.945428856027110e-05
1.045483059217700e-04
3.714557210265923e-04
1.321078407196641e-03
4.700142365160032e-03
1.667993256023192e-02
5.840154972801470e-02
1.940652908823354e-01
5.394449549805529e-01
9.387497054696109e-01
9.999582590099256e-01
9.999999999999999e-01
1.000000000000000e+00
1.000000000000000e+00
1.000000000000000e+00
1.000000000000000e+00
1.000000000000000e+00
1.000000000000000e+00
1.000000000000000e+00
1.000000000000000e+00
1.000000000000000e+00
1.000000000000000e+00
###4.000000000000000e-01
-3.293354243349038e-11
2.862599850442158e-11
-1.201088322825831e-11
1.471104634846555e-10
-1.457252419759021e-10
-1.650774031297954e-10
-1.197091357843541e-11
5.451901683854538e-11
-1.266645473752501e-10
4.224777433173559e-10
-3.841403529403724e-11
3.665206547954894e-11
-3.546987955190663e-12
3.747989850687771e-11
-2.305487571917951e-11
-1.209813589164729e-11
1.547366075405254e-11
1.706104182537014e-10
-4.562782280230080e-12
2.514102338423254e-12
-3.149192851386129e-10
3.191142025607531e-11
3.881398791418574e-11
2.635717965229817e-11
3.993250967100337e-11
6.490797220534179e-11
6.184330819520559e-11
1.166394450489353e-10
1.053300163853171e-10
1.609036150808459e-10
2.094624546743723e-10
2.884324550776972e-10
3.726510805390970e-10
5.251602933353267e-10
6.711070226772139e-10
8.935734026319497e-10
1.219943619009262e-09
1.633237560680858e-09
2.171596379990163e-09
2.884978022326377e-09
3.901146577146855e-09
5.159721907804953e-09
6.880384284583145e-09
9.195617774665055e-09
1.211275892476901e-08
1.608812982121168e-08
2.123780583830415e-08
2.812499141983179e-08
3.703233236204329e-08
4.883479683186623e-08
6.421917463499895e-08
8.458074331695580e-08
1.113186285571106e-07
1.466306737101729e-07
1.933246970288818e-07
2.575643088034599e-07
3.428340093132081e-07
4.595609494625649e-07
6.199755115992295e-07
8.466087426205103e-07
1.166204781044631e-06
1.623786282706625e-06
2.296981159805531e-06
3.307881262640307e-06
4.820708997965670e-06
7.119433313905673e-06
1.037176030924063e-05
1.608941724597636e-05
2.451805250954600e-05
3.767117757110582e-05
5.805270382516922e-05
8.956132864020670e-05
1.387433199964257e-04
2.144062968127487e-04
3.314431308310431e-04
5.125193701833049e-04
7.955507271046988e-04
1.236645643833028e-03
1.941417741088103e-03
3.101550424216925e-03
5.133992070066787e-03
8.925103255724364e-03
1.682982809435105e-02
3.554602893688284e-02
8.501028800922199e-02
2.192531314420647e-01
5.246225362628862e-01
8.708078785316195e-01
9.579960052026427e-01
9.999999999999999e-01
1.000000000000000e+00
1.000000000000000e+00
1.000000000000000e+00
1.000000000000000e+00
1.000000000000000e+00
1.000000000000000e+00
1.000000000000000e+00
1.000000000000000e+00
1.000000000000000e+00
1.000000000000000e+00
###8.000000000000000e-01
2.612879149624610e-11
-3.577295876879488e-11
-6.447921883230449e-09
1.590295163117344e-10
-2.122393401170268e-09
-9.444979287063814e-10
8.609887134449136e-10
9.937465710167508e-10
1.197995637919674e-09
7.024358772499199e-10
4.999941978201309e-10
-3.675760079435471e-10
-2.495969926796932e-09
-6.983490918979062e-11
5.985782941738656e-10
-3.865163162255049e-10
2.329620460105410e-10
1.013357945276111e-10
2.504421694810119e-10
-1.099236692647847e-11
-3.612573331765856e-10
2.693081684491540e-10
5.495181364946228e-11
1.729498357056106e-10
4.437046886867781e-10
7.348534309040353e-10
1.437103796402426e-10
4.165160991904145e-10
5.138033009642361e-10
6.052638636063623e-10
6.523465512284474e-10
8.906193807603215e-10
1.105491760984271e-09
1.568421895663854e-09
1.494425406113051e-09
2.548604486460383e-09
3.273532474209618e-09
4.240092653255772e-09
5.444263360631709e-09
7.233173179565732e-09
9.509551377416230e-09
1.264142962753070e-08
1.665724318994588e-08
2.201429039811123e-08
2.887689063024985e-08
3.790207252585296e-08
4.933082802486601e-08
6.495060301639685e-08
8.478516873149323e-08
1.102344096565804e-07
1.440545677660157e-07
1.862989174845887e-07
2.420196425665854e-07
3.149311154413246e-07
4.101224065124375e-07
5.353338967121406e-07
7.033221144359479e-07
9.298982604696218e-07
1.239263396489741e-06
1.652512723316440e-06
2.291316686862135e-06
3.168010753634523e-06
4.525829548732274e-06
6.571990267323356e-06
9.722927392943484e-06
1.465198152070076e-05
2.204352166048283e-05
3.490021946136580e-05
5.459407545118359e-05
8.578970884112097e-05
1.304971096750782e-04
2.087651710038559e-04
3.239466292212587e-04
4.991174574124322e-04
7.662887273159024e-04
1.171134342279949e-03
1.789016526212154e-03
2.724990288089466e-03
4.164050680148158e-03
6.447509516409855e-03
1.024323711656529e-02
1.675518137840271e-02
2.875726057026770e-02
5.321018331350269e-02
1.086182805637816e-01
2.402728338188510e-01
5.121005689918493e-01
8.153191396120597e-01
9.205352835939759e-01
9.999999999999999e-01
1.000000000000000e+00
1.000000000000000e+00
1.000000000000000e+00
1.000000000000000e+00
1.000000000000000e+00
1.000000000000000e+00
1.000000000000000e+00
1.000000000000000e+00
1.000000000000000e+00
1.000000000000000e+00
###1.200000000000000e+00
-3.171873929316020e-09
3.337530227626180e-10
-6.652389749406908e-09
6.096765367314362e-09
-1.071049238905948e-09
2.080967410237153e-09
5.841664846089451e-10
6.938529347932856e-09
1.432606329257147e-09
1.350947435406285e-09
3.341407893874714e-09
5.262290856924444e-11
-2.465463906467988e-09
2.757096247122798e-10
8.556666731607568e-10
1.836544713583660e-11
4.332967718888493e-10
2.679884110416976e-10
-5.687098194418260e-10
9.017133009247250e-10
-9.587727502234492e-10
-1.782890030253660e-10
4.863134018475629e-10
4.189571507736025e-10
3.121564419190802e-10
8.920964731050194e-10
4.627942996301270e-10
-1.222729488237431e-10
1.002628375322099e-09
2.642044947064721e-09
1.054247335326810e-09
1.488191516292505e-09
2.368767932443558e-09
3.111949917690853e-09
3.410118638512406e-09
5.047101155772000e-09
6.775240062230551e-09
7.828249366328980e-09
1.038200251655823e-08
1.398542214819371e-08
1.792749535313518e-08
2.386514345804659e-08
3.157393437604854e-08
4.083306405409958e-08
5.291325816039313e-08
6.900484389636355e-08
8.902161197856699e-08
1.152297901212755e-07
1.477776457610170e-07
1.891852562940346e-07
2.427900061446677e-07
3.096002658555278e-07
3.903668740574137e-07
4.958180136346367e-07
6.333656029474950e-07
8.058321665716180e-07
1.026510854743063e-06
1.311686844476646e-06
1.702994126425066e-06
2.227426584971834e-06
3.005747427076026e-06
4.129220216259283e-06
5.856227805864003e-06
8.641441968285609e-06
1.291449575470721e-05
2.078869096955372e-05
3.291507852884183e-05
5.380139759722191e-05
8.725525132400697e-05
1.410913537471024e-04
2.226553903261367e-04
3.559069745561346e-04
5.539267309121888e-04
8.531947346030552e-04
1.303582776392804e-03
1.973503863271222e-03
2.975153480883389e-03
4.461830921188382e-03
6.687328067352788e-03
1.013223297180538e-02
1.568942913741662e-02
2.481126080935829e-02
4.053362889664937e-02
6.988806879439621e-02
1.298055841650749e-01
2.581194709316984e-01
5.017841063209306e-01
7.699722009653618e-01
8.875159905696065e-01
9.999999999999999e-01
1.000000000000000e+00
1.000000000000000e+00
1.000000000000000e+00
1.000000000000000e+00
1.000000000000000e+00
1.000000000000000e+00
1.000000000000000e+00
1.000000000000000e+00
1.000000000000000e+00
1.000000000000000e+00
###1.600000000000000e+00
-7.801906178315206e-10
-2.029622106822182e-08
-2.487521165630114e-09
-1.227533120287987e-08
7.934663984129511e-09
1.544940697831082e-09
1.656180281303432e-09
7.078267220806845e-09
2.241520937594724e-09
4.587831311372016e-09
2.407732609953360e-10
1.095774068971727e-09
-1.721664736586336e-09
-2.058884496562881e-09
5.815858775008018e-11
1.394252017370406e-12
1.047519995227723e-09
1.510854680285844e-10
5.179953178425716e-10
3.412191134947193e-09
-2.513296201866897e-10
1.261662356612536e-09
-4.853469803845777e-11
1.315292273604516e-09
1.059025693004635e-09
2.060215261312070e-09
1.534189294634135e-09
1.043700668427002e-09
1.950608775680004e-09
4.066671660097053e-09
2.663079517435628e-09
2.616836072028617e-09
4.286060271058116e-09
6.160329426335754e-09
6.764422614965061e-09
8.907518653138180e-09
1.202050645218943e-08
1.367765168545567e-08
1.850526391351496e-08
2.487947201224569e-08
3.121041888039937e-08
4.048121747381748e-08
5.319089190639927e-08
6.777199516638079e-08
8.666107206374907e-08
1.114379174093614e-07
1.427179498944667e-07
1.818291705594617e-07
2.296885193838499e-07
2.903964843081216e-07
3.661426252432595e-07
4.581792939849035e-07
5.621302585301202e-07
6.941667966672729e-07
8.565955777489641e-07
1.052656640588759e-06
1.286616910913479e-06
1.556151132765800e-06
1.928555322475113e-06
2.396271234778033e-06
3.100131688966571e-06
4.174504779528534e-06
5.976276507183843e-06
9.047025070542705e-06
1.436290575382119e-05
2.434968532019038e-05
4.136739424320835e-05
7.108309396766303e-05
1.208068638911885e-04
2.018215384371748e-04
3.282237833728651e-04
5.294081886101537e-04
8.284522180856495e-04
1.275808365918621e-03
1.941715108560792e-03
2.916196358570387e-03
4.352231714324010e-03
6.442019485136925e-03
9.499508751945041e-03
1.414496342445719e-02
2.145390992004272e-02
3.308813124135442e-02
5.220268378862030e-02
8.572986753995576e-02
1.490536539562859e-01
2.736124104236736e-01
4.935455942351993e-01
7.330258257747183e-01
8.586474061879144e-01
9.999999999999999e-01
1.000000000000000e+00
1.000000000000000e+00
1.000000000000000e+00
1.000000000000000e+00
1.000000000000000e+00
1.000000000000000e+00
1.000000000000000e+00
1.000000000000000e+00
1.000000000000000e+00
1.000000000000000e+00
###2.000000000000000e+00
1.973469013052093e-09
-2.698139731996168e-08
-3.782022094721046e-09
-1.136534978991630e-08
7.721042740380271e-09
5.167522054154482e-10
2.221225187928062e-09
1.162229288118323e-08
1.004968121460724e-09
3.982175549125353e-09
-1.860648725979733e-09
-5.929503573218166e-09
1.783769931447850e-10
1.994689749384667e-09
-1.041674595410127e-09
2.180396244956918e-09
1.935080310878627e-10
1.429053541873496e-09
9.368199796039670e-10
2.457056299403900e-09
-8.002089219124468e-09
2.834119963491105e-09
1.336559691231071e-09
2.347129607613699e-09
3.173327996131024e-09
2.965496839061637e-09
2.719250348598515e-09
2.765695956774373e-09
-1.788836138892240e-10
6.581751759070044e-09
5.414808686273310e-09
6.150905401069003e-09
7.498378830944629e-09
9.467654481848471e-09
1.118756417953055e-08
1.390265961423210e-08
1.889149439549249e-08
2.273455706859976e-08
2.910005573535237e-08
3.814975928315462e-08
4.917038315084255e-08
6.366430743507627e-08
8.135301758406586e-08
1.027233190999820e-07
1.303511471506120e-07
1.659589084713103e-07
2.100814447021859e-07
2.667107574544118e-07
3.328149529147554e-07
4.141950341061629e-07
5.118890580224083e-07
6.256039001795144e-07
7.520043450813998e-07
9.041619482585215e-07
1.064628401981929e-06
1.242824649863024e-06
1.431044438005055e-06
1.611039753159511e-06
1.828302420961954e-06
2.055445169257438e-06
2.463575189240224e-06
3.122599492104830e-06
4.563656049050943e-06
7.411194918359992e-06
1.314564598952293e-05
2.511410562063134e-05
4.693269049096496e-05
8.661603092621684e-05
1.549220635661986e-04
2.681192908563040e-04
4.475024081523398e-04
7.287893848115985e-04
1.147496807702782e-03
1.767423740116320e-03
2.679208091586963e-03
3.996412558120868e-03
5.913766032464718e-03
8.652497781071255e-03
1.258986936909022e-02
1.845975861475450e-02
2.751741777866464e-02
4.157432479412574e-02
6.378161884594778e-02
1.008959216603946e-01
1.667581111347102e-01
2.873776239196020e-01
4.872570818072306e-01
7.030114382214747e-01
8.337880312581626e-01
9.999999999999999e-01
1.000000000000000e+00
1.000000000000000e+00
1.000000000000000e+00
1.000000000000000e+00
1.000000000000000e+00
1.000000000000000e+00
1.000000000000000e+00
1.000000000000000e+00
1.000000000000000e+00
1.000000000000000e+00
###2.400000000000000e+00
-4.467530093810332e-08
-1.910403328921170e-08
1.056025897863400e-09
-1.636850912498028e-08
1.714713727217855e-08
7.429288313941440e-10
1.179933276821048e-08
-7.413386518134201e-09
-1.622010584724523e-11
2.143864529639034e-09
3.095377473334150e-10
-6.863316024141326e-09
3.903120290894854e-10
-1.424097031707299e-09
-1.422788660778427e-10
1.241839446183782e-09
1.119490335456870e-09
3.063722610521487e-09
2.994070167279885e-09
9.011529929438144e-09
-6.894919405323103e-09
4.389030880498944e-09
2.661659340451640e-09
5.718924607651416e-09
3.914138112005664e-09
3.552257348924985e-09
4.181750529884421e-09
3.653853910501236e-09
2.161185890967854e-09
6.816982098969772e-09
6.492394434010583e-09
9.217411818321915e-09
1.107110187958284e-08
1.186466891872572e-08
1.639344517984129e-08
2.014365359366096e-08
2.743523158363693e-08
3.382398573979505e-08
4.221884386753055e-08
5.594780275968148e-08
7.131527601947739e-08
9.198450743767221e-08
1.168204163096527e-07
1.480350139560403e-07
1.850427349509088e-07
2.347807691414104e-07
2.943908841809600e-07
3.737001363498314e-07
4.558332255867629e-07
5.551427344647742e-07
6.766714888659736e-07
8.150258830988066e-07
9.563393836831777e-07
1.112648865660070e-06
1.252408360231405e-06
1.385360703558583e-06
1.462083871782328e-06
1.474658301740519e-06
1.398241352519524e-06
1.219304114623297e-06
1.065759046959652e-06
9.489728124707191e-07
1.615990511361513e-06
3.944558278032911e-06
9.633056802551135e-06
2.323564886286860e-05
5.004959865754042e-05
1.008942304525009e-04
1.901663614436750e-04
3.405590022154218e-04
5.815264661367093e-04
9.557558090573211e-04
1.511354294008069e-03
2.327183690205399e-03
3.512900373887995e-03
5.210223941732753e-03
7.648329050413015e-03
1.108324045883527e-02
1.594050571955986e-02
2.305660996615637e-02
3.384091269558137e-02
5.022933788760949e-02
7.528976096253848e-02
1.155076486594196e-01
1.832332516812344e-01
2.998952981818011e-01
4.828305737187855e-01
6.789812450857844e-01
8.126516193893784e-01
9.999999999999999e-01
1.000000000000000e+00
1.000000000000000e+00
1.000000000000000e+00
1.000000000000000e+00
1.000000000000000e+00
1.000000000000000e+00
1.000000000000000e+00
1.000000000000000e+00
1.000000000000000e+00
1.000000000000000e+00
###2.800000000000000e+00
-7.987800094794251e-08
-4.655164488869843e-09
-9.560038734188691e-11
-1.232704697939074e-08
-2.128860710563063e-08
-9.950824114401614e-11
1.360997194710299e-08
-1.702486571919217e-08
5.970366507672597e-11
-1.606989546655979e-09
6.832821834792149e-09
-3.505815577772800e-09
-3.334681275656962e-09
3.809487998761277e-09
-5.824437123032193e-09
2.264794074469483e-09
1.322860559160409e-09
1.201075430413669e-08
4.322442289847524e-09
9.282447171892727e-09
-3.891921038899707e-09
6.919040744308590e-09
4.748354006434162e-09
7.120740581708108e-09
5.607905497681153e-09
5.483482310723851e-09
6.050834987652130e-09
4.964588147026758e-09
4.212233910874319e-09
8.457332160696569e-09
9.749038389276939e-09
1.233517433799532e-08
1.284241464748559e-08
1.779613361770004e-08
2.306365053631000e-08
2.881151457826521e-08
3.775692303192207e-08
4.683210163438772e-08
5.959834360472536e-08
7.755849282220573e-08
9.596522291998024e-08
1.253511707700152e-07
1.590570502878206e-07
1.997075610269005e-07
2.515040353635255e-07
3.153853379102009e-07
3.928940014956640e-07
4.930416574190364e-07
5.953219921624543e-07
7.206617828498952e-07
8.590164870506505e-07
1.019297863502408e-06
1.171329674703838e-06
1.315560589192801e-06
1.425254056368804e-06
1.478472152145684e-06
1.396020609663136e-06
1.161197344916362e-06
7.402081380075572e-07
9.609265962162097e-08
-9.693570946678219e-07
-2.109746561915398e-06
-2.551636527154521e-06
-5.247575390662936e-07
5.143857811998575e-06
1.994462670905646e-05
5.220689483045919e-05
1.150417415823794e-04
2.286551905468189e-04
4.214179775041090e-04
7.316074903465570e-04
1.211799391021678e-03
1.921961641336688e-03
2.953414447028692e-03
4.444232867026643e-03
6.553633461287360e-03
9.550462948339529e-03
1.372023294379151e-02
1.953574676561653e-02
2.791790719744369e-02
4.042493732053287e-02
5.903881771642165e-02
8.672270899085324e-02
1.296334568402416e-01
1.987439646095557e-01
3.115235444387638e-01
4.800371131225062e-01
6.597505584728900e-01
7.950730002100810e-01
9.999999999999999e-01
1.000000000000000e+00
1.000000000000000e+00
1.000000000000000e+00
1.000000000000000e+00
1.000000000000000e+00
1.000000000000000e+00
1.000000000000000e+00
1.000000000000000e+00
1.000000000000000e+00
1.000000000000000e+00
###3.200000000000000e+00
-7.685411037313028e-08
-1.989477103345341e-08
1.203110236089147e-08
-3.054236560424849e-08
-1.025330905179579e-08
-5.257399515234110e-09
1.889317754374002e-08
-1.703730109530288e-08
7.728756187187541e-09
2.138400454579639e-08
1.141762756271445e-08
8.421035743783306e-09
1.032572885576316e-09
9.561324252269135e-09
-1.515050632069226e-10
3.943017255704031e-09
2.881343020636267e-09
1.747202547048289e-08
1.218278677087986e-08
1.411139240974789e-08
3.002336220182912e-09
1.297001759754140e-08
1.188358076444016e-08
1.452470409522767e-08
9.735837648740918e-09
1.059496347025502e-08
1.231560679380714e-08
1.142749441373567e-08
1.111827487161583e-08
1.652674403663536e-08
1.728071949477101e-08
1.973521282793257e-08
2.312053386779332e-08
2.910089026515167e-08
3.452603440209063e-08
4.176073318152566e-08
5.444578862070136e-08
6.566784259889202e-08
8.399698565346778e-08
1.086809213695618e-07
1.291736076258943e-07
1.698012887336271e-07
2.128891115107948e-07
2.633302460456541e-07
3.311153259726346e-07
4.117044857254068e-07
5.093424978746617e-07
6.330632583933185e-07
7.580961989000010e-07
9.104825404313174e-07
1.072397693076921e-06
1.253002493397522e-06
1.409142328136380e-06
1.546659664839815e-06
1.615026721285693e-06
1.566217214180011e-06
1.343811652383384e-06
9.153293538241050e-07
1.490048317092916e-07
-1.363229710300917e-06
-3.570537764734290e-06
-5.848956406743499e-06
-7.402486512175305e-06
-6.060441458101320e-06
3.993160247896107e-06
1.989161130982220e-05
5.551295732458716e-05
1.323916529507160e-04
2.722928943655534e-04
5.124773109817512e-04
9.008451578312195e-04
1.498058328648631e-03
2.378086791475424e-03
3.649660395807815e-03
5.466074020547932e-03
8.020515068818847e-03
1.160444212253526e-02
1.654311652276829e-02
2.334558825333979e-02
3.301456785226576e-02
4.724445433063697e-02
6.796308068652546e-02
9.808102045815321e-02
1.433659760792692e-01
2.134258272065975e-01
3.225649138667714e-01
4.787754311060382e-01
6.448425652704383e-01
7.805775886996341e-01
9.999999999999999e-01
1.000000000000000e+00
1.000000000000000e+00
1.000000000000000e+00
1.000000000000000e+00
1.000000000000000e+00
1.000000000000000e+00
1.000000000000000e+00
1.000000000000000e+00
1.000000000000000e+00
1.000000000000000e+00
###3.600000000000000e+00
-1.225479088841609e-07
-2.119377119524328e-08
2.524503635745737e-08
-7.510234214037052e-09
-5.008857461978628e-09
8.705840795962379e-08
1.618344883530647e-08
-2.349965110705124e-08
4.291674582916217e-09
2.411928531820798e-08
1.083485443143877e-08
1.516813547913737e-08
-8.659176475900298e-09
1.167275648956187e-08
5.894220710474792e-09
6.633311285072878e-09
1.143797656040054e-08
2.105277942509827e-08
2.120149878129673e-08
1.569563710878255e-08
1.005637239865252e-08
2.060036373829232e-08
1.864558498444036e-08
2.290144431846924e-08
1.810032296965403e-08
1.959904907467606e-08
2.087676658921269e-08
2.073923402201157e-08
2.070343779620243e-08
2.252790569881828e-08
2.869147406436663e-08
3.126076797833834e-08
3.376455159899403e-08
4.241924199667361e-08
4.676175663890385e-08
5.953741569931187e-08
7.607520810121100e-08
9.047725455907140e-08
1.133350230108642e-07
1.436452804508476e-07
1.728466535050192e-07
2.233409830053238e-07
2.774080737319733e-07
3.404709742586449e-07
4.240010836133844e-07
5.224677726236228e-07
6.423557644308452e-07
7.904173515757802e-07
9.449384758591289e-07
1.121868450278342e-06
1.310160804463735e-06
1.509914189298058e-06
1.671453426687477e-06
1.779454882840045e-06
1.827435080581922e-06
1.695622927617288e-06
1.440386720553894e-06
9.897863716786947e-07
-6.837730778579163e-07
-3.114937559927906e-06
-6.504163673767752e-06
-1.019772325093458e-05
-1.313852273108970e-05
-1.261496761020754e-05
6.243357446545016e-07
1.841926511369920e-05
6.020442453181730e-05
1.530345836427478e-04
3.236584107837142e-04
6.169902931785510e-04
1.090395836000766e-03
1.815781159937669e-03
2.881064753882267e-03
4.412568030479145e-03
6.579191514347724e-03
9.608585715197614e-03
1.380841149970556e-02
1.954239362505078e-02
2.735311725328923e-02
3.832941306090004e-02
5.424578019943966e-02
7.702170371556094e-02
1.093872304554998e-01
1.567269533530401e-01
2.274921563504928e-01
3.332045774126173e-01
4.790018642111566e-01
6.333133341618896e-01
7.688327187338547e-01
9.999999999999999e-01
1.000000000000000e+00
1.000000000000000e+00
1.000000000000000e+00
1.000000000000000e+00
1.000000000000000e+00
1.000000000000000e+00
1.000000000000000e+00
1.000000000000000e+00
1.000000000000000e+00
1.000000000000000e+00
###4.000000000000000e+00
-6.622577416668632e-08
-2.840005052760583e-08
4.821475265056359e-08
8.336075787940695e-09
-1.385635038644817e-09
9.802955944307010e-08
1.731986232155465e-10
-8.039147222440665e-09
8.913763882724520e-09
4.007360688378903e-08
3.092942024363177e-08
3.295211922597563e-08
7.191229850347394e-09
2.422635707753282e-08
2.556886106991699e-08
2.384603758027871e-08
2.928025539882906e-08
3.929037138374061e-08
4.478887930288482e-08
3.300920567867470e-08
3.022694274654184e-08
3.744461379269445e-08
3.578623161995801e-08
4.448007805359044e-08
3.865490051183392e-08
3.872067972942406e-08
4.025246231895708e-08
4.188098319094864e-08
4.646362684662366e-08
5.410936254175591e-08
3.332968369073704e-09
6.835989472477476e-08
6.988796992033999e-08
7.269150014613948e-08
8.114199537545121e-08
9.613013872560220e-08
1.139889684481541e-07
1.322631702706069e-07
1.614513322028850e-07
1.970267282201271e-07
2.361441634192065e-07
2.947583942155426e-07
3.649916595289687e-07
4.430084536042272e-07
5.404157290985830e-07
6.611404203582891e-07
8.046251699367553e-07
9.756567128691991e-07
1.163551818891810e-06
1.365245562400647e-06
1.580469364644933e-06
1.811527416176743e-06
1.989946644086672e-06
2.094013924669898e-06
2.135321693857670e-06
1.934897793504830e-06
1.697702370488765e-06
1.372556994344205e-06
-1.484360899394358e-06
-4.617767108791937e-06
-9.089930340392722e-06
-1.401270241856500e-05
-1.813166426647308e-05
-1.743873498499829e-05
-6.120015751515667e-08
3.691681573448913e-05
8.510407884596114e-05
1.860504961931838e-04
3.902315886151730e-04
7.406645955426517e-04
1.307437890093127e-03
2.172385950296483e-03
3.437120856860954e-03
5.244047125277675e-03
7.783422061892972e-03
1.130931089507896e-02
1.615226492392993e-02
2.271199169888144e-02
3.155088897751723e-02
4.383582151422268e-02
6.143098123443710e-02
8.616586081461014e-02
1.206184371201461e-01
1.698154164372519e-01
2.409950069255173e-01
3.436283400948552e-01
4.803310231422027e-01
6.249362647574821e-01
7.595531203096256e-01
9.999999999999999e-01
1.000000000000000e+00
1.000000000000000e+00
1.000000000000000e+00
1.000000000000000e+00
1.000000000000000e+00
1.000000000000000e+00
1.000000000000000e+00
1.000000000000000e+00
1.000000000000000e+00
1.000000000000000e+00
###4.399999999999999e+00
-7.393915110062013e-08
-2.933365632991271e-08
7.344643056833534e-08
9.056919105046479e-09
1.037351096019736e-07
1.180668233916509e-07
1.985816005385705e-08
-3.208792365076573e-09
1.612373501247756e-08
2.352657446434487e-08
2.971802805754061e-08
5.097287402469359e-08
2.133972397291534e-08
3.803916503727478e-08
4.656085416959934e-08
3.438702154039836e-08
4.253468986727029e-08
4.499784175806501e-08
5.519612578879605e-08
4.125381056051383e-08
4.408192949275139e-08
4.845668657363207e-08
5.178921611395574e-08
5.482910198608651e-08
5.072711756055252e-08
4.807983854338679e-08
5.341107250057817e-08
5.535197448668097e-08
6.232357312463755e-08
6.571559117103511e-08
2.516520735463833e-08
8.464628163074314e-08
9.160809670467932e-08
9.455911212651545e-08
1.047374240122912e-07
1.324796237877041e-07
1.442920689364586e-07
1.697062657157192e-07
2.027030642190128e-07
2.457050821614890e-07
2.931317868116131e-07
3.647054590510992e-07
4.503615432865583e-07
5.425361833564221e-07
6.603988610997243e-07
8.102455684160649e-07
9.789329038425730e-07
1.177221891670464e-06
1.395976404056998e-06
1.633313683022783e-06
1.887140279877006e-06
2.143229324621844e-06
2.348849507968824e-06
2.452320229162202e-06
2.492996605091538e-06
2.290597805050391e-06
2.251525411473253e-06
2.162206125345622e-06
-1.932009147166000e-06
-6.008352780007385e-06
-1.151007414212029e-05
-1.748550137952425e-05
-2.238424378637806e-05
-2.097364029910422e-05
2.760687827258421e-06
5.681907216345224e-05
1.129219236614156e-04
2.310489748170841e-04
4.691249369653250e-04
8.831821003051071e-04
1.551301505489648e-03
2.566114459588147e-03
4.042833238804049e-03
6.141176641048102e-03
9.075181653711996e-03
1.311465490565290e-02
1.862762390463501e-02
2.603178872808766e-02
3.592026002887592e-02
4.951379420429057e-02
6.875547592009436e-02
9.538148957514754e-02
1.318273113738607e-01
1.826310135997133e-01
2.541396911172527e-01
3.538083766660725e-01
4.828237122613689e-01
6.188988002932282e-01
7.523331974429938e-01
9.999999999999999e-01
1.000000000000000e+00
1.000000000000000e+00
1.000000000000000e+00
1.000000000000000e+00
1.000000000000000e+00
1.000000000000000e+00
1.000000000000000e+00
1.000000000000000e+00
1.000000000000000e+00
1.000000000000000e+00
###4.800000000000000e+00
-7.086134278743579e-09
5.284072683274737e-08
9.307772627874081e-08
1.211232638272534e-09
1.903004444431543e-07
8.736403783855845e-08
5.702274010305421e-08
3.815206779729981e-08
2.469761501352514e-08
3.916640684654848e-08
3.796579821115652e-08
4.918250999208540e-08
6.560975756877599e-08
3.963122949217191e-08
5.872081728005773e-08
4.261016099245070e-08
4.151196723525203e-08
4.964158882927343e-08
6.358050124240010e-08
5.064761779215852e-08
2.384670652175467e-08
5.989700319665921e-08
5.937077929166269e-08
6.570556205895196e-08
6.207252668645323e-08
5.734824489188395e-08
6.814708590498031e-08
6.685079461030631e-08
7.457751488756537e-08
8.029524464954770e-08
4.157873926968728e-08
9.880006708823917e-08
1.098788898701965e-07
1.132071737588957e-07
1.273508296984798e-07
1.557552802333804e-07
1.742829913831241e-07
2.032098070277932e-07
2.444650779027714e-07
2.959066953250327e-07
3.529388570793703e-07
4.370160238709736e-07
5.372122910382708e-07
6.476164717800240e-07
7.875390603721760e-07
9.616097854791865e-07
1.158882189322849e-06
1.391699985458083e-06
1.645898203107561e-06
1.924013561431928e-06
2.218698912577209e-06
2.507482165677735e-06
2.762796833002301e-06
2.863458415360910e-06
2.946998542207019e-06
2.799666681933089e-06
3.284119741024096e-06
3.655306148464932e-06
-2.024491568243107e-06
-7.155714270034513e-06
-1.361016912237224e-05
-2.050020896450161e-05
-2.577938501164501e-05
-2.275192538109781e-05
1.190856956403510e-05
6.770398386773382e-05
1.327746942137305e-04
2.773183892971118e-04
5.586368889608234e-04
1.044830935020383e-03
1.821907199470351e-03
2.995595129776916e-03
4.698063775048974e-03
7.107064538425949e-03
1.045059742569456e-02
1.502672901073306e-02
2.122418249722892e-02
2.949529815809488e-02
4.044529874589078e-02
5.534529101499525e-02
7.618750267818442e-02
1.046356749678774e-01
1.429345404423373e-01
1.951610351281685e-01
2.669018959848102e-01
3.638639998624530e-01
4.862196873640918e-01
6.150454152440670e-01
7.469381049338463e-01
9.999999999999999e-01
1.000000000000000e+00
1.000000000000000e+00
1.000000000000000e+00
1.000000000000000e+00
1.000000000000000e+00
1.000000000000000e+00
1.000000000000000e+00
1.000000000000000e+00
1.000000000000000e+00
1.000000000000000e+00
###5.200000000000000e+00
-1.259516139593612e-09
3.897442583728595e-08
1.042728507927082e-07
4.735470647831245e-09
1.807943626599068e-07
9.641980512488789e-08
6.982125295208380e-08
3.424135175732031e-08
3.652885664933025e-08
5.096319977957655e-08
4.462767296516377e-08
5.621950151023021e-08
7.091087483603237e-08
4.946628807105562e-08
6.518759661192971e-08
3.132964396826782e-08
4.958054922612206e-08
5.589097356342316e-08
7.023118392627279e-08
6.034272553036650e-08
3.323219269695001e-08
6.628002073024750e-08
6.830391179023823e-08
7.514228995281238e-08
7.188210534230894e-08
7.133908079280423e-08
7.827349725146392e-08
8.109128120939104e-08
8.701847004291180e-08
9.065172527735380e-08
5.532176204380583e-08
1.160616656329501e-07
1.286538212352076e-07
1.350536486171157e-07
1.514531444062306e-07
1.825439399338112e-07
2.074592362644338e-07
2.410833957855339e-07
2.895539434670002e-07
3.496926985849874e-07
4.215428838395123e-07
5.119260690895438e-07
6.315175083246892e-07
7.595657214387632e-07
9.261904487372812e-07
1.131175661141946e-06
1.362552983881790e-06
1.636064991033092e-06
1.934924897438964e-06
2.266896090412086e-06
2.619036432069321e-06
2.967997781427523e-06
3.297632767754356e-06
3.505990967420477e-06
3.697425651012445e-06
3.785854801760028e-06
5.470044226622061e-06
7.100790202130694e-06
-8.768379413375502e-07
-6.817748524879320e-06
-1.428188054914579e-05
-2.083260860475334e-05
-2.488318773587705e-05
-1.663592762475039e-05
4.581189637238700e-05
1.028930107783355e-04
1.688644744449167e-04
3.415468698478377e-04
6.703758476389285e-04
1.233772851500188e-03
2.126356959532995e-03
3.471385426568550e-03
5.411834094518396e-03
8.143105687553847e-03
1.191100936292085e-02
1.704284262021546e-02
2.394824853581460e-02
3.309783088888054e-02
4.512253340978276e-02
6.133400516134267e-02
8.373437572102189e-02
1.139417514132995e-01
1.539638515296518e-01
2.075163625781755e-01
2.793678861218584e-01
3.739194868402793e-01
4.904715886635301e-01
6.130731097156353e-01
7.433251089790456e-01
9.999999999999999e-01
1.000000000000000e+00
1.000000000000000e+00
1.000000000000000e+00
1.000000000000000e+00
1.000000000000000e+00
1.000000000000000e+00
1.000000000000000e+00
1.000000000000000e+00
1.000000000000000e+00
1.000000000000000e+00
###5.600000000000001e+00
-4.346583978587061e-10
4.491993704385040e-08
8.118124076481063e-08
7.533748623639522e-09
1.736053053425461e-07
1.066952797334705e-07
1.043966933501996e-07
2.112264027185047e-08
3.852091541638637e-08
5.315052126793037e-08
6.079979278374724e-08
6.759829615461947e-08
6.482581487807288e-08
6.096470502632945e-09
6.173297588193787e-08
3.803799667027412e-08
5.437392835848507e-08
6.686313983368094e-08
8.170427069556652e-08
6.966070612927825e-08
4.802835896986840e-08
7.355806588074552e-08
7.810593681885076e-08
8.257503172136939e-08
8.597096516582522e-08
8.241302000123673e-08
9.101690237000427e-08
9.383446218594106e-08
1.008770104057645e-07
1.048024689727918e-07
7.667220150080478e-08
1.316386296890847e-07
1.484975866331466e-07
1.583700350374433e-07
1.768646187202976e-07
2.125690138111944e-07
2.439068361086317e-07
2.820564898075608e-07
3.386615245152618e-07
4.077038910329150e-07
4.937780577238568e-07
5.982351833525639e-07
7.313998276884853e-07
8.844502271745317e-07
1.080963145375922e-06
1.315484770947985e-06
1.585723544156973e-06
1.904339605469398e-06
2.255853174455362e-06
2.653438095670508e-06
3.074950510713903e-06
3.519165265100786e-06
3.943538282994856e-06
4.298981375299595e-06
4.660449565186821e-06
5.068888415069549e-06
7.724463943717043e-06
1.079241956528106e-05
2.214476688201886e-06
-4.818993995310342e-06
-1.244790039600814e-05
-1.779030158007108e-05
-1.820379556887541e-05
6.504741165409871e-07
1.053805839348103e-04
1.622946764009986e-04
2.246382779083268e-04
4.264587016518735e-04
8.066539204644712e-04
1.451802609277363e-03
2.469830375060282e-03
3.994272820498927e-03
6.185348985512950e-03
9.249150957278700e-03
1.346263312753428e-02
1.916512978984434e-02
2.679140069947012e-02
3.683469717667831e-02
4.994575384706826e-02
6.745881436012395e-02
9.136772666342903e-02
1.232629934547588e-01
1.649371216399001e-01
2.197096264282662e-01
2.915805848295017e-01
3.839571882879135e-01
4.954680397533074e-01
6.124251603100660e-01
7.409402158891111e-01
9.999999999999999e-01
1.000000000000000e+00
1.000000000000000e+00
1.000000000000000e+00
1.000000000000000e+00
1.000000000000000e+00
1.000000000000000e+00
1.000000000000000e+00
1.000000000000000e+00
1.000000000000000e+00
1.000000000000000e+00
###6.000000000000001e+00
1.577241990201391e-08
3.518967084070672e-07
6.044434913457632e-08
2.017296370256128e-09
2.217635870484390e-07
9.769601789057408e-08
9.476812968719187e-08
2.145766976948374e-08
5.749922327934909e-09
6.885718516672589e-08
8.115577530377262e-08
7.779834359393987e-08
8.182509730562263e-08
1.777748160968865e-08
7.579100632953965e-08
4.215583985838868e-08
6.966019528208820e-08
8.323606109885461e-08
8.998629313980365e-08
8.723395585032688e-08
6.931712537258564e-08
9.224582839481234e-08
9.473275493303842e-08
1.015865045020776e-07
1.067460160515245e-07
1.008111853527646e-07
1.132952248929798e-07
1.169406263851978e-07
1.268116472510395e-07
1.284764387812107e-07
1.049962670922216e-07
1.591160538353075e-07
1.777060015863699e-07
1.936549548223422e-07
2.149778494846010e-07
2.536590999006721e-07
2.915006948587152e-07
3.383545595419552e-07
4.025222592076276e-07
4.814828989767391e-07
5.798094480709704e-07
6.976393328527990e-07
8.510765723233238e-07
1.023257005517304e-06
1.251666147732676e-06
1.515922280785108e-06
1.821046614286006e-06
2.189933242965519e-06
2.592127031697998e-06
3.048628993515274e-06
3.543665976663125e-06
4.069632526178555e-06
4.572828155637498e-06
5.053625225228075e-06
5.575889098320977e-06
6.203869693043189e-06
8.874202274599705e-06
1.362191407332921e-05
7.772821145272529e-06
-2.090098379122664e-06
-9.948076112129493e-06
-1.438109082749177e-05
-1.057630171387396e-05
2.581375823004480e-05
1.257377880979797e-04
1.859796210996698e-04
2.776264776783844e-04
5.165416735241930e-04
9.555642135964994e-04
1.691670836135398e-03
2.842267902646415e-03
4.556164075870022e-03
7.008162966499132e-03
1.042139592467251e-02
1.509136384762205e-02
2.138284901117709e-02
2.974688566874896e-02
4.069530361517306e-02
5.490182748774271e-02
7.371550816243273e-02
9.908266896843075e-02
1.326203086586547e-01
1.758254708896609e-01
2.317023389649896e-01
3.035884287124883e-01
3.939177913991690e-01
5.010410517508942e-01
6.131732410978038e-01
7.396988338218984e-01
9.999999999999999e-01
1.000000000000000e+00
1.000000000000000e+00
1.000000000000000e+00
1.000000000000000e+00
1.000000000000000e+00
1.000000000000000e+00
1.000000000000000e+00
1.000000000000000e+00
1.000000000000000e+00
1.000000000000000e+00
###6.400000000000001e+00
-1.376482824473692e-08
3.392791436486924e-07
6.420554027206255e-08
7.615371452699310e-10
2.264679911751782e-07
1.373955747631521e-07
1.228799113275571e-07
4.806202128172332e-08
3.680836004180891e-08
8.838953408246393e-08
1.149948056908805e-07
9.052702125068306e-08
1.141544372760574e-07
5.760226762229180e-08
1.156779995468418e-07
8.283765658616708e-08
1.138287910396033e-07
1.251341480701895e-07
1.161252449940549e-07
1.246075508969103e-07
1.052985319176172e-07
1.301365461239537e-07
1.333090802425343e-07
1.419657180422623e-07
1.474731084801940e-07
1.443720513814140e-07
1.568088912471878e-07
1.619584319809788e-07
1.724911626349719e-07
1.772791984685580e-07
1.601519012153417e-07
2.115183507879134e-07
2.324785791278211e-07
2.521366138437903e-07
2.794416207548933e-07
3.251249257288429e-07
3.678798918476200e-07
4.108390138952446e-07
4.944078083836817e-07
5.854443188761791e-07
6.976912965593836e-07
8.315291619753390e-07
1.006817638954244e-06
1.203151916193718e-06
1.459985426972134e-06
1.760747079813943e-06
2.108670527947179e-06
2.523771686655731e-06
2.973675571263392e-06
3.504981063861246e-06
4.082379297989018e-06
4.702702126041084e-06
5.322172131753659e-06
5.945503093427386e-06
6.668415726490803e-06
7.584195891257837e-06
1.049709559564022e-05
1.620311213172456e-05
1.324783812760366e-05
3.191754481083832e-06
-4.721314238958425e-06
-6.533755962335606e-06
5.220193491519494e-06
6.311916769616954e-05
1.593814895421990e-04
2.238897328178516e-04
3.457613804390971e-04
6.256119143201767e-04
1.129367567446425e-03
1.962482325160836e-03
3.255394391762184e-03
5.167389915185680e-03
7.892715038332712e-03
1.166737297966887e-02
1.680914056650711e-02
2.369630647647947e-02
3.280822176143077e-02
4.468134353396522e-02
5.998434916689541e-02
8.009090296701668e-02
1.069128999313758e-01
1.420164755855675e-01
1.866440754743659e-01
2.435614947617943e-01
3.154354524538580e-01
4.039471311541295e-01
5.072201239880368e-01
6.149476894403267e-01
7.394707438691347e-01
9.999999999999999e-01
1.000000000000000e+00
1.000000000000000e+00
1.000000000000000e+00
1.000000000000000e+00
1.000000000000000e+00
1.000000000000000e+00
1.000000000000000e+00
1.000000000000000e+00
1.000000000000000e+00
1.000000000000000e+00
###6.800000000000002e+00
2.843843326684907e-08
3.368093733523713e-07
4.259611350051678e-08
-1.958445632872847e-08
2.367081855579239e-07
1.457003660569071e-07
1.363793740008824e-07
7.893602545805302e-08
5.272346557676836e-08
1.027930117655487e-07
8.929171188864089e-08
1.054797107437762e-07
9.843692421500469e-08
7.672351952817215e-08
1.372788416686530e-07
1.017323747029338e-07
1.298094460960895e-07
1.403788404433122e-07
1.345305467258131e-07
1.359134504945452e-07
1.271806164023117e-07
1.500184932022173e-07
1.549352157940609e-07
1.671407208497006e-07
1.715786912621399e-07
1.697543734585443e-07
1.827552984029615e-07
1.912288843722192e-07
2.020559907887871e-07
2.103852390411393e-07
1.968617884576149e-07
2.447419252844453e-07
2.705671121515171e-07
2.966267915338788e-07
3.259501742082387e-07
3.775185239327875e-07
4.231045136986783e-07
4.804625050822588e-07
5.694208365359171e-07
6.734637546301456e-07
7.982642548447383e-07
9.520156254821541e-07
1.145329529855205e-06
1.369220320311228e-06
1.648973959461569e-06
1.981638410292866e-06
2.379324958231919e-06
2.846671843012803e-06
3.359636590872328e-06
3.956425863136374e-06
4.604542047656171e-06
5.339843531697144e-06
6.068003249735199e-06
6.846093710031709e-06
7.752156194615513e-06
8.915771306512464e-06
1.199108255415575e-05
1.745338936290994e-05
1.686270964246122e-05
9.999314651487530e-06
1.884541992343038e-06
3.325415015896000e-06
2.660862142189219e-05
8.542734318869238e-05
1.799442005121167e-04
2.667849744491024e-04
4.218174933143978e-04
7.491615877454340e-04
1.324550546245775e-03
2.262071028927180e-03
3.705278124315357e-03
5.829072620084949e-03
8.835241677264717e-03
1.298407827426618e-02
1.860897858430693e-02
2.610977369769965e-02
3.598354980126586e-02
4.879297694688074e-02
6.519487979959394e-02
8.657116245178836e-02
1.148268661451431e-01
1.514336056493742e-01
1.974254975241964e-01
2.553243167824062e-01
3.271471857835010e-01
4.140773225335474e-01
5.139729707835725e-01
6.176015083627413e-01
7.399659045776037e-01
9.999999999999999e-01
1.000000000000000e+00
1.000000000000000e+00
1.000000000000000e+00
1.000000000000000e+00
1.000000000000000e+00
1.000000000000000e+00
1.000000000000000e+00
1.000000000000000e+00
1.000000000000000e+00
1.000000000000000e+00
###7.200000000000002e+00
1.723585594559183e-08
3.381884959509031e-07
5.277615548488301e-08
-2.572513950567126e-08
2.440686161140132e-07
1.851603927563421e-07
1.623132169446598e-07
1.094676785924061e-07
8.990742323886598e-08
1.384657721848035e-07
1.258974647425638e-07
1.414475810712057e-07
1.260687990624354e-07
1.617056840251808e-07
1.639004742882389e-07
1.340812063629199e-07
1.724746614163304e-07
1.710462900073902e-07
1.664340402138512e-07
1.699083207983912e-07
1.711904832643881e-07
1.855154235750411e-07
1.896815691160343e-07
2.036117687723628e-07
2.094157757749588e-07
2.102836158537316e-07
2.238911715607569e-07
2.365702040146101e-07
2.470477042697685e-07
2.578683481073139e-07
2.507629377456861e-07
2.977964323781766e-07
3.264738967677546e-07
3.564532679571901e-07
3.908961600925791e-07
4.486048237436316e-07
4.987732716769016e-07
5.702362422594689e-07
6.674893078517666e-07
7.821902709642473e-07
9.204326988167178e-07
1.091930491385465e-06
1.307103152694324e-06
1.547261729435592e-06
1.863945558628660e-06
2.241862520527527e-06
2.678678769205118e-06
3.192393731628060e-06
3.765887281767475e-06
4.435643804430225e-06
5.144135878296895e-06
5.976955034257567e-06
6.815709616648912e-06
7.744267442161481e-06
8.816445053741866e-06
1.020805365865589e-05
1.334774778398347e-05
1.861248368186452e-05
1.874854677845386e-05
1.362184381563177e-05
8.241398854078735e-06
1.304754153832389e-05
4.021951345395443e-05
1.036517755364616e-04
2.061663984933138e-04
3.171202288945211e-04
5.102982637481808e-04
8.898919109506112e-04
1.542489671936616e-03
2.592274578289935e-03
4.193733448010124e-03
6.537622253475427e-03
9.834744343028751e-03
1.437389964008876e-02
2.049785301720710e-02
2.862733632465615e-02
3.926690517361771e-02
5.302024804772992e-02
7.052855835056791e-02
9.316946859751946e-02
1.228397487570864e-01
1.608793913367275e-01
2.081675212735508e-01
2.669660488316526e-01
3.386911967828226e-01
4.242091539206444e-01
5.211309503033226e-01
6.210498303304469e-01
7.412589220483566e-01
9.999999999999999e-01
1.000000000000000e+00
1.000000000000000e+00
1.000000000000000e+00
1.000000000000000e+00
1.000000000000000e+00
1.000000000000000e+00
1.000000000000000e+00
1.000000000000000e+00
1.000000000000000e+00
1.000000000000000e+00
###7.600000000000002e+00
3.202396044189084e-08
3.234159251856909e-07
8.365669339709354e-08
-5.787241961209030e-09
2.245880455900796e-07
2.028253428974289e-07
1.895641834519187e-07
1.362449192296038e-07
1.271643190600713e-07
1.618591849253934e-07
1.646818992421064e-07
1.748560766775141e-07
1.496618335666221e-07
1.827952214789229e-07
1.479215943951769e-07
1.683164723000590e-07
2.051957975085529e-07
2.066833775105293e-07
2.032580720256766e-07
2.067390086423062e-07
2.095442558220359e-07
2.257167199392591e-07
2.327450412704456e-07
2.456728570684919e-07
2.517576203370944e-07
2.559973342102971e-07
2.719843375703364e-07
2.848415884784757e-07
2.967092311684384e-07
3.125945456282553e-07
3.106124703638378e-07
3.587957336189439e-07
3.897624928317124e-07
4.255023704029411e-07
4.671035935093384e-07
5.289554722510948e-07
5.750236796185734e-07
6.696681432030750e-07
7.747663315026201e-07
9.039040177973800e-07
1.057148251708542e-06
1.250146655050615e-06
1.484984694976508e-06
1.746254215639883e-06
2.099327447587617e-06
2.518167709543724e-06
3.000623162743432e-06
3.568562727552312e-06
4.212507141448928e-06
4.954905112568986e-06
5.739069135896498e-06
6.687878537480321e-06
7.635616816668197e-06
8.762564383966215e-06
1.008539796148685e-05
1.180504211435859e-05
1.514827780205388e-05
2.055395308708011e-05
2.163836037511261e-05
1.861028101748530e-05
1.650237238857150e-05
2.555094555610504e-05
5.807189523066849e-05
1.282236130891380e-04
2.412748176730693e-04
3.794802254418949e-04
6.140688734285254e-04
1.051213892914336e-03
1.786912622746027e-03
2.956488723864597e-03
4.725919031883842e-03
7.297906133975858e-03
1.090115061607522e-02
1.583717458602907e-02
2.247276918840894e-02
3.124170476880689e-02
4.266562284735162e-02
5.735912794221418e-02
7.598189723735604e-02
9.988172282807557e-02
1.309309577451891e-01
1.703566858142535e-01
2.189132351871822e-01
2.784829331506524e-01
3.502237984665649e-01
4.343178844792791e-01
5.285979180731277e-01
6.251688023138875e-01
7.431036584688183e-01
9.999999999999999e-01
1.000000000000000e+00
1.000000000000000e+00
1.000000000000000e+00
1.000000000000000e+00
1.000000000000000e+00
1.000000000000000e+00
1.000000000000000e+00
1.000000000000000e+00
1.000000000000000e+00
1.000000000000000e+00
###8.000000000000002e+00
3.921463818715212e-08
2.732045072607309e-07
7.776066640858483e-08
1.027700695504499e-08
2.174736162233307e-07
2.241567922713241e-07
2.586758893325057e-07
1.398122598145795e-07
1.686708246216409e-07
2.072729645315536e-07
1.901474333947144e-07
2.104644211776681e-07
1.893502766205625e-07
2.281880225863734e-07
1.913216235342453e-07
2.086211465862148e-07
2.524639956621387e-07
2.474721295027843e-07
2.429471086117930e-07
2.368037042660318e-07
2.551983952337169e-07
2.743206430988841e-07
2.818490151398801e-07
2.955174812745155e-07
3.037575700368982e-07
3.013116477429725e-07
3.283267281473880e-07
3.435419023555649e-07
3.588296431831798e-07
3.765857087840285e-07
3.816598889725264e-07
4.298047578660205e-07
4.671619540251818e-07
5.058680335883510e-07
5.535490821395785e-07
6.230360253889965e-07
6.784657288907341e-07
7.817542061034571e-07
8.996190210204933e-07
1.041654348348466e-06
1.211839343605819e-06
1.425702532364446e-06
1.683696483036551e-06
1.977382706442045e-06
2.361914397204399e-06
2.803043126504129e-06
3.351046670994801e-06
3.978819517409860e-06
4.698758677572030e-06
5.529774374814988e-06
6.416559262564672e-06
7.470227358088487e-06
8.608361262181907e-06
9.968178774231701e-06
1.158676926262021e-05
1.371222351271397e-05
1.751064706411595e-05
2.326420310453586e-05
2.570640641676298e-05
2.525939926003051e-05
2.705979019193598e-05
4.126424255824686e-05
8.058242692558762e-05
1.596810115835843e-04
2.869801241913821e-04
4.604114437440139e-04
7.350506292779977e-04
1.234393717987558e-03
2.060285354119897e-03
3.357644667800102e-03
5.303710293194094e-03
8.113070034698655e-03
1.203497446874621e-02
1.738278124658211e-02
2.453917543507014e-02
3.396210349214952e-02
4.617896191368875e-02
6.181955995093013e-02
8.156865164623300e-02
1.067087874965785e-01
1.391099244377710e-01
1.798883915243217e-01
2.296399522358310e-01
2.899584278722373e-01
3.616815160012546e-01
4.445360060404737e-01
5.362403523914553e-01
6.299178349319011e-01
7.455069000420782e-01
9.999999999999999e-01
1.000000000000000e+00
1.000000000000000e+00
1.000000000000000e+00
1.000000000000000e+00
1.000000000000000e+00
1.000000000000000e+00
1.000000000000000e+00
1.000000000000000e+00
1.000000000000000e+00
1.000000000000000e+00
###8.400000000000002e+00
1.165811680765943e-07
2.803324584711276e-07
7.289950100639314e-08
1.137546306082642e-08
1.869184475091627e-07
2.412340601048119e-07
2.505662794039559e-07
1.759962587600045e-07
2.147399752674097e-07
2.105798191862936e-07
1.994019313434512e-07
2.204775995135496e-07
1.957806658167282e-07
2.340284824709183e-07
2.058963055204658e-07
2.242780098784200e-07
2.693283781105936e-07
2.640455328999174e-07
2.612849867138124e-07
2.567666905527786e-07
2.761662956869650e-07
2.990110178250810e-07
3.070203601143998e-07
3.212707344260583e-07
3.314415224815468e-07
3.338038637041868e-07
3.606198664994627e-07
3.797723975060045e-07
3.953505884021167e-07
4.164820712550938e-07
4.266060467039252e-07
4.771538129996227e-07
5.202882307513924e-07
5.604701693872046e-07
6.179856806898585e-07
6.919386765450357e-07
7.614532384820750e-07
8.708894162904007e-07
1.000347237858674e-06
1.156698170666982e-06
1.344471408299369e-06
1.579879819851795e-06
1.862009511048241e-06
2.188299574514912e-06
2.608451476419063e-06
3.096154928535138e-06
3.694794225473840e-06
4.387155688285922e-06
5.191034139046491e-06
6.123818893015513e-06
7.142030366773660e-06
8.354826611385494e-06
9.711202263853265e-06
1.134470223093162e-05
1.334125081981257e-05
1.600150520444593e-05
2.044524853888617e-05
2.690045399398194e-05
3.103293389304537e-05
3.371094316909852e-05
4.009369027695502e-05
6.052177068050038e-05
1.080252626967197e-04
1.985782976286044e-04
3.433233678470914e-04
5.494944640616402e-04
8.739998769447948e-04
1.441507879005215e-03
2.363536565171315e-03
3.796345949670511e-03
5.928259261698226e-03
8.988262218142251e-03
1.323701648735160e-02
1.900955481742011e-02
2.669712843046376e-02
3.678509155450570e-02
4.980530969332257e-02
6.640323116440168e-02
8.726615406865831e-02
1.136458640883242e-01
1.473635743993975e-01
1.894568716121114e-01
2.403417289321094e-01
3.013896411314775e-01
3.730589344183248e-01
4.548183319638785e-01
5.441922393777160e-01
6.350619670169340e-01
7.481646280652717e-01
9.999999999999999e-01
1.000000000000000e+00
1.000000000000000e+00
1.000000000000000e+00
1.000000000000000e+00
1.000000000000000e+00
1.000000000000000e+00
1.000000000000000e+00
1.000000000000000e+00
1.000000000000000e+00
1.000000000000000e+00
###8.800000000000002e+00
1.499873678278468e-07
3.325870225359404e-07
8.238448611495199e-08
1.544490921230367e-08
1.855851444484072e-07
2.441680666524019e-07
2.534252755380453e-07
1.804510924146619e-07
2.360514997245634e-07
2.067093630033245e-07
2.114644984538134e-07
2.372472602448770e-07
2.109330769338073e-07
2.456664355813446e-07
2.238517491544219e-07
2.425983372110059e-07
2.864005513136857e-07
2.831648583465547e-07
2.858499293850379e-07
2.813327693770797e-07
3.104982492673091e-07
3.233098331016987e-07
3.350425188356465e-07
3.510328175612925e-07
3.634741063085870e-07
3.700640637137657e-07
3.985338477222978e-07
4.190388910336477e-07
4.384081220666632e-07
4.620439006191535e-07
4.775775355243514e-07
5.323244144516760e-07
5.788154574074495e-07
6.240742546366326e-07
6.911347395262749e-07
7.705066692684703e-07
8.502955118017851e-07
9.735699206698790e-07
1.111614308058124e-06
1.282410874735912e-06
1.489019511869047e-06
1.749152975068152e-06
2.059469959562144e-06
2.412832930428722e-06
2.874336010552023e-06
3.412153857294156e-06
4.069872596589078e-06
4.833138330902162e-06
5.731126445176586e-06
6.776255981609420e-06
7.948949438441775e-06
9.356264456855616e-06
1.097801375795884e-05
1.295453669198133e-05
1.544593046785346e-05
1.875953581055718e-05
2.404771489219106e-05
3.154666689805529e-05
3.782648023658296e-05
4.412574844195320e-05
5.598607936370900e-05
8.370124864819195e-05
1.412734777033427e-04
2.455439162496410e-04
4.113136089728476e-04
6.536944528711289e-04
1.032351864180881e-03
1.674026949393102e-03
2.699555090120294e-03
4.275867268161575e-03
6.602105238992699e-03
9.922543662590107e-03
1.450940045206102e-02
2.071733033517130e-02
2.895420563744496e-02
3.971957068649266e-02
5.354973094531065e-02
7.110726291346951e-02
9.308584647234164e-02
1.207034986040331e-01
1.557172522125501e-01
1.990581143526971e-01
2.510644369268358e-01
3.127709705197562e-01
3.843933626617868e-01
4.651166725412605e-01
5.523933823745051e-01
6.406782060256153e-01
7.516570432938383e-01
9.999999999999999e-01
1.000000000000000e+00
1.000000000000000e+00
1.000000000000000e+00
1.000000000000000e+00
1.000000000000000e+00
1.000000000000000e+00
1.000000000000000e+00
1.000000000000000e+00
1.000000000000000e+00
1.000000000000000e+00
###9.200000000000003e+00
1.294370557082093e-07
3.421746592476837e-07
9.505900270471696e-08
-1.010949380772338e-08
1.851832265107223e-07
2.836185108723475e-07
2.686352169672507e-07
1.943072128839288e-07
2.433650402344775e-07
2.248993783872424e-07
2.307059964713618e-07
2.564147962052190e-07
2.314769638588164e-07
2.655806087960657e-07
2.469201897815869e-07
2.540771181579044e-07
3.249982862412567e-07
3.092556413439726e-07
3.134215980628753e-07
3.115012099516127e-07
3.377228634282481e-07
3.564154712155871e-07
3.709152788958201e-07
3.873954836520703e-07
4.022856747276847e-07
4.123092717494236e-07
4.421683650441282e-07
4.665333422424815e-07
4.886764796393868e-07
5.192436412265572e-07
5.376510824601837e-07
5.951335114074161e-07
6.486322229077055e-07
6.951910334215424e-07
7.733093775019196e-07
8.628302675193931e-07
9.530772460584016e-07
1.084095910671628e-06
1.235070437322109e-06
1.425742803374193e-06
1.652987197273381e-06
1.934082959797796e-06
2.270383248717721e-06
2.660931239188279e-06
3.164766756198718e-06
3.757316325437001e-06
4.478703189849182e-06
5.324677700445809e-06
6.325286389861728e-06
7.505569896261081e-06
8.854479374700185e-06
1.048880871548173e-05
1.242725472712344e-05
1.481363013129300e-05
1.790067586308356e-05
2.205665226267321e-05
2.837971124436328e-05
3.735261851133794e-05
4.624326084384085e-05
5.676044492585598e-05
7.495724085461599e-05
1.112782076644264e-04
1.805800676559860e-04
3.012234468355120e-04
4.911775377177051e-04
7.738105646237350e-04
1.211306447891188e-03
1.933134607108872e-03
3.068711814182234e-03
4.797417975557384e-03
7.328121498253116e-03
1.091716843550740e-02
1.585709662799097e-02
2.250978444841736e-02
3.130958935407958e-02
4.276315300685520e-02
5.741455157676022e-02
7.594186769562053e-02
9.903424776656460e-02
1.278783795853906e-01
1.641826076424568e-01
2.087401128952993e-01
2.617755346267369e-01
3.241183970097968e-01
3.957483800582442e-01
4.754684577434652e-01
5.608881052073398e-01
6.465369676807361e-01
7.551854924517549e-01
9.999999999999999e-01
1.000000000000000e+00
1.000000000000000e+00
1.000000000000000e+00
1.000000000000000e+00
1.000000000000000e+00
1.000000000000000e+00
1.000000000000000e+00
1.000000000000000e+00
1.000000000000000e+00
1.000000000000000e+00
###9.600000000000003e+00
1.281354271401676e-07
3.468922976430346e-07
5.536486118879628e-08
-5.799136627731022e-08
2.664580014962661e-07
2.526096452445725e-07
2.974313935375556e-07
2.248634646816245e-07
2.618728980821545e-07
2.601245333836640e-07
2.496356875492486e-07
2.510876055708762e-07
2.636280443846384e-07
3.358108250935004e-07
2.806365464070270e-07
2.898818594011577e-07
3.574656285348475e-07
3.458421131106129e-07
3.516119203173353e-07
3.528135016506600e-07
3.795646805678693e-07
4.003050578519711e-07
4.172453652997996e-07
4.361671925725682e-07
4.545100810129361e-07
4.675662626490712e-07
5.011146226768262e-07
5.277026353216951e-07
5.535101167000083e-07
5.924834318705495e-07
6.123631627807907e-07
6.733198535124118e-07
7.332727895337177e-07
7.869669747474114e-07
8.746374337284331e-07
9.707957996954532e-07
1.073075710900619e-06
1.218109992556811e-06
1.385076275521017e-06
1.589547882214680e-06
1.840180522003879e-06
2.146458107807006e-06
2.516702206693656e-06
2.943422460578135e-06
3.494192326166773e-06
4.144305390913479e-06
4.939504626923498e-06
5.881006567864001e-06
6.984918879400587e-06
8.325287185227995e-06
9.884990446708143e-06
1.178098094564460e-05
1.408508160416964e-05
1.699832881022026e-05
2.080512397832010e-05
2.594863013886327e-05
3.363006707783706e-05
4.443271659679527e-05
5.646378631092809e-05
7.195324197994522e-05
9.735507610243020e-05
1.433295538891584e-04
2.266211231284576e-04
3.661888341682624e-04
5.838941089845290e-04
9.110143437362384e-04
1.411852424075995e-03
2.219907244131407e-03
3.473213688005969e-03
5.363085723783394e-03
8.108220416715602e-03
1.197850748629888e-02
1.728077541404285e-02
2.439350571897853e-02
3.376735945783033e-02
4.592100702272082e-02
6.141264047153393e-02
8.091262830275195e-02
1.051234730854994e-01
1.351850800200888e-01
1.727421708415794e-01
2.184979401215325e-01
2.725094316303689e-01
3.354877378109555e-01
4.070694520003034e-01
4.859136055356794e-01
5.695045321780741e-01
6.527752660373344e-01
7.590906261200889e-01
9.999999999999999e-01
1.000000000000000e+00
1.000000000000000e+00
1.000000000000000e+00
1.000000000000000e+00
1.000000000000000e+00
1.000000000000000e+00
1.000000000000000e+00
1.000000000000000e+00
1.000000000000000e+00
1.000000000000000e+00
###1.000000000000000e+01
1.401765557505710e-07
3.609574598981713e-07
1.389912936537010e-07
-8.504061297095816e-08
1.721295388995164e-07
2.746124700223893e-07
3.241425433147525e-07
2.493451786421078e-07
2.951869691503473e-07
3.011400844072533e-07
2.781480466203085e-07
2.904193233722625e-07
3.087516063682633e-07
3.727228150675541e-07
3.236198696010007e-07
3.345330761623716e-07
3.998923053715851e-07
3.921719349295432e-07
4.002272695242071e-07
4.052420086534180e-07
4.379257995510870e-07
4.577920650289795e-07
4.748980805518985e-07
4.952508562388384e-07
5.178129764120432e-07
5.362511405597293e-07
5.712869374113170e-07
6.046179456526587e-07
6.304575972428227e-07
6.752696068301336e-07
7.011260148814303e-07
7.680794702527449e-07
8.332782088061458e-07
8.961570471173706e-07
9.928653216043804e-07
1.096714078943576e-06
1.213522846776961e-06
1.370993922575844e-06
1.554185477659531e-06
1.778106184278503e-06
2.051663434671847e-06
2.383703521464520e-06
2.788331442027991e-06
3.245678294947869e-06
3.861974901916322e-06
4.578398794497864e-06
5.453191404051574e-06
6.500306886549178e-06
7.743951955868917e-06
9.259134678932378e-06
1.105103375778298e-05
1.325266416675241e-05
1.598571823822796e-05
1.952643806893696e-05
2.420547048011593e-05
3.052394653689156e-05
3.983288411729899e-05
5.291759729005664e-05
6.851631872984772e-05
8.979007215849381e-05
1.234408867246830e-04
1.807845269823840e-04
2.796931846852189e-04
4.412635651632112e-04
6.902507849842159e-04
1.064540982534482e-03
1.634745747997221e-03
2.535939165844015e-03
3.915102494370327e-03
5.974747677257166e-03
8.944146922530153e-03
1.310685631639401e-02
1.878443922758388e-02
2.636925080800782e-02
3.633519367775660e-02
4.918669296375641e-02
6.552578807045206e-02
8.601469893263897e-02
1.113383884250480e-01
1.426163827661243e-01
1.813935538577004e-01
2.283337783252959e-01
2.833008475163414e-01
3.468642232999170e-01
4.183361810715583e-01
4.964035077673795e-01
5.783304725368933e-01
6.593123903384288e-01
7.631817071062756e-01
9.999999999999999e-01
1.000000000000000e+00
1.000000000000000e+00
1.000000000000000e+00
1.000000000000000e+00
1.000000000000000e+00
1.000000000000000e+00
1.000000000000000e+00
1.000000000000000e+00
1.000000000000000e+00
1.000000000000000e+00
###1.040000000000000e+01
1.784821474479795e-07
3.708358915744640e-07
1.560896260245436e-07
-4.351848015548474e-08
1.802733307230949e-07
3.334290424895910e-07
3.489700570920854e-07
2.804387296652146e-07
3.305952639208445e-07
3.350925290134854e-07
3.192785916067537e-07
3.327197305238364e-07
3.516650796123958e-07
4.152872508192633e-07
3.703714120976808e-07
3.820378073133281e-07
4.524976343148094e-07
4.432232138867865e-07
4.529535122319189e-07
4.642856334116202e-07
5.013755261429207e-07
5.181994970105866e-07
5.394413127209047e-07
5.619503602912514e-07
5.879979688946494e-07
6.106214948843599e-07
6.489416155942326e-07
6.861863859472045e-07
7.181509328523066e-07
7.666728748856110e-07
8.007105611071033e-07
8.723868025523485e-07
9.449099338103092e-07
1.017838137627338e-06
1.121429994359930e-06
1.235581925824444e-06
1.371263009599348e-06
1.539372238593194e-06
1.742567107375844e-06
1.985123121409188e-06
2.284299605820624e-06
2.647035134621633e-06
3.086094808494438e-06
3.584570601005432e-06
4.266702658541303e-06
5.056903354792618e-06
6.023032243757541e-06
7.176082205884445e-06
8.588899373435099e-06
1.029279829086474e-05
1.235780090593372e-05
1.493229499954481e-05
1.816347019858604e-05
2.244775594976621e-05
2.815407205734809e-05
3.588945501660954e-05
4.715143630630712e-05
6.295875025439632e-05
8.287681313824318e-05
1.106032391479052e-04
1.535567256960959e-04
2.237199256896469e-04
3.404724923785124e-04
5.268429485874173e-04
8.112987724555532e-04
1.237351228662412e-03
1.882349508336195e-03
2.882571686695608e-03
4.395843873175132e-03
6.634055847390860e-03
9.838732735669313e-03
1.430335863401396e-02
2.036929156959433e-02
2.843979586013569e-02
3.900223955497149e-02
5.257987689245452e-02
6.977122536690637e-02
9.125203593905849e-02
1.176990098776070e-01
1.501738051809067e-01
1.901561441349863e-01
2.382356973848477e-01
2.941464522384538e-01
3.582408131384228e-01
4.296974442750591e-01
5.069115098580667e-01
5.872546172776366e-01
6.660594548698177e-01
7.675462419770250e-01
9.999999999999999e-01
1.000000000000000e+00
1.000000000000000e+00
1.000000000000000e+00
1.000000000000000e+00
1.000000000000000e+00
1.000000000000000e+00
1.000000000000000e+00
1.000000000000000e+00
1.000000000000000e+00
1.000000000000000e+00
###1.080000000000000e+01
1.814495845318105e-07
3.882294919909309e-07
1.523970636258688e-07
3.682637157483460e-09
1.954759048653870e-07
5.056810281045125e-07
3.857377396019295e-07
3.223762519544596e-07
3.762935045393469e-07
3.797136596791038e-07
3.610678482981439e-07
3.803299112013385e-07
3.979155654043000e-07
4.597509327491535e-07
4.216257536681844e-07
4.376932393978000e-07
4.089883500135147e-07
4.856325742868499e-07
5.114351852188820e-07
5.263670631578633e-07
5.647828013513720e-07
5.855118780384753e-07
6.103700000872618e-07
6.363843998754712e-07
6.663405440520517e-07
6.961836023359363e-07
7.351189721721043e-07
7.773809249043221e-07
8.152002664081234e-07
8.689523920367442e-07
9.128355993546930e-07
9.887716049596456e-07
1.065237163884251e-06
1.152007852757860e-06
1.264973039361377e-06
1.391480541480161e-06
1.541133593174388e-06
1.726139201506006e-06
1.949539778035873e-06
2.212979140751635e-06
2.540977985517167e-06
2.936720754997027e-06
3.416035504997080e-06
3.968460415427534e-06
4.710581148597909e-06
5.574828489466864e-06
6.651526692428205e-06
7.945164734271994e-06
9.529652512211999e-06
1.145618451881057e-05
1.383189589598692e-05
1.685187502100031e-05
2.069845806277222e-05
2.581547423475609e-05
3.270815171773751e-05
4.209980564746192e-05
5.567356015545636e-05
7.472818802069211e-05
9.962838882797102e-05
1.346269026847885e-04
1.881777882951998e-04
2.727371723152998e-04
4.095789221323602e-04
6.238159554732993e-04
9.474079649487314e-04
1.430114615430626e-03
2.154700742072912e-03
3.261437369533096e-03
4.916784015246266e-03
7.343465940246925e-03
1.079414917536445e-02
1.557269500946691e-02
2.203835279113439e-02
3.061010421468279e-02
4.178474896708958e-02
5.609419137358584e-02
7.415372333259922e-02
9.662838744445193e-02
1.241957552510594e-01
1.578516204777980e-01
1.990364394180406e-01
2.482303349540119e-01
3.050454968074511e-01
3.696673578377453e-01
4.410976360209570e-01
5.175188831663153e-01
5.963476922403222e-01
6.730659467242415e-01
7.720340067818426e-01
9.999999999999999e-01
1.000000000000000e+00
1.000000000000000e+00
1.000000000000000e+00
1.000000000000000e+00
1.000000000000000e+00
1.000000000000000e+00
1.000000000000000e+00
1.000000000000000e+00
1.000000000000000e+00
1.000000000000000e+00
###1.120000000000000e+01
1.950232083319689e-07
3.934771958751204e-07
1.444670439927363e-07
-3.353186148175978e-08
2.254699378395712e-07
5.214696126151212e-07
4.068817224957907e-07
3.515237649809672e-07
3.960665719449745e-07
4.069173542264504e-07
3.895828379412781e-07
4.083376839788515e-07
4.399526149558306e-07
4.923766419324167e-07
4.571520387203700e-07
4.770898251903495e-07
4.548936857675303e-07
5.309152800935093e-07
5.579125998118268e-07
5.740628895226657e-07
6.170658972867181e-07
6.433459373048317e-07
6.703420317888717e-07
7.003161575178886e-07
7.336819519452120e-07
7.685455089863008e-07
8.124372437114100e-07
8.602083837921291e-07
9.038966714067693e-07
9.633377872537612e-07
1.004923153079535e-06
1.093866436956234e-06
1.184133281715041e-06
1.280046774561058e-06
1.402955636984767e-06
1.543569277951760e-06
1.709145792900407e-06
1.909364536393438e-06
2.154844980622451e-06
2.441985836316425e-06
2.800195079870511e-06
3.233320104982034e-06
3.757138366189458e-06
4.367894559033418e-06
5.176021380437394e-06
6.132906166737375e-06
7.320755587995368e-06
8.773276781607569e-06
1.055352003157109e-05
1.274554219043940e-05
1.550588882980315e-05
1.901882782609196e-05
2.357038011713005e-05
2.967187387302879e-05
3.792439453823486e-05
4.925757283513316e-05
6.551749869540580e-05
8.832621630673021e-05
1.189227434828123e-04
1.621574113318331e-04
2.274730902314914e-04
3.282403732881040e-04
4.874257598540675e-04
7.323422100614545e-04
1.098969407404565e-03
1.643398069844025e-03
2.453379014276827e-03
3.673845336996412e-03
5.480587006465554e-03
8.105609668410780e-03
1.181189330086473e-02
1.692032863177489e-02
2.379603864312906e-02
3.288365793542425e-02
4.468185878085253e-02
5.973490165460738e-02
7.867059434000372e-02
1.021597689765259e-01
1.308333527421078e-01
1.656934927478839e-01
2.080545200761289e-01
2.583282277995705e-01
3.160226591650440e-01
3.811213613967797e-01
4.525152782946523e-01
5.281837804965264e-01
6.055313294235813e-01
6.801856624134707e-01
7.768212781770291e-01
9.999999999999999e-01
1.000000000000000e+00
1.000000000000000e+00
1.000000000000000e+00
1.000000000000000e+00
1.000000000000000e+00
1.000000000000000e+00
1.000000000000000e+00
1.000000000000000e+00
1.000000000000000e+00
1.000000000000000e+00
###1.160000000000000e+01
1.703691954690603e-07
4.014967049165515e-07
1.136571640072658e-07
-2.925867556865143e-08
2.246571441700999e-07
5.032927252345890e-07
4.441011811565650e-07
3.887605628466169e-07
4.514683809746803e-07
4.570719444805778e-07
4.416525732610840e-07
4.605696010259753e-07
4.929036045258181e-07
5.478484398599477e-07
5.165955693353633e-07
5.386134540146466e-07
5.205952409820091e-07
5.948170848612204e-07
6.251205847540857e-07
6.459186472106337e-07
7.003564155020021e-07
7.214976914960639e-07
7.503705731563570e-07
7.872131793754259e-07
8.251802330250076e-07
8.653439516452564e-07
9.144716067469943e-07
9.677532831141437e-07
1.018999608296617e-06
1.084291228852032e-06
1.135936879170909e-06
1.231795370652073e-06
1.331221696904208e-06
1.439416515403965e-06
1.577229942083192e-06
1.729865694697205e-06
1.910431436395581e-06
2.130531943819734e-06
2.398866323240659e-06
2.714185131271261e-06
3.106859088745577e-06
3.579167694747592e-06
4.151926077670954e-06
4.828606238682752e-06
5.710829708776718e-06
6.769802006646293e-06
8.093262472236994e-06
9.712429513632968e-06
1.172741334561770e-05
1.421968511977498e-05
1.739555853923061e-05
2.148870345220684e-05
2.685066254115660e-05
3.405167166235170e-05
4.392234382322082e-05
5.749570187614006e-05
7.683369085470499e-05
1.039754726173365e-04
1.409733008414839e-04
1.934585821874149e-04
2.717426562802593e-04
3.906689144332731e-04
5.746335375484781e-04
8.534723199557741e-04
1.267868909738798e-03
1.879044620063238e-03
2.779357601218257e-03
4.121696115432596e-03
6.088795105223840e-03
8.920711706382405e-03
1.289569643764879e-02
1.834539295157310e-02
2.564698342581785e-02
3.526248964596005e-02
4.769531497901106e-02
6.351358693955116e-02
8.333857296085673e-02
1.078404031798765e-01
1.376446215157990e-01
1.736806068557274e-01
2.171786317287742e-01
2.685185230879402e-01
3.270523560076247e-01
3.926120261985849e-01
4.639782371538066e-01
5.389488663402177e-01
6.148877485060548e-01
6.874554287016795e-01
7.816464040163744e-01
9.999999999999999e-01
1.000000000000000e+00
1.000000000000000e+00
1.000000000000000e+00
1.000000000000000e+00
1.000000000000000e+00
1.000000000000000e+00
1.000000000000000e+00
1.000000000000000e+00
1.000000000000000e+00
1.000000000000000e+00
###1.200000000000001e+01
1.624289996248284e-07
4.189943588134949e-07
1.749026709520926e-07
-6.716435380401881e-09
2.497802273776058e-07
5.284509216196055e-07
4.887790740096168e-07
4.429585417440307e-07
4.756750508215762e-07
5.110932019734316e-07
4.972643782247156e-07
5.183414386992965e-07
5.524500427110885e-07
6.010326252589683e-07
5.818118138018515e-07
6.052004279657081e-07
5.940808487409456e-07
6.710373524416061e-07
7.003541319621848e-07
7.253045710075388e-07
7.822968356683489e-07
8.091126673145519e-07
8.426090391657725e-07
8.844096266144908e-07
9.275009846681183e-07
9.735656469283345e-07
1.028534041126823e-06
1.088088791706805e-06
1.146907788401473e-06
1.219726524350792e-06
1.282084777739566e-06
1.385802643801126e-06
1.496249000191570e-06
1.616697586856057e-06
1.767020377037525e-06
1.935448028602156e-06
2.135054987352214e-06
2.377056399786839e-06
2.670094116817521e-06
3.013055647285801e-06
3.443143492716370e-06
3.960274476884170e-06
4.595971213012109e-06
5.338869665585636e-06
6.300041621661533e-06
7.480590321032067e-06
8.949818600333947e-06
1.076933362230200e-05
1.304163916411795e-05
1.587740946841028e-05
1.953713826802417e-05
2.429779587150942e-05
3.059870316927261e-05
3.908719425842664e-05
5.075988751281959e-05
6.691467812539174e-05
8.974230438931969e-05
1.218629208089341e-04
1.660826894701669e-04
2.288774624906415e-04
3.217841851197901e-04
4.605860468758811e-04
6.719330976191688e-04
9.881312872467149e-04
1.454266469377182e-03
2.137563627667113e-03
3.135614132828313e-03
4.606607042968580e-03
6.742947958089298e-03
9.792910188905450e-03
1.404917202867898e-02
1.984930071718647e-02
2.759462424327327e-02
3.775276405423172e-02
5.083870161602194e-02
6.742619906558935e-02
8.815340999708589e-02
1.136714632164725e-01
1.445993499642545e-01
1.818015667300979e-01
2.264640698925283e-01
2.788294519682743e-01
3.381792558051890e-01
4.041775793715518e-01
4.754552022762449e-01
5.497489202671859e-01
6.243535560553286e-01
6.949431382974169e-01
7.867787574999824e-01
9.999999999999999e-01
1.000000000000000e+00
1.000000000000000e+00
1.000000000000000e+00
1.000000000000000e+00
1.000000000000000e+00
1.000000000000000e+00
1.000000000000000e+00
1.000000000000000e+00
1.000000000000000e+00
1.000000000000000e+00
###1.240000000000001e+01
1.849106061531195e-07
4.604928182650067e-07
2.038038500281122e-07
5.490807015800788e-09
2.623171122449863e-07
5.463721218310639e-07
5.244422331775196e-07
4.828666011950994e-07
5.185293149401471e-07
5.369414794690381e-07
5.516144473106787e-07
5.635840698260041e-07
6.023160389675762e-07
6.485842304410851e-07
6.356676028294477e-07
6.611838021272424e-07
6.566114034745086e-07
7.328555681803286e-07
7.666064504034531e-07
7.966333592583648e-07
8.553913451960926e-07
8.886093134462097e-07
9.275150888099652e-07
9.744473153654498e-07
1.023344677949280e-06
1.075422931662758e-06
1.137053540945666e-06
1.203115500818633e-06
1.270587104491553e-06
1.351414559912149e-06
1.419871763426354e-06
1.529090913345275e-06
1.659505747718768e-06
1.797598566057310e-06
1.957965068392602e-06
2.144449576358672e-06
2.363169294073515e-06
2.628256005207740e-06
2.951407557936272e-06
3.326169374147615e-06
3.795886580309888e-06
4.359190328140407e-06
5.056891459485164e-06
5.880496855730553e-06
6.935390523841236e-06
8.239609947549710e-06
9.879911522280954e-06
1.191877089987721e-05
1.448559047338265e-05
1.772951297762758e-05
2.194474074742746e-05
2.746730586025563e-05
3.482287054618292e-05
4.478698940823615e-05
5.851489888308010e-05
7.759538164538818e-05
1.044408220394752e-04
1.421580722003038e-04
1.944626396035449e-04
2.687158571079118e-04
3.776344527559791e-04
5.386098277609231e-04
7.797894506919107e-04
1.137118599718776e-03
1.659462753681418e-03
2.420205385145794e-03
3.522588267821841e-03
5.130393822606546e-03
7.445119887127461e-03
1.072494417620890e-02
1.527326974393194e-02
2.143937331161204e-02
2.963901303376913e-02
4.035327375548740e-02
5.411033454348281e-02
7.148168347871256e-02
9.311924947705791e-02
1.196697478334604e-01
1.517202153153901e-01
1.900950732767542e-01
2.358978836842675e-01
2.892578545830490e-01
3.493643602215534e-01
4.157860876483406e-01
4.869835552232518e-01
5.605930963069597e-01
6.338818111249982e-01
7.025872141416382e-01
7.919907169135394e-01
9.999999999999999e-01
1.000000000000000e+00
1.000000000000000e+00
1.000000000000000e+00
1.000000000000000e+00
1.000000000000000e+00
1.000000000000000e+00
1.000000000000000e+00
1.000000000000000e+00
1.000000000000000e+00
1.000000000000000e+00
###1.280000000000001e+01
1.798786112411069e-07
3.972907199568987e-07
3.109916418911821e-07
1.357198485954080e-08
2.711841281989461e-07
5.499003409488526e-07
5.271509102374380e-07
4.920312915097615e-07
5.300488392902334e-07
5.525673306683507e-07
5.719497497943496e-07
5.867253867737769e-07
6.282486812902982e-07
6.762316986523942e-07
6.711461208955335e-07
7.058508024928849e-07
6.996398025535445e-07
7.811091252570678e-07
8.148988572311285e-07
8.496110684755979e-07
9.110730547750172e-07
9.501399758672711e-07
9.946377758681337e-07
1.047184003697943e-06
1.102046579659782e-06
1.160807341928301e-06
1.230906972341131e-06
1.301354512948019e-06
1.378305470642838e-06
1.468157411654870e-06
1.548681059362528e-06
1.667748283510704e-06
1.809572015851073e-06
1.961811139356738e-06
2.138176008370697e-06
2.342979455771674e-06
2.581663949898437e-06
2.878526900618078e-06
3.224535960826286e-06
3.636355352546643e-06
4.150282412504007e-06
4.768035724015923e-06
5.530961589684082e-06
6.442294991598537e-06
7.608171761365284e-06
9.050352009766028e-06
1.088053948175923e-05
1.316199569329311e-05
1.607034750670651e-05
1.977996999348832e-05
2.463234393110712e-05
3.101874933577836e-05
3.957824518025200e-05
5.124420701654358e-05
6.728767973277191e-05
8.967681768319776e-05
1.210123888986618e-04
1.650870806508363e-04
2.264166742865211e-04
3.133202648975189e-04
4.399070236872434e-04
6.252153562400105e-04
8.991442735702097e-04
1.300889894958327e-03
1.884397842693700e-03
2.727728884846652e-03
3.941193872201623e-03
5.693105276389081e-03
8.197280077017271e-03
1.171685628751615e-02
1.656823800873107e-02
2.311451902237762e-02
3.178601671075890e-02
4.307281835470003e-02
5.751411394985984e-02
7.569031135838472e-02
9.824973056850297e-02
1.258402517261408e-01
1.590187646683492e-01
1.985564562250757e-01
2.454749800105402e-01
2.997929261140062e-01
3.606789436187388e-01
4.274777434111482e-01
4.985504833558391e-01
5.714816070294946e-01
6.434888994399054e-01
7.103390282561488e-01
7.972666547227429e-01
9.999999999999999e-01
1.000000000000000e+00
1.000000000000000e+00
1.000000000000000e+00
1.000000000000000e+00
1.000000000000000e+00
1.000000000000000e+00
1.000000000000000e+00
1.000000000000000e+00
1.000000000000000e+00
1.000000000000000e+00
###1.320000000000001e+01
1.793388275207482e-07
4.197285848906970e-07
3.188507396978242e-07
2.051248941130063e-08
2.765956626312881e-07
5.578336662044469e-07
5.360131271523316e-07
4.983086782322994e-07
5.442199819583663e-07
5.717236326200372e-07
5.926000051980975e-07
6.106794021275786e-07
6.546063578462994e-07
7.045132053435707e-07
7.055026247041305e-07
7.430019392345912e-07
7.456851783149069e-07
8.257136697891320e-07
8.646093912385495e-07
9.047592480578345e-07
9.695231187364555e-07
1.014643601701909e-06
1.065087937376884e-06
1.123577786663323e-06
1.185073760809802e-06
1.250820485114253e-06
1.328570137572308e-06
1.406868224436315e-06
1.493683643457658e-06
1.592338663621383e-06
1.684867522171247e-06
1.815543460301598e-06
1.969664915835436e-06
2.137133315209874e-06
2.330676037487171e-06
2.555255360607542e-06
2.817106628993875e-06
3.141828783961683e-06
3.520615387850182e-06
3.970913918454077e-06
4.533582892232807e-06
5.210392382154061e-06
6.047717898337032e-06
7.059067263291970e-06
8.346402081939203e-06
9.943074434868679e-06
1.198412033674137e-05
1.454751541403488e-05
1.783708729560792e-05
2.206968684488380e-05
2.763490314783025e-05
3.500748233782890e-05
4.494114447200825e-05
5.851771929491685e-05
7.716907015237605e-05
1.032488203598471e-04
1.396451325047965e-04
1.907870660318963e-04
2.621377184467784e-04
3.630044888958743e-04
5.090204393639590e-04
7.207380026533196e-04
1.030464217188405e-03
1.480709296970982e-03
2.129865459417946e-03
3.061991473967130e-03
4.393371785020803e-03
6.299394434328278e-03
9.002124290594398e-03
1.277328726277767e-02
1.794260965174180e-02
2.488097037928930e-02
3.403950479380632e-02
4.591462421861839e-02
6.105635927399768e-02
8.004914034630232e-02
1.035405100177761e-01
1.321773141077010e-01
1.664826897444580e-01
2.071787297673767e-01
2.552151309557723e-01
3.104852381597756e-01
3.720941085543410e-01
4.392717228870908e-01
5.102079082379156e-01
5.824582483889754e-01
6.531716830654630e-01
7.181880964468750e-01
8.028399157471753e-01
9.999999999999999e-01
1.000000000000000e+00
1.000000000000000e+00
1.000000000000000e+00
1.000000000000000e+00
1.000000000000000e+00
1.000000000000000e+00
1.000000000000000e+00
1.000000000000000e+00
1.000000000000000e+00
1.000000000000000e+00
###1.360000000000001e+01
1.229275307710833e-07
4.258065984221134e-07
2.899405588631990e-07
2.729685943578383e-08
2.847368009932154e-07
5.815080551168051e-07
5.452417478612581e-07
5.087259039293896e-07
5.633485267251660e-07
5.905646188530192e-07
5.453334514346926e-07
6.335140904251496e-07
6.813536233577563e-07
7.334372960305320e-07
7.405243020721089e-07
7.813015550453511e-07
7.909643770502353e-07
8.718087631812612e-07
9.160270416115900e-07
9.617543047729344e-07
1.030421282321698e-06
1.081871217914029e-06
1.138607859968855e-06
1.203511539543484e-06
1.272223059021439e-06
1.345401891451102e-06
1.430764050635386e-06
1.518054407916416e-06
1.614486654470091e-06
1.723441935235842e-06
1.829302136617174e-06
1.971891726176448e-06
2.140180202268117e-06
2.324422534104240e-06
2.536534722986952e-06
2.783010164087472e-06
3.071167265982433e-06
3.424304498643967e-06
3.838369140278598e-06
4.331680778215023e-06
4.946933534748686e-06
5.688183158542948e-06
6.608802458509507e-06
7.726729432580129e-06
9.146036047985509e-06
1.092681205832306e-05
1.320621115209431e-05
1.608037948747244e-05
1.980691289766432e-05
2.463145959023648e-05
3.099937612958631e-05
3.948754502607439e-05
5.095915843352955e-05
6.673680480237758e-05
8.826165327379589e-05
1.184425365207643e-04
1.605263937635327e-04
2.195308343231070e-04
3.019758338311092e-04
4.181950018441252e-04
5.853393412743033e-04
8.258311102208458e-04
1.174611122776131e-03
1.677278492729125e-03
2.397018031787489e-03
3.424042673432268e-03
4.880624176885463e-03
6.949074677622511e-03
9.860999878464585e-03
1.389575729163139e-02
1.939470168836799e-02
2.674275355883910e-02
3.640293119211484e-02
4.888363928047262e-02
6.474193218758041e-02
8.455661239750216e-02
1.089972877344136e-01
1.386961774741169e-01
1.741242950267654e-01
2.159823053564532e-01
2.651021652888485e-01
3.212992329145805e-01
3.836030655564541e-01
4.511238913924623e-01
5.219308808617200e-01
5.935369458517908e-01
6.629584283038531e-01
7.260922660935641e-01
8.082402552319681e-01
9.999999999999999e-01
1.000000000000000e+00
1.000000000000000e+00
1.000000000000000e+00
1.000000000000000e+00
1.000000000000000e+00
1.000000000000000e+00
1.000000000000000e+00
1.000000000000000e+00
1.000000000000000e+00
1.000000000000000e+00
###1.400000000000001e+01
1.379399497304549e-07
4.247627862568382e-07
2.826284843715558e-07
3.819142498207683e-08
2.883162890841673e-07
5.668163465523120e-07
5.490424594129816e-07
5.193692668233192e-07
6.567373109014176e-07
6.032616669197739e-07
5.696903717246115e-07
6.587009654357037e-07
7.069901729250161e-07
7.629431428317991e-07
7.761340274187626e-07
8.205438039955722e-07
8.371605107839871e-07
9.194125052330976e-07
9.691379270153912e-07
1.020725927786636e-06
1.093675939764799e-06
1.151816103720593e-06
1.215278774496819e-06
1.286981234040920e-06
1.363221690689329e-06
1.444567243872924e-06
1.538302101691644e-06
1.635291175947801e-06
1.742162394593005e-06
1.862491637534265e-06
1.982323382840589e-06
2.138243046674548e-06
2.321562475492451e-06
2.523481779976443e-06
2.755633365951248e-06
3.026050646604326e-06
3.340947448381210e-06
3.726773495340079e-06
4.179644062735140e-06
4.721624343309440e-06
5.392686784715537e-06
6.206169510693644e-06
7.214880224163900e-06
8.455959940127846e-06
1.002543621737971e-05
1.200797979068035e-05
1.455060534996422e-05
1.778651998255641e-05
2.199724329841630e-05
2.748265505478906e-05
3.476253451474273e-05
4.449217654251582e-05
5.770511408114124e-05
7.590569061171473e-05
1.006887496573903e-04
1.354235463975653e-04
1.838397518852486e-04
2.515452541151633e-04
3.461721056367392e-04
4.792210859639202e-04
6.694688788975008e-04
9.413672127967663e-04
1.332225396596936e-03
1.891749368003454e-03
2.687247656773078e-03
3.815512805785285e-03
5.405259062474657e-03
7.644589805246163e-03
1.077637900302953e-02
1.508691961915650e-02
2.093160874791791e-02
2.870087324828829e-02
3.888215656381292e-02
5.198384992366941e-02
6.857196030729922e-02
8.923795563645678e-02
1.146345609668467e-01
1.453910767157587e-01
1.819500672523001e-01
2.249570568113647e-01
2.751481166807715e-01
3.322615561053359e-01
3.952366487673139e-01
4.630541704126707e-01
5.337004780983692e-01
6.046313139694358e-01
6.728264156440211e-01
7.341689033615577e-01
8.139801601818020e-01
9.999999999999999e-01
1.000000000000000e+00
1.000000000000000e+00
1.000000000000000e+00
1.000000000000000e+00
1.000000000000000e+00
1.000000000000000e+00
1.000000000000000e+00
1.000000000000000e+00
1.000000000000000e+00
1.000000000000000e+00
###1.440000000000001e+01
1.295712686782559e-07
4.047142712868236e-07
2.900597113455654e-07
5.365966103474945e-08
2.964172253668402e-07
5.701091515246557e-07
5.566411127683344e-07
5.330842190672862e-07
6.697075112443943e-07
6.207298315846172e-07
5.942750801589086e-07
6.837394993272678e-07
7.348369463265038e-07
7.935393994649191e-07
8.128433971517778e-07
8.611568963395152e-07
8.846943941772611e-07
9.689377261861471e-07
1.024364462372975e-06
1.082035911857441e-06
1.159741500890344e-06
1.224897235509496e-06
1.295400116047543e-06
1.374454276944582e-06
1.458722123758599e-06
1.548890238106319e-06
1.651600942364663e-06
1.758998635539604e-06
1.877049297596155e-06
2.009806398773535e-06
2.144096628388217e-06
2.314676006310256e-06
2.514637984453142e-06
2.735712699387606e-06
2.990045505192451e-06
3.286620534692432e-06
3.631223710570013e-06
4.051768941180127e-06
4.547080432612200e-06
5.142010595764151e-06
5.875976207106863e-06
6.770221295391495e-06
7.880214619275457e-06
9.253598482368821e-06
1.099136509339963e-05
1.319803786667398e-05
1.603542097407245e-05
1.966911785715497e-05
2.443108661374884e-05
3.065653078142320e-05
3.895113123125402e-05
5.004619025022371e-05
6.524210574235865e-05
8.614013565364440e-05
1.145460621063973e-04
1.543781292623928e-04
2.097567039290282e-04
2.871172036099245e-04
3.951154334442752e-04
5.465332732116508e-04
7.619718622859590e-04
1.067841403379787e-03
1.504427898393765e-03
2.124600176340145e-03
3.001503938830541e-03
4.237481484854548e-03
5.967577652115520e-03
8.388352261640038e-03
1.175130467829106e-02
1.635055222499757e-02
2.255293384683477e-02
3.076142668217041e-02
4.147684249220029e-02
5.521742535823555e-02
7.255376304047514e-02
9.408056346680434e-02
1.204481465787380e-01
1.522755775830969e-01
1.899704406736442e-01
2.341253888061330e-01
2.853599893612419e-01
3.433734847226322e-01
4.069941119832249e-01
4.750667105729393e-01
5.455154537350376e-01
6.157559134723855e-01
6.827581305857954e-01
7.423486779699633e-01
8.197463765000127e-01
9.999999999999999e-01
1.000000000000000e+00
1.000000000000000e+00
1.000000000000000e+00
1.000000000000000e+00
1.000000000000000e+00
1.000000000000000e+00
1.000000000000000e+00
1.000000000000000e+00
1.000000000000000e+00
1.000000000000000e+00
###1.480000000000001e+01
1.118750605273603e-07
4.150571027630249e-07
2.966198045709359e-07
6.199030688697534e-08
3.064389495311612e-07
5.794957239724336e-07
5.701385288508470e-07
5.425034737877174e-07
6.808200317766034e-07
6.454295202360949e-07
6.194175243979293e-07
7.085713704155150e-07
7.643218648161688e-07
8.267140114308702e-07
8.513111081054954e-07
9.029374346919894e-07
9.337084201375399e-07
1.020413128873249e-06
1.081568291576855e-06
1.145819521709891e-06
1.228749416870712e-06
1.301256344859350e-06
1.379257913558819e-06
1.466219432327683e-06
1.559159542144444e-06
1.658606655274506e-06
1.771067630542902e-06
1.889562487080096e-06
2.019764705335477e-06
2.165616389043965e-06
2.315659651263302e-06
2.502421797963576e-06
2.720044653604065e-06
2.961660573236362e-06
3.240150765961777e-06
3.563845579513090e-06
3.942467906540821e-06
4.400101679835852e-06
4.941634037614981e-06
5.593953871887726e-06
6.398128629754366e-06
7.380670612056920e-06
8.602541700681793e-06
1.012198622135591e-05
1.205147894807200e-05
1.450953328687118e-05
1.767346078803618e-05
2.175530566896247e-05
2.713054310634860e-05
3.418363138893736e-05
4.362052700859131e-05
5.629190206867383e-05
7.363152716170009e-05
9.750825156607505e-05
1.299384880606566e-04
1.754147759688202e-04
2.385061797016651e-04
3.264429398572459e-04
4.491059574534934e-04
6.205162412057844e-04
8.632250115774470e-04
1.205822163208383e-03
1.691595808123955e-03
2.376952908805237e-03
3.341070535765939e-03
4.691829630569485e-03
6.570514202079922e-03
9.182083988076196e-03
1.278678741698168e-02
1.768778868850941e-02
2.426476580165255e-02
3.292700430087462e-02
4.419303330481236e-02
5.858859877288423e-02
7.669062001492889e-02
9.909519785416496e-02
1.264459123526676e-01
1.593445029553291e-01
1.981792951092136e-01
2.434657135369956e-01
2.957513079486435e-01
3.546424233844939e-01
4.188548212294469e-01
4.871640997473715e-01
5.574075871842972e-01
6.269561092512409e-01
6.927184313326034e-01
7.506411687195557e-01
8.255817214751442e-01
9.999999999999999e-01
1.000000000000000e+00
1.000000000000000e+00
1.000000000000000e+00
1.000000000000000e+00
1.000000000000000e+00
1.000000000000000e+00
1.000000000000000e+00
1.000000000000000e+00
1.000000000000000e+00
1.000000000000000e+00
###1.520000000000001e+01
1.191525468092018e-07
4.194241227060860e-07
3.001055489660899e-07
7.330408423943519e-08
3.359884969019750e-07
5.781790042383927e-07
5.806982831245037e-07
5.578212734001707e-07
6.634699560139581e-07
6.640747626866908e-07
6.448655549298354e-07
7.356465956714008e-07
7.938781285894269e-07
8.594324119108192e-07
8.902806722307089e-07
9.463611211986581e-07
9.842024702497020e-07
1.073870532091865e-06
1.141226960941556e-06
1.212112431875524e-06
1.300786492296028e-06
1.380962537432431e-06
1.466995816506243e-06
1.562417285176597e-06
1.664355899909198e-06
1.773936988656829e-06
1.896790117085083e-06
2.027044280510811e-06
2.170473301111909e-06
2.330373845970651e-06
2.497312453068000e-06
2.702104791544969e-06
2.938089873166031e-06
3.202466699000969e-06
3.506578806350515e-06
3.859966080750043e-06
4.275226499481882e-06
4.774085551990225e-06
5.368437315677372e-06
6.080515349872488e-06
6.965804557786284e-06
8.045171711680104e-06
9.389999842124050e-06
1.107383731230398e-05
1.320905256942866e-05
1.594848534499077e-05
1.947922743692745e-05
2.407296210933727e-05
3.012284957326653e-05
3.808698100315196e-05
4.880554914128792e-05
6.322185748412628e-05
8.294983142841393e-05
1.101399136274634e-04
1.470335638011388e-04
1.987277761778655e-04
2.703006903063115e-04
3.699087445331310e-04
5.084666463026614e-04
7.017102923248336e-04
9.739483151063275e-04
1.356124282733669e-03
1.894983497561365e-03
2.650371876069146e-03
3.707415773846973e-03
5.179463301106763e-03
7.215250102543173e-03
1.002769083452521e-02
1.388729543055920e-02
1.910140879239815e-02
2.606836480899074e-02
3.520110256672813e-02
4.703840693635340e-02
6.210820499163660e-02
8.099598229174587e-02
1.042913513185282e-01
1.326339813597475e-01
1.666146531925809e-01
2.065890239505890e-01
2.529984317461807e-01
3.063179203004741e-01
3.660290118491417e-01
4.308269561068129e-01
4.993410280825272e-01
5.693605127762099e-01
6.381606027652392e-01
7.027293633400039e-01
7.589675043554603e-01
8.315105752759732e-01
9.999999999999999e-01
1.000000000000000e+00
1.000000000000000e+00
1.000000000000000e+00
1.000000000000000e+00
1.000000000000000e+00
1.000000000000000e+00
1.000000000000000e+00
1.000000000000000e+00
1.000000000000000e+00
1.000000000000000e+00
###1.560000000000001e+01
-1.305922068344242e-07
3.690910004456384e-07
3.058386245244000e-07
8.407799906722865e-08
3.429256170471409e-07
5.857918380183491e-07
5.912450662389078e-07
5.706451544784663e-07
6.779711003483607e-07
6.809062768407504e-07
6.713458553463225e-07
7.633017013945995e-07
8.248693576614626e-07
8.938242307892318e-07
9.310130595550291e-07
9.918365215472981e-07
1.036780862764217e-06
1.129953693949504e-06
1.203795918798728e-06
1.281658188770376e-06
1.376525271528727e-06
1.464810548965050e-06
1.559348785918555e-06
1.663488510547371e-06
1.775374313429499e-06
1.895573218762825e-06
2.028414788196407e-06
2.172726530358445e-06
2.330140529671355e-06
2.505514209240999e-06
2.690446826400808e-06
2.913577402390727e-06
3.171006451660470e-06
3.459478715291991e-06
3.791936343039230e-06
4.179678571008223e-06
4.634233051279607e-06
5.176740177607072e-06
5.827103964222297e-06
6.608737377081835e-06
7.577686138620900e-06
8.767118480174787e-06
1.025449637250373e-05
1.211314638653565e-05
1.448037360309153e-05
1.753678708170589e-05
2.147709134968836e-05
2.663536969932315e-05
3.343379155179585e-05
4.243013788952984e-05
5.457496145323378e-05
7.092080221987480e-05
9.328385466058667e-05
1.241297274155337e-04
1.660311663613295e-04
2.245073562284662e-04
3.053981329451614e-04
4.177120381108419e-04
5.736760781256099e-04
7.905286560629809e-04
1.094752623114923e-03
1.519511732772883e-03
2.115160659829065e-03
2.945741439324426e-03
4.101442940558287e-03
5.702874736163757e-03
7.904144529746755e-03
1.092798484349947e-02
1.505074715823849e-02
2.059505166483885e-02
2.796698100160842e-02
3.758965140107069e-02
5.001042914373584e-02
6.577846322555927e-02
8.545762957488459e-02
1.096685761757417e-01
1.390193269567392e-01
1.740952479184756e-01
2.152040358681748e-01
2.627284351072317e-01
3.170520859112423e-01
3.775782525697286e-01
4.429181294063024e-01
5.115994788009302e-01
5.813810912098998e-01
6.494260152305501e-01
7.126845644876232e-01
7.673469328666547e-01
8.375021783453904e-01
9.999999999999999e-01
1.000000000000000e+00
1.000000000000000e+00
1.000000000000000e+00
1.000000000000000e+00
1.000000000000000e+00
1.000000000000000e+00
1.000000000000000e+00
1.000000000000000e+00
1.000000000000000e+00
1.000000000000000e+00
