# NLO BK equation solver 0.0-dev build  (build Nov 18 2025 11:57:20)
# Initial condition: MV model, Q_s0^2 = 0.0912585 GeV^2, \gamma = 4.28572, coefficient of E inside Log is 1, x0=0.01, \Lambda_QCD = 0.241 GeV
# # LO Kernel RC:  Balitsky. NLO Kernel RC:  smallest dipole
# Nc=3, Nf=4
# Using RungeKutta method in K1
# Resumming double log
# Resumming single log, K_sub=0.65 resum rc: smallest
# BK K1 integration relative accuracy: 0.02# NLO BK as^2 terms: MC integration method: Vegas, points=1000000
# Kinematical constraint: none
# Target kinematical constraint: disabled

###1.000000000000000e-05
###1.160836920850890e+00
###100
###1.000000000000000e+00
###0.000000000000000e+00
1.572236846024727e-47
5.580394138644001e-47
1.980398997902580e-46
7.027163207509049e-46
2.493133009071337e-45
8.843973217234431e-45
3.136782379659733e-44
1.112384025655913e-43
3.944180676113046e-43
1.398262848741484e-42
4.956201860455453e-42
1.756448508086809e-41
6.223664480992772e-41
2.204850766163298e-40
7.809664742709996e-40
2.765690263723657e-39
9.792427288653683e-39
3.466493923016788e-38
1.226877806860222e-37
4.341305579730735e-37
1.535836080815465e-36
5.432153136150849e-36
1.920873696401529e-35
6.790819460990278e-35
2.400152798227703e-34
8.480970212059374e-34
2.995977702390589e-33
1.058069727035651e-32
3.735672328935593e-32
1.318554084915754e-31
4.652619296854283e-31
1.641205555083628e-30
5.787481277032600e-30
2.040198422581315e-29
7.189623950322284e-29
2.532709643106988e-28
8.918756491995172e-28
3.139473291673755e-27
1.104679893998280e-26
3.885407047946532e-26
1.365997490915775e-25
4.800307860414830e-25
1.686111150503998e-24
5.919607605200032e-24
2.077210455116773e-23
7.285170778480307e-23
2.553647529101543e-22
8.946104822259864e-22
3.132190455340314e-21
1.095953989906758e-20
3.832258445004728e-20
1.339132023710810e-19
4.676118338943335e-19
1.631653711244252e-18
5.689019384658367e-18
1.981983136307542e-17
6.899245525633034e-17
2.399541428060047e-16
8.338077133504760e-16
2.894682194556491e-15
1.003968596805627e-14
3.478656334538518e-14
1.204105081234608e-13
4.163609257002136e-13
1.438209237745220e-12
4.962698018971038e-12
1.710639897640529e-11
5.890481013972211e-11
2.026315103685533e-10
6.963815113238378e-10
2.391112300177981e-09
8.203577365568711e-09
2.812586149790708e-08
9.637573920669067e-08
3.301116510225847e-07
1.130495721964869e-06
3.871567049268280e-06
1.326222024133905e-05
4.545362046626256e-05
1.559006902723814e-04
5.352201303114867e-04
1.839059167845658e-03
6.319116191944474e-03
2.163308870749536e-02
7.281948668923799e-02
2.304469481162500e-01
5.973195855219289e-01
9.578339569362104e-01
9.999840654342972e-01
1.000000000000000e+00
1.000000000000000e+00
1.000000000000000e+00
1.000000000000000e+00
1.000000000000000e+00
1.000000000000000e+00
1.000000000000000e+00
1.000000000000000e+00
1.000000000000000e+00
1.000000000000000e+00
1.000000000000000e+00
###4.000000000000000e-01
2.321354382790278e-09
4.970919331878057e-10
1.746687713606416e-10
-6.649993728277322e-11
-2.739271819936638e-10
6.789038845694460e-12
-6.105334625558394e-10
-2.039547841847536e-10
-1.078504058152432e-11
1.129397743238416e-10
-8.176446680787559e-10
-7.079955078136455e-10
-6.973227824158396e-11
1.670177943340375e-10
3.694308808385671e-11
-4.302649707605058e-10
-1.523951722031681e-10
1.950109108621350e-10
1.942403957127411e-11
-1.427497376654612e-11
-1.411762757578185e-10
-1.024971513819673e-10
1.759509587447619e-11
5.821778002481494e-11
3.802942425484816e-11
8.123789382242103e-11
6.739166108418573e-11
3.581928553169147e-10
1.410504717733491e-10
1.090751194044155e-10
2.477424270479074e-10
2.105808035274192e-10
4.603451002451456e-10
5.583228716690515e-10
7.029830388140634e-10
1.014454922973339e-09
1.402102534033834e-09
1.706433986280180e-09
2.369054800859552e-09
3.045878287065544e-09
4.050014587082452e-09
5.515370533688323e-09
7.325075472037255e-09
9.718506893604586e-09
1.282825985087369e-08
1.696678125973938e-08
2.214781808668932e-08
2.931836504276704e-08
3.839755131291178e-08
5.015837494599039e-08
6.598100545643450e-08
8.611248268605214e-08
9.737112330248181e-08
1.273376324953751e-07
1.936710493369091e-07
2.548259583515246e-07
2.898358229956212e-07
4.504216401418491e-07
6.051056010540283e-07
8.224360878546222e-07
1.133533202181010e-06
1.583053262872157e-06
2.254943262739778e-06
3.248607303868690e-06
4.775917608861778e-06
7.170144818396038e-06
1.082069298771520e-05
1.665308527878677e-05
2.568782030380566e-05
3.991763795229852e-05
6.196841204775151e-05
9.614241198572951e-05
1.495611824526832e-04
2.311675729700617e-04
3.580275175292143e-04
5.541958564342911e-04
8.609419700158642e-04
1.340511393283108e-03
2.107898541798828e-03
3.379000243033756e-03
5.649370809755178e-03
9.982493354523629e-03
1.921549486369688e-02
4.137464040080011e-02
9.955951743938810e-02
2.523517659949442e-01
5.744391436828939e-01
8.910618167645182e-01
9.616598986749328e-01
1.000000000000000e+00
1.000000000000000e+00
1.000000000000000e+00
1.000000000000000e+00
1.000000000000000e+00
1.000000000000000e+00
1.000000000000000e+00
1.000000000000000e+00
1.000000000000000e+00
1.000000000000000e+00
1.000000000000000e+00
###8.000000000000000e-01
1.304174931195996e-08
-4.321346917670697e-09
3.636961785815596e-09
2.395165698242360e-09
1.786648777885140e-09
9.022610082401793e-11
-1.420800236101732e-08
1.739792692819617e-09
2.539644390849995e-09
6.742928857687255e-11
1.122949993685242e-09
-5.129020033975352e-10
2.503073740985898e-10
1.573400109950561e-10
2.461628479642273e-10
-1.185125637452852e-11
8.082645591591555e-10
5.152131887776345e-10
3.471581292361048e-10
3.090597046213004e-10
2.490565930465973e-10
5.309998300823347e-10
1.471943768046728e-11
-2.293741196535020e-10
4.395636830784270e-10
4.858685495464231e-10
4.440834783410249e-10
9.091635828026965e-10
7.844635081028232e-10
6.132945919948155e-10
7.573617590879565e-10
8.928581845549156e-10
1.389828470708770e-09
1.834684792318385e-09
2.500528466012352e-09
3.128371092974374e-09
3.440204947536905e-09
4.973043269615790e-09
6.708194925643689e-09
8.272122729001679e-09
1.117355798036993e-08
1.438495154012230e-08
1.919732766245575e-08
2.482946924693823e-08
3.245775766337596e-08
4.221205627616356e-08
5.429756636445292e-08
7.035792589131409e-08
9.007745779774521e-08
1.153099387986712e-07
1.467650037344588e-07
1.860034455344639e-07
2.223408746074416e-07
2.797072657400413e-07
3.741995697873864e-07
4.728052532482077e-07
5.532892477548053e-07
7.565737273017798e-07
9.681753164429183e-07
1.262757401394057e-06
1.686529896850635e-06
2.314059497901069e-06
3.349583947074261e-06
4.945942667932840e-06
7.684597449408383e-06
1.222325564557267e-05
1.988307975999220e-05
3.261368144481957e-05
5.349431290744267e-05
8.727294962718320e-05
1.403598004612028e-04
2.222825326443115e-04
3.485342104771048e-04
5.407864875066390e-04
8.321925329520930e-04
1.275007690200606e-03
1.947236673830911e-03
2.967143658568531e-03
4.522686397489548e-03
6.998104757898227e-03
1.115126842163360e-02
1.837011947082579e-02
3.186983750496138e-02
5.977143283245830e-02
1.231458442419851e-01
2.704142389841966e-01
5.552953676166389e-01
8.357141884910765e-01
9.264101109768516e-01
1.000000000000000e+00
1.000000000000000e+00
1.000000000000000e+00
1.000000000000000e+00
1.000000000000000e+00
1.000000000000000e+00
1.000000000000000e+00
1.000000000000000e+00
1.000000000000000e+00
1.000000000000000e+00
1.000000000000000e+00
###1.200000000000000e+00
2.515840908818963e-08
1.399319148394970e-08
3.031551095799585e-09
4.884158628445107e-09
1.526065076860446e-09
-2.489437861501204e-09
-1.425486080943225e-08
1.315255196344659e-09
3.512865076584869e-09
1.864602257122367e-10
5.864567320701025e-10
-4.279450352840998e-10
3.671335790997991e-10
7.549189860721254e-10
1.183145504273424e-09
-1.466263909196432e-09
3.213572640099788e-09
-6.843033993069562e-10
8.600039437580050e-10
1.432916545433401e-09
8.219512885558232e-10
1.674643236457052e-09
-9.661983115677175e-11
3.000708807473770e-10
1.474531934802581e-09
1.231165870589721e-09
1.444538369561890e-09
1.565219897988663e-09
2.283621035008356e-09
1.864192150064022e-09
2.265061453776251e-09
2.793779093989844e-09
3.215028143725455e-09
4.084640889429091e-09
5.821558783892923e-09
6.980623306615820e-09
8.158827160416226e-09
1.015075829276033e-08
1.429339662049691e-08
1.846892388100386e-08
2.336770276181667e-08
2.986592401664955e-08
3.923854376410001e-08
5.008826482038224e-08
6.441102070240341e-08
8.191928011544684e-08
1.043788515633354e-07
1.310532557878821e-07
1.631755384732596e-07
2.028695135833619e-07
2.503112957211941e-07
3.033224326983221e-07
3.522556058888731e-07
4.106186949880411e-07
4.955519155707518e-07
5.655015018286105e-07
5.912691195177277e-07
6.732628684605357e-07
7.028859886559062e-07
7.279280592443587e-07
7.988363713123995e-07
9.238585110745869e-07
1.434991678051197e-06
2.604312162764579e-06
5.253581290163445e-06
1.087003094505186e-05
2.177660519230683e-05
4.172403651911107e-05
7.660175610258860e-05
1.352482270934106e-04
2.290782726212618e-04
3.749887989230960e-04
5.961296076504944e-04
9.296757052453450e-04
1.427204459328637e-03
2.167982463220761e-03
3.268260489788575e-03
4.895561417132621e-03
7.293260771819810e-03
1.101818252502581e-02
1.705263008894639e-02
2.704283612865333e-02
4.438811953763606e-02
7.712664180578784e-02
1.442684668487697e-01
2.856879523237733e-01
5.394773444070714e-01
7.898483936514903e-01
8.945136800523129e-01
1.000000000000000e+00
1.000000000000000e+00
1.000000000000000e+00
1.000000000000000e+00
1.000000000000000e+00
1.000000000000000e+00
1.000000000000000e+00
1.000000000000000e+00
1.000000000000000e+00
1.000000000000000e+00
1.000000000000000e+00
###1.600000000000000e+00
3.251924974783860e-08
2.005592152787187e-08
-1.307288591951753e-08
3.542162428516044e-08
4.652204863925659e-09
-1.175591278897595e-08
-2.050937708118806e-08
3.030762028672175e-09
7.253231056752410e-09
3.379643363614061e-09
2.192408679403331e-09
1.331327979504891e-09
-4.380307012940978e-09
1.753164448575164e-10
4.245715846210914e-09
1.197015186051379e-09
6.163154804515953e-09
2.792133253718599e-09
4.643236763455202e-09
4.438989495118355e-09
4.842345674973406e-09
5.689092312931211e-09
-6.302197669139115e-08
1.543401827301806e-08
5.971378099292371e-09
4.029623221798130e-09
5.003434521747826e-09
5.199367546624827e-09
6.518973861492742e-09
6.845836104923300e-09
7.474064236861003e-09
8.826951930118577e-09
8.650748691072731e-09
1.261077657004978e-08
1.278588510518765e-08
1.578325182756577e-08
1.931651599588425e-08
2.248285227856521e-08
2.930157165663416e-08
3.662467291115412e-08
4.518369197425992e-08
5.738885314568879e-08
7.321498793294924e-08
9.096406504571244e-08
1.163303072216068e-07
1.429128744191517e-07
1.775447607821760e-07
2.177054432742915e-07
2.649780337890134e-07
3.208780108082954e-07
3.785461617021661e-07
4.389832259339808e-07
4.767109163442863e-07
5.076643198282587e-07
5.235584645693220e-07
4.807381676758405e-07
3.215761431439777e-07
8.192860537231619e-08
-4.537954466148698e-07
-1.156151115267631e-06
-2.163067767162395e-06
-3.528225867002826e-06
-4.782215476730127e-06
-5.387381386313479e-06
-4.540050767362763e-06
1.574486420268134e-06
1.396039090921207e-05
4.014633169441050e-05
9.097777199309103e-05
1.799174851752035e-04
3.250270926391553e-04
5.511658519601165e-04
8.913705659571736e-04
1.398343014808032e-03
2.144475832888477e-03
3.235203180115493e-03
4.828416628745380e-03
7.125528449388361e-03
1.043761080092320e-02
1.545292637523117e-02
2.337398497483897e-02
3.603196463735003e-02
5.687797316701318e-02
9.370116487250202e-02
1.635393328714498e-01
2.990458004062923e-01
5.267578298824592e-01
7.519969121007397e-01
8.663209482007374e-01
1.000000000000000e+00
1.000000000000000e+00
1.000000000000000e+00
1.000000000000000e+00
1.000000000000000e+00
1.000000000000000e+00
1.000000000000000e+00
1.000000000000000e+00
1.000000000000000e+00
1.000000000000000e+00
1.000000000000000e+00
###2.000000000000000e+00
1.191972509199073e-08
3.446123630735375e-08
-2.459458133139416e-08
2.532009025879180e-08
-1.233928778440013e-08
-8.744164346987466e-10
-2.663389520568642e-07
3.381201105026344e-08
2.963018178018403e-08
-4.603732257006286e-09
1.702775951456579e-08
1.834442340935921e-08
2.332957288676180e-08
1.284393942085895e-08
1.210827999781666e-08
1.681760214904143e-08
1.745832892503483e-08
1.361336515555784e-08
1.701190505448792e-08
1.997283706467049e-08
1.951036674831839e-08
2.110142811465311e-08
-4.616205449125524e-08
3.310773965713808e-08
2.485388962517094e-08
1.959002192511714e-08
1.310431760797033e-08
2.044681984530330e-08
2.366619720774829e-08
2.404042985110876e-08
2.462827056159681e-08
2.337096030968124e-08
2.697382006180603e-08
3.062703838066803e-08
3.389284887647681e-08
3.807184439777609e-08
4.390621741618155e-08
5.169950739565582e-08
6.005202807093744e-08
7.371265729839940e-08
8.858961792262790e-08
1.102794777844417e-07
1.339467508883572e-07
1.626401366127620e-07
2.002727375444574e-07
2.418608592904945e-07
2.946676970717459e-07
3.491148008801073e-07
4.156676609985966e-07
4.866091714664039e-07
5.425236478039565e-07
6.028848015699858e-07
6.183941839603707e-07
5.926899680597857e-07
5.268347416014847e-07
3.262965588196805e-07
-2.274033047691554e-07
-1.089262464302780e-06
-2.576932883453561e-06
-4.591696724027294e-06
-7.471835487566451e-06
-1.142393663009005e-05
-1.582220398437784e-05
-2.009110752409277e-05
-2.263007036319497e-05
-1.767450615615893e-05
3.854499858086354e-06
3.562330490896100e-05
9.864007789302003e-05
2.226195035182867e-04
4.295577147970908e-04
7.531133373330326e-04
1.238073555640020e-03
1.950731911202662e-03
2.987190141895503e-03
4.480671290763618e-03
6.625922938519315e-03
9.661071121234746e-03
1.394318898108248e-02
2.029584143434095e-02
3.010193594886667e-02
4.534875282085714e-02
6.939573952964527e-02
1.097422846767677e-01
1.814507024829009e-01
3.111543359429735e-01
5.169298973855496e-01
7.211597237112872e-01
8.417028855450441e-01
1.000000000000000e+00
1.000000000000000e+00
1.000000000000000e+00
1.000000000000000e+00
1.000000000000000e+00
1.000000000000000e+00
1.000000000000000e+00
1.000000000000000e+00
1.000000000000000e+00
1.000000000000000e+00
1.000000000000000e+00
###2.400000000000000e+00
4.409831958153813e-08
5.337364412486125e-08
-2.050535939119301e-08
4.388925816101834e-08
3.639338609520041e-08
-2.854158734297435e-09
-2.300963817542544e-07
6.969432879971272e-08
3.970230102551922e-08
1.283116144365958e-08
4.342360698757329e-08
2.776417344190084e-08
6.108328162186368e-08
3.258132379424626e-08
2.776954101021466e-08
2.397069833355805e-08
3.243293220530546e-08
3.077569404455186e-08
4.063856404632735e-08
3.885739739338905e-08
4.204755638446856e-08
4.264524748691202e-08
-1.921120874699233e-08
6.942403728571561e-08
5.799149293483300e-08
4.434481033424097e-08
3.601321375890095e-08
4.312783249072518e-08
4.553961201121303e-08
4.782266314059272e-08
4.872270891910065e-08
5.069229321780984e-08
5.063915066984106e-08
5.796901966213817e-08
6.412037931604190e-08
7.031538286463911e-08
8.103004220708460e-08
8.976981396808086e-08
1.070742748535407e-07
1.313597433465239e-07
1.486377629040017e-07
1.776941419511333e-07
2.167292139363234e-07
2.590581613291584e-07
3.122194700684331e-07
3.734674436825730e-07
4.496254985436415e-07
5.291111737745907e-07
6.221075814957148e-07
7.066535104858303e-07
7.764007171539455e-07
8.155961498261795e-07
7.953057981637601e-07
6.902026659408358e-07
5.306138297049241e-07
9.075192184930208e-08
-1.096726072385755e-06
-2.792438529006561e-06
-5.520493963036526e-06
-9.384866468919019e-06
-1.486496622793602e-05
-2.222611131347312e-05
-3.104484176903969e-05
-4.033403067595153e-05
-4.757395153450090e-05
-4.505161198852250e-05
-1.620309321419883e-05
6.314265215193009e-05
1.396487850991773e-04
2.781859807799344e-04
5.552345839111696e-04
9.893538735774620e-04
1.642642144883149e-03
2.592123487348100e-03
3.946264184231642e-03
5.901684145522827e-03
8.656423061597878e-03
1.248518872783973e-02
1.780296315156328e-02
2.552193174183046e-02
3.723551371057363e-02
5.498052214965072e-02
8.196816998313246e-02
1.253359803227862e-01
1.983892404382751e-01
3.225477624660280e-01
5.097978195866674e-01
6.963981956513884e-01
8.210373504143779e-01
1.000000000000000e+00
1.000000000000000e+00
1.000000000000000e+00
1.000000000000000e+00
1.000000000000000e+00
1.000000000000000e+00
1.000000000000000e+00
1.000000000000000e+00
1.000000000000000e+00
1.000000000000000e+00
1.000000000000000e+00
###2.800000000000000e+00
-1.667317161362702e-08
-2.607398005556854e-08
-2.495693276912294e-08
5.257650914579711e-08
5.285963166311495e-08
3.250729498927851e-09
-2.102226805052712e-07
6.359815816053171e-08
6.026430499692172e-08
4.693574275974029e-08
5.149844283699421e-08
4.682719360605132e-08
8.931088705546439e-08
5.919009844402634e-08
4.911893334382215e-08
4.542127392296966e-08
5.194376020871493e-08
5.158183030679549e-08
5.963864333143954e-08
6.584437259899076e-08
7.525295886572058e-08
8.308113849708758e-08
1.866818103387150e-08
1.201133545619918e-07
8.435249188084941e-08
8.163554669895671e-08
7.239765821185218e-08
7.663494583149986e-08
8.124637532084610e-08
8.276106424421490e-08
8.491310382377089e-08
9.822179121983786e-08
9.203739058896590e-08
9.942548265101591e-08
1.095250259882708e-07
1.286656808326470e-07
1.357142322148940e-07
1.490120394103001e-07
1.739216404654417e-07
2.059377487418519e-07
2.315857361838989e-07
2.734698714309273e-07
3.278950114210620e-07
3.914280654084213e-07
4.634423735037792e-07
5.523781765864727e-07
6.546017893711662e-07
7.610350150164548e-07
8.843399039479263e-07
9.992280687719363e-07
1.077261259805034e-06
1.126561833700246e-06
1.059744278307529e-06
1.022797289736430e-06
7.984177986767431e-07
-2.557414208764481e-07
-2.089607513082404e-06
-4.840177916303982e-06
-9.078338571606406e-06
-1.518286810425649e-05
-2.375707050996494e-05
-3.535656418481507e-05
-4.929456594552337e-05
-6.412544279186394e-05
-7.650712596542184e-05
-7.420750019023964e-05
-3.114577702422818e-05
1.443805221683257e-04
2.256483606027980e-04
3.591822745997666e-04
7.108035059582345e-04
1.269299957038633e-03
2.110511663809560e-03
3.326492101770143e-03
5.044632788983306e-03
7.494353110085570e-03
1.090282518167330e-02
1.558787188579467e-02
2.197218164293524e-02
3.111434117432813e-02
4.475066026853550e-02
6.489061761437637e-02
9.463018097365533e-02
1.406564406558409e-01
2.145456449721055e-01
3.335426686191243e-01
5.052616494414742e-01
6.768421725477517e-01
8.041540512282666e-01
1.000000000000000e+00
1.000000000000000e+00
1.000000000000000e+00
1.000000000000000e+00
1.000000000000000e+00
1.000000000000000e+00
1.000000000000000e+00
1.000000000000000e+00
1.000000000000000e+00
1.000000000000000e+00
1.000000000000000e+00
###3.200000000000000e+00
-7.767794906731587e-09
-1.899781585959712e-08
-5.187079955079074e-08
1.068519226362044e-07
9.246004458848029e-08
1.835908012591820e-08
-2.034676609002201e-07
6.063410395938467e-08
7.013819653742935e-08
4.507040846715912e-08
1.021049592328135e-07
6.290968838906908e-08
7.431826706154954e-08
8.042967607611703e-08
6.134229810409916e-08
6.184222589931374e-08
6.603563367402161e-08
6.229393700347682e-08
6.504387498411259e-08
7.793444052650365e-08
9.336481889136311e-08
8.839285849241363e-08
3.978012175045262e-08
1.323605926388279e-07
1.002334288884762e-07
9.896820608707289e-08
9.157782848184659e-08
9.729174072927552e-08
1.033709066044278e-07
1.026374627440830e-07
1.073717872843268e-07
1.208169687570048e-07
1.179738913832181e-07
1.288325804803791e-07
1.500256279151374e-07
1.644337457422045e-07
1.801041728325330e-07
1.987583985808116e-07
2.323995011691509e-07
2.702775782448948e-07
3.142520425898758e-07
3.704574852517677e-07
4.413907321843375e-07
5.273210396171079e-07
6.293811658127280e-07
7.512538949733464e-07
8.928224138267981e-07
1.036231472613379e-06
1.165471759669973e-06
1.351877491878202e-06
1.473639484463794e-06
1.555498656087140e-06
1.511949974914937e-06
1.679818093667897e-06
1.556967043292618e-06
-2.925477356197493e-07
-2.806226753839781e-06
-6.536111632006696e-06
-1.237271255402522e-05
-2.058549503232740e-05
-3.221440282084951e-05
-4.805347460866069e-05
-6.641542781037509e-05
-8.555300845622910e-05
-9.965762396768550e-05
-9.014740155171538e-05
-9.539548623515271e-06
3.939971495686250e-04
4.514637922160003e-04
5.082683897198425e-04
9.285338859567244e-04
1.619649437391757e-03
2.666510230685794e-03
4.172749878819505e-03
6.287652225507574e-03
9.271091213257998e-03
1.338054344172103e-02
1.895217791545659e-02
2.646578841563698e-02
3.704576872781833e-02
5.257299881383296e-02
7.507076269088807e-02
1.074099905148707e-01
1.556992735088141e-01
2.301639712567512e-01
3.444855214504531e-01
5.030505385490692e-01
6.619051327395813e-01
7.904064047627541e-01
1.000000000000000e+00
1.000000000000000e+00
1.000000000000000e+00
1.000000000000000e+00
1.000000000000000e+00
1.000000000000000e+00
1.000000000000000e+00
1.000000000000000e+00
1.000000000000000e+00
1.000000000000000e+00
1.000000000000000e+00
###3.600000000000000e+00
-8.579435931775185e-08
-1.134848821128064e-07
-2.033175840489916e-07
3.267962223662402e-08
1.344250671028132e-07
4.064336732785329e-08
-1.673059505107719e-07
5.176484823860705e-08
1.105871893423340e-07
7.747263392661601e-08
1.353627337468668e-07
8.082762541522990e-08
9.874654602213331e-08
9.241857114938433e-08
9.112168852012787e-08
7.691866207676500e-08
7.478207132855636e-08
7.652178748641286e-08
8.080048763045750e-08
8.088869538115057e-08
1.051742170800377e-07
1.069741953876047e-07
6.129620112635382e-08
1.363589764824508e-07
1.277805315307789e-07
1.209384676489616e-07
1.113615971896989e-07
1.174369783671533e-07
1.221299471550270e-07
1.257733689937267e-07
1.339446628793115e-07
1.463711901856897e-07
1.496411721547460e-07
1.583848950247929e-07
1.874521407815224e-07
2.044956311286079e-07
2.268727320371489e-07
2.537126821367933e-07
2.973118799972425e-07
3.473660995368421e-07
4.034247823507225e-07
4.772324663234939e-07
5.711437867128827e-07
6.818020661444150e-07
8.107050046316860e-07
9.681943593691328e-07
1.152565786000070e-06
1.340744885003567e-06
1.511243868459121e-06
1.747605930653225e-06
1.913700045365236e-06
2.035582933800582e-06
2.052195580394361e-06
2.611025647524654e-06
2.798318052272226e-06
-2.823544465416909e-07
-3.704029370416936e-06
-8.691037899800161e-06
-1.642932781360638e-05
-2.734911559331834e-05
-4.267174196986557e-05
-6.331122723552047e-05
-8.766376722757407e-05
-1.123883524744370e-04
-1.299362534120874e-04
-1.146624926513485e-04
4.608723181974041e-06
5.423306936421265e-04
6.012734009213285e-04
6.474667496323475e-04
1.153818562127319e-03
1.994647431025363e-03
3.267712291005025e-03
5.090220904163203e-03
7.636976271225445e-03
1.118911939978904e-02
1.603523395949571e-02
2.253621403953958e-02
3.121150241371026e-02
4.325395230491494e-02
6.065778333251516e-02
8.544431427130719e-02
1.202114305705467e-01
1.705508298918275e-01
2.452812685745146e-01
3.553682184307669e-01
5.027190854723346e-01
6.508083249363643e-01
7.797409860451691e-01
1.000000000000000e+00
1.000000000000000e+00
1.000000000000000e+00
1.000000000000000e+00
1.000000000000000e+00
1.000000000000000e+00
1.000000000000000e+00
1.000000000000000e+00
1.000000000000000e+00
1.000000000000000e+00
1.000000000000000e+00
###4.000000000000000e+00
-1.979304076619146e-08
-4.525837677087653e-08
-2.147895776634084e-07
2.970803552584119e-08
1.195444736029835e-07
4.194106323951597e-08
-1.794678552168114e-07
-1.056365592331777e-07
9.550321422947400e-08
8.321720682323629e-08
1.290998333518530e-07
8.896957048298200e-08
9.735207645362358e-08
9.777660039689836e-08
1.029855051637761e-07
9.172843683051739e-08
8.892616185243203e-08
7.717580180342403e-08
9.892108309579411e-08
8.415502092385596e-08
1.161263366172843e-07
1.189002110620519e-07
8.161357996018653e-08
1.457219947732974e-07
1.383664218422477e-07
1.400155885205915e-07
1.267309844165746e-07
1.365018523652388e-07
1.445820280097938e-07
1.523745661377951e-07
1.574386611118545e-07
1.751697043703866e-07
1.822238688013111e-07
1.940286096886048e-07
2.272857479105736e-07
2.489907439358809e-07
2.799586934557919e-07
3.191582615881794e-07
3.814274486300884e-07
4.283022438696982e-07
5.021682534140110e-07
5.967426341372041e-07
7.126427485495834e-07
8.518394024646280e-07
1.013400979133393e-06
1.211248790937796e-06
1.442150493468418e-06
1.676990219258614e-06
1.897466133168860e-06
2.206420993165473e-06
2.422680555718024e-06
2.624567202668306e-06
2.760482507032677e-06
4.017847422997564e-06
4.850430159887450e-06
-2.079503475493046e-08
-4.620726031145979e-06
-1.106591089349137e-05
-2.102749986354661e-05
-3.495223024957744e-05
-5.446708630639013e-05
-8.052545927784571e-05
-1.114575005688616e-04
-1.429060093790346e-04
-1.646138952010391e-04
-1.427122685735883e-04
2.569666183696003e-05
6.003022067497841e-04
6.705359747666731e-04
7.765899137648171e-04
1.386172567554141e-03
2.397496878473811e-03
3.914511562653097e-03
6.073348617328706e-03
9.084329082723800e-03
1.323063959175906e-02
1.884074100419077e-02
2.631172651931728e-02
3.617493092112413e-02
4.968087719318258e-02
6.896561958732528e-02
9.592357219283208e-02
1.329573358405863e-01
1.852019541523593e-01
2.599863282269170e-01
3.662298280000399e-01
5.040671411250885e-01
6.430337216417515e-01
7.713893481057313e-01
1.000000000000000e+00
1.000000000000000e+00
1.000000000000000e+00
1.000000000000000e+00
1.000000000000000e+00
1.000000000000000e+00
1.000000000000000e+00
1.000000000000000e+00
1.000000000000000e+00
1.000000000000000e+00
1.000000000000000e+00
###4.399999999999999e+00
-2.336682501896427e-08
-8.366069068985809e-08
-3.300675964479398e-07
6.585756757344208e-08
1.035646301641762e-07
2.279110354864210e-08
-1.686592327437829e-07
-7.165810709456475e-08
7.277856885655404e-08
6.269574789912346e-08
1.441014370418365e-07
7.250406107538043e-08
1.152764391768648e-07
1.096568442281721e-07
1.177034739321924e-07
1.244250031072710e-07
1.112773606124483e-07
9.257010407568825e-08
1.030609066829256e-07
1.044677151735909e-07
1.346521223029001e-07
1.343053821493484e-07
9.127615552270963e-08
1.594007498308658e-07
1.509479170347379e-07
1.588077586055994e-07
1.447029985365578e-07
1.574988121893402e-07
1.673921490273322e-07
1.755137582238740e-07
1.843956564359287e-07
2.050581391301640e-07
2.146847232610466e-07
2.327264522284669e-07
2.632265213483977e-07
2.959952675494312e-07
3.354099732146071e-07
3.854584140257782e-07
4.580216315811808e-07
5.205970753733321e-07
6.092851326203120e-07
7.244034356697278e-07
8.664862598776978e-07
1.033713035709437e-06
1.232772471159250e-06
1.468491607160248e-06
1.740631151434410e-06
2.032400628289547e-06
2.303502244796499e-06
2.652086029090295e-06
2.920041213108947e-06
3.147338183076759e-06
3.314680490010182e-06
4.668382637440720e-06
5.538084684061452e-06
7.345577485687304e-08
-5.711163324126853e-06
-1.376728708247002e-05
-2.577872461043470e-05
-4.271826747355460e-05
-6.629734523574543e-05
-9.774122306243945e-05
-1.348080312315034e-04
-1.721736378274694e-04
-1.952682854797495e-04
-1.588851595779126e-04
1.255934998806361e-04
6.441981829582329e-04
6.974222554507016e-04
9.141602360910200e-04
1.641090030816626e-03
2.836852127104137e-03
4.614258119367773e-03
7.136579341505066e-03
1.061897649522560e-02
1.539304086654518e-02
2.180070608718412e-02
3.026939586995470e-02
4.133642265137805e-02
5.631704828453815e-02
7.742420106794974e-02
1.065321453199810e-01
1.456223840432801e-01
1.995630867184055e-01
2.744320922666363e-01
3.772180913910755e-01
5.066256256959029e-01
6.379447545290082e-01
7.652865759641023e-01
1.000000000000000e+00
1.000000000000000e+00
1.000000000000000e+00
1.000000000000000e+00
1.000000000000000e+00
1.000000000000000e+00
1.000000000000000e+00
1.000000000000000e+00
1.000000000000000e+00
1.000000000000000e+00
1.000000000000000e+00
###4.800000000000000e+00
-1.967097980859660e-08
-5.872821732819082e-08
-3.254778743408270e-07
3.756446619864427e-08
9.635073428636176e-08
3.110117427382911e-08
-1.759548655372529e-07
3.455143169153888e-09
7.792087464303851e-08
9.435109661880757e-08
1.510013864637493e-07
9.174647515942847e-08
1.234602941820963e-07
1.260297839696716e-07
1.049893191982216e-07
1.359660211849462e-07
1.155065064857815e-07
9.663002736335803e-08
1.033871886358625e-07
1.181756597997798e-07
1.509446710386581e-07
1.447105459661474e-07
1.055385823241802e-07
1.756561572948734e-07
1.758298196944629e-07
1.770513504180319e-07
1.666250210032854e-07
1.849911116569807e-07
1.884347218712275e-07
2.047461702116464e-07
2.138491535931887e-07
2.352782477887717e-07
2.498894024912995e-07
2.759548938977350e-07
3.089436364283256e-07
3.465944840450148e-07
3.930714167548187e-07
4.558266307248852e-07
5.391747245363134e-07
6.222779675438585e-07
7.303429932293422e-07
8.660318520942244e-07
1.036465394687483e-06
1.239742419753854e-06
1.480155176193487e-06
1.768049083265258e-06
2.091326216363506e-06
2.446251592234543e-06
2.796605114154031e-06
3.209368983545786e-06
3.549438125972868e-06
3.861455376099318e-06
4.088624663046524e-06
5.283757191243864e-06
6.170970477596910e-06
1.305873107390018e-06
-5.545157493491827e-06
-1.457921065566658e-05
-2.802292449061754e-05
-4.671011598097798e-05
-7.268741827803949e-05
-1.065554420425122e-04
-1.449361591265454e-04
-1.798272049016300e-04
-1.871336508471036e-04
-9.404421537442412e-05
5.417942915408113e-04
9.664458640294819e-04
8.548376951278427e-04
1.157037326353038e-03
1.995924462748650e-03
3.384896455486919e-03
5.432120457425076e-03
8.323034655925732e-03
1.230343275151873e-02
1.771985203214033e-02
2.493851428536100e-02
3.443421644471449e-02
4.670749219208015e-02
6.317358349998567e-02
8.606167680211482e-02
1.172057792328264e-01
1.583403906774986e-01
2.137272203575515e-01
2.886206400247872e-01
3.881368181813403e-01
5.105011099566336e-01
6.349078240739210e-01
7.610350674595705e-01
1.000000000000000e+00
1.000000000000000e+00
1.000000000000000e+00
1.000000000000000e+00
1.000000000000000e+00
1.000000000000000e+00
1.000000000000000e+00
1.000000000000000e+00
1.000000000000000e+00
1.000000000000000e+00
1.000000000000000e+00
###5.200000000000000e+00
9.104436561403266e-09
-2.182659499634133e-08
-4.106519908530122e-07
3.756540597282744e-08
1.055513763862514e-07
6.427433715587520e-09
-1.920280433751849e-07
1.096437060628492e-08
1.057347147021648e-07
1.194013913287637e-07
1.651159776785348e-07
9.892935729439558e-08
1.380058086585217e-07
1.386400952899517e-07
1.123423241140944e-07
1.715705167189189e-07
1.302208648263566e-07
1.123249145081379e-07
1.210496034384741e-07
1.540583805618259e-07
1.542377895461992e-07
1.446502324566596e-07
1.306167887174597e-07
1.886211573728459e-07
1.977312534583540e-07
2.163799082931337e-07
1.949656738455591e-07
1.992070276834345e-07
2.188736827991793e-07
2.274197752858639e-07
2.440680540391729e-07
2.724146995336062e-07
2.896949592811913e-07
3.183132817078414e-07
3.591851926456572e-07
4.060974581326716e-07
4.629789336251828e-07
5.379888767073986e-07
6.341781509145690e-07
7.329697918309775e-07
8.645947902920546e-07
1.027492913983831e-06
1.227909640361316e-06
1.470747169508018e-06
1.758969171048028e-06
2.102432683595001e-06
2.493088733772755e-06
2.925472749703423e-06
3.371117086472946e-06
3.884949361213549e-06
4.325704380421727e-06
4.773774189305294e-06
5.207313620863781e-06
6.453417996035169e-06
8.443061708568142e-06
5.070812831837236e-06
-3.934389934761138e-06
-1.397915752820900e-05
-2.857308449301151e-05
-4.878018477900482e-05
-7.593713962362584e-05
-1.107453841029868e-04
-1.478932030346077e-04
-1.750498413713083e-04
-1.562806186098014e-04
3.659607464746724e-05
9.594608446855395e-04
1.275403843725268e-03
1.069605013887741e-03
1.443739199348716e-03
2.410019914394420e-03
3.997668080478827e-03
6.333205973255130e-03
9.610419852426685e-03
1.410312653419559e-02
2.017672761734856e-02
2.822477872005421e-02
3.875326575350252e-02
5.227390323008608e-02
7.020615760480310e-02
9.481964267766189e-02
1.279148398279280e-01
1.709393472411162e-01
2.276321921240388e-01
3.024531811989163e-01
3.991036295118693e-01
5.152397602709498e-01
6.338462004770768e-01
7.582616382998776e-01
1.000000000000000e+00
1.000000000000000e+00
1.000000000000000e+00
1.000000000000000e+00
1.000000000000000e+00
1.000000000000000e+00
1.000000000000000e+00
1.000000000000000e+00
1.000000000000000e+00
1.000000000000000e+00
1.000000000000000e+00
###5.600000000000001e+00
7.390284079645777e-08
-1.759878696993570e-08
-4.011085513912347e-07
-4.485945944947414e-08
3.352599346509180e-08
2.132324912740843e-08
-2.277903457812958e-07
-5.762091563718860e-09
1.327747194479795e-07
1.503564501900680e-07
1.357528850877450e-07
8.350395096235837e-08
1.547954367989151e-07
1.580906518523596e-07
1.342653730536601e-07
1.903617189711637e-07
1.485450490728590e-07
1.328913972675086e-07
1.488447319620245e-07
1.832963307669335e-07
1.803144464299462e-07
1.743807771674372e-07
1.588128680535084e-07
2.146537045090288e-07
2.222426579675955e-07
2.384418248726947e-07
2.227469425380533e-07
2.323455548245053e-07
2.547305399292864e-07
2.678432246575808e-07
2.791509687996003e-07
3.165821493680691e-07
3.401158379521000e-07
3.702464138036077e-07
4.203125962833684e-07
4.720081876535489e-07
5.408463126660708e-07
6.308408205963772e-07
7.441352890078536e-07
8.599778448097160e-07
1.009871025588768e-06
1.204429764937094e-06
1.439395274950931e-06
1.727034901227870e-06
2.063970012238522e-06
2.472744708352090e-06
2.928018609518225e-06
3.455228606441616e-06
4.009469713148832e-06
4.623213897276582e-06
5.227517579851390e-06
5.877274676976175e-06
6.614618509596589e-06
8.196535033575831e-06
1.261570565103937e-05
1.208724988290388e-05
-1.219877609738438e-06
-1.277435971020724e-05
-2.867611102748669e-05
-5.037028626248136e-05
-7.917194506920004e-05
-1.146755955135839e-04
-1.511227746803435e-04
-1.668076540048413e-04
-1.103958197517955e-04
3.094298425274396e-04
1.118700162548211e-03
1.288845615044838e-03
1.216083144262896e-03
1.700422013745395e-03
2.817147011321642e-03
4.617792082504908e-03
7.257537417283228e-03
1.094305564572065e-02
1.596045735468723e-02
2.271265479148244e-02
3.161694452870763e-02
4.317493419684768e-02
5.794408892210486e-02
7.734632583445654e-02
1.036414851281744e-01
1.386132569764413e-01
1.833997488902239e-01
2.412270410070411e-01
3.159768890825471e-01
4.100776150243173e-01
5.209154533828660e-01
6.341086698640003e-01
7.564583514044203e-01
1.000000000000000e+00
1.000000000000000e+00
1.000000000000000e+00
1.000000000000000e+00
1.000000000000000e+00
1.000000000000000e+00
1.000000000000000e+00
1.000000000000000e+00
1.000000000000000e+00
1.000000000000000e+00
1.000000000000000e+00
###6.000000000000001e+00
4.611566643673728e-08
-9.657016785957590e-08
-6.320510417670409e-07
-2.357652910496387e-08
3.600781007299768e-08
-6.080507581552833e-08
-2.181725171463793e-07
-6.597033266335696e-08
1.531063594479970e-07
2.365248236144328e-07
1.011647720585445e-07
1.244378324883032e-07
2.286609187200162e-07
1.792936229486944e-07
1.529170124478019e-07
2.156312737363367e-07
1.677533680227468e-07
1.608736159200314e-07
1.655108761514104e-07
2.012860200743441e-07
1.975627813653604e-07
1.919726199080865e-07
1.563942083159490e-07
2.398136900788922e-07
2.581007226018938e-07
2.634057833318846e-07
2.564016892598762e-07
2.688547526845151e-07
2.899785203836331e-07
3.050981981645031e-07
3.187164122312005e-07
3.604850044243981e-07
3.915144879910797e-07
4.293924998198113e-07
4.828536671643245e-07
5.460495799255044e-07
6.306693352323633e-07
7.269038905586070e-07
8.577381879038105e-07
9.945342216500354e-07
1.168866964209423e-06
1.397601458652123e-06
1.669284725849274e-06
2.002780252864149e-06
2.401373251239436e-06
2.879892231429920e-06
3.421088518165959e-06
4.050968136752488e-06
4.724229096883763e-06
5.487619759908019e-06
6.286389500682233e-06
7.165747333653911e-06
8.190033656098897e-06
1.010660815850962e-05
1.503709649841724e-05
1.649373149152468e-05
4.463112180975461e-06
-8.801611999382835e-06
-2.492198263272883e-05
-4.614585463823090e-05
-7.352673219994563e-05
-1.046724486452546e-04
-1.300361591327825e-04
-1.173386049937275e-04
3.329633868741596e-05
7.997003558197518e-04
1.453118744388397e-03
1.431142840795721e-03
1.455116445858429e-03
2.046133067085890e-03
3.317264870103517e-03
5.339572115548457e-03
8.292265619018465e-03
1.239882588674531e-02
1.795922558700741e-02
2.539906656648129e-02
3.516295315844078e-02
4.776439925205749e-02
6.376975043113847e-02
8.464018445258666e-02
1.125771302571763e-01
1.493304210509471e-01
1.957258060924804e-01
2.546709045876481e-01
3.292977472082680e-01
4.210858952317223e-01
5.272079846388266e-01
6.354497795272870e-01
7.557532344105210e-01
1.000000000000000e+00
1.000000000000000e+00
1.000000000000000e+00
1.000000000000000e+00
1.000000000000000e+00
1.000000000000000e+00
1.000000000000000e+00
1.000000000000000e+00
1.000000000000000e+00
1.000000000000000e+00
1.000000000000000e+00
###6.400000000000001e+00
1.388006332043488e-08
-2.326254407533329e-07
-5.695150669343579e-07
-1.036813088539846e-07
1.029428926245098e-07
-6.651523564541413e-08
-1.393185346478314e-07
-5.101018118961018e-08
1.420334992363150e-07
2.403396465373962e-07
1.093734819874866e-07
1.133053872686335e-07
2.182219036210313e-07
1.867071485028697e-07
1.715187549699947e-07
2.189966324536649e-07
1.713628071326539e-07
1.871220227831021e-07
1.814713723121901e-07
2.429323620990011e-07
2.185534009356555e-07
2.225120501988353e-07
1.858478859874022e-07
2.631569310980686e-07
2.852281003657514e-07
3.174556589311351e-07
2.792675747930376e-07
3.087555554593857e-07
3.308739956724973e-07
3.395918785448585e-07
3.639408079306179e-07
4.150753949212466e-07
4.424269147811142e-07
4.883731685233997e-07
5.511238063098083e-07
6.211996195017774e-07
7.121202317902152e-07
8.295150740601756e-07
9.753310635836224e-07
1.138214362514880e-06
1.336304219354272e-06
1.597136100232284e-06
1.907563239640039e-06
2.288145125864078e-06
2.739058017290480e-06
3.298713851492463e-06
3.924513800863886e-06
4.660671998425222e-06
5.467857919691521e-06
6.376062018126000e-06
7.363138053215787e-06
8.486854875562348e-06
9.802817189991957e-06
1.212532026729573e-05
1.727012336578491e-05
2.246968337130568e-05
1.530084469020563e-05
-3.524941432756109e-06
-2.077216423303640e-05
-4.213043368882998e-05
-6.836303813945947e-05
-9.555763927063008e-05
-1.088258144658264e-04
-6.016752085723073e-05
2.916649166850508e-04
9.680584547663439e-04
1.438724078363421e-03
1.503106669238260e-03
1.644635528904144e-03
2.367595852846426e-03
3.809034573836389e-03
6.072120585399576e-03
9.348130655398064e-03
1.388854411427536e-02
2.000501281507922e-02
2.814911304477145e-02
3.879224314236172e-02
5.244294120665326e-02
6.968328356767775e-02
9.197578651789746e-02
1.215260755333639e-01
1.599687077228467e-01
2.078986723534726e-01
2.678931126602056e-01
3.423238053016510e-01
4.320368486851566e-01
5.340349931110588e-01
6.378831436740421e-01
7.560369831114588e-01
1.000000000000000e+00
1.000000000000000e+00
1.000000000000000e+00
1.000000000000000e+00
1.000000000000000e+00
1.000000000000000e+00
1.000000000000000e+00
1.000000000000000e+00
1.000000000000000e+00
1.000000000000000e+00
1.000000000000000e+00
###6.800000000000002e+00
3.038194462844692e-09
-2.463533403710239e-07
-5.736840184525274e-07
-1.075464369444503e-07
2.398399740135109e-08
-6.925609719969358e-08
-1.291300952232698e-07
-5.399600212335663e-08
2.383432528389733e-07
2.364350606797511e-07
1.299377245993260e-07
1.239356977483260e-07
2.047507222391809e-07
1.953777146209040e-07
1.928939081685058e-07
2.185439883622183e-07
1.984725825420822e-07
2.043115890576780e-07
1.997099030179422e-07
2.517790216522246e-07
2.397119834873529e-07
2.458148238618153e-07
2.171637360344935e-07
2.853211940127971e-07
3.097503778254119e-07
3.387654061736184e-07
3.114520423914943e-07
3.414447930308563e-07
3.685676895437707e-07
3.783021746729463e-07
4.130956788691117e-07
4.658221972688789e-07
4.980074647544199e-07
5.528640640389545e-07
6.246015487215998e-07
7.020421453846764e-07
8.084273449201125e-07
9.356700767281807e-07
1.101081404327886e-06
1.286612278125932e-06
1.516200804097291e-06
1.815158279253206e-06
2.167812875249373e-06
2.602427830027951e-06
3.114965645462598e-06
3.752869390380312e-06
4.483779673285307e-06
5.331200831069585e-06
6.291045772875361e-06
7.386355820418961e-06
8.610601557684407e-06
1.002470091533137e-05
1.174319967514180e-05
1.453658519255478e-05
1.997403113312177e-05
2.763448879980680e-05
2.559596011510814e-05
6.608152138169667e-06
-1.272301227031550e-05
-3.286405169673480e-05
-5.566160756998188e-05
-7.420807416352801e-05
-6.576740452989620e-05
5.972785655976252e-05
5.896336305882572e-04
1.153427154211541e-03
1.489200797137401e-03
1.619692735622163e-03
1.881643073372358e-03
2.742809676857026e-03
4.362640992571501e-03
6.875860590617975e-03
1.048900887337569e-02
1.546865385901201e-02
2.215451371841985e-02
3.101381758005733e-02
4.253304486619575e-02
5.723833174938674e-02
7.571106473285114e-02
9.942632196427349e-02
1.305552647586827e-01
1.706037215112574e-01
2.199853124644703e-01
2.808868462132279e-01
3.551542123722480e-01
4.429027536018981e-01
5.412245778989622e-01
6.409033680536679e-01
7.569271273342855e-01
1.000000000000000e+00
1.000000000000000e+00
1.000000000000000e+00
1.000000000000000e+00
1.000000000000000e+00
1.000000000000000e+00
1.000000000000000e+00
1.000000000000000e+00
1.000000000000000e+00
1.000000000000000e+00
1.000000000000000e+00
###7.200000000000002e+00
3.524035618599054e-08
-2.571384446173511e-07
-5.575211591454676e-07
-7.402712877811405e-08
2.432457334289507e-07
-1.651138329539135e-08
-1.396348707660038e-07
-1.177195330736319e-07
2.458530466496173e-07
1.922122405881058e-07
1.062965607653944e-07
1.481699175942013e-07
1.841601666228753e-07
2.155331724607788e-07
1.996903424427313e-07
2.391652038933739e-07
2.108515987682918e-07
2.305336485162412e-07
2.246857872921188e-07
2.624934714749676e-07
2.549207555136613e-07
2.693645127303288e-07
2.489961388463886e-07
3.138742979831308e-07
3.426266066954236e-07
3.701800732265869e-07
3.459994219084156e-07
3.802378195404906e-07
4.106501088088812e-07
4.234466772490309e-07
4.630940251898410e-07
5.236483403937308e-07
5.640356948099091e-07
6.231791951334180e-07
7.020586407555117e-07
7.896756290490059e-07
9.104099640727226e-07
1.054861415977792e-06
1.239197016918613e-06
1.443419935014350e-06
1.711376760487310e-06
2.046092277222478e-06
2.439694450060881e-06
2.939067514452169e-06
3.520676302856434e-06
4.244371958333780e-06
5.080614802568038e-06
6.067753575903780e-06
7.190788487119112e-06
8.492104271003501e-06
9.979118242623367e-06
1.173405844477194e-05
1.389487902293915e-05
1.719170750933381e-05
2.325766789779842e-05
3.158856809248165e-05
3.653634251683915e-05
2.633735099165439e-05
-8.557998724722591e-08
-1.923689279471851e-05
-3.688087104453236e-05
-4.252777976102937e-05
2.439590948488190e-06
3.033223001329169e-04
7.691273501622256e-04
1.182692918082157e-03
1.531131558646142e-03
1.736079610731358e-03
2.129300493835686e-03
3.137272329905768e-03
4.950018232840336e-03
7.722496694209142e-03
1.168584715822396e-02
1.712058219470941e-02
2.437991995753982e-02
3.396509848812616e-02
4.636792821431416e-02
6.213512413598998e-02
8.184453535011750e-02
1.069401486528094e-01
1.396259282105047e-01
1.811757070891998e-01
2.319458862457590e-01
2.936826100609054e-01
3.677233640992528e-01
4.537874590294821e-01
5.488131334145371e-01
6.447537285869266e-01
7.579652186168224e-01
1.000000000000000e+00
1.000000000000000e+00
1.000000000000000e+00
1.000000000000000e+00
1.000000000000000e+00
1.000000000000000e+00
1.000000000000000e+00
1.000000000000000e+00
1.000000000000000e+00
1.000000000000000e+00
1.000000000000000e+00
###7.600000000000002e+00
8.213003771918662e-08
-6.699473183852088e-08
-5.925515747621376e-07
-1.130662638319147e-08
2.423890725239542e-07
-6.053059955202828e-08
-9.523033612873820e-08
-4.541461939282091e-08
2.536819616275536e-07
2.219762084872837e-07
9.744512239678871e-08
1.884129541263257e-07
2.137551885688600e-07
2.373079758778014e-07
2.260484606536391e-07
2.608280360491624e-07
2.163780103656209e-07
2.561458182914545e-07
2.450154096373256e-07
2.856938644659591e-07
2.871113063107140e-07
3.011213708425719e-07
2.860164839395525e-07
3.492448468769366e-07
3.805353609326892e-07
4.094128112818571e-07
3.876908103033078e-07
4.150993669210000e-07
4.584379478315086e-07
4.787924754254923e-07
5.222450669404352e-07
5.841843040875185e-07
6.354332337888970e-07
6.991437077539977e-07
7.870090327345400e-07
8.900235456733143e-07
1.020575380248967e-06
1.187563367519402e-06
1.387113962669485e-06
1.614271303170017e-06
1.910464955668847e-06
2.277301178408472e-06
2.724096925959018e-06
3.273291291618965e-06
3.916155563736072e-06
4.716912418539263e-06
5.643508754076797e-06
6.744837072370397e-06
8.012023487185850e-06
9.464828458558950e-06
1.115053884182455e-05
1.313869971969036e-05
1.557078216850080e-05
1.910027528237751e-05
2.528912614237789e-05
3.368029897909858e-05
3.904365519795365e-05
3.404767530051873e-05
1.379500457669872e-05
-8.349505403772629e-06
-2.207892241957521e-05
-1.662873512663036e-05
8.957264519156924e-05
3.693395345433352e-04
7.698538961651230e-04
1.181834212984913e-03
1.552397466611943e-03
1.850133535490763e-03
2.376905365191047e-03
3.542258283377925e-03
5.556631156573249e-03
8.600908285118046e-03
1.292496907375619e-02
1.882317503950216e-02
2.667530102442227e-02
3.698950095489415e-02
5.028072393220971e-02
6.710499282076865e-02
8.805280004344514e-02
1.145451174294300e-01
1.487013625911619e-01
1.917223374592729e-01
2.437253644206757e-01
3.062983832444532e-01
3.802012727374631e-01
4.646480018594616e-01
5.565643578830280e-01
6.489745609940312e-01
7.596268263697397e-01
1.000000000000000e+00
1.000000000000000e+00
1.000000000000000e+00
1.000000000000000e+00
1.000000000000000e+00
1.000000000000000e+00
1.000000000000000e+00
1.000000000000000e+00
1.000000000000000e+00
1.000000000000000e+00
1.000000000000000e+00
###8.000000000000002e+00
1.676568190601117e-07
3.731248645031590e-08
-5.731949174077808e-07
-1.010756464375479e-08
2.214414028557566e-07
1.133383367342614e-08
-1.213608054160500e-07
-2.640661695786289e-08
2.305198738971831e-07
2.467061448904139e-07
1.534526419297009e-07
2.107926010404565e-07
2.222992791077951e-07
2.640568599745452e-07
2.448783691121843e-07
2.851614992858848e-07
2.176169715017528e-07
2.894580225948730e-07
2.697907000060029e-07
3.113252843140406e-07
3.146981994702685e-07
3.305609059849799e-07
3.193825560114499e-07
3.817062456963903e-07
4.177234343400362e-07
4.342806957004449e-07
4.320453511116604e-07
4.704241225681370e-07
5.082267526975413e-07
5.373544715963251e-07
5.848578447863274e-07
6.521243352342962e-07
7.126337449311855e-07
7.804383409176911e-07
8.834653471162706e-07
9.955646597830958e-07
1.139342128724021e-06
1.324546435237473e-06
1.548248014332835e-06
1.803310315095870e-06
2.130460315810508e-06
2.526245874575085e-06
3.028690365415704e-06
3.639692758469414e-06
4.358135887350653e-06
5.240893611638445e-06
6.282211468050169e-06
7.515734357289568e-06
8.954726672421632e-06
1.061636625699815e-05
1.256566509405650e-05
1.489010565863751e-05
1.774212156544844e-05
2.176140753073234e-05
2.837280873789418e-05
3.723679896206427e-05
4.396983143288024e-05
4.395298506526590e-05
3.481598154141585e-05
1.903600033625966e-05
9.106900608637338e-06
5.885718580892505e-05
2.000739058133337e-04
4.391217224526464e-04
7.989862937304313e-04
1.207761943715886e-03
1.608456083376095e-03
1.999886608382560e-03
2.663263357415510e-03
3.993126730943307e-03
6.219282034570106e-03
9.544576699584481e-03
1.423984847633623e-02
2.060793675515740e-02
2.905550889190905e-02
4.012456771516007e-02
5.431352400572056e-02
7.219762917405897e-02
9.436811945191971e-02
1.222296061183564e-01
1.578363624236769e-01
2.022348524598583e-01
2.554738555818060e-01
3.186776849373719e-01
3.923545182225086e-01
4.754186169737104e-01
5.644825879247825e-01
6.535055589810479e-01
7.615214534779107e-01
1.000000000000000e+00
1.000000000000000e+00
1.000000000000000e+00
1.000000000000000e+00
1.000000000000000e+00
1.000000000000000e+00
1.000000000000000e+00
1.000000000000000e+00
1.000000000000000e+00
1.000000000000000e+00
1.000000000000000e+00
###8.400000000000002e+00
2.469203755505014e-07
2.827193403601142e-08
-5.508983983769478e-07
3.252878121843352e-08
3.979288865538841e-07
2.536103446853892e-08
-9.113086583810761e-08
9.847014838444682e-09
2.537184894911026e-07
3.822262162885230e-07
2.180559794928437e-07
2.561728749448206e-07
2.317329060530822e-07
3.802734555928831e-07
2.947043500957146e-07
3.282219775437482e-07
2.617033958458893e-07
3.361725706568059e-07
3.164499135607880e-07
3.649092799093076e-07
3.621120122710871e-07
3.896307948946227e-07
3.794369535655783e-07
4.387506777408758e-07
4.848282443762433e-07
5.029790871625261e-07
5.051863444907419e-07
5.440633755399483e-07
5.850151123359795e-07
6.216474107598089e-07
6.759469925830186e-07
7.509041185097348e-07
8.200916207621157e-07
8.966522376063014e-07
1.007176829887340e-06
1.134012014276499e-06
1.292350571121117e-06
1.496394864687933e-06
1.735380725607585e-06
2.022164238428479e-06
2.381454703457655e-06
2.798662522883395e-06
3.367806223744405e-06
4.032682529627211e-06
4.809670045781321e-06
5.772469547340333e-06
6.907215210947648e-06
8.252157195518123e-06
9.823243329449615e-06
1.163190935747666e-05
1.375949556095221e-05
1.630323192315313e-05
1.941603780417075e-05
2.366163023849691e-05
3.032984610644892e-05
3.906158983634741e-05
4.588498545960217e-05
4.689069820940226e-05
4.019306752951306e-05
2.833246378666125e-05
2.464950709361272e-05
7.756348315167348e-05
2.182542873894853e-04
4.549571008258132e-04
8.110886370009956e-04
1.229544564552329e-03
1.672292678706825e-03
2.160555806119470e-03
2.965316142250525e-03
4.466160400066182e-03
6.914477272659526e-03
1.053254118911047e-02
1.560687692781165e-02
2.246457111549012e-02
3.152804133300818e-02
4.333902958293288e-02
5.842989089722781e-02
7.736111569268964e-02
1.007726575469305e-01
1.299700418163187e-01
1.669794544682394e-01
2.127476461583347e-01
2.670853556728562e-01
3.309266333961602e-01
4.043759335955295e-01
4.860347202147055e-01
5.725815645917075e-01
6.582567004768600e-01
7.638113495059299e-01
1.000000000000000e+00
1.000000000000000e+00
1.000000000000000e+00
1.000000000000000e+00
1.000000000000000e+00
1.000000000000000e+00
1.000000000000000e+00
1.000000000000000e+00
1.000000000000000e+00
1.000000000000000e+00
1.000000000000000e+00
###8.800000000000002e+00
3.958965969039237e-07
1.562143568408624e-07
-5.134698652795765e-07
6.713473474616523e-08
4.454087437034414e-07
-1.527220539820109e-08
1.309470280477029e-08
5.510958043725368e-08
3.430706254011440e-07
4.475506145929648e-07
2.478124446646078e-07
3.432654015643069e-07
3.017813149131179e-07
3.177160023922466e-07
3.677121407434608e-07
4.010514920343692e-07
3.405790385289035e-07
4.102033025077073e-07
3.882069019143670e-07
4.444151042154870e-07
4.466178655168021e-07
4.733068474499038e-07
4.736577660371850e-07
5.272268868695548e-07
5.867755434281201e-07
6.023171654740983e-07
6.107044366249136e-07
6.471165094992688e-07
7.022107615576850e-07
7.445799996116486e-07
8.041114194336494e-07
8.826334169771490e-07
9.633845350344309e-07
1.052881217192370e-06
1.176585802514217e-06
1.308549556782826e-06
1.487638614712312e-06
1.709544235914132e-06
1.978659940741187e-06
2.292533940972137e-06
2.681231407990161e-06
3.141592398261440e-06
3.756896884366011e-06
4.484371316077571e-06
5.320020475123281e-06
6.352073591295241e-06
7.609651494031220e-06
9.073657425111167e-06
1.078807584154755e-05
1.277046339131854e-05
1.504643796857766e-05
1.784175056751601e-05
2.125320339035979e-05
2.574969441167498e-05
3.257708626982535e-05
4.139146860277269e-05
4.859135204040418e-05
5.086576605089872e-05
4.677203284251863e-05
3.939850226471902e-05
4.232192796946422e-05
9.977601454816220e-05
2.423236204988058e-04
4.799313751622326e-04
8.375285873237103e-04
1.272666608405852e-03
1.762373502322067e-03
2.350580428336715e-03
3.300772390772322e-03
4.981494503814103e-03
7.660749283479056e-03
1.157827961821551e-02
1.704331006309805e-02
2.440370782390480e-02
3.408900090171046e-02
4.665257493499431e-02
6.264725040823209e-02
8.265079883054556e-02
1.072675569267083e-01
1.377728776032502e-01
1.761470986516355e-01
2.232190799295649e-01
2.786262261847466e-01
3.430667593939746e-01
4.162342008590482e-01
4.965594045931324e-01
5.807447165995606e-01
6.632783995524719e-01
7.665692462639242e-01
1.000000000000000e+00
1.000000000000000e+00
1.000000000000000e+00
1.000000000000000e+00
1.000000000000000e+00
1.000000000000000e+00
1.000000000000000e+00
1.000000000000000e+00
1.000000000000000e+00
1.000000000000000e+00
1.000000000000000e+00
###9.200000000000003e+00
4.615969202566672e-07
2.454181354271346e-07
-4.771703368371608e-07
1.129290213932270e-07
4.638621012154890e-07
9.758521275077223e-08
1.065950229323066e-07
1.969944107769459e-07
4.316788068539249e-07
5.076744354470169e-07
3.366085552140939e-07
4.433120514336552e-07
3.953929641067103e-07
4.053757147708095e-07
4.491066966673042e-07
4.930600220699090e-07
4.301801064875721e-07
5.167369924330669e-07
4.937019446357818e-07
5.375162220068649e-07
5.583632234544149e-07
5.850247974906098e-07
5.903830048907702e-07
6.376142195576274e-07
7.066579125092358e-07
7.287004534875574e-07
7.353484186880664e-07
7.800721338091281e-07
8.383333068893879e-07
8.878162214240537e-07
9.556964037571879e-07
1.043334263094728e-06
1.112474916989132e-06
1.235572000976024e-06
1.381802554835653e-06
1.528914580478708e-06
1.713886448344008e-06
1.958375409381697e-06
2.255347070592751e-06
2.597677647444686e-06
3.022892517471636e-06
3.530135123546194e-06
4.195812716186576e-06
4.981242261264201e-06
5.891981799752967e-06
7.017199677664910e-06
8.378784748559048e-06
9.971572854605083e-06
1.182439088294596e-05
1.400576970842275e-05
1.646285562694261e-05
1.951761815026343e-05
2.325603246046805e-05
2.811564984744066e-05
3.525991896100128e-05
4.431523344542030e-05
5.217867785166256e-05
5.604045521862541e-05
5.492760320810545e-05
5.259815593826738e-05
6.275329744128523e-05
1.260151919857349e-04
2.727045092421258e-04
5.150852713533049e-04
8.790843224498155e-04
1.336494834325248e-03
1.880097491165128e-03
2.572411484631250e-03
3.671420918938450e-03
5.539399857481174e-03
8.458370265162798e-03
1.268855299858325e-02
1.855454257258668e-02
2.641912690679216e-02
3.674281441781787e-02
5.006357969529841e-02
6.697308233097984e-02
8.803979929705469e-02
1.138690052790634e-01
1.456643778501050e-01
1.853695763808422e-01
2.336442352427714e-01
2.900659260311666e-01
3.550031102196220e-01
4.279727888255083e-01
5.071041955613704e-01
5.888723256379048e-01
6.686376788434529e-01
7.692244351445223e-01
1.000000000000000e+00
1.000000000000000e+00
1.000000000000000e+00
1.000000000000000e+00
1.000000000000000e+00
1.000000000000000e+00
1.000000000000000e+00
1.000000000000000e+00
1.000000000000000e+00
1.000000000000000e+00
1.000000000000000e+00
###9.600000000000003e+00
5.717695794125361e-07
2.854712629610762e-07
-3.998292025449896e-07
2.123302432410562e-07
2.960742448982359e-07
1.829133227486866e-07
1.990126033028532e-07
2.619699842755153e-07
5.166798584156960e-07
7.650744493870152e-07
4.249621160700709e-07
4.973964502197812e-07
4.760877515908177e-07
4.982639070344770e-07
4.330896864069761e-07
5.793987311046821e-07
5.248041930936307e-07
6.071616933947067e-07
5.908817262169755e-07
6.363198700015027e-07
6.619970896685362e-07
6.910860192233214e-07
7.038574026405835e-07
7.522297461888858e-07
8.274127602187623e-07
8.476657723061067e-07
8.666173809748929e-07
9.169110283889125e-07
9.845080951506657e-07
1.041907884197120e-06
1.113865717843213e-06
1.211732586060504e-06
1.296768764822795e-06
1.430521915245396e-06
1.588676631115873e-06
1.754748264600470e-06
1.957299820245997e-06
2.225012166253131e-06
2.549887522211077e-06
2.927796904999377e-06
3.389352905110825e-06
3.938562833244515e-06
4.656829447863481e-06
5.514573224520783e-06
6.506400123115515e-06
7.720169094530503e-06
9.194620829107724e-06
1.091613153393894e-05
1.294955130496485e-05
1.531259504168471e-05
1.800018407824979e-05
2.136902116542676e-05
2.544962994973844e-05
3.080096625194991e-05
3.836357426519257e-05
4.789701533960903e-05
5.671496474267396e-05
6.260703769900065e-05
6.487159433143804e-05
6.810328556696220e-05
8.623519563475325e-05
1.565853515304945e-04
3.098321171918929e-04
5.602972314117628e-04
9.366736432096725e-04
1.422978612070573e-03
2.026770544653041e-03
2.827024828220047e-03
4.080593352774082e-03
6.144018339702239e-03
9.311920732385341e-03
1.386445406948029e-02
2.013837849263213e-02
2.852518001944777e-02
3.949395325324325e-02
5.358037988160123e-02
7.140781189479987e-02
9.353900010185411e-02
1.205469391976259e-01
1.536533820348291e-01
1.946147104307697e-01
2.440940009976475e-01
3.014526138150834e-01
3.668658576975957e-01
4.395689723679752e-01
5.174392772079429e-01
5.971274518921824e-01
6.741777461389435e-01
7.722909047736997e-01
1.000000000000000e+00
1.000000000000000e+00
1.000000000000000e+00
1.000000000000000e+00
1.000000000000000e+00
1.000000000000000e+00
1.000000000000000e+00
1.000000000000000e+00
1.000000000000000e+00
1.000000000000000e+00
1.000000000000000e+00
###1.000000000000000e+01
5.733613441237050e-07
3.077666681671930e-07
-3.532805263300170e-07
2.662119564463096e-07
3.906350979105268e-07
3.683642144455948e-07
2.465247552682328e-07
3.704455467286535e-07
6.023793203405810e-07
8.303986741692469e-07
5.268310951456695e-07
6.338716109219108e-07
5.727624137607787e-07
6.001466866392155e-07
5.360193647652694e-07
6.768854468357340e-07
6.390790911581024e-07
7.124336339611978e-07
7.067493734495983e-07
7.552682185796312e-07
7.857464876170374e-07
8.108420391927095e-07
8.302367384621799e-07
8.916470579065052e-07
9.676686044775300e-07
1.007721054572158e-06
1.021399963036012e-06
1.080931991096455e-06
1.152243574071989e-06
1.220499009525309e-06
1.302602178541479e-06
1.396940193456040e-06
1.507311034581196e-06
1.655874924736568e-06
1.831599732377568e-06
2.016213283086003e-06
2.246594121076529e-06
2.534225907992791e-06
2.885163465413637e-06
3.301066169855582e-06
3.807202630915412e-06
4.407029115569723e-06
5.177992870341586e-06
6.123662405052346e-06
7.187121793433981e-06
8.509658745018326e-06
1.010649902762440e-05
1.198092743806246e-05
1.418850612646242e-05
1.673543014252447e-05
1.976204634632424e-05
2.340849518256227e-05
2.794860861944067e-05
3.383182066023337e-05
4.200826756501393e-05
5.223384013983729e-05
6.236068186764304e-05
7.065814804274516e-05
7.709236952830395e-05
8.619061097964215e-05
1.132053519961012e-04
1.924084795270243e-04
3.548124078044983e-04
6.171933844647156e-04
1.010888155206888e-03
1.532286308127838e-03
2.202078404238023e-03
3.115873797958105e-03
4.527576549105880e-03
6.793690638613646e-03
1.022051399702328e-02
1.510787374274427e-02
2.180271946751018e-02
3.072167057301402e-02
4.234305936125755e-02
5.721229237711192e-02
7.595888172725351e-02
9.915854935008507e-02
1.273313908440731e-01
1.617028799925321e-01
2.039347037083966e-01
2.545524838045824e-01
3.127780143960348e-01
3.786415719017124e-01
4.511258739893931e-01
5.278197638766938e-01
6.056064714115498e-01
6.799378867275255e-01
7.754155649972927e-01
1.000000000000000e+00
1.000000000000000e+00
1.000000000000000e+00
1.000000000000000e+00
1.000000000000000e+00
1.000000000000000e+00
1.000000000000000e+00
1.000000000000000e+00
1.000000000000000e+00
1.000000000000000e+00
1.000000000000000e+00
###1.040000000000000e+01
5.907473926646804e-07
4.241146404419146e-07
-6.782546584997934e-07
3.181596463384244e-07
4.557216385074002e-07
4.752048943691558e-07
3.378435941277083e-07
5.101271102633601e-07
6.938063201859032e-07
9.274047117345386e-07
6.285541248018456e-07
7.367660048019571e-07
6.844017306012906e-07
7.065300362072354e-07
6.618106843817396e-07
7.935050777536266e-07
7.386265914240933e-07
8.366977593974446e-07
8.404341416347633e-07
8.943288881609176e-07
9.335356853527410e-07
9.674981306183292e-07
9.878927800344818e-07
1.050240224240334e-06
1.133360386977266e-06
1.181798410422708e-06
1.209661082560180e-06
1.275459843369413e-06
1.359301103334388e-06
1.431551045933152e-06
1.527272175945288e-06
1.632574986426860e-06
1.757545069590382e-06
1.920531433844856e-06
2.113282429403496e-06
2.320604865271883e-06
2.578563573342997e-06
2.891414961704339e-06
3.263441413113008e-06
3.727204770926148e-06
4.277634614211889e-06
4.932857297226189e-06
5.771347812928877e-06
6.794334054407402e-06
7.948923691508586e-06
9.377881752432616e-06
1.111929043787088e-05
1.315780526598060e-05
1.555738497370503e-05
1.835697988657005e-05
2.169658940080401e-05
2.571320473866474e-05
3.071672111737613e-05
3.730059914867003e-05
4.625490049933372e-05
5.741548695636526e-05
6.917511227894167e-05
8.034488489452315e-05
9.127631306051860e-05
1.072565935854652e-04
1.441205079246149e-04
2.336983683229438e-04
4.078509900729436e-04
6.859514419990953e-04
1.102401683992785e-03
1.664747294062242e-03
2.407283380233877e-03
3.439804779663067e-03
5.017715301422759e-03
7.494619191109175e-03
1.118905188398083e-02
1.642243435136350e-02
2.354748487777196e-02
3.301077249600343e-02
4.529175756164459e-02
6.095100327251507e-02
8.061618092078529e-02
1.048842288124738e-01
1.342347438895914e-01
1.698388613423297e-01
2.133097040937842e-01
2.650137462069814e-01
3.240794911170837e-01
3.903387857660883e-01
4.625604115385420e-01
5.381630490503223e-01
6.139859694254384e-01
6.857858645681802e-01
7.788205376003641e-01
1.000000000000000e+00
1.000000000000000e+00
1.000000000000000e+00
1.000000000000000e+00
1.000000000000000e+00
1.000000000000000e+00
1.000000000000000e+00
1.000000000000000e+00
1.000000000000000e+00
1.000000000000000e+00
1.000000000000000e+00
###1.080000000000000e+01
5.903454970373637e-07
4.436908530560416e-07
-5.709148242269418e-07
6.462741805805943e-07
5.593717935837824e-07
6.119574255314977e-07
4.337477383792067e-07
6.920009594431062e-07
8.363993943836045e-07
1.047288594828500e-06
7.658447630877560e-07
8.946016943833878e-07
8.228572575798101e-07
8.240709151897002e-07
8.073978157762051e-07
9.409587414292242e-07
8.944192509244169e-07
9.918606669211191e-07
1.006926167333370e-06
1.057612105496390e-06
1.106947225757263e-06
1.147881913947961e-06
1.178235193533201e-06
1.239303063489608e-06
1.335587337504523e-06
1.392182679923060e-06
1.432276904765507e-06
1.505520040018902e-06
1.598493807800234e-06
1.683343580973446e-06
1.799477311166603e-06
1.912386119272927e-06
2.052109486206493e-06
2.231325617217670e-06
2.444995348986446e-06
2.676201954057817e-06
2.960740660914223e-06
3.246156908810126e-06
3.711664819484543e-06
4.215180171286888e-06
4.817744405426322e-06
5.535871483899547e-06
6.432779614873410e-06
7.543653292433185e-06
8.808449035611114e-06
1.035407224734362e-05
1.224746167302971e-05
1.446910357031179e-05
1.710688428736793e-05
2.018293066782292e-05
2.386161833873779e-05
2.834984796527742e-05
3.396851962994940e-05
4.127278562308858e-05
5.116152938652221e-05
6.358893824001392e-05
7.738578907935382e-05
9.185026669014209e-05
1.079642227675845e-04
1.317443701455677e-04
1.792636570298003e-04
2.812407153101117e-04
4.697204920307647e-04
7.673315600687309e-04
1.212070324069554e-03
1.821649209800093e-03
2.643099000378406e-03
3.800432142392561e-03
5.551240231448652e-03
8.247691019601038e-03
1.222078136700376e-02
1.780998748537685e-02
2.537799641880859e-02
3.539626368401212e-02
4.835257385046884e-02
6.480521474261500e-02
8.539868387503916e-02
1.107260225035153e-01
1.412440673618986e-01
1.780823876440719e-01
2.227635679247658e-01
2.755101254488492e-01
3.353607099689424e-01
4.019676788057254e-01
4.739228394842440e-01
5.484939658481633e-01
6.223528277409381e-01
6.913949298959361e-01
7.822848053255371e-01
1.000000000000000e+00
1.000000000000000e+00
1.000000000000000e+00
1.000000000000000e+00
1.000000000000000e+00
1.000000000000000e+00
1.000000000000000e+00
1.000000000000000e+00
1.000000000000000e+00
1.000000000000000e+00
1.000000000000000e+00
###1.120000000000000e+01
6.580922585436601e-07
5.087850547425512e-07
-4.737713431431632e-07
7.138526596547503e-07
6.542794170113609e-07
7.538458347167843e-07
5.983812167011848e-07
8.671168366977129e-07
1.014663376018275e-06
1.194706538872513e-06
9.311510624905817e-07
1.053495482206963e-06
9.927569556920533e-07
9.990894277914419e-07
9.875336193180399e-07
1.117216303253723e-06
1.083230251347716e-06
1.180684838595601e-06
1.206310447357752e-06
1.259824097677337e-06
1.316793907234462e-06
1.365879511571035e-06
1.405909608598652e-06
1.474630682762128e-06
1.576867946952004e-06
1.643906250711723e-06
1.697288975967866e-06
1.775147573553105e-06
1.884384073698873e-06
1.984689154836488e-06
2.114787838547578e-06
2.245247555913997e-06
2.403300809764365e-06
2.601941725647679e-06
2.836170528370407e-06
3.095723106783960e-06
3.408974562254886e-06
3.736348150972247e-06
4.232507464719082e-06
4.800399157802781e-06
5.442800582107519e-06
6.221863870402966e-06
7.199843790195935e-06
8.398270103133424e-06
9.782329016027732e-06
1.145816566851517e-05
1.352197782959921e-05
1.595006689115108e-05
1.877405579817598e-05
2.225311886192859e-05
2.628453673252306e-05
3.133595197302995e-05
3.766777394376748e-05
4.573978908331518e-05
5.684963120067073e-05
7.083425217847947e-05
8.703641517765264e-05
1.053158198325854e-04
1.273476601129068e-04
1.598205994763379e-04
2.191885548844297e-04
3.355082365292669e-04
5.412053875880559e-04
8.623339459940463e-04
1.340172762116151e-03
2.003533887240062e-03
2.911129489208397e-03
4.200087027672147e-03
6.131049668837788e-03
9.056299893575627e-03
1.331806935865475e-02
1.927163333700602e-02
2.729827005263194e-02
3.788167691420902e-02
5.152210964161903e-02
6.878002661701912e-02
9.031368543428159e-02
1.166959273450862e-01
1.483824072703460e-01
1.864329904400930e-01
2.322786328648755e-01
2.860333938220312e-01
3.466014416832861e-01
4.135572072288137e-01
4.852596739221243e-01
5.587983106371406e-01
6.307552175835744e-01
6.975232792902538e-01
7.858224894620766e-01
1.000000000000000e+00
1.000000000000000e+00
1.000000000000000e+00
1.000000000000000e+00
1.000000000000000e+00
1.000000000000000e+00
1.000000000000000e+00
1.000000000000000e+00
1.000000000000000e+00
1.000000000000000e+00
1.000000000000000e+00
###1.160000000000000e+01
5.671056467578319e-07
4.752490442722341e-07
-4.559197566890671e-07
7.818537944590581e-07
7.502832928696497e-07
9.078719773992421e-07
7.705148173789065e-07
1.039492777838548e-06
1.184816679386896e-06
1.355794694348600e-06
1.108697596682785e-06
1.230920205288012e-06
1.176216683275126e-06
1.188033320872319e-06
1.184420939642326e-06
1.311860787483792e-06
1.290569746452583e-06
1.389758705984730e-06
1.422244247306513e-06
1.485348897585045e-06
1.550261364546559e-06
1.608396057270976e-06
1.660814902458269e-06
1.737394089448223e-06
1.846875445895858e-06
1.926282997548531e-06
1.994236314017255e-06
2.085671697562557e-06
2.207058071350654e-06
2.323980937666217e-06
2.469465851735581e-06
2.619902284351064e-06
2.798875614691632e-06
3.018599022318001e-06
3.278500420846801e-06
3.568143422443014e-06
3.912136877243136e-06
4.287984963102163e-06
4.824081757375700e-06
5.419856838478899e-06
6.136838243537986e-06
6.989623816272155e-06
8.055204168010911e-06
9.352499055958481e-06
1.085976598849881e-05
1.268613183895827e-05
1.483704532209921e-05
1.757542282661718e-05
2.070908655097396e-05
2.454501995837494e-05
2.885957254906037e-05
3.467053863714191e-05
4.184165322962752e-05
5.093416958331816e-05
6.338923383837351e-05
7.928224984865962e-05
9.834669665464480e-05
1.210248364153912e-04
1.496405445690058e-04
1.918906282545684e-04
2.643465043485285e-04
3.968479046853885e-04
6.230748584672095e-04
9.715364183078787e-04
1.488296689571111e-03
2.211495087557103e-03
3.213335197568261e-03
4.639276349416189e-03
6.757831336588398e-03
9.919788171090594e-03
1.447863496312797e-02
2.081106027941084e-02
2.930898260801590e-02
4.046628407095525e-02
5.480062081144967e-02
7.287819392550794e-02
9.535519454455704e-02
1.227885439639029e-01
1.556345404029201e-01
1.949054812974835e-01
2.418732016105473e-01
2.966029570356333e-01
3.578628031241931e-01
4.250962782763233e-01
4.964624100849238e-01
5.690351833981131e-01
6.391400640672255e-01
7.037059866197609e-01
7.895528759809083e-01
1.000000000000000e+00
1.000000000000000e+00
1.000000000000000e+00
1.000000000000000e+00
1.000000000000000e+00
1.000000000000000e+00
1.000000000000000e+00
1.000000000000000e+00
1.000000000000000e+00
1.000000000000000e+00
1.000000000000000e+00
###1.200000000000001e+01
6.512148271858710e-07
5.237859146365362e-07
-5.829188685450441e-07
8.490024353212441e-07
8.866908713980636e-07
1.081075218807972e-06
9.216923979419965e-07
1.237840818190056e-06
1.365646906034980e-06
1.530793477953158e-06
1.302938675059963e-06
1.423230357055333e-06
1.375918776560543e-06
1.395149698042419e-06
1.400399609347993e-06
1.525182362340788e-06
1.517598887242545e-06
1.610450675714575e-06
1.663277554389210e-06
1.734431012368687e-06
1.809018012383764e-06
1.877305911552941e-06
1.941661585707521e-06
2.029451691850822e-06
2.148573141409247e-06
2.241584926349190e-06
2.325358139216004e-06
2.432307642247104e-06
2.568028436531085e-06
2.703957155499277e-06
2.871501198495809e-06
3.044612055209402e-06
3.242506911154120e-06
3.487077708242629e-06
3.773090609125572e-06
4.095609298348037e-06
4.478931902587014e-06
4.893614248541172e-06
5.476556299317344e-06
6.131577431031361e-06
6.910047609447856e-06
7.846740573636287e-06
9.009127689126906e-06
1.041696277231027e-05
1.205844990301688e-05
1.404351543176520e-05
1.640745904799457e-05
1.938707418858701e-05
2.285664937493607e-05
2.712162558619167e-05
3.199384716858102e-05
3.817425527762103e-05
4.657260176355364e-05
5.688271860535840e-05
7.098964255488673e-05
8.912360841027419e-05
1.115510277898860e-04
1.391799496913427e-04
1.752243708172023e-04
2.283554951065703e-04
3.153517853531759e-04
4.662460045140730e-04
7.160754418219572e-04
1.095705294292586e-03
1.657303424380778e-03
2.446922455461262e-03
3.548661743468571e-03
5.120386294825106e-03
7.434069502181378e-03
1.084262739537983e-02
1.571710877955104e-02
2.243374380112714e-02
3.141448501863237e-02
4.316734479078256e-02
5.819774211730123e-02
7.710277536394512e-02
1.005225154850770e-01
1.290330982458049e-01
1.630318316987208e-01
2.034629344308290e-01
2.515753649380258e-01
3.072240176416123e-01
3.691659936094064e-01
4.366561765407852e-01
5.076388082221333e-01
5.791732869221357e-01
6.476722570929810e-01
7.098975963190177e-01
7.932392094145998e-01
1.000000000000000e+00
1.000000000000000e+00
1.000000000000000e+00
1.000000000000000e+00
1.000000000000000e+00
1.000000000000000e+00
1.000000000000000e+00
1.000000000000000e+00
1.000000000000000e+00
1.000000000000000e+00
1.000000000000000e+00
###1.240000000000001e+01
6.753654126906957e-07
5.655977438502472e-07
-5.117809759061914e-07
9.189870093754414e-07
1.008840813668134e-06
1.261158433511614e-06
1.118201345346891e-06
1.528761240397625e-06
1.585377220765656e-06
1.741183718437717e-06
1.520200713524410e-06
1.631285893444639e-06
1.601942802682852e-06
1.629070431612574e-06
1.644309223282973e-06
1.769966468981042e-06
1.776351297307513e-06
1.874430715863541e-06
1.938355026413494e-06
2.018586402501637e-06
2.103934546512123e-06
2.184393568202491e-06
2.262287000881313e-06
2.363053405803999e-06
2.493675131198760e-06
2.602488158405297e-06
2.703784222777665e-06
2.828443763480598e-06
2.982476640131331e-06
3.138412369775339e-06
3.326468508896878e-06
3.523927740085321e-06
3.748608339854747e-06
4.009405760192692e-06
4.339156011138910e-06
4.696393629035434e-06
5.121141581439926e-06
5.594793555742683e-06
6.221354970950215e-06
6.936617673088690e-06
7.791466448833318e-06
8.817227115500684e-06
1.008567844349435e-05
1.160672061460809e-05
1.338695315461725e-05
1.557436442142015e-05
1.816512198519634e-05
2.142142659186109e-05
2.526852480661990e-05
2.999998502564094e-05
3.551252957705746e-05
4.239533205105703e-05
5.188771020220740e-05
6.366264073522676e-05
7.967495482152059e-05
1.004267346531127e-04
1.266831312691485e-04
1.599006650035250e-04
2.041962415008440e-04
2.692710565172146e-04
3.725890885879274e-04
5.440583909633204e-04
8.204777703337878e-04
1.236104567317724e-03
1.847881331933019e-03
2.710746839844980e-03
3.920355451895300e-03
5.644499080803487e-03
8.162237988678095e-03
1.182739643392954e-02
1.702478758630013e-02
2.414398690377596e-02
3.361899176311540e-02
4.597218202815300e-02
6.172073610130848e-02
8.146286480694627e-02
1.058269692484868e-01
1.354092273512149e-01
1.705558206753241e-01
2.121574145647050e-01
2.613274387573328e-01
3.178607959601040e-01
3.804395038722639e-01
4.481674381211414e-01
5.188068515940908e-01
5.893915809311393e-01
6.563368486381329e-01
7.160164483301010e-01
7.970506549959558e-01
1.000000000000000e+00
1.000000000000000e+00
1.000000000000000e+00
1.000000000000000e+00
1.000000000000000e+00
1.000000000000000e+00
1.000000000000000e+00
1.000000000000000e+00
1.000000000000000e+00
1.000000000000000e+00
1.000000000000000e+00
###1.280000000000001e+01
7.415238931503322e-07
6.412151163947326e-07
-3.343235987878248e-07
1.060086780721450e-06
1.132466030624463e-06
1.440946177469718e-06
1.329963281608877e-06
1.788496724604112e-06
1.761297653117262e-06
1.973260539726320e-06
1.779638870898389e-06
1.879345421575179e-06
1.860423877607807e-06
1.896046837196534e-06
1.923097512330301e-06
2.156287184287724e-06
2.072538096233534e-06
2.177606379028510e-06
2.253472458636706e-06
2.344753649902859e-06
2.442596272867602e-06
2.536673098922194e-06
2.629400351969425e-06
2.745668463540676e-06
2.889350644471102e-06
3.016609596662865e-06
3.138398216278528e-06
3.282948335566884e-06
3.456940034787243e-06
3.636841881560426e-06
3.848473365719906e-06
4.073832333188621e-06
4.328198083301403e-06
4.622850998430181e-06
4.988616806136799e-06
5.384756807620528e-06
5.857475192811064e-06
6.386445127288674e-06
7.067917109304054e-06
7.853191596682580e-06
8.789542979170449e-06
9.910831812168466e-06
1.127833226328557e-05
1.294488020661450e-05
1.489707413206519e-05
1.728506561536736e-05
2.014565066893640e-05
2.371251240253706e-05
2.796241531173191e-05
3.324138866710677e-05
3.950011015745640e-05
4.722874953787051e-05
5.788048915718462e-05
7.130603491532630e-05
8.949135213615413e-05
1.133208065464260e-04
1.439463757959871e-04
1.836001968549059e-04
2.371350866665298e-04
3.153236846061724e-04
4.364021352635409e-04
6.309381930777810e-04
9.373078754688384e-04
1.393602082404372e-03
2.060910199853084e-03
3.004392071536555e-03
4.327817822716425e-03
6.213385396714506e-03
8.942997670166652e-03
1.287700963065993e-02
1.840861209170279e-02
2.594015845960694e-02
3.592459534293137e-02
4.889193735035840e-02
6.537261153124052e-02
8.595593251019240e-02
1.112840589731127e-01
1.419345482403429e-01
1.782262564829281e-01
2.209679447452523e-01
2.711830061480071e-01
3.286021304744182e-01
3.917602956425518e-01
4.596534120193727e-01
5.299270738442349e-01
5.996164478309273e-01
6.649689885669372e-01
7.223035322003942e-01
8.011111257730937e-01
1.000000000000000e+00
1.000000000000000e+00
1.000000000000000e+00
1.000000000000000e+00
1.000000000000000e+00
1.000000000000000e+00
1.000000000000000e+00
1.000000000000000e+00
1.000000000000000e+00
1.000000000000000e+00
1.000000000000000e+00
###1.320000000000001e+01
8.003925729777790e-07
7.558313174307083e-07
-2.320130280419960e-07
1.195854050570486e-06
1.280642579255578e-06
1.666090540957707e-06
1.569330256093104e-06
2.065745962638855e-06
2.031269634312857e-06
2.218565285914942e-06
2.067702914035500e-06
2.165195977500772e-06
2.156407517319034e-06
2.201739448981232e-06
2.241800060571937e-06
2.471456244320754e-06
2.412510132480493e-06
2.526290614627284e-06
2.615526352404978e-06
2.720517813570136e-06
2.833234427410315e-06
2.943164283543792e-06
3.053642613750975e-06
3.186917917033733e-06
3.347992940924714e-06
3.495121221253323e-06
3.639490211149890e-06
3.808411647500777e-06
4.004443240527369e-06
4.211397540945914e-06
4.450605951451356e-06
4.708196557320127e-06
4.995854499871859e-06
5.310881176678023e-06
5.732331062663004e-06
6.172488038221159e-06
6.697654048156022e-06
7.289874463407893e-06
8.035455016481060e-06
8.896884200638052e-06
9.925178872928506e-06
1.115139917858574e-05
1.262929087037532e-05
1.446496819122488e-05
1.660101981232361e-05
1.921333867083991e-05
2.236135204728176e-05
2.629372812586197e-05
3.099885510176931e-05
3.689623742884200e-05
4.396448671649063e-05
5.267792123352619e-05
6.470563654857956e-05
8.003435043349472e-05
1.006968214276575e-04
1.280329106449318e-04
1.635635129558709e-04
2.103959580696700e-04
2.741804567069599e-04
3.668926694036233e-04
5.075197191346354e-04
7.277269659600552e-04
1.067411051252234e-03
1.568560981927360e-03
2.297677396161366e-03
3.328465441769889e-03
4.774173758713440e-03
6.828752069130735e-03
9.779394648200495e-03
1.399264180674657e-02
1.987206971421483e-02
2.782939371552741e-02
3.833720900510543e-02
5.193242593440120e-02
6.915438735844349e-02
9.060164913732263e-02
1.168904380726171e-01
1.486014164805309e-01
1.860465045400433e-01
2.299122822322098e-01
2.811621981477693e-01
3.394126572105278e-01
4.031168533648072e-01
4.711311773831077e-01
5.410772517804910e-01
6.098108172379728e-01
6.736203371033692e-01
7.287024053283518e-01
8.049908117806807e-01
1.000000000000000e+00
1.000000000000000e+00
1.000000000000000e+00
1.000000000000000e+00
1.000000000000000e+00
1.000000000000000e+00
1.000000000000000e+00
1.000000000000000e+00
1.000000000000000e+00
1.000000000000000e+00
1.000000000000000e+00
###1.360000000000001e+01
9.008540865187822e-07
8.351838153038868e-07
-1.164311926824364e-07
1.310006291403577e-06
1.461110208392702e-06
1.864497298964690e-06
1.853405912767932e-06
2.383135865173959e-06
2.341748684995481e-06
2.528828347863456e-06
2.386945657826766e-06
2.489323949404985e-06
2.492580496351335e-06
2.548209488217261e-06
2.602124290503277e-06
2.832902123632380e-06
2.799458490941740e-06
2.924358076763568e-06
3.027921522183574e-06
3.149323951645278e-06
3.279457120417526e-06
3.407707494332185e-06
3.538340547676278e-06
3.691671266482846e-06
3.872821593144218e-06
4.042507886150103e-06
4.213513030362958e-06
4.408511736641464e-06
4.631856825010085e-06
4.869690519409214e-06
5.141368461212473e-06
5.433848239923165e-06
5.760849526817342e-06
6.117380088252924e-06
6.583544076783902e-06
7.077451687796442e-06
7.660428498369639e-06
8.320337548052619e-06
9.140599237684391e-06
1.009059102896765e-05
1.121355692775864e-05
1.256663606820365e-05
1.417410387119224e-05
1.616803616198283e-05
1.852671666516849e-05
2.138760924447651e-05
2.485791182604375e-05
2.902187279115008e-05
3.443577196202760e-05
4.100147085183959e-05
4.898539545443757e-05
5.879377351689670e-05
7.238124667267443e-05
8.980828822020866e-05
1.131786767338382e-04
1.447163681266014e-04
1.857869446863570e-04
2.405872194705705e-04
3.157806765608430e-04
4.243896034459173e-04
5.865701247876583e-04
8.346808803064101e-04
1.211631779822714e-03
1.762732498462397e-03
2.559418746973615e-03
3.684327344164038e-03
5.260328556567683e-03
7.492474841615397e-03
1.067484348606739e-02
1.517801840095116e-02
2.141467091329701e-02
2.981441937547737e-02
4.085925599535843e-02
5.509715366759485e-02
7.307459854344844e-02
9.538984653344423e-02
1.226462338877600e-01
1.554270651729989e-01
1.939970350746463e-01
2.389779782931330e-01
2.912648987641259e-01
3.503117812203100e-01
4.145310817780515e-01
4.826147728385843e-01
5.521816851318055e-01
6.199848041388435e-01
6.823436209094298e-01
7.353486363551717e-01
8.089705603041702e-01
1.000000000000000e+00
1.000000000000000e+00
1.000000000000000e+00
1.000000000000000e+00
1.000000000000000e+00
1.000000000000000e+00
1.000000000000000e+00
1.000000000000000e+00
1.000000000000000e+00
1.000000000000000e+00
1.000000000000000e+00
###1.400000000000001e+01
1.017839493106257e-06
7.505151147567538e-07
-2.166733991832153e-08
1.461291598198161e-06
1.644193080051369e-06
2.142455124959868e-06
2.122995165682321e-06
2.741331704705319e-06
2.659578800291460e-06
2.864749377351747e-06
2.735970312655409e-06
2.841666743997742e-06
2.856412490776197e-06
2.916781392107773e-06
2.996951468153052e-06
3.232545446838666e-06
3.223943513191166e-06
3.362421206515731e-06
3.483348609633641e-06
3.621977302986550e-06
3.772511371516432e-06
3.921925008750107e-06
4.075545557183251e-06
4.250387426946906e-06
4.455881585047865e-06
4.652647345317871e-06
4.852246948291972e-06
5.078273872276905e-06
5.333308987758933e-06
5.605338462573099e-06
5.912254529110300e-06
6.245546527523716e-06
6.617797118082608e-06
7.021951305213424e-06
7.536560473021177e-06
8.084363344790206e-06
8.739012530997569e-06
9.474773278373228e-06
1.037598891823928e-05
1.142268487238485e-05
1.266145029560930e-05
1.414952522751237e-05
1.591336138113460e-05
1.808225218250929e-05
2.067992218448658e-05
2.382387371281831e-05
2.764863322171782e-05
3.229769251429843e-05
3.825911831822773e-05
4.557738972159677e-05
5.461098665815611e-05
6.566460782381521e-05
8.099196708430681e-05
1.007554299395297e-04
1.271319744717331e-04
1.634722722835318e-04
2.108200384154256e-04
2.745196673848600e-04
3.623073647676552e-04
4.883203370010814e-04
6.740418352592932e-04
9.531598544680024e-04
1.370738862161192e-03
1.976328574861842e-03
2.846544511871076e-03
4.074031516742481e-03
5.788343271023895e-03
8.206568306862378e-03
1.162954592741006e-02
1.643476210945686e-02
2.304419939333848e-02
3.189716864175176e-02
4.349634877220589e-02
5.839218475679274e-02
7.713243679825327e-02
1.003277376723968e-01
1.285753780285070e-01
1.624194343296083e-01
2.021097161535362e-01
2.481822663679571e-01
3.014685874249858e-01
3.612653191588791e-01
4.259713992673870e-01
4.941493365711295e-01
5.633194705940984e-01
6.301652233494629e-01
6.910326135946765e-01
7.417358038185585e-01
8.131570478929758e-01
1.000000000000000e+00
1.000000000000000e+00
1.000000000000000e+00
1.000000000000000e+00
1.000000000000000e+00
1.000000000000000e+00
1.000000000000000e+00
1.000000000000000e+00
1.000000000000000e+00
1.000000000000000e+00
1.000000000000000e+00
###1.440000000000001e+01
1.033889987296996e-06
7.966880921960407e-07
3.281390599931133e-08
1.497383704771136e-06
1.731295594823129e-06
2.208807812662209e-06
2.205471831328113e-06
2.820407203342857e-06
2.761616281279019e-06
2.973993375868056e-06
2.873432650167992e-06
2.991848562964470e-06
3.024680923861003e-06
3.102379175537131e-06
3.199362017095765e-06
3.441141528445609e-06
3.460087506154918e-06
3.614136571538862e-06
3.754681284340285e-06
3.913392256221876e-06
4.083931714164795e-06
4.255477922956816e-06
4.433008323648738e-06
4.632360751847165e-06
4.862130527384423e-06
5.086693631169298e-06
5.317089900478100e-06
5.574103123566150e-06
5.862594769562126e-06
6.170026185584058e-06
6.515579893207705e-06
6.892237859354887e-06
7.310135711568367e-06
7.765327599595061e-06
8.333884040698401e-06
8.945014985634095e-06
9.667934727857803e-06
1.048215506696990e-05
1.147314498435313e-05
1.262347578236882e-05
1.398435941798845e-05
1.561205127436467e-05
1.754375998497277e-05
1.991757857364960e-05
2.275500277446233e-05
2.622139622590216e-05
3.043422359800240e-05
3.560402226555838e-05
4.219493962160694e-05
5.037742326668137e-05
6.053983315755315e-05
7.313772532928088e-05
9.049678407846351e-05
1.129812736343024e-04
1.428438468746592e-04
1.843840550564611e-04
2.388892205319158e-04
3.124184295831126e-04
4.140429244437683e-04
5.590388483436822e-04
7.705342467858951e-04
1.083488829345339e-03
1.545715607469781e-03
2.210693962261827e-03
3.160843092487937e-03
4.497894041114994e-03
6.359412602671581e-03
8.973411396275745e-03
1.264670948227350e-02
1.776532617205059e-02
2.476232818192360e-02
3.408407141057652e-02
4.624826709497715e-02
6.181466373140745e-02
8.133545866272097e-02
1.054191871459857e-01
1.346604230487971e-01
1.695671812780610e-01
2.103762925107044e-01
2.575488479997221e-01
3.117898031705585e-01
3.723293422522271e-01
4.375029056348685e-01
5.057102347939727e-01
5.744523318057095e-01
6.403597104450885e-01
6.997268929373192e-01
7.483104129165976e-01
8.173629672059675e-01
1.000000000000000e+00
1.000000000000000e+00
1.000000000000000e+00
1.000000000000000e+00
1.000000000000000e+00
1.000000000000000e+00
1.000000000000000e+00
1.000000000000000e+00
1.000000000000000e+00
1.000000000000000e+00
1.000000000000000e+00
###1.480000000000001e+01
1.066197589355523e-06
8.199295636047833e-07
-3.842494951640233e-08
1.525602330304131e-06
1.789146444992013e-06
2.265940457126862e-06
2.291476858115377e-06
2.900017848452378e-06
2.856447610307517e-06
3.030334633500827e-06
3.042520855159790e-06
3.131894475909449e-06
3.182388239261217e-06
3.278142968177378e-06
3.393341098115234e-06
3.643100487789483e-06
3.689821139263480e-06
3.860765642026601e-06
4.021891250195332e-06
4.202352650675751e-06
4.393955937929934e-06
4.589170929182028e-06
4.790843388868487e-06
5.017969212549279e-06
5.274052352515426e-06
5.528596044101675e-06
5.791674161519081e-06
6.083214761693031e-06
6.407399402066304e-06
6.753299493988572e-06
7.140782413786340e-06
7.565286916886715e-06
8.031275600690469e-06
8.544095946526287e-06
9.170302563337766e-06
9.851748277035685e-06
1.064848147319946e-05
1.154762278739282e-05
1.263698696626575e-05
1.389788563540479e-05
1.539097086456316e-05
1.717977688578214e-05
1.929079318641705e-05
2.189321167622418e-05
2.495769419983356e-05
2.882132809149754e-05
3.347643686652398e-05
3.921604731296787e-05
4.651178922051840e-05
5.562992622586362e-05
6.708010948398576e-05
8.138896984505801e-05
1.010037926934470e-04
1.264864775630095e-04
1.605226588717556e-04
2.075522657506684e-04
2.700296134768757e-04
3.544971340107755e-04
4.713618048940759e-04
6.371216968055449e-04
8.765835811224393e-04
1.226430260076892e-03
1.737485304129276e-03
2.466937941314910e-03
3.503552241099624e-03
4.958014260288282e-03
6.975428237529738e-03
9.794003603845726e-03
1.372954507364278e-02
1.917398289986742e-02
2.657169688233927e-02
3.637845682763835e-02
4.912431689842787e-02
6.537733776320674e-02
8.568631593494425e-02
1.106774625850764e-01
1.409099493803019e-01
1.768883156385671e-01
2.188144311154063e-01
2.670673112576207e-01
3.222395211266848e-01
3.835109911400911e-01
4.490522148704534e-01
5.172835561645951e-01
5.855857794070246e-01
6.505671674067668e-01
7.085229566222270e-01
7.551230797761304e-01
8.218292687363549e-01
1.000000000000000e+00
1.000000000000000e+00
1.000000000000000e+00
1.000000000000000e+00
1.000000000000000e+00
1.000000000000000e+00
1.000000000000000e+00
1.000000000000000e+00
1.000000000000000e+00
1.000000000000000e+00
1.000000000000000e+00
###1.520000000000001e+01
1.064621230993123e-06
9.360200647281643e-07
2.085002033500846e-08
1.615301368919387e-06
1.887087262606349e-06
2.407729033623608e-06
2.447703930696723e-06
3.072554588236659e-06
3.040291429724140e-06
3.223094903962691e-06
3.254301848314314e-06
3.357805908593115e-06
3.427623558677862e-06
3.541607532867427e-06
3.675447988433371e-06
3.935398236475708e-06
4.010827599781926e-06
4.200640659787904e-06
4.384357276606441e-06
4.588598583338787e-06
4.804121437015997e-06
5.025767753948565e-06
5.256042295382315e-06
5.512053278874494e-06
5.798533900515835e-06
6.086678593791769e-06
6.386535240598323e-06
6.715395815336526e-06
7.079970249689889e-06
7.470578331022186e-06
7.905347255176448e-06
8.381442735548755e-06
8.903420635789969e-06
9.480307852749546e-06
1.017589994850855e-05
1.092958635555118e-05
1.181044964825593e-05
1.280422085433462e-05
1.400156073197316e-05
1.538684465074416e-05
1.703202973039398e-05
1.899592902234834e-05
2.130758902873088e-05
2.415130303809202e-05
2.750028209359670e-05
3.178593342037084e-05
3.693206535928322e-05
4.322860895368073e-05
5.139881819583479e-05
6.158521511757443e-05
7.443450137880287e-05
9.060501675496446e-05
1.127660722722208e-04
1.415239196430841e-04
1.801857368611549e-04
2.333700276193535e-04
3.045974234210858e-04
4.011589307063524e-04
5.346394808496568e-04
7.229847671233388e-04
9.930247547243508e-04
1.382948529774482e-03
1.946779597138151e-03
2.746179595327821e-03
3.876364118255271e-03
5.455211366495630e-03
7.637594664962178e-03
1.067166586719396e-02
1.488012394654983e-02
2.066392781008115e-02
2.847720473587948e-02
3.878359069672063e-02
5.212596984012900e-02
6.907919615424506e-02
9.019872151854481e-02
1.161003224934488e-01
1.473404704684553e-01
1.843847729534734e-01
2.274196360171124e-01
2.767377457994679e-01
3.327982233450633e-01
3.947725699574974e-01
4.606936024310797e-01
5.289061780587593e-01
5.967167607437485e-01
6.607230660266006e-01
7.172848432595421e-01
7.619445495616360e-01
8.263091008910164e-01
1.000000000000000e+00
1.000000000000000e+00
1.000000000000000e+00
1.000000000000000e+00
1.000000000000000e+00
1.000000000000000e+00
1.000000000000000e+00
1.000000000000000e+00
1.000000000000000e+00
1.000000000000000e+00
1.000000000000000e+00
###1.560000000000001e+01
1.080501737144757e-06
9.592725559765446e-07
5.315648091477156e-08
1.630036939846004e-06
1.917889295437367e-06
2.436783448348895e-06
2.487266771364636e-06
3.112358517238836e-06
3.100216759194981e-06
3.301198277960849e-06
3.351858958972972e-06
3.478820036313537e-06
3.569337976089187e-06
3.703672628479588e-06
3.858189202558666e-06
4.130156409556596e-06
4.234833966194312e-06
4.445182346492430e-06
4.652681021702766e-06
4.881174995527826e-06
5.122541789118106e-06
5.371934125269462e-06
5.631830883930753e-06
5.919235590918446e-06
6.237416190652353e-06
6.560957493552846e-06
6.899618580250397e-06
7.268953825713318e-06
7.675981837766968e-06
8.112857697400078e-06
8.598839133827912e-06
9.129355569000918e-06
9.712102643600070e-06
1.035410510247593e-05
1.112196824215372e-05
1.195444704562709e-05
1.292957582274808e-05
1.402555977459868e-05
1.534134276770617e-05
1.686151581751084e-05
1.865678886754218e-05
2.081565937229487e-05
2.335398417417756e-05
2.648170987003852e-05
3.016908573234519e-05
3.487668502624379e-05
4.056146475628025e-05
4.752079602654430e-05
5.660510743029056e-05
6.795943483494215e-05
8.237369242863263e-05
1.007026080397822e-04
1.257243727707219e-04
1.581744355275726e-04
2.019852344362188e-04
2.619819111701121e-04
3.429156312027933e-04
4.526726243307433e-04
6.043464753646838e-04
8.172163456979534e-04
1.120151893402433e-03
1.553695215425393e-03
2.174693429958088e-03
3.049682902608990e-03
4.280279251057314e-03
5.992119094274989e-03
8.348408441585940e-03
1.160852141727106e-02
1.610219325218360e-02
2.223959969842326e-02
3.048167293376576e-02
4.130089007992002e-02
5.525813051033487e-02
7.292785968972838e-02
9.487585280762700e-02
1.216971841543319e-01
1.539506667638084e-01
1.920671741381531e-01
2.361938871156733e-01
2.865604922135975e-01
3.435035091051589e-01
4.061365508823030e-01
4.724045294276285e-01
5.405728036676689e-01
6.078251626243784e-01
6.708766132023138e-01
7.259874885953941e-01
7.689387854890610e-01
8.308250255513984e-01
1.000000000000000e+00
1.000000000000000e+00
1.000000000000000e+00
1.000000000000000e+00
1.000000000000000e+00
1.000000000000000e+00
1.000000000000000e+00
1.000000000000000e+00
1.000000000000000e+00
1.000000000000000e+00
1.000000000000000e+00
