# NLO BK equation solver 0.0-dev build  (build Nov 18 2025 11:57:20)
# Initial condition: MV model, Q_s0^2 = 0.0886837 GeV^2, \gamma = 4.40674, coefficient of E inside Log is 1, x0=0.01, \Lambda_QCD = 0.241 GeV
# # LO Kernel RC:  Balitsky. NLO Kernel RC:  smallest dipole
# Nc=3, Nf=4
# Using RungeKutta method in K1
# Resumming double log
# Resumming single log, K_sub=0.65 resum rc: smallest
# BK K1 integration relative accuracy: 0.02# NLO BK as^2 terms: MC integration method: Vegas, points=1000000
# Kinematical constraint: none
# Target kinematical constraint: disabled

###1.000000000000000e-05
###1.160836920850890e+00
###100
###1.000000000000000e+00
###0.000000000000000e+00
6.394281013846182e-49
2.352962201075652e-48
8.657232927104979e-48
3.184804461238742e-47
1.171452030557644e-46
4.308268954646513e-46
1.584222242274659e-45
5.824555505876819e-45
2.141120816101852e-44
7.869543122693977e-44
2.891918271020481e-43
1.062548541070946e-42
3.903335275746963e-42
1.433656845163956e-41
5.264713367974329e-41
1.932957074132573e-40
7.095538359885252e-40
2.604124646983582e-39
9.555402013225218e-39
3.505454522631297e-38
1.285716374297532e-37
4.714641137872182e-37
1.728429915337722e-36
6.335070866498303e-36
2.321370769031510e-35
8.504082930261558e-35
3.114561089915278e-34
1.140378166103595e-33
4.174262038911283e-33
1.527514035537555e-32
5.588060591191926e-32
2.043632944792598e-31
7.471466335566203e-31
2.730643349036121e-30
9.976428086656035e-30
3.643599492111900e-29
1.330227321475137e-28
4.854613706245371e-28
1.770967790690276e-27
6.457836786922877e-27
2.353839088684582e-26
8.575753477138320e-26
3.122954993705074e-25
1.136707623032380e-24
4.135353888981594e-24
1.503655149591646e-23
5.464441613651248e-23
1.984701269938399e-22
7.204198239211192e-22
2.613401542795552e-21
9.474252150956239e-21
3.432336612004742e-20
1.242591271029782e-19
4.495180407683844e-19
1.624923332008312e-18
5.869103173599500e-18
2.118115887240966e-17
7.637525927194407e-17
2.751482034656319e-16
9.903255661455598e-16
3.561012989540140e-15
1.279208342237932e-14
4.590610801925297e-14
1.645706477863099e-13
5.893602147989728e-13
2.108399566784270e-12
7.534769899727377e-12
2.689914560331936e-11
9.593366465759259e-11
3.418122424392698e-10
1.216792944342064e-09
4.328090322130985e-09
1.538420998291616e-08
5.465292566011182e-08
1.940809341830914e-07
6.890762355844256e-07
2.446591498127493e-06
8.689006477689048e-06
3.087443228189102e-05
1.097897290750494e-04
3.907903252483580e-04
1.392352347111658e-03
4.962322691451915e-03
1.763639561440911e-02
6.178349332919608e-02
2.047288844375440e-01
5.616319912710070e-01
9.490075994229944e-01
9.999788852403007e-01
1.000000000000000e+00
1.000000000000000e+00
1.000000000000000e+00
1.000000000000000e+00
1.000000000000000e+00
1.000000000000000e+00
1.000000000000000e+00
1.000000000000000e+00
1.000000000000000e+00
1.000000000000000e+00
1.000000000000000e+00
###4.000000000000000e-01
-4.995329435800072e-10
-2.164974400852090e-10
-1.080003232833756e-09
-6.454551702785612e-10
-2.986610936807285e-09
2.881081011547038e-10
-3.321630867544893e-10
-3.463456452157645e-10
-5.446152785163718e-11
1.612907222167690e-10
1.173859103141833e-10
5.140982101662416e-11
4.350549418477851e-10
2.210517122893479e-11
-3.299727313377067e-10
8.205814864540545e-11
1.123240927343954e-10
-9.226323993241568e-11
-3.259472749014402e-11
3.910040931679964e-11
7.070803763988414e-11
7.309865636104987e-11
6.138647810079757e-11
3.729954399906719e-11
9.757965101499651e-11
9.853096397842216e-11
8.793703816338715e-11
1.074765138120475e-10
1.197627231364754e-10
1.896782036595651e-10
2.517191959110040e-10
2.909671780348332e-10
3.111602523907504e-10
5.506428784299408e-10
7.320004713232329e-10
9.713895441947571e-10
1.359830499553115e-09
1.784297777020411e-09
2.339007230883789e-09
3.142478106148912e-09
3.925160672954525e-09
5.490097491143900e-09
7.300843263557796e-09
9.690451092848732e-09
1.273647719378789e-08
1.683048778759108e-08
2.210624806919936e-08
2.899336938145410e-08
3.783568119057252e-08
4.972417735167925e-08
6.479797533454274e-08
8.442765347704732e-08
1.101671220454623e-07
1.444290085105209e-07
1.877982661859743e-07
2.471643972708320e-07
3.251352962994249e-07
4.307314019993114e-07
5.757972823703631e-07
7.761711501075271e-07
1.063980427696842e-06
1.479927869745097e-06
2.100693842204131e-06
3.021083560251688e-06
4.431795771257305e-06
6.676884509242494e-06
9.929225447453767e-06
1.563141343376000e-05
2.425949299796614e-05
3.786591881950657e-05
5.915773604324922e-05
9.192572690157032e-05
1.432281725216566e-04
2.218508608993017e-04
3.433076194649951e-04
5.312774383320233e-04
8.233481755522696e-04
1.276580892426362e-03
1.993864739474176e-03
3.172828185247063e-03
5.248632496481167e-03
9.137170412842276e-03
1.728827097378600e-02
3.673571382999351e-02
8.846769226679176e-02
2.289579321281925e-01
5.436179087152913e-01
8.811147123829658e-01
9.596561565828534e-01
1.000000000000000e+00
1.000000000000000e+00
1.000000000000000e+00
1.000000000000000e+00
1.000000000000000e+00
1.000000000000000e+00
1.000000000000000e+00
1.000000000000000e+00
1.000000000000000e+00
1.000000000000000e+00
1.000000000000000e+00
###8.000000000000000e-01
-5.470205960107452e-10
6.335091999841945e-09
-7.796042189595508e-09
-2.171110778714880e-09
-2.909301635678772e-09
1.194870947663931e-09
-1.109050982225862e-10
-4.011941415618035e-10
-4.130598952899034e-09
-4.273579006486489e-09
8.914534767798235e-10
6.361762874076217e-10
2.356674204894255e-10
3.061231967092334e-10
2.649218679562156e-10
3.545089663988889e-10
8.798723307675280e-10
7.759013142873239e-10
5.715051981583974e-10
4.735836633594626e-10
2.062786821557408e-10
4.195771759318317e-10
2.437557164377865e-10
1.436282371376901e-10
2.928816987459859e-10
1.005967424403633e-09
4.816957594456875e-10
6.509738388625090e-10
3.537770017940950e-10
5.344430178208477e-10
8.740042930904323e-10
1.035015810924359e-09
1.227116903199686e-09
1.815421342589260e-09
2.297660261535509e-09
2.797532894514135e-09
3.846312469616920e-09
5.236743687985863e-09
6.730529157141959e-09
9.079401584952099e-09
1.187495933958942e-08
1.517352454906729e-08
1.962544512748044e-08
2.583952326853591e-08
3.303512868577499e-08
4.290416400065428e-08
5.551219560765260e-08
7.129946215316005e-08
9.016182027969734e-08
1.156754369341191e-07
1.469159064962608e-07
1.837833494743766e-07
2.319123500925290e-07
2.806771649257606e-07
3.554393393065332e-07
4.462953822749908e-07
5.533416143535672e-07
6.534163711745265e-07
8.156549243369411e-07
1.088279105858256e-06
1.267884918452005e-06
1.924329082776272e-06
2.774503991041149e-06
4.139717192383508e-06
6.528849572075587e-06
1.063027009232441e-05
1.753620267836532e-05
2.963466936954246e-05
4.963251489927752e-05
8.228461190295557e-05
1.337214719246294e-04
2.136749716694401e-04
3.363677728926969e-04
5.228707336313130e-04
8.058191727889231e-04
1.233053515120698e-03
1.878562604840404e-03
2.847989014408841e-03
4.319302224940015e-03
6.644154441138517e-03
1.051747839422825e-02
1.717864367972223e-02
2.946235826214924e-02
5.464383607701653e-02
1.121221228436361e-01
2.490760001788246e-01
5.283564552535152e-01
8.250466503451008e-01
9.228459722287874e-01
1.000000000000000e+00
1.000000000000000e+00
1.000000000000000e+00
1.000000000000000e+00
1.000000000000000e+00
1.000000000000000e+00
1.000000000000000e+00
1.000000000000000e+00
1.000000000000000e+00
1.000000000000000e+00
1.000000000000000e+00
###1.200000000000000e+00
4.316474119150485e-09
1.767770063137256e-08
2.420759379912030e-08
-1.662433532081644e-09
-1.647331477743603e-08
2.685248769424544e-09
1.480305958606483e-09
5.003640092078082e-09
-1.962162179564576e-08
-2.013268306886719e-09
8.135695131436443e-09
-1.355567323700060e-09
1.400447762296404e-09
-2.925855521727613e-09
1.634526726020562e-09
4.042010698329005e-09
2.115058810659778e-09
3.851880359125411e-09
2.052116695358232e-09
1.828209593641695e-09
2.149269833811643e-09
2.463210884465821e-09
2.460667335959843e-09
2.853111032819763e-09
2.800321176717549e-09
1.460797554791342e-09
3.008822063673154e-09
4.454515159827927e-09
3.708088643561549e-09
2.938570249298965e-09
4.008544552880168e-09
4.471421494351817e-09
4.878529609840471e-09
5.806928061572527e-09
7.633201573031585e-09
8.034471745015459e-09
9.753191963006112e-09
1.212541611499191e-08
1.610109796215605e-08
2.039452332791542e-08
2.559595909110629e-08
3.293787467974806e-08
4.157947909594740e-08
5.341046864934799e-08
6.678506253232569e-08
8.576489998039538e-08
1.072267967249955e-07
1.351870569829275e-07
1.685875713421422e-07
2.063857170565155e-07
2.527899087833084e-07
3.025067186301886e-07
3.566056157867870e-07
4.075566220709032e-07
4.598468547670977e-07
5.049458034684710e-07
5.239110169752061e-07
4.764603633141112e-07
4.069751244598595e-07
3.192414864678625e-07
3.596801851456024e-08
4.004671092594175e-09
8.966727108883688e-08
7.234820293096653e-07
2.601206246293357e-06
7.270467565581316e-06
1.688640966214685e-05
3.545709397815771e-05
6.885928402219744e-05
1.257507958110078e-04
2.178988206615351e-04
3.604854223020286e-04
5.777228959787425e-04
9.041840272736956e-04
1.390102625068970e-03
2.110051905532923e-03
3.175875646307411e-03
4.730512050474643e-03
6.979247564095486e-03
1.053162810059155e-02
1.621201475438137e-02
2.556228460491303e-02
4.160877403957522e-02
7.165124992909545e-02
1.334421439566978e-01
2.661838752313910e-01
5.157145774609262e-01
7.787947162995067e-01
8.898582206587073e-01
1.000000000000000e+00
1.000000000000000e+00
1.000000000000000e+00
1.000000000000000e+00
1.000000000000000e+00
1.000000000000000e+00
1.000000000000000e+00
1.000000000000000e+00
1.000000000000000e+00
1.000000000000000e+00
1.000000000000000e+00
###1.600000000000000e+00
1.670452698064658e-08
8.980598261475908e-09
2.463452481238835e-08
1.737257672966296e-08
-5.224856839006342e-09
7.558289643555452e-09
-1.092278986332395e-08
4.915801318534743e-09
-1.198580166653094e-08
1.077991224390623e-08
1.089846497193983e-08
-1.389272157443342e-08
7.139384159532058e-09
-1.159236570435796e-08
6.453391194130118e-09
5.187521198218449e-09
3.340109451630808e-09
4.646737214134325e-09
5.880684553491739e-09
5.079154501623655e-09
5.958804715890426e-09
5.088001354880279e-09
8.344131756223861e-09
5.872474610325669e-09
7.042143858267102e-09
5.210438381354260e-09
7.930936314947701e-09
9.065425501876726e-09
4.986742048450757e-09
3.484843758732180e-09
8.491999679415120e-09
9.668253751580874e-09
1.103401498125631e-08
1.497882571516259e-08
1.887692156906688e-08
1.657736505433219e-08
2.293651428850431e-08
2.536097109308141e-08
3.357528296198217e-08
3.988911978695566e-08
4.944558169224670e-08
6.301695666809489e-08
7.793426096597487e-08
9.811533608370788e-08
1.215597056115506e-07
1.487806971512767e-07
1.848368901893547e-07
2.290744827135977e-07
2.824576275619514e-07
3.318692416749962e-07
3.890863395283827e-07
4.418621931686315e-07
4.859031059271862e-07
5.044366187484385e-07
4.742381263969031e-07
4.029340201402575e-07
2.194689501715790e-07
-2.313307693986074e-07
-9.208697951151033e-07
-1.868996187854576e-06
-3.424988114553006e-06
-5.143196679503430e-06
-7.154885872349353e-06
-8.831611635070694e-06
-8.882721072961671e-06
-3.115179775637712e-06
9.374170357023830e-06
3.237671222419998e-05
7.919495353760211e-05
1.655430824715402e-04
3.082781983810640e-04
5.312633645336284e-04
8.680206305434460e-04
1.366398249361193e-03
2.099515658349371e-03
3.165915562529384e-03
4.716180036727165e-03
6.928334954718269e-03
1.006389919191630e-02
1.485174238241865e-02
2.237654282668020e-02
3.431091892418234e-02
5.380146293526747e-02
8.799471371558445e-02
1.530131466252221e-01
2.812129898456949e-01
5.056730296670373e-01
7.409099078416032e-01
8.609133311343111e-01
1.000000000000000e+00
1.000000000000000e+00
1.000000000000000e+00
1.000000000000000e+00
1.000000000000000e+00
1.000000000000000e+00
1.000000000000000e+00
1.000000000000000e+00
1.000000000000000e+00
1.000000000000000e+00
1.000000000000000e+00
###2.000000000000000e+00
5.781644566411273e-09
7.307251920065111e-09
3.485780736002342e-08
5.078809708812114e-08
-2.268468924393987e-09
4.470882067447113e-08
3.334959112546698e-08
2.999757588046566e-08
2.038841844968092e-08
2.458410907868955e-08
3.204243075109677e-08
1.107273288645728e-08
3.407054484060778e-08
1.045372390685595e-08
2.962671084834387e-08
3.015470879982532e-08
2.833425244344818e-08
1.986751141803906e-08
2.368367907624610e-08
7.781747498505775e-09
2.521887836607330e-08
2.747391874461281e-08
3.044753329106146e-08
2.748467381506805e-08
2.861281258372600e-08
2.823577889971616e-08
2.608167408221624e-08
3.272942733117556e-08
2.838213865898821e-08
2.733201972926137e-08
3.215379405001921e-08
3.663817049753958e-08
3.748844021610626e-08
4.359852840637106e-08
5.198088216194499e-08
4.998233990068098e-08
5.902356940058635e-08
6.658712565853829e-08
7.618537181818870e-08
8.931813761350897e-08
1.053601461634123e-07
1.259095148158897e-07
1.518108387942126e-07
1.828158093559473e-07
2.194781917485982e-07
2.531239467936253e-07
3.094602512068627e-07
3.625740797638953e-07
4.361129330792380e-07
5.010269880396603e-07
5.653830623498916e-07
6.117434158749911e-07
6.342149420336973e-07
5.853838036751141e-07
4.504609380167053e-07
2.125130767977492e-07
-4.420990938382765e-07
-1.590436002523376e-06
-3.298536367755595e-06
-5.674023870347668e-06
-9.317941028906282e-06
-1.387312714997486e-05
-1.946441608124889e-05
-2.540167327397548e-05
-2.955036002998596e-05
-2.606112793008897e-05
-7.820347219412764e-06
3.400298528015184e-05
9.306606265549714e-05
2.057416138724029e-04
4.087907841381663e-04
7.281829225789297e-04
1.210250770122762e-03
1.912787002493281e-03
2.935053431996540e-03
4.402066952890241e-03
6.499711482588830e-03
9.430171180329090e-03
1.352213695600770e-02
1.959812425011049e-02
2.897721616345103e-02
4.346069992849019e-02
6.612885686245283e-02
1.039061328039808e-01
1.712523310384480e-01
2.948721131081332e-01
4.981636514008310e-01
7.102000499571673e-01
8.359222525054514e-01
1.000000000000000e+00
1.000000000000000e+00
1.000000000000000e+00
1.000000000000000e+00
1.000000000000000e+00
1.000000000000000e+00
1.000000000000000e+00
1.000000000000000e+00
1.000000000000000e+00
1.000000000000000e+00
1.000000000000000e+00
###2.400000000000000e+00
3.387108674870584e-08
4.868205295110080e-09
2.767986248858104e-08
6.141679421568603e-08
7.981003600001361e-09
3.198779911460527e-08
2.820307938441468e-08
4.994419083944940e-08
2.674448839866642e-08
3.269343231545918e-08
4.072492954137787e-08
1.046679697728586e-08
3.138458664167839e-08
9.942354008124736e-09
3.934452838144872e-08
3.345659019888399e-08
1.857113788450257e-08
3.180255920961725e-08
3.397648852655961e-08
1.694574292256279e-08
4.013313434920389e-08
3.606383374074949e-08
3.822383538709662e-08
3.818543169775230e-08
3.547603599975382e-08
3.028255191273721e-08
3.816971578102571e-08
4.316941482382605e-08
5.055457996540796e-08
3.980665914620276e-08
4.704753578786388e-08
5.211677471519266e-08
5.333729283058532e-08
6.084217240057416e-08
6.601404112599941e-08
7.274333862456667e-08
8.655081213832491e-08
9.812944994928460e-08
1.134545819034367e-07
1.335943998037344e-07
1.560407460209998e-07
1.858030444465146e-07
2.269775913986301e-07
2.732162429483660e-07
3.279166183194196e-07
3.805449865165828e-07
4.647558240546798e-07
5.408678126000134e-07
6.346030774501706e-07
7.207167879078673e-07
7.871829951246199e-07
8.334703037321226e-07
8.001787887132034e-07
7.273263220674186e-07
4.875711304017120e-07
-1.345128150494641e-07
-1.454047481633074e-06
-3.489366822403650e-06
-6.633436171635717e-06
-1.097495474271082e-05
-1.749623850851913e-05
-2.590025744905096e-05
-3.669277790176429e-05
-4.819324533587024e-05
-5.801850883716727e-05
-5.795009183253542e-05
-3.443750471196287e-05
5.605983707347487e-05
1.269595283371524e-04
2.552461228464828e-04
5.266696518833402e-04
9.561460963616558e-04
1.607726907714728e-03
2.532556589742998e-03
3.898290491955866e-03
5.812398487251441e-03
8.510484567494989e-03
1.223154367027696e-02
1.734630106230793e-02
2.474475918088336e-02
3.599507757757112e-02
5.295310510363346e-02
7.857654473972750e-02
1.194839835537012e-01
1.886109603497345e-01
3.076417214617081e-01
4.930373844092936e-01
6.858598633165837e-01
8.150699138752305e-01
1.000000000000000e+00
1.000000000000000e+00
1.000000000000000e+00
1.000000000000000e+00
1.000000000000000e+00
1.000000000000000e+00
1.000000000000000e+00
1.000000000000000e+00
1.000000000000000e+00
1.000000000000000e+00
1.000000000000000e+00
###2.800000000000000e+00
-1.023659863008919e-07
-2.099686334566354e-08
-2.117668609196230e-08
6.919534188745726e-08
8.761155269962790e-09
4.073241234276689e-08
5.006533904694062e-08
7.067103183584983e-08
4.271131045035220e-08
4.819889824535526e-08
4.958540447711723e-08
1.145513532205171e-08
3.695406784475108e-08
1.130198987109902e-08
4.137412576473854e-08
4.466518767340154e-08
3.764833634200725e-08
1.765144186198272e-08
4.996857066040103e-08
2.772338907493358e-08
6.378070101640702e-08
5.099066947061234e-08
5.547886301595880e-08
6.474118291335460e-08
5.166245474446810e-08
4.679325503531634e-08
4.974948059277375e-08
6.374538467970591e-08
6.593970011262088e-08
5.949441487667727e-08
6.723843426175471e-08
7.350676111307722e-08
7.834141135230851e-08
8.672214539449552e-08
9.864449874536250e-08
1.072220503713109e-07
1.254373283217544e-07
1.363936729295232e-07
1.657300011506943e-07
1.934889615591508e-07
2.176381259448101e-07
2.625769481889763e-07
3.218101715590387e-07
3.894179390663957e-07
4.548869134943859e-07
5.451078186201432e-07
6.560082169343087e-07
7.585081684021067e-07
8.820855622496573e-07
9.892239911958991e-07
1.064282807386282e-06
1.114175394015564e-06
1.043672580814987e-06
1.006682059368076e-06
6.749136240294977e-07
-5.905117067355227e-07
-2.668462054470899e-06
-5.807293949365166e-06
-1.072348732714234e-05
-1.743879340070343e-05
-2.748410691538246e-05
-4.069335790355872e-05
-5.754175357668241e-05
-7.592787970108347e-05
-9.258152470028118e-05
-9.552064588267584e-05
-6.441079030777036e-05
1.055873414008929e-04
1.854710800801420e-04
3.190076258402489e-04
6.665851408717523e-04
1.221941736815888e-03
2.063087542755426e-03
3.258250877279547e-03
4.988079405835496e-03
7.391391118933308e-03
1.073657995644864e-02
1.530936755059023e-02
2.148395036384849e-02
3.026407007887777e-02
4.338267186108229e-02
6.275963959898884e-02
9.112864898421648e-02
1.348047670919640e-01
2.052844912142738e-01
3.199162647596360e-01
4.902556805169550e-01
6.667204347074627e-01
7.982221904944854e-01
1.000000000000000e+00
1.000000000000000e+00
1.000000000000000e+00
1.000000000000000e+00
1.000000000000000e+00
1.000000000000000e+00
1.000000000000000e+00
1.000000000000000e+00
1.000000000000000e+00
1.000000000000000e+00
1.000000000000000e+00
###3.200000000000000e+00
-5.193300180377285e-07
-4.055375615323174e-08
7.025413385136608e-09
6.277362780069485e-08
8.866042842718360e-09
6.880812510426836e-08
5.600314431338547e-08
5.523948714584730e-08
7.367952391033810e-08
6.254738767748972e-08
3.012695481957123e-08
3.838473634288350e-08
5.429572825606282e-08
4.211934410546819e-08
6.383270401095094e-08
4.649029903374555e-08
7.072501851847304e-08
3.228663361390764e-08
6.843981060111711e-08
2.293111489501174e-08
7.616907751111051e-08
7.109583990007293e-08
7.578181575521358e-08
7.684666329120147e-08
8.346977747908908e-08
6.584111932984910e-08
6.959146782526836e-08
8.746886935729529e-08
9.011683441395035e-08
8.503773625432784e-08
9.206815706886321e-08
1.005695377645144e-07
1.521308314324686e-07
1.229288603704988e-07
1.311258483009263e-07
1.479346848769258e-07
1.694426676602155e-07
1.883845096155178e-07
2.255704781159866e-07
2.650689180334963e-07
3.057212165977787e-07
3.652113075209560e-07
4.377371981760954e-07
5.274206420206860e-07
6.211283539311413e-07
7.315299308551625e-07
8.906398089029328e-07
1.032865457587517e-06
1.186951190750183e-06
1.328358115273623e-06
1.432079114300986e-06
1.447694036404551e-06
1.413201458167016e-06
1.493692541428714e-06
1.159954284056900e-06
-9.111025108089144e-07
-3.845501380159962e-06
-8.223963822258309e-06
-1.520226607309344e-05
-2.430202520462477e-05
-3.821517632490905e-05
-5.642020329228300e-05
-7.952683523020084e-05
-1.046699729648295e-04
-1.268473992233139e-04
-1.290743129412962e-04
-7.580148299767003e-05
2.474190501921864e-04
3.223364356609279e-04
4.249546895801253e-04
8.495405059397356e-04
1.543459498607959e-03
2.589431720464057e-03
4.081931585037626e-03
6.207495252072167e-03
9.143031009013747e-03
1.317817047707677e-02
1.864573203844356e-02
2.594229037968563e-02
3.613089498841216e-02
5.112822852844172e-02
7.286003249523230e-02
1.038295696773526e-01
1.499807345078762e-01
2.212780930545907e-01
3.319765566988438e-01
4.894975480610523e-01
6.525006114417903e-01
7.846994936081600e-01
1.000000000000000e+00
1.000000000000000e+00
1.000000000000000e+00
1.000000000000000e+00
1.000000000000000e+00
1.000000000000000e+00
1.000000000000000e+00
1.000000000000000e+00
1.000000000000000e+00
1.000000000000000e+00
1.000000000000000e+00
###3.600000000000000e+00
-7.456462680558636e-07
5.408509698536254e-08
-3.946024455430879e-08
2.558856411849714e-08
6.658125819941562e-08
6.926975657542573e-08
6.450042772437930e-08
6.849722640356023e-08
8.961589982242262e-08
5.772111784027773e-08
3.286302567830810e-08
4.549603144367693e-08
3.170653318344801e-08
4.452474853734024e-08
5.302604245337405e-08
7.140038853842896e-08
6.655359264816182e-08
2.853930389360220e-08
7.482304598927847e-08
3.771048007157938e-08
8.249450711779183e-08
7.358231616392700e-08
1.441905407369449e-07
8.945225976143685e-08
8.158558048110137e-08
7.564640114971642e-08
8.105012470049261e-08
9.895869645697898e-08
1.043908438672742e-07
1.018696353044559e-07
1.104328820195721e-07
1.214319390551785e-07
1.669603075288807e-07
1.461429364258552e-07
1.533631177698147e-07
1.782924253829568e-07
2.136175116321116e-07
2.289583475606238e-07
2.847797885851074e-07
3.274685389070943e-07
3.925687131580113e-07
4.708287400636291e-07
5.668298705281050e-07
6.790484111464856e-07
8.111676106555221e-07
9.605691480578007e-07
1.163661384836083e-06
1.361570034284573e-06
1.567375733174003e-06
1.762930363165825e-06
1.934435588310494e-06
2.013342296474654e-06
2.038093269993186e-06
2.443601701381584e-06
2.408462132783508e-06
-6.666975716101922e-07
-4.415452494136246e-06
-9.906817619860452e-06
-1.854925064454859e-05
-3.004656582629260e-05
-4.725936191253892e-05
-6.958934920045759e-05
-9.735810644468394e-05
-1.264639671311269e-04
-1.486230516959734e-04
-1.374147640245444e-04
-2.597263490649987e-05
6.205999713038101e-04
6.483408755047787e-04
6.290046683907774e-04
1.119563593772913e-03
1.953996414262853e-03
3.220504055732148e-03
5.031791206786432e-03
7.578451695511184e-03
1.108400554846684e-02
1.585100810932415e-02
2.224846533863659e-02
3.068814696702726e-02
4.234874355183384e-02
5.918267248600147e-02
8.320972130303332e-02
1.166287253812482e-01
1.649988124500572e-01
2.370314486319453e-01
3.439001217927606e-01
4.903053545005437e-01
6.422957978903320e-01
7.738687747453372e-01
1.000000000000000e+00
1.000000000000000e+00
1.000000000000000e+00
1.000000000000000e+00
1.000000000000000e+00
1.000000000000000e+00
1.000000000000000e+00
1.000000000000000e+00
1.000000000000000e+00
1.000000000000000e+00
1.000000000000000e+00
###4.000000000000000e+00
-6.744130209846197e-07
1.486023192388877e-07
-5.629052325323508e-08
3.243940640359716e-08
5.397714813547561e-08
8.379766283862761e-08
4.176337315598755e-08
5.666465094214349e-08
1.038519393414482e-07
5.597967939174992e-08
2.285866327428141e-08
5.133224072137265e-08
3.378036999608356e-08
5.229455140988619e-08
7.063711640814111e-08
8.070847041272308e-08
6.434492982003616e-08
3.943736439999252e-08
8.706290634674873e-08
5.128112053085300e-08
9.071904460532849e-08
8.490950338940451e-08
1.489993654854583e-07
1.006874758342622e-07
8.936539963577579e-08
9.074657832153940e-08
9.822272099760716e-08
1.139420124388175e-07
1.176998017176113e-07
1.203367317487223e-07
1.295270619811805e-07
1.382110010387565e-07
1.915187152205512e-07
1.746457573258950e-07
1.883828092664870e-07
2.156132286800767e-07
2.623014404809018e-07
2.846025382325475e-07
3.464894246054698e-07
4.087298382035599e-07
4.874609361646585e-07
5.903832451772283e-07
7.076041176471976e-07
8.505309115523102e-07
1.010577314868264e-06
1.209454241053557e-06
1.456448580117340e-06
1.693166041394382e-06
1.974331407398362e-06
2.227689763835778e-06
2.460222377306954e-06
2.624104872977906e-06
2.744236448776167e-06
3.860689516115795e-06
4.065963018661091e-06
-3.413183022075168e-07
-5.319990691716766e-06
-1.225332262031234e-05
-2.297320577455103e-05
-3.749149197719240e-05
-5.886688237736492e-05
-8.645147905241582e-05
-1.204850684055333e-04
-1.558314349612214e-04
-1.806972310921666e-04
-1.592113516385152e-04
1.316388301626869e-05
7.407557543815417e-04
7.689209189859535e-04
7.855744510975763e-04
1.369703702344438e-03
2.370607325663877e-03
3.881358010910903e-03
6.031753466517688e-03
9.030711209756232e-03
1.312842502658310e-02
1.866488420549391e-02
2.601856832397953e-02
3.564093419456291e-02
4.876943344192405e-02
6.749511971563917e-02
9.367743369868227e-02
1.293964441202277e-01
1.797724997203610e-01
2.522920031376388e-01
3.557305644545793e-01
4.928878277774771e-01
6.350330214654332e-01
7.660627663215916e-01
1.000000000000000e+00
1.000000000000000e+00
1.000000000000000e+00
1.000000000000000e+00
1.000000000000000e+00
1.000000000000000e+00
1.000000000000000e+00
1.000000000000000e+00
1.000000000000000e+00
1.000000000000000e+00
1.000000000000000e+00
###4.399999999999999e+00
-6.930157176414782e-07
1.505145936771051e-07
-3.710973002761595e-08
5.583884986367032e-08
7.234271236617913e-08
1.495972320366148e-07
5.008991324370724e-08
8.686344158427421e-08
7.734197963070535e-08
5.238419439868934e-08
7.756931550200760e-08
6.094662607422606e-08
3.167690835173646e-08
6.746802392058038e-08
6.637278842266450e-08
8.757853114742358e-08
7.457841248029455e-08
5.175170476783085e-08
1.021855471572546e-07
6.803725071796884e-08
1.177958897902360e-07
9.077572915923865e-08
1.619073176731282e-07
1.158311874282504e-07
1.052286858291681e-07
1.046896210601081e-07
1.176877026191160e-07
1.119263031114820e-07
1.386755884748571e-07
1.404829955778521e-07
1.556559588545107e-07
1.596213179068176e-07
2.195649063617974e-07
2.005532609547995e-07
2.313521072117825e-07
2.516810036925746e-07
3.118880661577393e-07
3.481473440567054e-07
4.206357325894596e-07
4.983094594231570e-07
5.899729530374252e-07
7.033507447515924e-07
8.610340657628894e-07
1.040536088089201e-06
1.236939789430776e-06
1.482316743827981e-06
1.776433946363956e-06
2.045754762013539e-06
2.415726277078599e-06
2.752224302967656e-06
3.039712352173022e-06
3.321978708056217e-06
3.643162806316904e-06
5.765983289523155e-06
7.027762083573002e-06
2.472324501992621e-07
-6.185430748859591e-06
-1.487208674134899e-05
-2.806030440847174e-05
-4.613507989121496e-05
-7.222993094509216e-05
-1.060284115849214e-04
-1.473763015511100e-04
-1.906012938025107e-04
-2.199672302962581e-04
-1.912110696270338e-04
6.042853321733140e-05
7.138811845484013e-04
7.597725347180375e-04
9.045814718614748e-04
1.609749141370105e-03
2.792517164358003e-03
4.567977032488729e-03
7.079060899712896e-03
1.055420957869778e-02
1.526526680813432e-02
2.160004982398925e-02
2.992301957216972e-02
4.076006385290419e-02
5.536876099763383e-02
7.595277181167441e-02
1.042477379219779e-01
1.421655558582634e-01
1.942776232859742e-01
2.671180126352632e-01
3.674788010230682e-01
4.967814253326971e-01
6.304286701983630e-01
7.603777578927799e-01
1.000000000000000e+00
1.000000000000000e+00
1.000000000000000e+00
1.000000000000000e+00
1.000000000000000e+00
1.000000000000000e+00
1.000000000000000e+00
1.000000000000000e+00
1.000000000000000e+00
1.000000000000000e+00
1.000000000000000e+00
###4.800000000000000e+00
-7.262551996204221e-07
1.543259835979972e-07
-5.511571547446839e-09
7.645514658789083e-08
9.174101328085975e-08
1.491393968681034e-07
7.529843485159847e-08
1.123069117359179e-07
7.912763331715881e-08
5.762265229251861e-08
8.694881680713606e-08
4.243210359819149e-08
7.188685241544251e-08
7.195823091825765e-08
7.694156457837993e-08
9.106999176342620e-08
9.535973501943773e-08
3.884167334565729e-08
9.949967773268248e-08
9.070710256125672e-08
1.224739270349246e-07
1.165057777077428e-07
1.806497008241343e-07
1.384586048767804e-07
1.187077161591856e-07
1.257187912132717e-07
1.285956697939860e-07
1.319361801953450e-07
1.585361232918061e-07
1.702378034783507e-07
1.889453612135002e-07
1.969984957409902e-07
2.498902106759938e-07
2.466397657681576e-07
2.827232424811531e-07
3.056629773578371e-07
3.723230912701776e-07
4.198026489136543e-07
5.085831006656257e-07
6.025623947202093e-07
7.030908325930724e-07
8.476873115377762e-07
1.032849934708227e-06
1.247549793455520e-06
1.479257459784929e-06
1.776594623440535e-06
2.123171592599514e-06
2.457640401350818e-06
2.868089228048948e-06
3.274137810080389e-06
3.623266662030235e-06
3.960448887056421e-06
4.301220361557432e-06
6.081125637861159e-06
7.325647228959609e-06
1.158417059344148e-06
-6.696136112391118e-06
-1.674749686422402e-05
-3.199360958493215e-05
-5.275100630434584e-05
-8.229532890473749e-05
-1.205546433299892e-04
-1.663725041820263e-04
-2.125144906396649e-04
-2.354824480917891e-04
-1.717844776741797e-04
3.059663643338458e-04
8.807004920503179e-04
8.447628108184585e-04
1.097056758222477e-03
1.922483001456430e-03
3.299456492755355e-03
5.349572942983334e-03
8.232686811965947e-03
1.219464967942183e-02
1.755159455863121e-02
2.470056032340390e-02
3.402144212422275e-02
4.608088936095471e-02
6.218512108325979e-02
8.451492740815078e-02
1.148500492275957e-01
1.548533055664085e-01
2.085985516295185e-01
2.816784782343658e-01
3.792626749006341e-01
5.015332218300702e-01
6.282446981876544e-01
7.566546168558996e-01
1.000000000000000e+00
1.000000000000000e+00
1.000000000000000e+00
1.000000000000000e+00
1.000000000000000e+00
1.000000000000000e+00
1.000000000000000e+00
1.000000000000000e+00
1.000000000000000e+00
1.000000000000000e+00
1.000000000000000e+00
###5.200000000000000e+00
-6.916380507267834e-07
1.716550401719128e-07
6.077329145109931e-09
1.102176108968257e-07
1.368667688191565e-07
1.516307574609262e-07
6.379099097560164e-08
1.321998020948485e-07
1.038713575093228e-07
7.509653324581955e-08
1.022822275640067e-07
3.992669341193567e-08
8.162741512568020e-08
7.490163759781837e-08
8.836088222783034e-08
1.024175712368248e-07
1.130599186402975e-07
5.986403370981595e-08
1.104652358881847e-07
1.011377039352112e-07
1.310485008698515e-07
1.333664926757124e-07
1.896743926382631e-07
1.546028940309036e-07
1.364846572415217e-07
1.427928338267007e-07
1.450926784540875e-07
1.517039284760432e-07
1.810749874570565e-07
1.921134152970947e-07
2.186193098873900e-07
2.290713642842514e-07
2.811207997755812e-07
2.881363585501567e-07
3.255522994094850e-07
3.611492064546843e-07
4.388981956543362e-07
4.996646221340201e-07
5.910953934402634e-07
7.164114757047480e-07
8.393493275891521e-07
1.013107738443875e-06
1.235364141786237e-06
1.492907519124951e-06
1.782952368942177e-06
2.145604840439081e-06
2.571602582439119e-06
3.010353761098988e-06
3.531052116423536e-06
4.086364871439736e-06
4.630155466183104e-06
5.178576030213235e-06
5.828939818449118e-06
7.770072688438603e-06
1.020892254470922e-05
6.065619301636065e-06
-3.590425504328947e-06
-1.397407194543758e-05
-2.943164249294311e-05
-5.012675233712759e-05
-7.909507897720203e-05
-1.150379587124037e-04
-1.546639217366068e-04
-1.845776700110638e-04
-1.651337204757654e-04
2.692323192159741e-05
1.233042038540716e-03
1.614796802624069e-03
1.200750354535427e-03
1.496447846776386e-03
2.422262416439900e-03
3.988336070519607e-03
6.313693669060511e-03
9.581443272709215e-03
1.404855540268100e-02
2.007189583777297e-02
2.803939957252861e-02
3.836714655363088e-02
5.166172712870058e-02
6.925441587344251e-02
9.331594354876144e-02
1.256266594739837e-01
1.675426722191955e-01
2.227954537049578e-01
2.959946800818993e-01
3.910601879330498e-01
5.072846256622290e-01
6.276402712614672e-01
7.539207610817877e-01
1.000000000000000e+00
1.000000000000000e+00
1.000000000000000e+00
1.000000000000000e+00
1.000000000000000e+00
1.000000000000000e+00
1.000000000000000e+00
1.000000000000000e+00
1.000000000000000e+00
1.000000000000000e+00
1.000000000000000e+00
###5.600000000000001e+00
-8.024355623622746e-07
1.961674799533403e-07
-8.826875103776886e-08
1.138667125776179e-07
1.262956570861378e-07
1.520177928990082e-07
7.269533756075617e-08
1.447547733857478e-07
7.665087964934299e-08
9.787913093112142e-08
1.066397968194520e-07
1.157497845341828e-07
1.679120763171602e-08
1.642868859871483e-07
1.184442040910624e-07
1.228438461183280e-07
1.428584244505214e-07
8.129243969251859e-08
1.238634754476155e-07
1.094957596120333e-07
1.491768955123074e-07
1.697242517503551e-07
2.070974462100942e-07
1.746885444735718e-07
1.624078205669678e-07
1.665689574929996e-07
1.720233355821055e-07
1.807136938215281e-07
2.096938218450652e-07
2.255942882950609e-07
2.505059773970475e-07
2.711914696979311e-07
3.166259174990048e-07
3.396079817382986e-07
3.794877811123949e-07
4.282888427752443e-07
5.118372487366656e-07
5.862573071111271e-07
6.957192973663823e-07
8.342438664749279e-07
9.857972180870163e-07
1.191155889286259e-06
1.444857119106069e-06
1.746903753283834e-06
2.094939265054176e-06
2.523168212268281e-06
3.026915714081423e-06
3.565891524465755e-06
4.198510322019662e-06
4.891384236594511e-06
5.606616836592812e-06
6.379711797683182e-06
7.374232737621092e-06
9.712592796252122e-06
1.491397337693727e-05
1.415010490017537e-05
-2.285784175547676e-07
-1.218804590349161e-05
-2.894053617315198e-05
-5.096177658657197e-05
-8.130098923408358e-05
-1.176435130939477e-04
-1.545492107407218e-04
-1.720370639726202e-04
-1.105473085067568e-04
3.304283607815707e-04
1.389529389619055e-03
1.599768496620769e-03
1.353568338227894e-03
1.761038199383060e-03
2.837140261036904e-03
4.617120920404929e-03
7.244295332377566e-03
1.091376306783616e-02
1.590502844588177e-02
2.260095381299171e-02
3.141166490580975e-02
4.277539120010234e-02
5.728925246507084e-02
7.634644962616274e-02
1.021232066199924e-01
1.363359841773061e-01
1.800612214989438e-01
2.366025756093646e-01
3.098754316741444e-01
4.026620435620643e-01
5.136002362664669e-01
6.282955131692557e-01
7.527317612918336e-01
1.000000000000000e+00
1.000000000000000e+00
1.000000000000000e+00
1.000000000000000e+00
1.000000000000000e+00
1.000000000000000e+00
1.000000000000000e+00
1.000000000000000e+00
1.000000000000000e+00
1.000000000000000e+00
1.000000000000000e+00
###6.000000000000001e+00
-7.718854896618503e-07
2.359499956242180e-07
-1.748736076699761e-07
1.895916424733296e-07
1.625411739248977e-07
1.439559393326923e-07
5.835024674572155e-08
1.388275142449517e-07
1.297833400440252e-07
6.991931361346373e-08
1.119831569728284e-07
1.275191039595152e-07
5.628452108510088e-08
1.871212134463069e-07
1.445423008084415e-07
1.361341615417545e-07
1.450078533506323e-07
1.062283561280637e-07
1.456318018000022e-07
1.327333590060364e-07
1.764550611160020e-07
2.082882745208886e-07
2.323548789352340e-07
2.031305481700991e-07
2.079180986103199e-07
1.965903796226891e-07
2.006071545675249e-07
2.192762228042774e-07
2.442086244191528e-07
2.634857812123875e-07
2.940336957865834e-07
3.174392298834327e-07
3.625304961258306e-07
3.969056228100018e-07
4.433554740328462e-07
5.011440730992760e-07
5.910307480506188e-07
6.829012455344790e-07
8.124278955372757e-07
9.687077041459882e-07
1.146165008141958e-06
1.385436154361192e-06
1.676361090967520e-06
2.020015387118592e-06
2.437911843414748e-06
2.936484016751453e-06
3.521147344007614e-06
4.170740033980552e-06
4.926587434547767e-06
5.769879560362505e-06
6.670109328228409e-06
7.665287080128797e-06
8.927545684413143e-06
1.152837052245984e-05
1.675335888236259e-05
1.803044214141324e-05
6.233454812823287e-06
-7.882399384796741e-06
-2.492806308173104e-05
-4.650467081305429e-05
-7.519642185598866e-05
-1.072033709185336e-04
-1.335202336161206e-04
-1.229203524983698e-04
2.187102695008744e-05
8.460279774715878e-04
1.733551579403516e-03
1.716038964439295e-03
1.594734424092548e-03
2.111960523105888e-03
3.344034752854282e-03
5.345873419309363e-03
8.282487398582629e-03
1.236784097454787e-02
1.789377035577899e-02
2.528066667513407e-02
3.494816640174214e-02
4.735015139142708e-02
6.310091594169778e-02
8.358002618717704e-02
1.110323714857049e-01
1.470592957771381e-01
1.924231705129033e-01
2.501725863016681e-01
3.235159050373064e-01
4.142008086779484e-01
5.205162282823860e-01
6.302509581223560e-01
7.522822583345447e-01
1.000000000000000e+00
1.000000000000000e+00
1.000000000000000e+00
1.000000000000000e+00
1.000000000000000e+00
1.000000000000000e+00
1.000000000000000e+00
1.000000000000000e+00
1.000000000000000e+00
1.000000000000000e+00
1.000000000000000e+00
###6.400000000000001e+00
-7.783474555090186e-07
2.221613926527895e-07
-1.980453045461644e-07
2.213389893400900e-07
2.024276099546528e-07
1.586871927243215e-07
6.409873519700212e-08
1.645310148811633e-07
1.530740405315773e-07
7.473941017058215e-08
1.325160317525190e-07
1.885600113468926e-07
7.731353423336687e-08
2.023567152885721e-07
1.941828509329808e-07
1.633502182957536e-07
1.773009132760261e-07
1.243545896101676e-07
1.640391578008717e-07
1.730226552495780e-07
2.006436167083701e-07
2.375762683089890e-07
2.591617779428972e-07
2.376029249648165e-07
2.417932436779120e-07
2.375835329412774e-07
2.448331255845145e-07
2.600794950682497e-07
2.832436537619318e-07
3.107562220050434e-07
3.477185580890054e-07
3.743006158103914e-07
4.209770535636650e-07
4.617022488187659e-07
5.132572411004709e-07
5.836755063506331e-07
6.873065819921963e-07
7.898949572011236e-07
9.364897111456565e-07
1.114276047903390e-06
1.321373172794211e-06
1.592151980474754e-06
1.922042226743883e-06
2.320486859126806e-06
2.798983281806450e-06
3.371051612938602e-06
4.043342287382183e-06
4.806324009002669e-06
5.691189231130151e-06
6.712700128651486e-06
7.800247293898044e-06
9.054731884823525e-06
1.061662657389522e-05
1.367448567649859e-05
1.923183427731125e-05
2.514979709281719e-05
1.907453102828147e-05
-1.930961049700700e-06
-2.059715378112555e-05
-4.198225793472581e-05
-7.058558807340973e-05
-9.927783017580857e-05
-1.148813061463506e-04
-7.128191098019362e-05
2.542540739028590e-04
9.906408999232250e-04
1.680491815982964e-03
1.756970528548723e-03
1.773870992352468e-03
2.431439812029955e-03
3.834983919954656e-03
6.075081552215712e-03
9.337815828596191e-03
1.384904042759611e-02
1.992848467573847e-02
2.800368737168332e-02
3.854486575071939e-02
5.199225489255605e-02
6.898404497677003e-02
9.091383083215393e-02
1.199647513486967e-01
1.576927888333405e-01
2.046213697040432e-01
2.635612371965084e-01
3.367811453380442e-01
4.256323250812713e-01
5.277894860730076e-01
6.328806929951333e-01
7.527924890705985e-01
1.000000000000000e+00
1.000000000000000e+00
1.000000000000000e+00
1.000000000000000e+00
1.000000000000000e+00
1.000000000000000e+00
1.000000000000000e+00
1.000000000000000e+00
1.000000000000000e+00
1.000000000000000e+00
1.000000000000000e+00
###6.800000000000002e+00
-7.220210985823854e-07
2.129562694359922e-07
-6.226841664507771e-08
2.099931085825079e-07
2.062708195362326e-07
1.866066484263842e-07
8.251719486475616e-08
2.402879308991018e-07
1.720629804075669e-07
5.133832102306358e-08
1.757488646578238e-07
2.249197086271431e-07
1.351478626301427e-07
2.359707287697566e-07
2.213469906381435e-07
1.892711732666552e-07
2.021607850771128e-07
1.551734454900744e-07
1.930440366979695e-07
1.999114422534522e-07
2.362446660589813e-07
2.647809557832902e-07
2.909153946453454e-07
2.713316680302431e-07
2.815438359092951e-07
2.855310659318572e-07
2.942671432976051e-07
3.090066817748139e-07
3.363495394969774e-07
3.626548667462145e-07
4.149234855830144e-07
4.362703233593710e-07
4.833612400368793e-07
5.327273301038596e-07
5.925575229112131e-07
6.771311476242162e-07
7.926602229302293e-07
9.106970385210675e-07
1.073112088886710e-06
1.266533198755753e-06
1.511157323025677e-06
1.821297403111446e-06
2.189970391170695e-06
2.641933410120611e-06
3.197443557967898e-06
3.827165938211658e-06
4.605386738827757e-06
5.480493468025025e-06
6.506745270257570e-06
7.703231072720898e-06
8.992351865678263e-06
1.052394360087472e-05
1.243342561123045e-05
1.580864323603149e-05
2.168512603594710e-05
2.909837157636145e-05
2.780635025780190e-05
8.235416146894152e-06
-1.372264462269311e-05
-3.474903786091088e-05
-6.095378335308587e-05
-8.327203281369450e-05
-8.280723156388048e-05
1.140881104978659e-05
5.067172141537372e-04
1.153991404624793e-03
1.686468268475154e-03
1.839409219316376e-03
1.993442866451591e-03
2.794862855154230e-03
4.378630190840150e-03
6.868875474198574e-03
1.046410160058986e-02
1.541411245442895e-02
2.205992516806502e-02
3.084250583413837e-02
4.226021614164834e-02
5.674956038753361e-02
7.498071047554515e-02
9.831860712953658e-02
1.289383972387683e-01
1.682829236804245e-01
2.167230787975515e-01
2.767154513006593e-01
3.499020318762454e-01
4.370326487322616e-01
5.352875747734722e-01
6.362635746724568e-01
7.537993411854417e-01
1.000000000000000e+00
1.000000000000000e+00
1.000000000000000e+00
1.000000000000000e+00
1.000000000000000e+00
1.000000000000000e+00
1.000000000000000e+00
1.000000000000000e+00
1.000000000000000e+00
1.000000000000000e+00
1.000000000000000e+00
###7.200000000000002e+00
-8.375909419028752e-07
4.046491753026225e-07
-8.550530849248447e-08
2.214497793266733e-07
5.154536069637269e-07
2.526809343999587e-07
1.157813047738638e-07
2.942864162475139e-07
2.229419747755109e-07
1.040048937251905e-07
1.999049761078428e-07
2.508487001995750e-07
1.688807982283082e-07
2.728592758250079e-07
2.552761527319393e-07
2.219900696745687e-07
2.381892396340806e-07
1.936946546617094e-07
2.299671998479815e-07
2.464451724626499e-07
2.757961959503587e-07
3.040796934269573e-07
4.578859144903520e-07
3.160100492589558e-07
3.285902964199552e-07
3.332913171185683e-07
3.446380930188820e-07
3.668621304559690e-07
3.918220045585029e-07
4.253965845227895e-07
4.797515789897295e-07
5.145279720924027e-07
5.633492900466206e-07
6.204032687776855e-07
6.881271390361013e-07
7.834386276284311e-07
9.115812818947711e-07
1.048996599787753e-06
1.227310224998897e-06
1.450319254253255e-06
1.718696869230211e-06
2.060061318776057e-06
2.487197273213857e-06
2.989875056160997e-06
3.611529904635912e-06
4.323421815554158e-06
5.205631200890675e-06
6.208075060564881e-06
7.385259775601058e-06
8.768273840998689e-06
1.028767954131876e-05
1.210487279004805e-05
1.440694362028505e-05
1.820065504074523e-05
2.458786848429453e-05
3.260862968715305e-05
3.899569812341410e-05
2.544061268526952e-05
-3.270944763156942e-06
-2.519322720026297e-05
-4.912728621757176e-05
-6.428087506413090e-05
-4.239664151939570e-05
1.607339388846805e-04
6.134513288084918e-04
1.150030358249240e-03
1.679401680576201e-03
1.911164816235984e-03
2.214752900709529e-03
3.168208550673339e-03
4.946680095259445e-03
7.697750379510975e-03
1.163656666547144e-02
1.703646111963877e-02
2.425728946408179e-02
3.376163953777747e-02
4.606369060716960e-02
6.159894117644145e-02
8.106278558267145e-02
1.057953942675306e-01
1.379510997907186e-01
1.788391807097920e-01
2.286991655278321e-01
2.896485374796961e-01
3.627153758850124e-01
4.482402319386048e-01
5.431177463571222e-01
6.401581446848187e-01
7.555608907390047e-01
1.000000000000000e+00
1.000000000000000e+00
1.000000000000000e+00
1.000000000000000e+00
1.000000000000000e+00
1.000000000000000e+00
1.000000000000000e+00
1.000000000000000e+00
1.000000000000000e+00
1.000000000000000e+00
1.000000000000000e+00
###7.600000000000002e+00
-7.956140531119403e-07
2.526461973135919e-07
-3.821847433075357e-08
2.539196382170565e-07
4.536143260858439e-07
2.715692382934745e-07
1.233335408092068e-07
3.300385565644322e-07
1.835869988272310e-07
1.285702226138230e-07
2.360698554656846e-07
2.748240585772560e-07
2.257271500905991e-07
3.046680209345215e-07
2.877110780569505e-07
2.528268658833164e-07
2.771568577773596e-07
2.316537911111216e-07
2.778928555202413e-07
2.964027772057588e-07
3.221402617702631e-07
3.264607452836787e-07
4.933738955407438e-07
3.735703996858428e-07
3.766269577090208e-07
3.758389865264937e-07
4.082686827773072e-07
4.317891825244504e-07
4.744149050163563e-07
4.973447594548851e-07
5.550677328290126e-07
5.975855059661966e-07
6.464654774746191e-07
7.179658665363828e-07
7.913267171213512e-07
8.997835240229438e-07
1.041779581931459e-06
1.199800589691755e-06
1.398097348897092e-06
1.648817540537289e-06
1.931557014578482e-06
2.327140040686848e-06
2.802538475599329e-06
3.367183352206270e-06
4.046540072841807e-06
4.854053863586439e-06
5.835970620234087e-06
6.975247849285678e-06
8.314051547374237e-06
9.877052554041360e-06
1.162494826454027e-05
1.373146683232002e-05
1.639578760440984e-05
2.054343156186752e-05
2.715853227987285e-05
3.556822063415156e-05
4.283410393171331e-05
3.536142109573039e-05
1.233058766801773e-05
-1.121494866307764e-05
-2.966754204380321e-05
-3.058768818426440e-05
4.004501657219370e-05
3.489766221282919e-04
7.439854502207957e-04
1.189839082284270e-03
1.712559902309682e-03
2.024545961302862e-03
2.476781756996455e-03
3.590393296656910e-03
5.569751935097535e-03
8.589088945962093e-03
1.288536491572328e-02
1.874399337655401e-02
2.654755412312617e-02
3.677632251837058e-02
4.996726284043078e-02
6.657473644427542e-02
8.724442321884815e-02
1.133518787588189e-01
1.470009353897017e-01
1.894078075984368e-01
2.405829704981103e-01
3.023024521566139e-01
3.753486821905806e-01
4.594565151847330e-01
5.513597395479335e-01
6.445045843032610e-01
7.575617332142208e-01
1.000000000000000e+00
1.000000000000000e+00
1.000000000000000e+00
1.000000000000000e+00
1.000000000000000e+00
1.000000000000000e+00
1.000000000000000e+00
1.000000000000000e+00
1.000000000000000e+00
1.000000000000000e+00
1.000000000000000e+00
###8.000000000000002e+00
-7.599624153622140e-07
1.001559309961240e-06
5.423389464600678e-08
2.912684901322353e-07
4.659794704637634e-07
3.065837857205744e-07
2.128099940466823e-09
3.577791688255554e-07
2.479321488423202e-07
1.112972785365714e-07
3.371099324413063e-07
3.376856410234383e-07
2.951304272485071e-07
4.624226918714991e-07
3.061789630759179e-07
3.252982112141820e-07
3.567860656343123e-07
3.110764172250556e-07
3.554259678120783e-07
3.852331008578702e-07
4.018086450949233e-07
4.133480361227249e-07
5.609631980097288e-07
4.649255516741224e-07
4.671809100140967e-07
4.721351003610233e-07
5.058541647808138e-07
5.316536894440048e-07
5.755028352278186e-07
6.083088205682321e-07
6.713699400726181e-07
7.199750042333595e-07
7.770554626010108e-07
8.569195898671689e-07
9.477701838216661e-07
1.063804018764752e-06
1.215964878159532e-06
1.396486436823626e-06
1.619912654311803e-06
1.898662225406488e-06
2.215337898035707e-06
2.651112057302805e-06
3.171829130439527e-06
3.798726698348527e-06
4.559991542287594e-06
5.448939293939997e-06
6.549392478871919e-06
7.824085558654467e-06
9.341138602747871e-06
1.111376421270772e-05
1.312624699536343e-05
1.555183778369099e-05
1.848790842536342e-05
2.317111466264486e-05
3.025042461950340e-05
3.919609947797853e-05
4.761447556044360e-05
4.734417386184664e-05
3.676887097209323e-05
1.400446642059526e-05
-4.256952761564876e-06
1.689420236637879e-05
1.396242662206172e-04
4.209717300342022e-04
7.718305521710431e-04
1.215759505638898e-03
1.748132794884166e-03
2.154400750963464e-03
2.753792828833054e-03
4.034259877908002e-03
6.225647593867173e-03
9.524516510168871e-03
1.418301918442939e-02
2.051694920236509e-02
2.891616126875286e-02
3.987729058129841e-02
5.396622971140954e-02
7.162960782328064e-02
9.353802559204726e-02
1.209801559311694e-01
1.561068904308647e-01
1.998982060913311e-01
2.523390471362853e-01
3.147968132599404e-01
3.877142185974466e-01
4.704777873626874e-01
5.595720384428953e-01
6.493245024195844e-01
7.597931447723106e-01
1.000000000000000e+00
1.000000000000000e+00
1.000000000000000e+00
1.000000000000000e+00
1.000000000000000e+00
1.000000000000000e+00
1.000000000000000e+00
1.000000000000000e+00
1.000000000000000e+00
1.000000000000000e+00
1.000000000000000e+00
###8.400000000000002e+00
-7.699449036468040e-07
9.909830302227444e-07
5.988765324103486e-08
2.307517524949189e-07
5.023361848349831e-07
3.224063177119452e-07
2.334647134210668e-08
3.294300324466794e-07
2.643474721382546e-07
1.475262528864196e-07
3.085025401978372e-07
3.607447036282900e-07
3.490656063200298e-07
4.921789634140649e-07
3.529799097725767e-07
3.695374160588596e-07
3.971015404408022e-07
3.537102341590865e-07
3.983033100826421e-07
4.389936757667479e-07
4.467946700578999e-07
4.635667199009873e-07
5.930874553477352e-07
5.209037942328544e-07
5.250280199328189e-07
5.362141140885831e-07
5.705138929725600e-07
6.052950671716294e-07
6.526244880028475e-07
6.916309406842912e-07
7.551830197143812e-07
8.088988741016331e-07
8.768470943809875e-07
9.688255687331785e-07
1.067886708518280e-06
1.198765652862695e-06
1.365387947134349e-06
1.567274930661267e-06
1.814609770295294e-06
2.119899904496740e-06
2.471566975891823e-06
2.943808127079547e-06
3.512379841513288e-06
4.197506509407650e-06
5.016815711725554e-06
5.992770418584823e-06
7.204293340021863e-06
8.605156757044690e-06
1.026840851424245e-05
1.221219034132427e-05
1.445268455816231e-05
1.713862910743654e-05
2.038642710940036e-05
2.534852982498627e-05
3.260289870240441e-05
4.160230011557930e-05
5.028682317259495e-05
5.231910007955836e-05
4.611564866003258e-05
2.774991684982819e-05
1.500556936200265e-05
4.664983995277410e-05
1.811679026596295e-04
4.500803305127851e-04
7.933669054281486e-04
1.244315156091752e-03
1.800132395346891e-03
2.302435322246511e-03
3.052926246500905e-03
4.507888297509294e-03
6.919261516259066e-03
1.050886896797052e-02
1.554598886062887e-02
2.236028067393259e-02
3.136961392431676e-02
4.307334896575807e-02
5.804599403141601e-02
7.677161757948819e-02
9.987153904595183e-02
1.286835248557200e-01
1.652337929928582e-01
2.104003010980735e-01
2.639801131019193e-01
3.271455737492013e-01
3.999125626073045e-01
4.814207490331500e-01
5.680603867807561e-01
6.545161339448761e-01
7.623246651518348e-01
1.000000000000000e+00
1.000000000000000e+00
1.000000000000000e+00
1.000000000000000e+00
1.000000000000000e+00
1.000000000000000e+00
1.000000000000000e+00
1.000000000000000e+00
1.000000000000000e+00
1.000000000000000e+00
1.000000000000000e+00
###8.800000000000002e+00
-8.641458311596088e-07
1.148745725248993e-06
4.540837576846667e-08
2.250135142503381e-07
4.906170180505051e-07
3.227174667228124e-07
4.287681497384605e-08
3.615727553207427e-07
2.725996937817011e-07
1.689121773083533e-07
3.250220399700724e-07
3.625659372211862e-07
3.705789225748738e-07
5.052620085217103e-07
3.923618077807482e-07
3.983740356942758e-07
4.302776783620150e-07
3.888452873340602e-07
4.350860781321023e-07
4.711015526678681e-07
4.823198203705275e-07
5.064993305380953e-07
6.299550356049142e-07
5.692351978636058e-07
5.786140799828482e-07
5.955142322851602e-07
6.309061788211769e-07
6.707731098167136e-07
7.227068036361895e-07
7.694608616819059e-07
8.368585517349074e-07
8.919411408957385e-07
9.769489045925568e-07
1.076135840351916e-06
1.189896553091848e-06
1.331035934862125e-06
1.518488253951691e-06
1.739267374062323e-06
2.006143746250600e-06
2.341787612859079e-06
2.729668860681279e-06
3.239403682849031e-06
3.854684352455703e-06
4.603648677856219e-06
5.489358572326363e-06
6.556034262440726e-06
7.865991493256309e-06
9.399566126087189e-06
1.120425557682237e-05
1.331979075843076e-05
1.576954551628447e-05
1.871642838479383e-05
2.229193486809295e-05
2.750589897136075e-05
3.488763817515730e-05
4.400744593758973e-05
5.281557260241642e-05
5.604240092865524e-05
5.410155780056118e-05
3.936198229613903e-05
3.311693284120128e-05
7.150843643445312e-05
2.084614280917100e-04
4.742349583227664e-04
8.224178007139140e-04
1.288010322372580e-03
1.876412653981064e-03
2.478176014894438e-03
3.381360654975901e-03
5.018873106127049e-03
7.660664066970742e-03
1.155228854312458e-02
1.697283688996426e-02
2.427945750410240e-02
3.390645114945327e-02
4.636063575918618e-02
6.222371956886511e-02
8.200609605795921e-02
1.063065801889734e-01
1.364502927735209e-01
1.743815400406037e-01
2.208525299378878e-01
2.755116592900903e-01
3.393425641401710e-01
4.120244755930421e-01
4.922171850754311e-01
5.765080012597090e-01
6.599577125803587e-01
7.649812663550927e-01
1.000000000000000e+00
1.000000000000000e+00
1.000000000000000e+00
1.000000000000000e+00
1.000000000000000e+00
1.000000000000000e+00
1.000000000000000e+00
1.000000000000000e+00
1.000000000000000e+00
1.000000000000000e+00
1.000000000000000e+00
###9.200000000000003e+00
-8.822273604917264e-07
1.201621000665025e-06
3.924331638933237e-08
2.490394012373931e-07
5.262309305868319e-07
3.410822082102767e-07
7.183765946725374e-08
3.697058983742729e-07
2.908691069987059e-07
1.868780478693334e-07
3.428403518837659e-07
3.821822178810119e-07
3.939521226542083e-07
5.529556873839246e-07
4.223908786982258e-07
4.305417187294078e-07
4.661302155467675e-07
4.255685171246353e-07
4.719627256775233e-07
5.167328996649393e-07
5.243714499002029e-07
5.537113126772440e-07
6.710338146537499e-07
6.214047161939619e-07
6.361426780817366e-07
6.581246069911533e-07
6.971908608219659e-07
7.397825183718154e-07
7.984067324369445e-07
8.503093680784657e-07
9.271641335783565e-07
9.887395477429736e-07
1.081951258144949e-06
1.193075738532850e-06
1.321249262210072e-06
1.476987985211939e-06
1.682781898731316e-06
1.921515660012859e-06
2.213647557202751e-06
2.580658880371109e-06
3.009831267314678e-06
3.561543972001616e-06
4.245102126530789e-06
5.034577586444992e-06
5.996098563564964e-06
7.157327023794268e-06
8.569438425271214e-06
1.023980891950572e-05
1.219591409222603e-05
1.452653910521759e-05
1.719817163999786e-05
2.042495948427829e-05
2.437645802095641e-05
2.990929785766682e-05
3.758076416030215e-05
4.699330889796878e-05
5.629789058715829e-05
6.154146170787903e-05
6.191531927701012e-05
5.240719744281907e-05
5.385358053662837e-05
1.001882733644843e-04
2.417856994133856e-04
5.080921046293862e-04
8.664511921726027e-04
1.352106722121872e-03
1.981652489467746e-03
2.686372712740062e-03
3.744615958047824e-03
5.572961070448958e-03
8.452276087146923e-03
1.265171220397553e-02
1.847495488127299e-02
2.628330628078750e-02
3.653707502763551e-02
4.974841918512873e-02
6.652503176413832e-02
8.735965164321889e-02
1.128578508543626e-01
1.442999771330996e-01
1.835558820582644e-01
2.312930875856939e-01
2.870014476394796e-01
3.514123892097850e-01
4.239317917474662e-01
5.029639810137715e-01
5.849938791683763e-01
6.653087196986613e-01
7.676508130820922e-01
1.000000000000000e+00
1.000000000000000e+00
1.000000000000000e+00
1.000000000000000e+00
1.000000000000000e+00
1.000000000000000e+00
1.000000000000000e+00
1.000000000000000e+00
1.000000000000000e+00
1.000000000000000e+00
1.000000000000000e+00
###9.600000000000003e+00
-8.818180946451540e-07
1.361640044499583e-06
5.726126213905429e-08
2.590320725477564e-07
5.573359218942072e-07
4.206001726752007e-07
5.049764381723037e-08
3.898574530927091e-07
4.082423303302477e-07
2.841920081833462e-07
3.642352356212020e-07
4.118592298761788e-07
4.204342343870013e-07
5.726090955888563e-07
4.528047158360883e-07
4.639368090263539e-07
5.071333348313154e-07
4.551997820470911e-07
5.138693646719367e-07
5.286568867297458e-07
5.717619409322864e-07
6.049842378473323e-07
7.177524271057761e-07
6.804080262331395e-07
6.984226794275829e-07
7.407911106505969e-07
7.689129969856522e-07
8.151983504053694e-07
8.824763344081927e-07
9.410084020378550e-07
1.022096448305925e-06
1.096533347561151e-06
1.196979974734912e-06
1.320956827309193e-06
1.460737602562382e-06
1.636914098675329e-06
1.860043166269262e-06
2.118400528479965e-06
2.439677739858111e-06
2.839113639795635e-06
3.307203468645608e-06
3.903402559913783e-06
4.632381144516945e-06
5.501648153306173e-06
6.541517765669377e-06
7.798236955181316e-06
9.324023757818545e-06
1.114117399708791e-05
1.327228354616956e-05
1.580439425500181e-05
1.875847702135529e-05
2.229644492314828e-05
2.668556164716715e-05
3.262358233367434e-05
4.073350095540748e-05
5.060548700522021e-05
6.076346632204541e-05
6.776303303890556e-05
7.137660185283913e-05
6.788423293347567e-05
7.766084714156040e-05
1.330380696863426e-04
2.816729657359048e-04
5.525007985372302e-04
9.254201562195084e-04
1.437801576470690e-03
2.115324556225365e-03
2.927430811975507e-03
4.144711312518452e-03
6.170710087650317e-03
9.300121761473724e-03
1.381826634503078e-02
2.004958139630400e-02
2.836979103019046e-02
3.926374905027390e-02
5.324365260488698e-02
7.092085835821328e-02
9.281329045769875e-02
1.195087537886516e-01
1.522423555584878e-01
1.928026634650674e-01
2.417363475440907e-01
2.984277134935016e-01
3.633624260767971e-01
4.356896022983020e-01
5.135537948667878e-01
5.935554847771621e-01
6.709647611487616e-01
7.707619677968783e-01
1.000000000000000e+00
1.000000000000000e+00
1.000000000000000e+00
1.000000000000000e+00
1.000000000000000e+00
1.000000000000000e+00
1.000000000000000e+00
1.000000000000000e+00
1.000000000000000e+00
1.000000000000000e+00
1.000000000000000e+00
###1.000000000000000e+01
-9.605564958429471e-07
1.365441640818599e-06
7.599870446569172e-08
2.286841781261844e-07
5.997147043272887e-07
4.200543966272769e-07
7.195139752800323e-08
4.122075443840642e-07
4.282400834969935e-07
3.106238947663436e-07
3.784673880890884e-07
4.381634032661061e-07
4.433691443354335e-07
5.919030464414585e-07
4.869808468711687e-07
5.597477654452747e-07
5.442519350246660e-07
5.006987085255245e-07
5.691308030086868e-07
5.771399123027878e-07
6.225619108912582e-07
6.576392986491299e-07
7.684967030691487e-07
7.405266277916149e-07
7.653472916664166e-07
8.138465215917772e-07
8.458106325785621e-07
8.987785490450932e-07
9.690099481939655e-07
1.027351953557877e-06
1.126166180730621e-06
1.211781868746536e-06
1.323553725567129e-06
1.458055990065844e-06
1.613102037289797e-06
1.806763343828669e-06
2.049112512262645e-06
2.332692179642170e-06
2.687081504840256e-06
3.121212903335413e-06
3.622727424651943e-06
4.271764533295180e-06
5.053679354377747e-06
5.993357954210393e-06
7.119256506125328e-06
8.480805534090405e-06
1.013201641614691e-05
1.210245967050557e-05
1.441845839952381e-05
1.719130549890032e-05
2.043735453587623e-05
2.435530157972710e-05
2.922069652631749e-05
3.567690785183887e-05
4.435333926607154e-05
5.494276401280487e-05
6.625311547479118e-05
7.547239300223747e-05
8.266967000138240e-05
8.594291871975670e-05
1.049288409509596e-04
1.708163149603715e-04
3.288488449796103e-04
6.085635442458984e-04
1.000540656790154e-03
1.545582153581437e-03
2.279806812699339e-03
3.204395338205069e-03
4.584382900419045e-03
6.814783666176485e-03
1.020272159476920e-02
1.505259181803882e-02
2.169893389783667e-02
3.054666064183740e-02
4.208482139098639e-02
5.684686590345470e-02
7.543439935743068e-02
9.837083729045797e-02
1.262644604919448e-01
1.602673805370075e-01
2.020893960632760e-01
2.521696976114385e-01
3.098026811442517e-01
3.752300883225178e-01
4.473116178644497e-01
5.240808797312656e-01
6.021129099035920e-01
6.766796931163634e-01
7.740411661981643e-01
1.000000000000000e+00
1.000000000000000e+00
1.000000000000000e+00
1.000000000000000e+00
1.000000000000000e+00
1.000000000000000e+00
1.000000000000000e+00
1.000000000000000e+00
1.000000000000000e+00
1.000000000000000e+00
1.000000000000000e+00
###1.040000000000000e+01
-9.624330904432816e-07
1.404235925446194e-06
4.825137776582632e-08
2.278868927116624e-07
6.053878376918407e-07
4.492637676267941e-07
7.891826345047252e-08
4.408481390995698e-07
4.457180439982409e-07
3.142433680505045e-07
3.995977814185982e-07
4.370301230099154e-07
4.710177959937258e-07
6.143083600862900e-07
5.231692441634105e-07
5.953682583389000e-07
5.831382543454272e-07
5.462842092812033e-07
6.247282476471161e-07
6.279389114435924e-07
6.783915945242020e-07
7.154975590936827e-07
8.228653074038083e-07
8.049784865802286e-07
8.362823321878486e-07
8.898455045545323e-07
9.282764207432464e-07
9.873720563913584e-07
1.061996464169214e-06
1.131150446423610e-06
1.237764266140191e-06
1.334920654031471e-06
1.456303004322687e-06
1.606635074721669e-06
1.775135864410691e-06
1.987847507238676e-06
2.249647772480034e-06
2.561845109910219e-06
2.945637492808622e-06
3.415125466437387e-06
3.961194806709217e-06
4.661963575077461e-06
5.504827438761555e-06
6.519490741752910e-06
7.740345243987770e-06
9.219114894283519e-06
1.099849796934043e-05
1.313111627487983e-05
1.566288199651291e-05
1.868949876002434e-05
2.227294618620558e-05
2.661643488453953e-05
3.201263832010300e-05
3.911759412966400e-05
4.852287524107674e-05
6.010362819721697e-05
7.291232124562238e-05
8.476546399307891e-05
9.619772236277536e-05
1.068937289322882e-04
1.359983836736722e-04
2.137279880279966e-04
3.837483895233404e-04
6.765302408785342e-04
1.092390361397492e-03
1.676546611178074e-03
2.474713579412316e-03
3.517208942070080e-03
5.064841264094989e-03
7.508252292515198e-03
1.116294618511343e-02
1.635517954084540e-02
2.343038862139397e-02
3.281711148554875e-02
4.501026853875726e-02
6.055187818338221e-02
8.006180900249400e-02
1.040527861781830e-01
1.331215155911629e-01
1.683700430729111e-01
2.114264517299854e-01
2.626328577922371e-01
3.211013286387802e-01
3.869698843907924e-01
4.589076166263388e-01
5.344980570566279e-01
6.106711321021671e-01
6.826303132623197e-01
7.771398834903184e-01
1.000000000000000e+00
1.000000000000000e+00
1.000000000000000e+00
1.000000000000000e+00
1.000000000000000e+00
1.000000000000000e+00
1.000000000000000e+00
1.000000000000000e+00
1.000000000000000e+00
1.000000000000000e+00
1.000000000000000e+00
###1.080000000000000e+01
-9.095002996569341e-07
1.401126716245122e-06
6.010478968524519e-08
2.475368345010442e-07
6.075208376335544e-07
4.790358009770896e-07
1.248728577534283e-07
4.275672241633698e-07
4.958834359993817e-07
3.405332004581993e-07
3.987709071599604e-07
4.449277676915802e-07
4.768290394183155e-07
6.394804734954453e-07
5.601030742595593e-07
6.309746181785384e-07
6.250005907254311e-07
5.953504128910970e-07
6.719518107216802e-07
6.816369291281747e-07
7.346515925395946e-07
7.763707098862733e-07
8.815960909398525e-07
8.688819110001121e-07
9.114507906904040e-07
9.694785654469158e-07
1.013722337785225e-06
1.081052388683810e-06
1.163826580034275e-06
1.241175256225780e-06
1.355138546643497e-06
1.470348960982333e-06
1.599099403738941e-06
1.768798449098303e-06
1.948853871396374e-06
2.185356947820420e-06
2.469531336071463e-06
2.807943764630956e-06
3.221178011227521e-06
3.734225827434216e-06
4.325001969056749e-06
5.079485241442789e-06
5.990227721461794e-06
7.081852882557612e-06
8.394779271151374e-06
1.000720985431218e-05
1.193199466791382e-05
1.423940262494245e-05
1.700435772995430e-05
2.030397438162537e-05
2.428196901089216e-05
2.910185954164849e-05
3.513288275034061e-05
4.297604083039681e-05
5.334366226584402e-05
6.618217717728437e-05
8.085574808079228e-05
9.584548417691380e-05
1.122169147792169e-04
1.309429157830973e-04
1.712292289718465e-04
2.624305308587982e-04
4.471845011253050e-04
7.571869149235527e-04
1.201673307852195e-03
1.831129521287029e-03
2.700915507074031e-03
3.866862880740309e-03
5.588796998622239e-03
8.253162006683799e-03
1.218763348584397e-02
1.772856744757427e-02
2.524463307339305e-02
3.518091405683544e-02
4.804372204226240e-02
6.437368914198334e-02
8.480871441725592e-02
1.098727192563686e-01
1.400926627687902e-01
1.765710381381010e-01
2.208175177793416e-01
2.731041331278027e-01
3.324102165981149e-01
3.986344979866258e-01
4.703333809494371e-01
5.449066995277759e-01
6.192254913989549e-01
6.885029898748755e-01
7.807492473625677e-01
1.000000000000000e+00
1.000000000000000e+00
1.000000000000000e+00
1.000000000000000e+00
1.000000000000000e+00
1.000000000000000e+00
1.000000000000000e+00
1.000000000000000e+00
1.000000000000000e+00
1.000000000000000e+00
1.000000000000000e+00
###1.120000000000000e+01
-9.058137027249274e-07
1.405081163235583e-06
4.591840834272745e-08
2.857900241758082e-07
6.289896563202646e-07
4.831000996734802e-07
1.428020978257359e-07
4.429964086958859e-07
5.146751434519917e-07
3.825105597347217e-07
4.333542565652277e-07
4.743523953367347e-07
5.089474494782029e-07
6.673450776459493e-07
5.985395901720701e-07
6.671865749665918e-07
6.655191082131024e-07
6.444818815135573e-07
7.230074036919162e-07
7.359661356096606e-07
7.913954754790088e-07
8.384113566170400e-07
9.401107489343591e-07
9.419154426267523e-07
9.889079777100736e-07
1.052546912479166e-06
1.104434592462632e-06
1.178846660258119e-06
1.269285400201342e-06
1.356516374857914e-06
1.480172876558867e-06
1.609457169990831e-06
1.750106401852522e-06
1.934288278544484e-06
2.133138088411321e-06
2.391755174540843e-06
2.707827500231450e-06
3.065100751075438e-06
3.513151547194780e-06
4.076695595103416e-06
4.709026355614962e-06
5.522322158628495e-06
6.501413551107339e-06
7.682372119220512e-06
9.101330783715780e-06
1.083801306974922e-05
1.292694955110957e-05
1.544512235048328e-05
1.846540467670304e-05
2.209292555927908e-05
2.649417779403145e-05
3.185542089424343e-05
3.861146296060465e-05
4.736673878056477e-05
5.887493450055706e-05
7.321959102518244e-05
9.022363425904649e-05
1.089057023192711e-04
1.308522052875678e-04
1.585148729041134e-04
2.111609590496315e-04
3.174133845297585e-04
5.196696868976669e-04
8.511662072136912e-04
1.330000161034322e-03
2.010668790530987e-03
2.959714959178178e-03
4.255204618150829e-03
6.158112919861210e-03
9.050664754409856e-03
1.327224332954122e-02
1.917716864404990e-02
2.714574897057321e-02
3.764215661382136e-02
5.118154421543360e-02
6.831267664279118e-02
8.967406692830233e-02
1.157976058866343e-01
1.471827276709383e-01
1.848851010842157e-01
2.302950428574404e-01
2.836075039557990e-01
3.436714452656496e-01
4.102751779783938e-01
4.817318897882283e-01
5.552915702238032e-01
6.277571254156818e-01
6.947262298366254e-01
7.843326450067049e-01
1.000000000000000e+00
1.000000000000000e+00
1.000000000000000e+00
1.000000000000000e+00
1.000000000000000e+00
1.000000000000000e+00
1.000000000000000e+00
1.000000000000000e+00
1.000000000000000e+00
1.000000000000000e+00
1.000000000000000e+00
###1.160000000000000e+01
-5.555790384322980e-07
1.443240368915049e-06
5.959965515294653e-08
2.705604775306015e-07
6.270188500596978e-07
4.984899110654681e-07
1.945016424384416e-07
4.744983053933589e-07
5.201393619365382e-07
3.743188078576969e-07
4.530420085658422e-07
5.178612971028932e-07
5.437605888789294e-07
6.951833789826136e-07
6.415828477270166e-07
7.041171278112022e-07
7.072978978705410e-07
6.963369794992931e-07
7.745491709222796e-07
7.936324220975568e-07
8.509596774293647e-07
9.046294984592548e-07
1.006719053294030e-06
1.019113595066870e-06
1.072906922929404e-06
1.144951420062777e-06
1.201749500172822e-06
1.284279884210830e-06
1.382303917973296e-06
1.481536025960053e-06
1.619184491680115e-06
1.757022229746254e-06
1.912699093675883e-06
2.113418161070126e-06
2.333445018750108e-06
2.614190442504373e-06
2.954236034902417e-06
3.342886741157404e-06
3.830090080873426e-06
4.432393378028397e-06
5.122655721797850e-06
5.996874794729486e-06
7.052551157130506e-06
8.324443647818989e-06
9.851690381562942e-06
1.174142642500607e-05
1.400356126598213e-05
1.674436627485932e-05
2.004427509369136e-05
2.404690804020666e-05
2.892021151120177e-05
3.491345894509085e-05
4.249920716037888e-05
5.229898691279958e-05
6.515959355510490e-05
8.139478884646211e-05
1.011374347231720e-04
1.240842059484319e-04
1.524606314506187e-04
1.900552170989648e-04
2.562327438368621e-04
3.796063846852312e-04
6.020733298947177e-04
9.590756616866275e-04
1.477768471328004e-03
2.216203174687943e-03
3.251697846400820e-03
4.683690120874772e-03
6.775429267830175e-03
9.904697937860026e-03
1.442532983065386e-02
2.070409527937057e-02
2.914091590128200e-02
4.020908827198899e-02
5.443749584208690e-02
7.237585630912099e-02
9.466626316950974e-02
1.218531529933056e-01
1.543958034799817e-01
1.933049242840569e-01
2.398370348619782e-01
2.941506404724200e-01
3.549763539915581e-01
4.218362330084612e-01
4.930222145464951e-01
5.655820253120843e-01
6.364235282853546e-01
7.008691597460015e-01
7.880319900271939e-01
1.000000000000000e+00
1.000000000000000e+00
1.000000000000000e+00
1.000000000000000e+00
1.000000000000000e+00
1.000000000000000e+00
1.000000000000000e+00
1.000000000000000e+00
1.000000000000000e+00
1.000000000000000e+00
1.000000000000000e+00
###1.200000000000001e+01
-4.042840310115641e-07
1.442946476453742e-06
4.912372654894108e-08
2.416029056574806e-07
6.001999232340113e-07
4.739403946554106e-07
2.110711147429525e-07
4.826436972254589e-07
5.480909655346033e-07
4.009642909282064e-07
4.815932204720994e-07
5.472018409992448e-07
5.714481825089678e-07
7.221729911843115e-07
6.783174381829597e-07
7.498407178887955e-07
7.499077412916421e-07
7.486563470069992e-07
8.288858369281998e-07
8.516345856190641e-07
9.125955105711901e-07
9.720566785589216e-07
1.074911824504628e-06
1.097809958009740e-06
1.157648163933055e-06
1.238163530716216e-06
1.302113855638036e-06
1.393494824957687e-06
1.502173367517372e-06
1.611305302490756e-06
1.759363858691226e-06
1.912177909430216e-06
2.081539767724824e-06
2.300769208730462e-06
2.541846412032284e-06
2.849480007097801e-06
3.217528542069473e-06
3.639023197841337e-06
4.163663084872600e-06
4.811002074493966e-06
5.560517760487582e-06
6.502774064112010e-06
7.640527094361660e-06
9.010673787824258e-06
1.066401388899839e-05
1.271138445201660e-05
1.516344241177436e-05
1.815135013576599e-05
2.177232277877234e-05
2.618575158580783e-05
3.159296001825941e-05
3.831759350023216e-05
4.683275026391632e-05
5.785092381372025e-05
7.234451256018421e-05
9.085424626056891e-05
1.137420351894271e-04
1.415924523956802e-04
1.772783687336190e-04
2.258028836552021e-04
3.068666303257370e-04
4.491846757512184e-04
6.954162577456903e-04
1.082534497563889e-03
1.645807319794946e-03
2.448119263634422e-03
3.578757997228847e-03
5.152914560840262e-03
7.440869172296745e-03
1.081687001381347e-02
1.564633933522950e-02
2.231209871804830e-02
3.122380081084350e-02
4.288232997494961e-02
5.780779835522852e-02
7.656462574703628e-02
9.979866065711301e-02
1.280442559060357e-01
1.617354480123331e-01
2.018247804550482e-01
2.494599822375171e-01
3.047462931280017e-01
3.662724454256376e-01
4.333922155689858e-01
5.042844242165543e-01
5.758702261336140e-01
6.450357146470731e-01
7.070689356021916e-01
7.918076540996365e-01
1.000000000000000e+00
1.000000000000000e+00
1.000000000000000e+00
1.000000000000000e+00
1.000000000000000e+00
1.000000000000000e+00
1.000000000000000e+00
1.000000000000000e+00
1.000000000000000e+00
1.000000000000000e+00
1.000000000000000e+00
###1.240000000000001e+01
-4.359898003621608e-07
1.441979984801392e-06
4.694357246677897e-08
3.066489314082683e-07
7.195028470758800e-07
4.908025701580892e-07
2.426902245481823e-07
4.182498017492217e-07
5.664586998090478e-07
4.463757757423727e-07
5.139588881001360e-07
5.683231801756106e-07
5.802576283876137e-07
7.531185855233175e-07
7.201458967031814e-07
7.913511390172530e-07
7.988663889273743e-07
8.047597394444650e-07
8.856751141932626e-07
9.174989853950145e-07
9.813733168046438e-07
1.045641816043829e-06
1.150422763256929e-06
1.183706970055407e-06
1.250795124898851e-06
1.338741502369353e-06
1.411993699825529e-06
1.512160320432137e-06
1.617332035495892e-06
1.751744866214964e-06
1.912321463521500e-06
2.079783722361716e-06
2.266430257621388e-06
2.504167891787287e-06
2.768945769712421e-06
3.100138360887347e-06
3.498644272376222e-06
3.953472700579474e-06
4.524675579636299e-06
5.214496381288096e-06
6.035501339231644e-06
7.048829833449296e-06
8.270165094797248e-06
9.757401293560068e-06
1.154673532496427e-05
1.376139783358753e-05
1.642606892445798e-05
1.968795958717571e-05
2.366889556749456e-05
2.854036727406244e-05
3.454283567337431e-05
4.210742404673902e-05
5.168347195552678e-05
6.410980398349127e-05
8.046717247872389e-05
1.016118517320288e-04
1.281998333715356e-04
1.617245961145884e-04
2.055078230306898e-04
2.660713942460732e-04
3.634780858123222e-04
5.270594698866245e-04
7.998159995883679e-04
1.221416735213153e-03
1.834475452612205e-03
2.708030154921550e-03
3.940650956866345e-03
5.665989422702414e-03
8.157251607585354e-03
1.179000954085124e-02
1.694019880346908e-02
2.400354213574260e-02
3.340960456333889e-02
4.566499969089324e-02
6.129666506054105e-02
8.088891519706598e-02
1.050668568967760e-01
1.343720670324950e-01
1.692032448420044e-01
2.104667621528255e-01
2.591832620622656e-01
3.153624257697751e-01
3.775535714546199e-01
4.449240846165174e-01
5.154189837554677e-01
5.861024308956215e-01
6.536257069072084e-01
7.131567969671254e-01
7.957020659720748e-01
1.000000000000000e+00
1.000000000000000e+00
1.000000000000000e+00
1.000000000000000e+00
1.000000000000000e+00
1.000000000000000e+00
1.000000000000000e+00
1.000000000000000e+00
1.000000000000000e+00
1.000000000000000e+00
1.000000000000000e+00
###1.280000000000001e+01
-3.562129703893338e-07
1.426841040180040e-06
4.214200179209150e-08
1.021741469227875e-06
7.222660230802301e-07
4.937427264729580e-07
2.773360149479865e-07
4.388153706034391e-07
5.986800891023465e-07
4.713445070021667e-07
5.457769242540362e-07
6.006640429597698e-07
6.177123575008108e-07
8.057202043605809e-07
7.607994396449270e-07
8.333167159576188e-07
8.460787760056187e-07
8.603627524485233e-07
9.429435235103368e-07
9.818546844223336e-07
1.050688849794233e-06
1.120707370908222e-06
1.228281240455311e-06
1.274454152621769e-06
1.346850733304814e-06
1.442292251875393e-06
1.525796033265034e-06
1.635912162704184e-06
1.752450026962460e-06
1.898956571460551e-06
2.071744418186079e-06
2.256692834831738e-06
2.461560013382506e-06
2.718682166206566e-06
3.008233306712623e-06
3.363505594627806e-06
3.796493899100886e-06
4.290079381661297e-06
4.908933437047631e-06
5.650321778459603e-06
6.537524622818720e-06
7.628732021261133e-06
8.947156484550592e-06
1.052795956371351e-05
1.248901758574938e-05
1.489085332943497e-05
1.779108690502360e-05
2.135744868952890e-05
2.572839311475261e-05
3.113387151050320e-05
3.781491951886785e-05
4.630364932701954e-05
5.708957903812211e-05
7.112236475074683e-05
8.965128694777953e-05
1.138563382810290e-04
1.447240117893160e-04
1.845205351570967e-04
2.374311157891457e-04
3.111854548527495e-04
4.266050858261478e-04
6.136387483206972e-04
9.162093742121369e-04
1.376878807769956e-03
2.045124071805851e-03
2.997002504741129e-03
4.339265661273345e-03
6.222874342495418e-03
8.926085080926967e-03
1.282668182792569e-02
1.830792865831737e-02
2.578220411329600e-02
3.569458950968391e-02
4.855953458805334e-02
6.491586152687830e-02
8.534595106655177e-02
1.104788622869499e-01
1.408387805652903e-01
1.768061559335476e-01
2.192182622174285e-01
2.690109594980569e-01
3.260660866657711e-01
3.888788151457450e-01
4.564307899090171e-01
5.266022796183023e-01
5.963692603043577e-01
6.622278967868366e-01
7.195952835933358e-01
7.996027805482832e-01
1.000000000000000e+00
1.000000000000000e+00
1.000000000000000e+00
1.000000000000000e+00
1.000000000000000e+00
1.000000000000000e+00
1.000000000000000e+00
1.000000000000000e+00
1.000000000000000e+00
1.000000000000000e+00
1.000000000000000e+00
###1.320000000000001e+01
-3.007198216331849e-07
1.422410745047835e-06
9.914808562065732e-08
9.938032378128690e-07
7.176334787111189e-07
5.062514730933118e-07
2.858079775591157e-07
4.879705780919794e-07
6.225289784396703e-07
5.046914663379318e-07
5.782337930210528e-07
6.708350375299415e-07
6.634012101953042e-07
8.330292898785884e-07
8.072032864252995e-07
8.821652706207097e-07
9.003182897420380e-07
9.218124307203168e-07
1.006331587546184e-06
1.052398179607053e-06
1.126188586206333e-06
1.202933201151542e-06
1.313888006942966e-06
1.370535525747897e-06
1.451454067866882e-06
1.554820338723679e-06
1.649606112826535e-06
1.770363941980248e-06
1.899288390870358e-06
2.058431159631112e-06
2.245031026101664e-06
2.447074957382254e-06
2.671887285561819e-06
2.945050953445407e-06
3.266828849611832e-06
3.651095057105699e-06
4.117512710809931e-06
4.654916051810363e-06
5.322781002375979e-06
6.121358013264235e-06
7.079484081126337e-06
8.256232730204573e-06
9.679767657378069e-06
1.139640656994699e-05
1.351202115209841e-05
1.611545732352832e-05
1.928468711715885e-05
2.318235220208102e-05
2.800427095597154e-05
3.399741355019573e-05
4.144534015628794e-05
5.096627822040317e-05
6.312321996756071e-05
7.903154296430176e-05
1.000348443580224e-04
1.277142094204049e-04
1.634324586950691e-04
2.102839441174750e-04
2.733034002941535e-04
3.615437061056132e-04
4.967784430846911e-04
7.098047505605715e-04
1.045470509552448e-03
1.549667924912414e-03
2.278878467047199e-03
3.315634563312847e-03
4.775719735413748e-03
6.826542508360433e-03
9.750695463954536e-03
1.392831058997893e-02
1.975390499933588e-02
2.765135139295221e-02
3.808349335351623e-02
5.156867720899286e-02
6.866190505289754e-02
8.994201330017695e-02
1.160352891488872e-01
1.474604222999063e-01
1.845661910721166e-01
2.280917972508079e-01
2.789453744206926e-01
3.368555243908352e-01
4.002099518268500e-01
4.679263018339103e-01
5.377274393275845e-01
6.065953760762313e-01
6.709915106233210e-01
7.263407279264621e-01
8.035106688521684e-01
1.000000000000000e+00
1.000000000000000e+00
1.000000000000000e+00
1.000000000000000e+00
1.000000000000000e+00
1.000000000000000e+00
1.000000000000000e+00
1.000000000000000e+00
1.000000000000000e+00
1.000000000000000e+00
1.000000000000000e+00
###1.360000000000001e+01
-2.864697395978556e-07
1.515630852429053e-06
2.109606226071624e-07
9.983301712070014e-07
5.833144915617503e-07
5.262724295488774e-07
3.238875235966596e-07
5.015030646924226e-07
6.455853135892969e-07
5.418596643086248e-07
6.171932353728649e-07
7.097838778450863e-07
7.085100360337355e-07
8.734352234470650e-07
8.574699233179133e-07
9.341831222120283e-07
9.595980434053229e-07
9.889900302173178e-07
1.075529917935271e-06
1.129054889820722e-06
1.208897654023702e-06
1.292043073683648e-06
1.407372438170886e-06
1.474653086319215e-06
1.564827363501493e-06
1.677009381514575e-06
1.783419200077562e-06
1.916012840651022e-06
2.058093253179221e-06
2.231179811412051e-06
2.433373591283985e-06
2.653096833142016e-06
2.899343262235002e-06
3.196678417248185e-06
3.546580749531962e-06
3.967970089536178e-06
4.467979973181914e-06
5.048367807515118e-06
5.768482783000290e-06
6.632015931937400e-06
7.670006519707718e-06
8.943834063972472e-06
1.047719823007780e-05
1.233081744902100e-05
1.462759601564378e-05
1.745602695325261e-05
2.090640300963118e-05
2.517878822855243e-05
3.049252734888388e-05
3.714027288671386e-05
4.545494848229184e-05
5.613954278618537e-05
6.986073561081495e-05
8.784835947655995e-05
1.116947869908956e-04
1.432719352835317e-04
1.845377599083161e-04
2.392955153425155e-04
3.135539574050423e-04
4.176837520549147e-04
5.745009549915236e-04
8.159197770205509e-04
1.188455380770605e-03
1.741065501359471e-03
2.536706491886475e-03
3.665683268228102e-03
5.252029870838500e-03
7.478159565938888e-03
1.063208568054731e-02
1.509754204383859e-02
2.128155808302786e-02
2.961713224440899e-02
4.057692071159867e-02
5.470328765617959e-02
7.255420133693773e-02
9.468501075741724e-02
1.217503164568952e-01
1.542365897917093e-01
1.924699392658247e-01
2.371248815344357e-01
2.889772190828408e-01
3.477060760497191e-01
4.115976409987276e-01
4.794547580601902e-01
5.488384877129833e-01
6.167625244420419e-01
6.796396859893254e-01
7.328707684837502e-01
8.075476589413056e-01
1.000000000000000e+00
1.000000000000000e+00
1.000000000000000e+00
1.000000000000000e+00
1.000000000000000e+00
1.000000000000000e+00
1.000000000000000e+00
1.000000000000000e+00
1.000000000000000e+00
1.000000000000000e+00
1.000000000000000e+00
###1.400000000000001e+01
-2.505837942567258e-07
1.431013680434681e-06
2.307521055675060e-07
1.001747361360330e-06
5.867211135800176e-07
6.295004088873767e-07
3.441132749945814e-07
5.428068813280086e-07
6.808188264196562e-07
5.818722578025670e-07
6.645970207931464e-07
7.535143999336409e-07
7.538080467971001e-07
9.205851957345510e-07
9.386131654612020e-07
9.920905748037785e-07
1.023608887230859e-06
1.064400100166683e-06
1.152187359352146e-06
1.208101715165447e-06
1.299373459944066e-06
1.388544834244900e-06
1.510132507370917e-06
1.587203968613614e-06
1.686456866404157e-06
1.808512458743978e-06
1.927020573326305e-06
2.071872901974213e-06
2.228787568294853e-06
2.416916789247412e-06
2.634975031103465e-06
2.874583049849571e-06
3.144892166634676e-06
3.467708015512011e-06
3.847098331647054e-06
4.302864340433141e-06
4.841611201678510e-06
5.473053069871425e-06
6.245245931899589e-06
7.180745212371563e-06
8.299134331998136e-06
9.673756345019245e-06
1.133027839203737e-05
1.334114675788476e-05
1.583628813905821e-05
1.891047524277840e-05
2.268540491930909e-05
2.737861986077500e-05
3.323988531567477e-05
4.060695543813706e-05
4.991328818203705e-05
6.185222378111864e-05
7.736732568038588e-05
9.766972984128016e-05
1.247398027448880e-04
1.607655669912596e-04
2.081750575341276e-04
2.717234624405708e-04
3.584029957532544e-04
4.799130324035449e-04
6.603968309592196e-04
9.327944350665081e-04
1.345407275390172e-03
1.951401440260767e-03
2.820299220691011e-03
4.048539161426026e-03
5.769276898134303e-03
8.179234156371068e-03
1.157398453297483e-02
1.633676079451933e-02
2.288974586637405e-02
3.167753504850481e-02
4.318452083141437e-02
5.796228890880685e-02
7.657091032220692e-02
9.957317893280974e-02
1.276148653874654e-01
1.611723075991105e-01
2.005309083153253e-01
2.462779182531749e-01
2.991427552966857e-01
3.586454926472150e-01
4.230375216818326e-01
4.909721649103885e-01
5.599692173276153e-01
6.269841304659863e-01
6.883961343700881e-01
7.394329942012349e-01
8.115980538091124e-01
1.000000000000000e+00
1.000000000000000e+00
1.000000000000000e+00
1.000000000000000e+00
1.000000000000000e+00
1.000000000000000e+00
1.000000000000000e+00
1.000000000000000e+00
1.000000000000000e+00
1.000000000000000e+00
1.000000000000000e+00
###1.440000000000001e+01
-2.826975536316189e-07
1.478421064944897e-06
2.213392585582954e-07
1.015603981173069e-06
6.263568466369006e-07
6.435101366006906e-07
3.942165888762262e-07
5.661981584845728e-07
7.133474135225281e-07
6.022131553294522e-07
7.208646521244332e-07
7.962767364804731e-07
8.045654089372203e-07
9.674905634189423e-07
9.934291396821131e-07
1.051797620066253e-06
1.078965340827888e-06
1.138669457599786e-06
1.230639784942816e-06
1.294930287726881e-06
1.392266069518918e-06
1.489435553902210e-06
1.616875888668050e-06
1.705903329307506e-06
1.815489463107334e-06
1.948195790745803e-06
2.069630565418122e-06
2.237680837934971e-06
2.409791765800346e-06
2.614395895604988e-06
2.850712224900982e-06
3.111746375799575e-06
3.405805578973377e-06
3.757556472839302e-06
4.167995035950658e-06
4.674159842628183e-06
5.243824495217849e-06
5.926163880835725e-06
6.759319200745889e-06
7.771078662826804e-06
8.969012125700861e-06
1.046099037101198e-05
1.225630334256730e-05
1.443876244098472e-05
1.714631971520634e-05
2.048205753913697e-05
2.462367643469342e-05
2.978751784028906e-05
3.624990278211311e-05
4.442566583458759e-05
5.481902301838159e-05
6.818948466376291e-05
8.569163493126245e-05
1.086508892935520e-04
1.393292143281213e-04
1.803404822041531e-04
2.346434978856896e-04
3.078611452230738e-04
4.082156653773079e-04
5.486748886878487e-04
7.547347529649183e-04
1.061017831047094e-03
1.518164814853743e-03
2.182132788722774e-03
3.129605113045446e-03
4.464395337953769e-03
6.329115277591797e-03
8.932328323029792e-03
1.257623229557317e-02
1.765063724665874e-02
2.458372624187080e-02
3.384057159562422e-02
4.590964549371078e-02
6.135121370550269e-02
8.072951245859182e-02
1.046251144523781e-01
1.336428544777430e-01
1.682756276966811e-01
2.087451416583829e-01
2.555904759031595e-01
3.094224089954367e-01
3.696654240664275e-01
4.345332821362789e-01
5.025474278439717e-01
5.711535741797690e-01
6.371917130783101e-01
6.971374295692239e-01
7.461065431753373e-01
8.161322989208271e-01
1.000000000000000e+00
1.000000000000000e+00
1.000000000000000e+00
1.000000000000000e+00
1.000000000000000e+00
1.000000000000000e+00
1.000000000000000e+00
1.000000000000000e+00
1.000000000000000e+00
1.000000000000000e+00
1.000000000000000e+00
###1.480000000000001e+01
-2.743958016682712e-07
1.477178649708967e-06
2.244708195111829e-07
1.030087480627180e-06
6.552163041484419e-07
6.332034023388088e-07
3.931894256776022e-07
5.981930422984034e-07
7.003617495990802e-07
6.441771341791984e-07
7.660030543000091e-07
8.395148291354215e-07
8.554137100068555e-07
1.015781418763527e-06
1.049441886134947e-06
1.113048268939866e-06
1.148758795435811e-06
1.214963893264214e-06
1.311785422270192e-06
1.384864682744341e-06
1.489228499456604e-06
1.594565396422843e-06
1.728790608971343e-06
1.829866346543990e-06
1.950937181706983e-06
2.094713729758127e-06
2.219388445450174e-06
2.413084717351831e-06
2.601604886431408e-06
2.823654979761813e-06
3.078994768783642e-06
3.363129952711613e-06
3.682050390925568e-06
4.066076815895139e-06
4.511686084062707e-06
5.054769910378374e-06
5.672334415701809e-06
6.410387928256382e-06
7.312426807876640e-06
8.400741474665239e-06
9.699433641885351e-06
1.130586637440930e-05
1.325076919049740e-05
1.562423459092314e-05
1.856189337800645e-05
2.218001144233371e-05
2.673765618764141e-05
3.242387791773727e-05
3.955891459843497e-05
4.862327716795568e-05
6.023180425603611e-05
7.523978141613390e-05
9.493798601835048e-05
1.208481003150651e-04
1.555637331338083e-04
2.021222948841093e-04
2.640715052452451e-04
3.480341652676672e-04
4.633071430261101e-04
6.243954039402352e-04
8.583512721587328e-04
1.201479004972399e-03
1.706732680995199e-03
2.434195956313783e-03
3.467055261383551e-03
4.916456189228749e-03
6.933241698104478e-03
9.739394930195270e-03
1.364273205548480e-02
1.904169644816213e-02
2.637112987731711e-02
3.610571970649552e-02
4.875404527402171e-02
6.487561145541472e-02
8.503913351707441e-02
1.098330336912487e-01
1.398355719507846e-01
1.755436887330824e-01
2.171229286413149e-01
2.650339851641135e-01
3.198157924841503e-01
3.807919298542211e-01
4.460900518941819e-01
5.141195363307764e-01
5.822953256418003e-01
6.474623115935274e-01
7.058608591964017e-01
7.528642509002765e-01
8.203050739785893e-01
1.000000000000000e+00
1.000000000000000e+00
1.000000000000000e+00
1.000000000000000e+00
1.000000000000000e+00
1.000000000000000e+00
1.000000000000000e+00
1.000000000000000e+00
1.000000000000000e+00
1.000000000000000e+00
1.000000000000000e+00
###1.520000000000001e+01
-2.638110648547886e-07
1.345797332273922e-06
2.438267983186764e-07
1.031750368763448e-06
6.680679263659637e-07
6.364781025337847e-07
5.233110118772900e-07
6.152817549489111e-07
7.551674923460624e-07
6.888405961936484e-07
8.084018395687629e-07
8.892695916455020e-07
9.080144693229431e-07
1.066502711426063e-06
1.108007309722305e-06
1.177307556602654e-06
1.221613883380306e-06
1.294728346893804e-06
1.397045946109983e-06
1.479117951428371e-06
1.590820054825911e-06
1.705250055287046e-06
1.847229661648355e-06
1.960713163227003e-06
2.093893919836052e-06
2.249596494657461e-06
2.384516119959546e-06
2.598179496966331e-06
2.804768353731127e-06
3.045758799043788e-06
3.322716180912959e-06
3.631251581439076e-06
3.978519752367692e-06
4.392884339866499e-06
4.876764687828339e-06
5.460842534174682e-06
6.131869228736819e-06
6.930403197081598e-06
7.903357441545518e-06
9.076713626527196e-06
1.048309973748638e-05
1.222059856655614e-05
1.432614827246684e-05
1.690490358011523e-05
2.010037542530950e-05
2.401823706625468e-05
2.904751531121362e-05
3.530173847225356e-05
4.316774247329345e-05
5.325494260396174e-05
6.620215158968032e-05
8.301857172970470e-05
1.051591385024270e-04
1.344055697699367e-04
1.735784334349872e-04
2.263001937965412e-04
2.968263756746099e-04
3.924703341765936e-04
5.241181092429703e-04
7.077119153161466e-04
9.719100639238853e-04
1.355020425886079e-03
1.912575021898115e-03
2.708790230083576e-03
3.832786025362524e-03
5.405159006589193e-03
7.582730095861326e-03
1.060237076204997e-02
1.477492161381850e-02
2.051170393253626e-02
2.825308949643296e-02
3.848106111730716e-02
5.172344922229404e-02
6.854436592402890e-02
8.950159655314913e-02
1.152085215640883e-01
1.462031185990666e-01
1.829829222376783e-01
2.256720423766570e-01
2.746533019626330e-01
3.303545856620814e-01
3.920158429996754e-01
4.576855185116570e-01
5.257484458621159e-01
5.934288330554948e-01
6.576159476219908e-01
7.146178105450736e-01
7.597066346741820e-01
8.248421590543875e-01
1.000000000000000e+00
1.000000000000000e+00
1.000000000000000e+00
1.000000000000000e+00
1.000000000000000e+00
1.000000000000000e+00
1.000000000000000e+00
1.000000000000000e+00
1.000000000000000e+00
1.000000000000000e+00
1.000000000000000e+00
###1.560000000000001e+01
-1.752539998043565e-07
1.307234849909417e-06
2.601355043319160e-07
1.045815219237474e-06
7.037012442260101e-07
6.717119031699613e-07
5.259068322551217e-07
6.607675509268767e-07
7.923332622098462e-07
7.327003709934241e-07
8.529610247807160e-07
9.360579829316322e-07
9.733624117887634e-07
1.120150345378802e-06
1.169541988521099e-06
1.244847475195770e-06
1.297978193209268e-06
1.378321728507599e-06
1.486792183699803e-06
1.578271928039568e-06
1.698012477365485e-06
1.821957340139273e-06
1.972533529720082e-06
2.099083199040161e-06
2.245160506931548e-06
2.414019774794730e-06
2.567293667553955e-06
2.794907017857021e-06
3.020595514702961e-06
3.282364146258154e-06
3.581651837952575e-06
3.916329513522365e-06
4.294675695657238e-06
4.741974181604625e-06
5.267873956578654e-06
5.896187294868218e-06
6.623660072283769e-06
7.485774999673189e-06
8.537204607969222e-06
9.803559016472597e-06
1.132200294475832e-05
1.320392638882956e-05
1.548836249229168e-05
1.828868456384880e-05
2.177384983440138e-05
2.607281090059576e-05
3.157167715648600e-05
3.844624563989234e-05
4.713556204691140e-05
5.837166716870128e-05
7.279283950483531e-05
9.162034890481574e-05
1.164571249530331e-04
1.493999060713104e-04
1.935049784388372e-04
2.530798620181734e-04
3.330130237490444e-04
4.415792297855354e-04
5.911215351230207e-04
7.990439335980261e-04
1.095984458051201e-03
1.522096518116115e-03
2.136325839007700e-03
3.006784868707331e-03
4.228968512836799e-03
5.932027610394764e-03
8.281015702246489e-03
1.152383128228547e-02
1.597909637184390e-02
2.206501759461369e-02
3.023089398917847e-02
4.096872698784678e-02
5.481841073429294e-02
7.235188341211320e-02
9.412691492784990e-02
1.207541444510528e-01
1.527491780995743e-01
1.905883124718283e-01
2.343775851635208e-01
2.844078806304965e-01
3.410076461202357e-01
4.033416989213804e-01
4.693695078920197e-01
5.373864853574538e-01
6.045763456392295e-01
6.678311489238111e-01
7.233899600637056e-01
7.666663275659720e-01
8.294615005783268e-01
1.000000000000000e+00
1.000000000000000e+00
1.000000000000000e+00
1.000000000000000e+00
1.000000000000000e+00
1.000000000000000e+00
1.000000000000000e+00
1.000000000000000e+00
1.000000000000000e+00
1.000000000000000e+00
1.000000000000000e+00
