# NLO BK equation solver 0.0-dev build  (build Nov 18 2025 11:57:20)
# Initial condition: MV model, Q_s0^2 = 0.0899563 GeV^2, \gamma = 4.30148, coefficient of E inside Log is 1, x0=0.01, \Lambda_QCD = 0.241 GeV
# # LO Kernel RC:  Balitsky. NLO Kernel RC:  smallest dipole
# Nc=3, Nf=4
# Using RungeKutta method in K1
# Resumming double log
# Resumming single log, K_sub=0.65 resum rc: smallest
# BK K1 integration relative accuracy: 0.02# NLO BK as^2 terms: MC integration method: Vegas, points=1000000
# Kinematical constraint: none
# Target kinematical constraint: disabled

###1.000000000000000e-05
###1.160836920850890e+00
###100
###1.000000000000000e+00
###0.000000000000000e+00
9.902600230293916e-48
3.531318993017573e-47
1.259115510144581e-46
4.488835760325939e-46
1.600073466570211e-45
5.702728461035377e-45
2.032172000639905e-44
7.240550995403388e-44
2.579374924550629e-43
9.187287154614822e-43
3.271811373651681e-42
1.164972016545956e-41
4.147315186542453e-41
1.476185277417066e-40
5.253332140970760e-40
1.869161424202085e-39
6.649276971219126e-39
2.364913773868033e-38
8.409438087320153e-38
2.989694571418423e-37
1.062654613331655e-36
3.776244187828942e-36
1.341614286558473e-35
4.765317577053258e-35
1.692190896227735e-34
6.007541795590112e-34
2.132213257635545e-33
7.565665757937111e-33
2.683752345228203e-32
9.517270422120233e-32
3.374059819009757e-31
1.195801346453670e-30
4.236687762313528e-30
1.500548600589996e-29
5.312814268167006e-29
1.880375835664562e-28
6.652798406643028e-28
2.352868466315401e-27
8.317984476895358e-27
2.939401957287022e-26
1.038276815629884e-25
3.665836958245533e-25
1.293692481533068e-24
4.563295288527151e-24
1.608818132723717e-23
5.669006944665886e-23
1.996498574627967e-22
7.027208404503084e-22
2.471939357273094e-21
8.690059938678610e-21
3.052994621904801e-20
1.071853534895717e-19
3.760437211278151e-19
1.318322428576726e-18
4.618190682146922e-18
1.616498111353469e-17
5.653503255764745e-17
1.975536680905467e-16
6.897052840492958e-16
2.405688178584519e-15
8.382998192182434e-15
2.918310979245365e-14
1.014904625378898e-13
3.525913125606785e-13
1.223670571155319e-12
4.242297198080782e-12
1.469205811180609e-11
5.082947223941972e-11
1.756760754855026e-10
6.065877996647584e-10
2.092604774178042e-09
7.213255505356215e-09
2.484704067786887e-08
8.554159794485426e-08
2.943820252317788e-07
1.012885044570747e-06
3.485128695262274e-06
1.199469876267401e-05
4.130313496630844e-05
1.423329392881145e-04
4.909500283486468e-04
1.694974106373870e-03
5.852413892043606e-03
2.014030606836259e-02
6.822845618597484e-02
2.180666467349585e-01
5.760820098001286e-01
9.502781425808825e-01
9.999730421500426e-01
9.999999999999999e-01
1.000000000000000e+00
1.000000000000000e+00
1.000000000000000e+00
1.000000000000000e+00
1.000000000000000e+00
1.000000000000000e+00
1.000000000000000e+00
1.000000000000000e+00
1.000000000000000e+00
1.000000000000000e+00
###4.000000000000000e-01
5.298408096868628e-10
2.947729239829385e-10
6.203304393880921e-11
1.793758772396520e-10
5.663301232612655e-11
-8.860060072389858e-11
3.832624867738193e-10
-1.046399872475518e-10
-4.943994584893088e-11
2.158230830067974e-12
7.136211495471866e-12
4.845727019644634e-11
1.407637228581790e-10
8.671283713326544e-12
6.624232992068851e-11
3.022470515504806e-11
5.857240685375238e-11
5.292639947001854e-10
2.496005718226966e-11
2.133573007703025e-10
2.297850094162739e-11
1.914544405805225e-11
3.365559553988000e-11
5.318024056183731e-11
3.819485580696186e-11
5.671606183536375e-12
6.327053989714139e-11
1.022433734137123e-10
1.361695750864608e-10
1.538560920696535e-10
1.671483250470914e-10
2.740154292182245e-10
3.862017985766986e-10
5.327863215609157e-10
6.721172766025308e-10
8.686611957750843e-10
1.219251198014925e-09
1.580716145509945e-09
2.152284730544044e-09
2.878431201796824e-09
3.863048539414953e-09
5.124368477371226e-09
6.826041718235127e-09
9.078362565344641e-09
1.197489056186971e-08
1.441474455970701e-08
2.096769245416686e-08
2.779750401034547e-08
3.652179375467432e-08
4.825336317644021e-08
6.210774932705717e-08
8.392290937936320e-08
1.110359669039186e-07
1.459824397861543e-07
1.930348644777708e-07
2.577647294037952e-07
3.444755227214675e-07
4.640614734309360e-07
6.106963249074323e-07
8.621370908769323e-07
1.195215497151934e-06
1.670351615363404e-06
2.375927867929473e-06
3.422236392961030e-06
4.483968493999018e-06
7.400568254665264e-06
1.108037169834907e-05
1.674621515442178e-05
2.551591007822233e-05
3.914912482590234e-05
6.018367157289906e-05
9.266930886018325e-05
1.432365748762298e-04
2.212624152750400e-04
3.419658402625834e-04
5.292276856353753e-04
8.225615793413161e-04
1.283351294765218e-03
2.023484799319309e-03
3.251467231258671e-03
5.429172508089450e-03
9.567983655514790e-03
1.835274269263308e-02
3.936985499426434e-02
9.460894194603270e-02
2.408753009618018e-01
5.566177645935004e-01
8.842641606443259e-01
9.610684516849539e-01
9.999999999999999e-01
1.000000000000000e+00
1.000000000000000e+00
1.000000000000000e+00
1.000000000000000e+00
1.000000000000000e+00
1.000000000000000e+00
1.000000000000000e+00
1.000000000000000e+00
1.000000000000000e+00
1.000000000000000e+00
###8.000000000000000e-01
1.437215378502420e-09
1.593567875300495e-09
-5.955133588049581e-10
9.353341724907402e-10
-2.456334049272493e-09
1.199466719007917e-09
5.668197964247386e-10
-3.941204796369061e-11
-3.894657010977168e-10
-2.003914291836841e-10
1.459850722266990e-10
-1.072951139756459e-10
5.721774831354207e-10
1.817649642232847e-10
3.326192234247288e-10
3.377927137341200e-10
1.666218558710155e-10
2.916442919419678e-10
1.683641437513724e-10
3.443902612481040e-10
1.576180530942466e-10
3.840058678914992e-10
1.871781625399335e-10
2.090095502778773e-10
1.940159091269701e-10
8.674637241324306e-11
2.188349640470068e-10
3.279930930905335e-10
4.118385572586455e-10
3.907011205001153e-10
6.251683950818094e-10
7.591450671241968e-10
1.046950143097988e-09
1.375905752382520e-09
1.749891446018674e-09
2.195634933017690e-09
2.951916142567494e-09
3.805594391651666e-09
5.227460849937298e-09
6.848456502928646e-09
9.131468795966737e-09
1.214059875209898e-08
1.600416254609748e-08
2.116607110591046e-08
2.781413241146122e-08
3.523323123913789e-08
4.778385659565349e-08
6.298482509778482e-08
8.195361273206620e-08
1.073358327167713e-07
1.385284666762588e-07
1.826226495511523e-07
2.351314554164060e-07
3.075488962996473e-07
4.098932110343255e-07
5.412242753739357e-07
7.009579117902473e-07
9.528397638029319e-07
1.267687240542606e-06
1.749137876917489e-06
2.416394322580709e-06
3.369311694587018e-06
4.836536733316065e-06
7.021092939586347e-06
9.975200691809649e-06
1.566776984722528e-05
2.397000687983305e-05
3.693538069374274e-05
5.739929023192795e-05
8.954368601398654e-05
1.390035062545633e-04
2.149874944960262e-04
3.318176741775532e-04
5.109870223380040e-04
7.833286030209223e-04
1.198330319435274e-03
1.833164076682281e-03
2.802850194382863e-03
4.302005662326283e-03
6.696593884936343e-03
1.068839843556687e-02
1.762088848463120e-02
3.058175402407733e-02
5.730718429627416e-02
1.179666780533868e-01
2.598737559916205e-01
5.403525724112411e-01
8.299848766050728e-01
9.259326064044745e-01
9.999999999999999e-01
1.000000000000000e+00
1.000000000000000e+00
1.000000000000000e+00
1.000000000000000e+00
1.000000000000000e+00
1.000000000000000e+00
1.000000000000000e+00
1.000000000000000e+00
1.000000000000000e+00
1.000000000000000e+00
###1.200000000000000e+00
-3.185749351257450e-09
3.501797021657779e-09
-6.955954742888510e-10
1.009766613498479e-09
-2.911518301048538e-09
-9.093698991525636e-09
9.403481766541513e-10
6.567551893960157e-09
2.984569144645177e-10
4.088020162371398e-10
8.203663794712184e-10
5.451610767565186e-10
-4.134117297355320e-10
1.936916081867924e-09
3.285059901048093e-10
7.890436542663235e-10
3.588987280195905e-10
2.470934932028944e-09
3.602787984767559e-10
9.647040148174023e-10
-3.930464858405205e-10
1.024693470211016e-09
6.321378924237814e-10
1.001685933386344e-09
8.980494578933815e-10
7.357706709864132e-10
8.389011923556594e-10
9.842106504844675e-10
9.860301473675436e-10
9.893033808095361e-10
1.424714878837140e-09
1.832991817998824e-09
2.009283581654710e-09
2.840383232942256e-09
3.695031557071773e-09
4.620329250707876e-09
5.896523772905152e-09
7.395672909454966e-09
9.982281811413092e-09
1.309441822097394e-08
1.741928674488525e-08
2.242891866216923e-08
2.953480784992872e-08
3.803731638036486e-08
4.957755405373590e-08
6.398566117643548e-08
8.427072826583248e-08
1.097719439350137e-07
1.413025315701668e-07
1.823349006274993e-07
2.338435193876546e-07
3.029937792040275e-07
3.849625876881930e-07
4.945727392095774e-07
6.413706327869274e-07
8.277740924024152e-07
1.059338074119013e-06
1.396642116658731e-06
1.829164599207547e-06
2.469585985626437e-06
3.380257922985082e-06
4.676552989512253e-06
6.763437003734180e-06
9.941334526930896e-06
1.467480909318535e-05
2.324245649410078e-05
3.671414870341327e-05
5.814261141021047e-05
9.294618240237305e-05
1.482045104264219e-04
2.339272545434781e-04
3.656156731614849e-04
5.656045715913725e-04
8.690510496311898e-04
1.324163684792919e-03
2.006126091649769e-03
3.030099796925638e-03
4.561290784887234e-03
6.864943593359013e-03
1.046002483154662e-02
1.625482045588478e-02
2.585031013704300e-02
4.259568251868284e-02
7.415764081450774e-02
1.388778710912999e-01
2.759974834944313e-01
5.269779584306228e-01
7.853049023909243e-01
8.946906947274285e-01
9.999999999999999e-01
1.000000000000000e+00
1.000000000000000e+00
1.000000000000000e+00
1.000000000000000e+00
1.000000000000000e+00
1.000000000000000e+00
1.000000000000000e+00
1.000000000000000e+00
1.000000000000000e+00
1.000000000000000e+00
###1.600000000000000e+00
-8.252686756283429e-09
3.700936403930000e-09
-1.576605816930119e-09
8.915683247602481e-09
-1.100265199857377e-09
-9.973221943659846e-09
-7.146530772818352e-09
-2.522417970493179e-09
-1.551256079677907e-09
1.900866103526761e-09
6.432343028133556e-10
1.185061108522552e-09
-7.416043839044713e-10
1.988012784002078e-09
6.925990006868509e-10
-1.189620585783597e-09
1.953447211817067e-09
5.751466153470162e-10
1.745373307937588e-09
2.045460993692113e-09
1.177537424023702e-08
1.956174397925183e-09
3.201310394889660e-10
-1.633368322081572e-09
1.513504218955299e-09
1.248762288737174e-09
1.510028916824003e-09
1.677245067634697e-09
1.815358533259314e-09
2.152715559121450e-09
2.425664477873841e-09
2.901049633643673e-09
3.858569994120578e-09
5.095701639486145e-09
5.962646097251380e-09
7.674533070156203e-09
9.836589547238335e-09
1.252701569747771e-08
1.674565418168930e-08
2.098754292761156e-08
2.833985610166082e-08
3.692832958039979e-08
4.817949282629606e-08
6.232673760127221e-08
8.030749237084185e-08
1.025958551191231e-07
1.334530431851921e-07
1.708897128338374e-07
2.169334967932381e-07
2.770004793117649e-07
3.501202052649131e-07
4.453828983540415e-07
5.551272045139357e-07
6.927305791744672e-07
8.767574354967434e-07
1.100058513413013e-06
1.365553836123519e-06
1.739579666910558e-06
2.209257578368804e-06
2.895530892001086e-06
3.856443967329383e-06
5.300716029245012e-06
7.696000507144088e-06
1.158720268564307e-05
1.782720339625267e-05
2.919247292292002e-05
4.805732711997227e-05
7.912459753887684e-05
1.307344198446693e-04
2.137374292750703e-04
3.439651272264023e-04
5.436302520490650e-04
8.483760064023134e-04
1.294840378764329e-03
1.962952617066206e-03
2.950059791194183e-03
4.410117883414270e-03
6.550066288268055e-03
9.709448805287025e-03
1.452699956630641e-02
2.210843575137470e-02
3.425835573729868e-02
5.442828220071889e-02
9.009948057772371e-02
1.578222313424514e-01
2.899821983684586e-01
5.161859586795713e-01
7.485596646155239e-01
8.670816959218626e-01
9.999999999999999e-01
1.000000000000000e+00
1.000000000000000e+00
1.000000000000000e+00
1.000000000000000e+00
1.000000000000000e+00
1.000000000000000e+00
1.000000000000000e+00
1.000000000000000e+00
1.000000000000000e+00
1.000000000000000e+00
###2.000000000000000e+00
-2.108576803081530e-09
3.256611957709363e-09
-6.131990968801194e-09
1.117246778967970e-08
-4.866052424601916e-09
1.953734070190656e-08
-1.785425511464071e-08
-1.902368886202763e-09
-2.124136845642972e-09
1.011911028897974e-09
5.000761051596144e-10
4.257708835749951e-09
-1.257305170660469e-10
2.543282386227591e-09
9.572593346936556e-10
3.620940574830580e-10
2.772162663419999e-09
1.876189668706152e-09
9.134052053965737e-10
5.945893677409344e-09
1.175928692003913e-08
1.276049575011449e-09
2.343075650113026e-09
-1.963523923558032e-11
3.236694216594454e-09
3.444363210785833e-09
2.516817313776798e-09
2.794254207515519e-09
3.390977627581408e-09
3.442679007566903e-09
5.694072679981163e-09
5.358966229170363e-09
6.758684143989987e-09
8.371112001266290e-09
1.001332738973997e-08
1.194530834474656e-08
1.604825345281548e-08
2.069217480639282e-08
2.676462502023215e-08
3.124088254558227e-08
4.446182923995818e-08
5.700058755365890e-08
7.421626085459893e-08
9.401240549802084e-08
1.206369489229441e-07
1.533312483316263e-07
1.962055287785232e-07
2.477112317132634e-07
3.125233444384556e-07
3.922386480021558e-07
4.875897183024542e-07
6.098738249551697e-07
7.453030817101093e-07
9.087631790014739e-07
1.108495922037295e-06
1.343143291992712e-06
1.597731465728512e-06
1.944539195775934e-06
2.332185293907260e-06
2.919585907441799e-06
3.752481409487840e-06
5.108270706833693e-06
7.451300616519529e-06
1.170065823161875e-05
1.907432520010787e-05
3.307015068194581e-05
5.760779775010955e-05
9.943407221129881e-05
1.705662879729167e-04
2.859553080550945e-04
4.684381705413731e-04
7.478626664937861e-04
1.170438172474165e-03
1.788400233084950e-03
2.699749712461197e-03
4.028331225379054e-03
5.966513208605075e-03
8.766574950365910e-03
1.281626364439289e-02
1.887747336501987e-02
2.823167498290416e-02
4.282512851787135e-02
6.612492514518314e-02
1.053005605945899e-01
1.751807897773009e-01
3.023791486917846e-01
5.077299219334261e-01
7.184471064500246e-01
8.430425982313715e-01
9.999999999999999e-01
1.000000000000000e+00
1.000000000000000e+00
1.000000000000000e+00
1.000000000000000e+00
1.000000000000000e+00
1.000000000000000e+00
1.000000000000000e+00
1.000000000000000e+00
1.000000000000000e+00
1.000000000000000e+00
###2.400000000000000e+00
-5.063030045882535e-08
6.450868691847690e-09
-7.886889230069445e-09
2.824593020884353e-08
-2.432797750123770e-09
1.483144432211082e-08
2.353070490986489e-08
3.439462175247699e-08
-1.383532655666805e-09
3.726427076600478e-09
1.759397789607672e-09
7.912523282382034e-09
6.805221292381653e-09
9.956206824233117e-10
3.154366969528988e-08
4.583119249337928e-09
5.071499104231853e-09
5.329242525640273e-09
1.556436565870166e-08
9.503955309560154e-09
1.505293234349812e-08
4.739699381825083e-09
6.538823073741128e-09
2.885843092349627e-09
6.107972879002449e-09
5.209849836209236e-09
5.473128978160422e-09
6.101100014004963e-09
5.851901521518698e-09
6.827102841326271e-09
1.055274593857844e-08
9.700752738864291e-09
1.099670120964022e-08
1.416879944654977e-08
1.607768805915149e-08
1.987404170965351e-08
2.573586456651440e-08
3.204160530211923e-08
4.017160989969422e-08
4.881944400397167e-08
6.734787197673723e-08
8.293393535938080e-08
1.086356129441241e-07
1.354543281220224e-07
1.736341117455683e-07
2.170292253792277e-07
2.737179378855165e-07
3.431600822238868e-07
4.272452085112670e-07
5.285743862154202e-07
6.495081845586396e-07
7.945053802399102e-07
9.517542881754678e-07
1.133708373853649e-06
1.335266367506183e-06
1.544554048868523e-06
1.764175856427483e-06
1.994684436317246e-06
2.210002371968070e-06
2.548365538709657e-06
3.057958049723585e-06
4.003801271953282e-06
6.049965880125443e-06
1.031019468504284e-05
1.840424168777622e-05
3.481916572220778e-05
6.545949347987016e-05
1.195823960845867e-04
2.124626997217094e-04
3.656387251285491e-04
6.085612751722842e-04
9.804619538177030e-04
1.536333491065157e-03
2.346552880907977e-03
3.532166221742956e-03
5.238516343628615e-03
7.695929862866257e-03
1.119094199832508e-02
1.616275836375063e-02
2.363071721878040e-02
3.460578348259744e-02
5.153222937413191e-02
7.767893310487653e-02
1.198936482107217e-01
1.912420254421210e-01
3.136659192918019e-01
5.013787826876455e-01
6.939422447018733e-01
8.224160464945622e-01
9.999999999999999e-01
1.000000000000000e+00
1.000000000000000e+00
1.000000000000000e+00
1.000000000000000e+00
1.000000000000000e+00
1.000000000000000e+00
1.000000000000000e+00
1.000000000000000e+00
1.000000000000000e+00
1.000000000000000e+00
###2.800000000000000e+00
-5.672476436541722e-08
2.932863126568298e-08
5.658042868794608e-09
2.915808780420637e-08
-1.934300459439004e-09
1.891827471366961e-08
8.061958527472679e-08
7.661110786584502e-08
1.049422775318700e-08
1.955127240411870e-08
1.058231915622764e-08
1.754070887775433e-08
1.846745953051915e-08
8.082182544038099e-09
3.612032630645949e-08
1.401848352221128e-08
1.060878368796218e-08
1.076710412394276e-08
2.077367439935691e-08
1.393549652287558e-08
1.968354870103200e-08
1.353592581118995e-08
1.099969315434867e-08
9.317965151449152e-09
1.118596790393717e-08
1.172576922444490e-08
1.383359328684785e-08
1.263967237209970e-08
1.224448525141805e-08
1.547178528639624e-08
1.852857220323770e-08
1.877458666921777e-08
2.194021333992805e-08
2.459377805025434e-08
2.643016921846759e-08
3.257476819914094e-08
4.038107508789011e-08
4.942020950180138e-08
6.053905134723681e-08
7.474590617618864e-08
9.701937995563713e-08
1.193628383742026e-07
1.515831602723868e-07
1.898095120532408e-07
2.393559242868712e-07
2.949295567438133e-07
3.661228054330999e-07
4.540891442067412e-07
5.630085537005545e-07
6.860485787049027e-07
8.293541036669645e-07
9.986323048729756e-07
1.170465294184697e-06
1.359665891267175e-06
1.551644081506679e-06
1.710244078853896e-06
1.831031493477766e-06
1.876352713146801e-06
1.861979400840922e-06
1.796870906312101e-06
1.779287853184573e-06
2.147204634381568e-06
3.619918429623012e-06
7.642658379923592e-06
1.638058874557514e-05
3.547926733866061e-05
7.270250376144724e-05
1.404889625104653e-04
2.581354973307803e-04
4.545246267429458e-04
7.663636453380684e-04
1.241471388471909e-03
1.948328330602297e-03
2.969810690535119e-03
4.457709361754162e-03
6.571867687846959e-03
9.585471936266302e-03
1.381316666256142e-02
1.975058904101575e-02
2.846353450502181e-02
4.121771906309508e-02
6.037060465131244e-02
8.910786933623778e-02
1.339287800248363e-01
2.063388636028186e-01
3.241882246748457e-01
4.969438348657403e-01
6.742393813193978e-01
8.050405871576614e-01
9.999999999999999e-01
1.000000000000000e+00
1.000000000000000e+00
1.000000000000000e+00
1.000000000000000e+00
1.000000000000000e+00
1.000000000000000e+00
1.000000000000000e+00
1.000000000000000e+00
1.000000000000000e+00
1.000000000000000e+00
###3.200000000000000e+00
-5.974830689353265e-08
2.255126356633217e-08
1.362393677024930e-08
4.665076463830603e-08
5.936861503240850e-09
1.752786911538158e-08
9.098980775595578e-08
7.535652938826466e-08
1.292662709677062e-08
2.315433122564385e-08
1.481676636349643e-08
2.314486502953077e-08
1.930364798177586e-08
1.316268171232924e-08
4.725924436719969e-08
1.813816040505631e-08
1.386204525355063e-08
1.476602154130077e-08
2.637238241603702e-08
7.187950306450366e-09
2.193016586932779e-08
1.032396649166046e-08
1.183007959508184e-08
1.515565416593063e-08
1.671269512667063e-08
1.828232123444293e-08
1.896970587643573e-08
1.531902906472783e-08
1.850861398248254e-08
2.271408494351991e-08
2.617751564728358e-08
2.645300071667983e-08
3.034229677321742e-08
3.399384170086876e-08
3.698363692561875e-08
4.458661130005310e-08
5.412513589795605e-08
6.566933846829944e-08
8.222409618201467e-08
1.013679628544321e-07
1.289416476919814e-07
1.584475779160803e-07
2.006293923765687e-07
2.501560302185240e-07
3.126380168044234e-07
3.860975185542592e-07
4.729660464392219e-07
5.841159702357087e-07
7.144803243091162e-07
8.625622752940628e-07
1.030790608025101e-06
1.219822908394935e-06
1.402139718469934e-06
1.589485689525765e-06
1.742953102391948e-06
1.837564665755092e-06
1.821007472250552e-06
1.636604261987828e-06
1.262543618776475e-06
7.336339550416632e-07
1.030528536265493e-07
-2.929997773753971e-07
4.058965492073747e-07
4.204174324112649e-06
1.350841896359028e-05
3.560453099076744e-05
8.025328808543243e-05
1.637628850190613e-04
3.091590163262785e-04
5.541426497893173e-04
9.428182474958426e-04
1.534264028251908e-03
2.406423131733649e-03
3.664220191420631e-03
5.476108251511809e-03
8.029295442761075e-03
1.162884362844267e-02
1.661765161521135e-02
2.354899169709352e-02
3.353048123339625e-02
4.802429768625367e-02
6.930362692506818e-02
1.004517405153536e-01
1.475285570939461e-01
2.206184176800520e-01
3.342288049489340e-01
4.942547601816059e-01
6.586403513508703e-01
7.904935229440693e-01
9.999999999999999e-01
1.000000000000000e+00
1.000000000000000e+00
1.000000000000000e+00
1.000000000000000e+00
1.000000000000000e+00
1.000000000000000e+00
1.000000000000000e+00
1.000000000000000e+00
1.000000000000000e+00
1.000000000000000e+00
###3.600000000000000e+00
-4.490039715210693e-08
8.878639547956897e-09
2.114420963948800e-08
5.614315803184925e-08
-1.328599832265533e-08
4.161928590587167e-08
1.013455106027450e-07
7.970590968528997e-08
1.972461370167856e-08
2.215835651750359e-08
1.791329297562226e-08
2.151752451118803e-08
1.892616965268613e-08
1.764059134799296e-08
4.476577460048699e-08
2.430641616004954e-08
1.938798502691072e-08
2.288959930070701e-08
3.147063420049275e-08
7.502563456089042e-09
2.546391028487393e-08
3.972223949928268e-09
2.081765020958867e-08
2.396317509580347e-08
2.315766955033083e-08
2.281219135682773e-08
2.313427471103758e-08
2.243499243786244e-08
2.621045376377128e-08
2.951777370010510e-08
3.421327575819351e-08
3.562167444600784e-08
3.981904050383276e-08
4.381608058261239e-08
5.050171047387894e-08
5.847820527544362e-08
7.165989025915322e-08
8.742144188637277e-08
1.086244051092239e-07
1.318787680231978e-07
1.670753122549139e-07
2.028567817394731e-07
2.566788136122484e-07
3.185656566405530e-07
3.961331375685521e-07
4.879669746818220e-07
5.964653042635379e-07
7.313086775441198e-07
8.886817553765711e-07
1.060985682506398e-06
1.256657757074778e-06
1.467297577022207e-06
1.664718383362989e-06
1.842191368603781e-06
1.957298033304799e-06
1.991649657151287e-06
1.832845913327513e-06
1.460565735642894e-06
8.745686320732589e-07
-1.435058788872523e-07
-1.604182763182164e-06
-2.790446641658593e-06
-2.415097721674849e-06
3.712441183988965e-06
1.353575969724442e-05
3.749051757326277e-05
9.041447008708480e-05
1.909906423211849e-04
3.686719586922791e-04
6.665370948137028e-04
1.140476270575665e-03
1.858765845677349e-03
2.913746380746222e-03
4.427161540303059e-03
6.582074238974999e-03
9.600778519328898e-03
1.381509658362343e-02
1.959585277126672e-02
2.754688094788920e-02
3.880765545963070e-02
5.500834190378382e-02
7.833883091412835e-02
1.117058700425377e-01
1.607598499286614e-01
2.342721693019489e-01
3.439565667092910e-01
4.931178749788628e-01
6.463357430861988e-01
7.784602235284397e-01
9.999999999999999e-01
1.000000000000000e+00
1.000000000000000e+00
1.000000000000000e+00
1.000000000000000e+00
1.000000000000000e+00
1.000000000000000e+00
1.000000000000000e+00
1.000000000000000e+00
1.000000000000000e+00
1.000000000000000e+00
###4.000000000000000e+00
-5.845960020910949e-08
-8.715668515120864e-09
1.131890927264506e-08
6.460241856010372e-08
1.690798427185828e-08
8.483755812312691e-08
1.043485397711916e-07
8.105000204482176e-08
2.462348301803313e-08
1.894901078417894e-08
1.746758065725370e-08
2.008202531965268e-08
2.495002114458042e-08
2.562541558127208e-08
5.340257744919829e-08
3.196763263297013e-08
1.639629259583007e-08
3.103834804973692e-08
4.154967063871683e-08
2.180271508949151e-08
3.890255921522739e-08
1.559961743752775e-08
3.049212916213368e-08
3.153748598844959e-08
3.582577979623198e-08
2.984198828358173e-08
4.254264161101884e-08
3.351508391360308e-08
3.718556599111816e-08
4.238074782722244e-08
4.823336974361017e-08
5.047344358689195e-08
5.554915820324370e-08
6.179025276972982e-08
6.901828317423608e-08
8.010868638252056e-08
9.594611675277019e-08
1.163724258485514e-07
1.441444136450145e-07
1.712574234150603e-07
2.127284361951849e-07
2.591942490381596e-07
3.264370430695976e-07
4.016683885166696e-07
4.954158779808442e-07
6.078364650948466e-07
7.410614978173614e-07
8.987771155264329e-07
1.082225517689219e-06
1.281467168459871e-06
1.509201340980898e-06
1.744273428685241e-06
1.956064288313236e-06
2.132073956462830e-06
2.220715511091516e-06
2.192696116037361e-06
1.908156143448774e-06
1.560757048504415e-06
8.796373296969834e-07
-1.099223487089017e-06
-3.395426521819947e-06
-5.467475361038458e-06
-5.222672942249423e-06
3.985895238442255e-06
1.474482730623234e-05
4.163119926328688e-05
1.038795637499140e-04
2.241805199730304e-04
4.366012673760667e-04
7.949561203364256e-04
1.361509333150179e-03
2.218368641614863e-03
3.468024911120835e-03
5.255933994463819e-03
7.780656218453477e-03
1.128810367165538e-02
1.613732305645907e-02
2.274330463777294e-02
3.172830523823456e-02
4.427801689073879e-02
6.214746424895268e-02
8.744348307674957e-02
1.228572851170055e-01
1.736250426723630e-01
2.473672494351949e-01
3.534895221766578e-01
4.933019834677472e-01
6.370108670823793e-01
7.687574363002662e-01
9.999999999999999e-01
1.000000000000000e+00
1.000000000000000e+00
1.000000000000000e+00
1.000000000000000e+00
1.000000000000000e+00
1.000000000000000e+00
1.000000000000000e+00
1.000000000000000e+00
1.000000000000000e+00
1.000000000000000e+00
###4.399999999999999e+00
2.651375690844603e-08
-3.891710331455770e-08
4.588180126252338e-08
5.906176613341143e-08
3.062022229603799e-08
8.666575099452862e-08
1.086662100343129e-07
8.988213214755707e-08
4.696706970671318e-08
2.554004721834892e-08
1.975273222280883e-08
5.527387918128417e-09
1.723537114761283e-08
3.163875362917959e-08
6.273550961494297e-08
5.436034629287518e-08
1.915372534411456e-08
3.974990085095805e-08
5.030724100240746e-08
2.863789812364638e-08
4.567098269514297e-08
2.215404470555813e-08
3.612690630838238e-08
3.970195132857025e-08
4.126333135767701e-08
3.735316466055031e-08
5.141842985516307e-08
4.447468288504755e-08
5.151765023772304e-08
5.374956327588294e-08
6.058368565264590e-08
6.344307943318148e-08
6.513087319177707e-08
7.879946560500225e-08
8.760326338168482e-08
1.020140918602380e-07
1.219438426992125e-07
1.460188116650012e-07
1.751113915552185e-07
2.139808620272317e-07
2.612193380207403e-07
3.196698402563298e-07
3.978112767879778e-07
4.887031763720825e-07
6.017689904515874e-07
7.355494156802111e-07
8.916003653616485e-07
1.078614155452747e-06
1.292221769116329e-06
1.523697250972953e-06
1.783159778693040e-06
2.052032137120414e-06
2.273062263210351e-06
2.454834430019136e-06
2.517234275542729e-06
2.434876066964461e-06
2.070809921801375e-06
1.772395694903850e-06
1.021169442591892e-06
-1.926693415332280e-06
-5.004400715274805e-06
-7.864666147899731e-06
-7.350059824044469e-06
5.786696334904322e-06
1.817842021741214e-05
4.893627640951278e-05
1.227178033763856e-04
2.651583048743290e-04
5.179887193176422e-04
9.407682439575783e-04
1.608311288254345e-03
2.613473935810184e-03
4.074187694087503e-03
6.151414373251784e-03
9.063036179467335e-03
1.308560941816265e-02
1.859382000523608e-02
2.604903752288826e-02
3.607294454459404e-02
4.992574512171654e-02
6.942671003676579e-02
9.659322913593421e-02
1.339275634684053e-01
1.862669088157838e-01
2.600441012342035e-01
3.628552154074040e-01
4.946866301812126e-01
6.304915170830662e-01
7.612021640425098e-01
9.999999999999999e-01
1.000000000000000e+00
1.000000000000000e+00
1.000000000000000e+00
1.000000000000000e+00
1.000000000000000e+00
1.000000000000000e+00
1.000000000000000e+00
1.000000000000000e+00
1.000000000000000e+00
1.000000000000000e+00
###4.800000000000000e+00
2.348491643190901e-08
-2.013163618939831e-08
1.008854372039054e-07
1.379500030686608e-07
2.888394826678049e-08
9.783835347536027e-08
1.134140996660532e-07
7.713492667883517e-08
5.306852340481829e-08
3.396436297264975e-08
4.010750604573544e-08
2.274463940866951e-08
2.734958666205869e-08
3.965609600063132e-08
6.743585510144491e-08
5.829178588975057e-08
2.952518344852501e-08
5.129751228765020e-08
5.946667276637669e-08
3.850117772413914e-08
6.002001191351168e-08
3.459216675046562e-08
4.745205183504758e-08
5.080899566999866e-08
5.650098531213467e-08
4.892284224266194e-08
6.241198903291230e-08
6.353542584693343e-08
6.525176891232812e-08
6.936489323641171e-08
7.632528199668612e-08
8.048480755414420e-08
8.475901714578413e-08
9.904417944736511e-08
1.100835577715103e-07
1.282185379164783e-07
1.503994387343867e-07
1.802753955322726e-07
2.154927968541532e-07
2.569026905070087e-07
3.177086635602024e-07
3.886139351671875e-07
4.800931289673392e-07
5.865746289163298e-07
7.179415742995346e-07
8.748087152794021e-07
1.058503552836394e-06
1.276872347028003e-06
1.525198011438019e-06
1.789443544990969e-06
2.082650294687896e-06
2.382139535269779e-06
2.625716044519110e-06
2.822371660589698e-06
2.874796830770479e-06
2.781565355841218e-06
2.367161605198139e-06
2.198946507314623e-06
1.528015027415040e-06
-2.363879564169884e-06
-6.062094215877420e-06
-9.193698280148079e-06
-7.607875794482295e-06
1.221536994478978e-05
2.727601503837998e-05
6.156845604531488e-05
1.491030713299183e-04
3.165666079497907e-04
6.134386769837428e-04
1.107692772850769e-03
1.884516501972327e-03
3.048305919851484e-03
4.729700699018208e-03
7.115242903555650e-03
1.042985468106349e-02
1.498410971141110e-02
2.117855851930308e-02
2.949082207014871e-02
4.058620630348510e-02
5.573342341204495e-02
7.681610238973749e-02
1.057897366548230e-01
1.449294162629740e-01
1.986148735897977e-01
2.724304426484178e-01
3.722485004839044e-01
4.971126575535222e-01
6.257538151383265e-01
7.553553618035230e-01
9.999999999999999e-01
1.000000000000000e+00
1.000000000000000e+00
1.000000000000000e+00
1.000000000000000e+00
1.000000000000000e+00
1.000000000000000e+00
1.000000000000000e+00
1.000000000000000e+00
1.000000000000000e+00
1.000000000000000e+00
###5.200000000000000e+00
3.749044617140774e-08
-1.692796536093622e-08
9.168534164316940e-08
1.442926160100880e-07
3.259984662209423e-08
5.501909480386510e-08
1.190126548314959e-07
1.025312493199712e-07
7.017023780454728e-08
4.162318858329907e-08
4.462265362953052e-08
3.428431968405664e-08
3.548886455146959e-08
6.147439813195599e-08
7.546012660625830e-08
6.954525957872283e-08
1.164697856457196e-08
7.335193012278777e-08
7.796827174283104e-08
5.361452129062973e-08
7.189766908614840e-08
5.190385482674793e-08
6.321748538875189e-08
6.457578606613382e-08
7.089827762636500e-08
6.648377244612763e-08
7.766272577946011e-08
8.149578027987326e-08
8.188112922786305e-08
8.908901224718579e-08
9.579750892615101e-08
1.012053910857898e-07
1.072118121899490e-07
1.218458939332508e-07
1.350958081951829e-07
1.593484538570655e-07
1.863057604778258e-07
2.230374328693009e-07
2.635434833329330e-07
3.126765171476880e-07
3.848310976216507e-07
4.664340268409433e-07
5.698421097733200e-07
6.956745116551650e-07
8.518047239015627e-07
1.032684003982389e-06
1.247176039936697e-06
1.498758577505023e-06
1.779269237083988e-06
2.086781330407782e-06
2.428363957668716e-06
2.781296001351659e-06
3.059845191765450e-06
3.308595925904619e-06
3.397927950421136e-06
3.363690619514341e-06
3.013242203668795e-06
3.382292155741539e-06
3.200706150340457e-06
-1.990706389259263e-06
-5.671641945522528e-06
-8.157209277760650e-06
-3.836442873617146e-06
3.173529534779724e-05
4.820622120758095e-05
8.342987540860177e-05
1.860817751477302e-04
3.819971843323899e-04
7.271702515546099e-04
1.299141353718743e-03
2.191687790802706e-03
3.525030568657733e-03
5.443336549966433e-03
8.147988373429576e-03
1.188621989180161e-02
1.699143304578077e-02
2.388462088184267e-02
3.308245980046397e-02
4.524344340550623e-02
6.168565498314972e-02
8.430926580389726e-02
1.150320767384910e-01
1.558472795908817e-01
2.107410532015386e-01
2.845063327150472e-01
3.815724069212713e-01
5.004117846620439e-01
6.229187839081272e-01
7.509705748389235e-01
9.999999999999999e-01
1.000000000000000e+00
1.000000000000000e+00
1.000000000000000e+00
1.000000000000000e+00
1.000000000000000e+00
1.000000000000000e+00
1.000000000000000e+00
1.000000000000000e+00
1.000000000000000e+00
1.000000000000000e+00
###5.600000000000001e+00
6.020192356167817e-08
-3.936779131994795e-07
7.863545993735637e-08
1.208728823090972e-07
6.341232513216865e-08
2.016911721243792e-08
1.995676597816050e-07
1.244131931255501e-07
8.388613512449463e-08
5.347121787069667e-08
7.355980723467600e-08
4.929706301213676e-08
4.319006207896805e-08
8.375283231221998e-08
8.472198619604966e-08
7.818021825560611e-08
2.890443863680382e-08
8.408583128961461e-08
9.130668476640533e-08
6.755200356001106e-08
8.954744612142845e-08
6.396765704232738e-08
8.010911875720742e-08
7.941914372495340e-08
8.527265383930999e-08
8.479372402083591e-08
9.328906851669164e-08
9.838311619216664e-08
1.007046556076029e-07
1.082173177405331e-07
1.169235292886925e-07
1.225472144459100e-07
1.317920062460689e-07
1.489730957035797e-07
1.648957842234638e-07
1.931809845044814e-07
2.248068900575186e-07
2.665481609435213e-07
3.107113734478263e-07
3.702415147629036e-07
4.565970063940973e-07
5.517740039061484e-07
6.718201012518487e-07
8.156768744023850e-07
9.973076290565598e-07
1.205995639113458e-06
1.454740571277450e-06
1.741774024259831e-06
2.067300689818872e-06
2.428509715215785e-06
2.823765748309004e-06
3.240860690263995e-06
3.611057501891949e-06
3.932916694130797e-06
4.122277820494881e-06
4.233587050147773e-06
4.163225523074692e-06
5.585994212599822e-06
6.620756074217773e-06
2.635580269592998e-07
-3.775107685832310e-06
-3.989819058468672e-06
7.485186466562962e-06
5.790577341146087e-05
7.537925090002857e-05
1.141146242433989e-04
2.333989701798925e-04
4.616891549268901e-04
8.611988180737438e-04
1.515965734513260e-03
2.533638052758677e-03
4.045057454312176e-03
6.212072559316235e-03
9.249579125862569e-03
1.342554001037853e-02
1.909563282051042e-02
2.671327198909432e-02
3.680055320630887e-02
5.004273127770559e-02
6.777290061386440e-02
9.191661598810794e-02
1.242917190380192e-01
1.667006818032326e-01
2.226987902568014e-01
2.963626044246992e-01
3.909977696753634e-01
5.045106270598255e-01
6.216476516943416e-01
7.478240950867547e-01
9.999999999999999e-01
1.000000000000000e+00
1.000000000000000e+00
1.000000000000000e+00
1.000000000000000e+00
1.000000000000000e+00
1.000000000000000e+00
1.000000000000000e+00
1.000000000000000e+00
1.000000000000000e+00
1.000000000000000e+00
###6.000000000000001e+00
1.062132680400232e-07
-4.478505444994583e-07
7.011307138862202e-08
1.508034328818741e-07
6.871000681825276e-08
1.170627308266766e-08
1.790377443906837e-07
1.517374011186122e-07
1.993934888281678e-07
5.551913456413220e-08
9.057852112188098e-08
7.185322296085367e-08
4.466664855943735e-08
9.235276650226603e-08
1.042177148789781e-07
8.767695248057761e-08
4.411773681390177e-08
9.329110567427570e-08
1.068120044345919e-07
8.068209238365349e-08
1.010509885546729e-07
8.342197491209385e-08
9.541542732473233e-08
9.367193583554759e-08
1.007861133384460e-07
1.045745838254346e-07
1.102429709124335e-07
1.153027255060406e-07
1.204266804032547e-07
1.313195643064235e-07
1.400128628704301e-07
1.461539888425599e-07
1.571905013973261e-07
1.775941644546408e-07
1.999791485167035e-07
2.274526506095979e-07
2.660275192749337e-07
3.124708522921030e-07
3.649305761474916e-07
4.326247186551213e-07
5.328606319285778e-07
6.403730541992378e-07
7.764646356889719e-07
9.419446261258717e-07
1.147175704249472e-06
1.382256951753653e-06
1.665961151648074e-06
1.993812774811511e-06
2.364501760759220e-06
2.777806721455015e-06
3.231363230949749e-06
3.709163391812782e-06
4.162778162396753e-06
4.568864671587267e-06
4.836740610717872e-06
5.071116287513024e-06
5.237462380123814e-06
6.777250312726750e-06
9.138784707430358e-06
5.023408667269408e-06
-7.614019674121623e-08
2.389277996165435e-06
2.181736052829206e-05
6.978003028317015e-05
9.219437545570870e-05
1.468500079982202e-04
2.883897674950271e-04
5.540197837543831e-04
1.012534299886584e-03
1.757788914342910e-03
2.908224154883257e-03
4.609411434184534e-03
7.034486772480620e-03
1.041967091309262e-02
1.504962764949027e-02
2.130444724609497e-02
2.965258514200708e-02
4.064515599129749e-02
5.496669765619462e-02
7.398725640628605e-02
9.961632869622489e-02
1.335840155152238e-01
1.775003858377835e-01
2.344760150706766e-01
3.080256625146546e-01
4.004596206031156e-01
5.093239700488406e-01
6.215990886543139e-01
7.462057269250867e-01
9.999999999999999e-01
1.000000000000000e+00
1.000000000000000e+00
1.000000000000000e+00
1.000000000000000e+00
1.000000000000000e+00
1.000000000000000e+00
1.000000000000000e+00
1.000000000000000e+00
1.000000000000000e+00
1.000000000000000e+00
###6.400000000000001e+00
1.197890224635346e-07
-4.504082251109362e-07
8.240077022262295e-08
1.454990778403815e-07
6.107506435722111e-08
2.038191911467707e-08
1.933384163748622e-07
1.502673868296495e-07
2.001665081101882e-07
6.620213288896563e-08
1.033326838143642e-07
9.945436674294762e-08
7.005248286845092e-08
1.029630176388006e-07
1.168563158413922e-07
1.008641120204686e-07
5.962156658696295e-08
1.066860044756545e-07
1.182325230284584e-07
9.907968055432569e-08
1.188787233804681e-07
9.967570355933154e-08
1.070290289124977e-07
1.101823882655681e-07
1.177534445134570e-07
1.232727921250694e-07
1.293965218590382e-07
1.353320187790804e-07
1.431830897778382e-07
1.517247267426721e-07
1.659520369485984e-07
1.778214786302368e-07
1.862906547990933e-07
2.097533469484349e-07
2.330916537719284e-07
2.691995607465439e-07
3.013041467157832e-07
3.629566146986680e-07
4.233911904001131e-07
5.016422545241290e-07
6.131843993649352e-07
7.344159034900945e-07
8.876352822365411e-07
1.071664662427745e-06
1.306338015156486e-06
1.568080200053481e-06
1.882375715184353e-06
2.247685042509909e-06
2.667285472037403e-06
3.136467375305300e-06
3.647608710085881e-06
4.187628013108559e-06
4.724306471054019e-06
5.240823959037575e-06
5.589349352451715e-06
5.944190940012403e-06
6.334495724189690e-06
8.029382204204823e-06
1.086624532705717e-05
7.760964758813567e-06
3.654604642694121e-06
8.298902438569623e-06
2.941321523269780e-05
7.787701641574568e-05
1.122021434815358e-04
1.855207177281310e-04
3.533061021186060e-04
6.600929055235597e-04
1.183675947077938e-03
2.026298253672274e-03
3.319101775510840e-03
5.218684578191371e-03
7.914137803730540e-03
1.165951647524449e-02
1.675879550956276e-02
2.361287643298479e-02
3.270085808462336e-02
4.459909500579176e-02
6.001939615225027e-02
8.031063961786790e-02
1.073822575329188e-01
1.428891849733844e-01
1.882181175553619e-01
2.461420092849147e-01
3.195246637735389e-01
4.099576992629840e-01
5.148596754450244e-01
6.228604665633535e-01
7.456123505137949e-01
9.999999999999999e-01
1.000000000000000e+00
1.000000000000000e+00
1.000000000000000e+00
1.000000000000000e+00
1.000000000000000e+00
1.000000000000000e+00
1.000000000000000e+00
1.000000000000000e+00
1.000000000000000e+00
1.000000000000000e+00
###6.800000000000002e+00
1.318595650431877e-07
-4.398121268779430e-07
8.213407010108855e-08
1.863844018919464e-07
6.711382587956126e-08
7.561866675496087e-09
1.834484819506048e-07
1.911450022237613e-07
2.127195911208579e-07
8.153291302482424e-08
9.655175587374047e-08
1.126776929387758e-07
8.395138861491551e-08
1.166573601136216e-07
1.287699901525322e-07
1.173189414685942e-07
6.594301557463451e-08
1.275825884893350e-07
1.306416653345010e-07
1.154193222894644e-07
1.369886651590151e-07
1.182911980369315e-07
1.259200428693414e-07
1.315416693408865e-07
1.381102330066428e-07
1.429603004857950e-07
1.536164708877976e-07
1.460852710226849e-07
1.660955244341091e-07
1.792567749062657e-07
1.950522330991688e-07
2.095501126749042e-07
2.216544716197282e-07
2.471758739247069e-07
2.736648782979013e-07
3.131059071089707e-07
3.528189451837735e-07
4.194740728072253e-07
4.917928729292042e-07
5.789849054995284e-07
7.009703897651607e-07
8.371849508361627e-07
1.000992172254756e-06
1.214688660576012e-06
1.472996382654873e-06
1.767675635928789e-06
2.117946940906435e-06
2.522829202680569e-06
2.987862628379064e-06
3.515000423507583e-06
4.088683834411249e-06
4.698716573246716e-06
5.313414377937833e-06
5.940633157778300e-06
6.423686445734034e-06
6.958032738920113e-06
7.586462596985700e-06
9.434349260799074e-06
1.231730366051527e-05
1.040334882470286e-05
8.272283466936303e-06
1.531761321745952e-05
3.931492663147708e-05
9.092401355168149e-05
1.388007176332459e-04
2.334790487524986e-04
4.309119517986835e-04
7.842146259742856e-04
1.377426253235151e-03
2.324071092747551e-03
3.767424820153594e-03
5.876181440653249e-03
8.853407924344109e-03
1.297220349599718e-02
1.855059178782423e-02
2.601682043233188e-02
3.585827903737641e-02
4.867631390119691e-02
6.519351139850982e-02
8.677320562585031e-02
1.152489893981530e-01
1.522295370674420e-01
1.988817146524836e-01
2.576726158100267e-01
3.309064473549141e-01
4.195337366243770e-01
5.208406211114420e-01
6.249599883267632e-01
7.457155002037285e-01
9.999999999999999e-01
1.000000000000000e+00
1.000000000000000e+00
1.000000000000000e+00
1.000000000000000e+00
1.000000000000000e+00
1.000000000000000e+00
1.000000000000000e+00
1.000000000000000e+00
1.000000000000000e+00
1.000000000000000e+00
###7.200000000000002e+00
1.304119244146567e-07
-4.452351326779758e-07
7.215845154669649e-08
1.941864556881065e-07
7.722714477050720e-08
-5.864885726179811e-08
1.899687425188049e-07
1.770296435526972e-07
2.138474210498472e-07
9.996190792172892e-08
1.154505025092495e-07
1.331688570159350e-07
1.117485294465745e-07
1.251773765905387e-07
1.435409803713857e-07
1.430482917446812e-07
8.873354927142478e-08
1.430594881568907e-07
1.479197064021652e-07
1.333700905144304e-07
1.556043197921080e-07
1.389396010619206e-07
1.478876284185571e-07
1.540964676928139e-07
1.595942259085474e-07
1.700881262465913e-07
1.799584374179050e-07
1.741418478118294e-07
1.942240981751435e-07
2.099551860461943e-07
2.282206877029090e-07
2.444229889147430e-07
2.630677840396276e-07
2.895251807238754e-07
3.201581128703784e-07
3.645762110348570e-07
4.165811041828991e-07
4.845190981278740e-07
5.660061032232924e-07
6.634424363514864e-07
7.989363741869646e-07
9.498013954298514e-07
1.133375777159527e-06
1.370786332774560e-06
1.649287062877695e-06
1.982120771697114e-06
2.372100015624042e-06
2.820862439724114e-06
3.331418789910267e-06
3.927768438972631e-06
4.571736928406081e-06
5.261594144001734e-06
5.993574981501861e-06
6.754543436418807e-06
7.415699204629916e-06
8.185674035974327e-06
9.161144143799238e-06
1.134376001519595e-05
1.464470487362294e-05
1.427057402308523e-05
1.460719435302213e-05
2.478069402510455e-05
5.310798515168406e-05
1.099976612451111e-04
1.733046062457668e-04
2.920150276442238e-04
5.225935892546156e-04
9.276799832136000e-04
1.597070899492658e-03
2.655841357559822e-03
4.256900904762819e-03
6.582847723419084e-03
9.853535801578418e-03
1.435805499808300e-02
2.042866715720628e-02
2.852004178783533e-02
3.912631541153752e-02
5.287928980598471e-02
7.049129756366571e-02
9.332006887133346e-02
1.232079493796533e-01
1.615822003199120e-01
2.095223138995854e-01
2.691301836407856e-01
3.422162136969619e-01
4.291972820498851e-01
5.273658044786924e-01
6.278489741669595e-01
7.466978941362975e-01
9.999999999999999e-01
1.000000000000000e+00
1.000000000000000e+00
1.000000000000000e+00
1.000000000000000e+00
1.000000000000000e+00
1.000000000000000e+00
1.000000000000000e+00
1.000000000000000e+00
1.000000000000000e+00
1.000000000000000e+00
###7.600000000000002e+00
1.357121228886419e-07
-4.538529389423745e-07
7.362018921525935e-08
2.483092204183308e-07
1.259524246252827e-07
-1.029882286861623e-07
1.958322520392559e-07
2.226681936557570e-07
2.350070509771136e-07
1.285965715541181e-07
1.489579522495353e-07
1.651908870099861e-07
1.417840573832893e-07
1.566979457152603e-07
1.688417771506110e-07
1.719941180413919e-07
1.224366154195377e-07
1.705605242889396e-07
1.323042477519848e-07
1.683329956681394e-07
1.889042254731099e-07
1.735031878264143e-07
1.835452735245716e-07
1.898061112151304e-07
1.984053901331460e-07
2.077568065633399e-07
2.193104520614749e-07
2.176939291468497e-07
2.399489323612735e-07
2.556835642353640e-07
2.755450755968341e-07
2.956107535314979e-07
3.108798645392712e-07
3.479827127924579e-07
3.835165927735703e-07
4.310221267456621e-07
4.935609093451369e-07
5.665564849832043e-07
6.584595776614487e-07
7.685946538759837e-07
9.161233411517945e-07
1.083842434058860e-06
1.289800162148652e-06
1.550584182876106e-06
1.853481929738683e-06
2.232311286582305e-06
2.654947197272196e-06
3.159478475878811e-06
3.728081501902841e-06
4.386401508534793e-06
5.120183301666125e-06
5.910894053678163e-06
6.770620239205090e-06
7.716987175902413e-06
8.622291409649307e-06
9.721526199102172e-06
1.119258282737187e-05
1.394759014878579e-05
1.797621570770221e-05
1.950822137329240e-05
2.293625882508032e-05
3.711401539362513e-05
7.100762244758561e-05
1.354970600969627e-04
2.160598208451009e-04
3.623037936342650e-04
6.299125123257779e-04
1.091508547626404e-03
1.843639631445146e-03
3.021730770227262e-03
4.789655551934464e-03
7.343352853146698e-03
1.091754564690816e-02
1.581894805955596e-02
2.239784967503654e-02
3.112550008820582e-02
4.250867072402735e-02
5.720456455528795e-02
7.592148922715840e-02
9.998785229373142e-02
1.312285117182808e-01
1.709827545159600e-01
2.201395405630999e-01
2.804886118092847e-01
3.533983916686362e-01
4.389167671151286e-01
5.341786259232170e-01
6.313964280397888e-01
7.481521408730374e-01
9.999999999999999e-01
1.000000000000000e+00
1.000000000000000e+00
1.000000000000000e+00
1.000000000000000e+00
1.000000000000000e+00
1.000000000000000e+00
1.000000000000000e+00
1.000000000000000e+00
1.000000000000000e+00
1.000000000000000e+00
###8.000000000000002e+00
1.600237629730068e-07
-4.708856038557980e-07
9.897428698989138e-08
2.764696457958165e-07
1.451498365642240e-07
-8.833500384538622e-08
2.192034610866714e-07
2.434511855472796e-07
3.090097363754421e-07
1.743189951510365e-07
1.879324054109176e-07
2.142155035219865e-07
1.777417762949577e-07
1.900071720524651e-07
2.022535278632150e-07
2.058466411305979e-07
1.632315524156388e-07
2.062765934486299e-07
1.709911075023243e-07
2.038977527931058e-07
2.279676863891819e-07
2.197111908403417e-07
2.254079048930295e-07
2.340300815543069e-07
2.471229204748958e-07
2.550300521965102e-07
2.670487031597662e-07
2.694199424143021e-07
2.929591601107254e-07
3.114249473586044e-07
3.339821035629347e-07
3.561311657871570e-07
3.767325215103461e-07
4.183939466170813e-07
4.577249522592178e-07
5.107060449628769e-07
5.814983820221015e-07
6.642980629559921e-07
7.660665928151239e-07
8.880594066822388e-07
1.051517339202172e-06
1.235827165766512e-06
1.464383302979538e-06
1.749536823830419e-06
2.065756322346373e-06
2.502723757245873e-06
2.972617048580391e-06
3.531777248496229e-06
4.170739076310839e-06
4.906468864112955e-06
5.736844623930948e-06
6.642431039030302e-06
7.665871913845146e-06
8.843096829225517e-06
1.007414475952904e-05
1.160893568630194e-05
1.370113369465500e-05
1.731709434640756e-05
2.239042891373001e-05
2.637457371820396e-05
3.352554968306992e-05
5.267898913713107e-05
9.356999114792773e-05
1.678555939907342e-04
2.697937383840401e-04
4.448179859729738e-04
7.534925243389620e-04
1.277383911681048e-03
2.117947683557971e-03
3.423294022190005e-03
5.366671280045096e-03
8.158502638648217e-03
1.204906739542768e-02
1.735724732821620e-02
2.445578076893087e-02
3.383686888413429e-02
4.600599841766022e-02
6.164728094501912e-02
8.146699458319950e-02
1.067709741706620e-01
1.393476669758671e-01
1.804271990614958e-01
2.307327561834302e-01
2.918067520643471e-01
3.645806019337056e-01
4.487347456514122e-01
5.413967497995077e-01
6.355915266060295e-01
7.501937657450415e-01
9.999999999999999e-01
1.000000000000000e+00
1.000000000000000e+00
1.000000000000000e+00
1.000000000000000e+00
1.000000000000000e+00
1.000000000000000e+00
1.000000000000000e+00
1.000000000000000e+00
1.000000000000000e+00
1.000000000000000e+00
###8.400000000000002e+00
1.371961152776520e-07
-4.545360097424605e-07
3.517548444476842e-07
2.759549753271197e-07
1.302699017158965e-07
-1.193954648778879e-07
2.447740411718314e-07
2.724614491089659e-07
3.422967537616330e-07
2.289089306624183e-07
2.291757103173752e-07
2.506618185938719e-07
2.352059554702693e-07
2.315650486171397e-07
2.482325080777765e-07
2.461792928548044e-07
2.075291989419660e-07
2.471529297301318e-07
2.168124365856487e-07
2.486542019014423e-07
2.725849149992413e-07
2.684437358202522e-07
2.732930828659686e-07
2.843685451729515e-07
2.996763504973624e-07
3.091094166213066e-07
3.256862679261536e-07
3.290251766479999e-07
3.553304010037397e-07
3.788025497180406e-07
4.012126668921258e-07
4.268704398648853e-07
4.525330213563028e-07
4.984175590133604e-07
5.446816492896680e-07
6.027911980120282e-07
6.827712775621110e-07
7.757582522036745e-07
8.878271308714338e-07
1.023771709028926e-06
1.201861891480478e-06
1.404819686846271e-06
1.658387911049300e-06
1.971920995350793e-06
2.321403844768079e-06
2.800318360365506e-06
3.322786405102941e-06
3.953248724251689e-06
4.660412657732659e-06
5.491523322496096e-06
6.432394225314880e-06
7.482876508656548e-06
8.717930520320149e-06
1.018047837254880e-05
1.180738889529745e-05
1.390360493880329e-05
1.680341196145476e-05
2.156548173036393e-05
2.814482624308416e-05
3.503705921028627e-05
4.664244462333108e-05
7.177107114876822e-05
1.212913859634257e-04
2.078181923675520e-04
3.315756847622330e-04
5.409499942876327e-04
8.957056261059836e-04
1.486264381511249e-03
2.421547095948461e-03
3.862948730828873e-03
5.991177147198321e-03
9.032607163742538e-03
1.324734117098953e-02
1.897772848952160e-02
2.660921418530877e-02
3.664657776575567e-02
4.961748142744919e-02
6.620658671072419e-02
8.711534354367051e-02
1.136602459433688e-01
1.475282957817422e-01
1.899158420440787e-01
2.413356676264345e-01
3.030515965504672e-01
3.757146764173060e-01
4.586542346202191e-01
5.489296715676811e-01
6.403950134325478e-01
7.525303562572612e-01
9.999999999999999e-01
1.000000000000000e+00
1.000000000000000e+00
1.000000000000000e+00
1.000000000000000e+00
1.000000000000000e+00
1.000000000000000e+00
1.000000000000000e+00
1.000000000000000e+00
1.000000000000000e+00
1.000000000000000e+00
###8.800000000000002e+00
1.404976070023946e-07
-4.225353960082470e-07
3.623346580325784e-07
2.855028841520493e-07
1.235170482128234e-07
-9.487591988006981e-08
3.001066711833812e-07
3.168159883398901e-07
3.791732171010864e-07
2.807063906592806e-07
2.810648774685751e-07
2.969653007232902e-07
2.836884480374879e-07
2.865548395154069e-07
2.900941229308377e-07
2.959081817621641e-07
2.591588635615382e-07
2.971499138155336e-07
2.724292525646910e-07
3.027767026748075e-07
3.411752471271220e-07
3.252018798450925e-07
3.292729662279088e-07
3.466877467077429e-07
3.633990182186699e-07
3.710371678760354e-07
3.922666970888463e-07
3.990845129358587e-07
4.290622919876348e-07
4.588494428148694e-07
4.828290271644809e-07
5.129212126463457e-07
5.436100821267938e-07
5.937092837368388e-07
6.463765150722164e-07
7.148424620343967e-07
8.055055866362977e-07
9.034773291832879e-07
1.027248398465181e-06
1.178257715235548e-06
1.373860811047128e-06
1.598348800136223e-06
1.878541566014112e-06
2.220920952411290e-06
2.609544012283087e-06
3.131964207559711e-06
3.711632565154296e-06
4.410687728802207e-06
5.197966593571835e-06
6.149701352728972e-06
7.227766718727336e-06
8.457927254980810e-06
9.952233578357266e-06
1.175064863784459e-05
1.386732159832928e-05
1.669010512074958e-05
2.060253323270948e-05
2.673216071003358e-05
3.531307301237806e-05
4.566168592259834e-05
6.260227479269982e-05
9.481272954985923e-05
1.546299235721350e-04
2.559868030332717e-04
4.040571546835186e-04
6.512344189805357e-04
1.056658123470398e-03
1.720259769064585e-03
2.757848545167231e-03
4.342614591182946e-03
6.664224812862021e-03
9.964594190082218e-03
1.451484269609143e-02
2.067816694113181e-02
2.885593550714880e-02
3.956605148439065e-02
5.334801167064220e-02
7.089066867314514e-02
9.290425492300314e-02
1.206587617250291e-01
1.558243264098375e-01
1.994532575324129e-01
2.519439861998058e-01
3.142625392482577e-01
3.868196162574621e-01
4.686320927482417e-01
5.567156375733879e-01
6.454750524576289e-01
7.554365071883475e-01
9.999999999999999e-01
1.000000000000000e+00
1.000000000000000e+00
1.000000000000000e+00
1.000000000000000e+00
1.000000000000000e+00
1.000000000000000e+00
1.000000000000000e+00
1.000000000000000e+00
1.000000000000000e+00
1.000000000000000e+00
###9.200000000000003e+00
1.281134639731412e-07
-3.875828494201602e-07
3.700930448339106e-07
3.166683614021238e-07
1.226407885983962e-07
-8.277236198361164e-08
3.411861187553544e-07
3.583015630347301e-07
4.205540396725495e-07
3.381032151942362e-07
3.268339315273893e-07
3.504528180837345e-07
3.373407698692222e-07
3.374690391825749e-07
3.412695554241551e-07
3.538997663698741e-07
3.215801979923124e-07
3.555657324972184e-07
3.365925924231959e-07
3.659134344838349e-07
4.031775565323549e-07
3.919106752720199e-07
4.004670852206077e-07
4.192429949102173e-07
4.368913114958549e-07
4.486033275050200e-07
4.706805698832764e-07
4.820175629312281e-07
5.122931881981943e-07
5.472429189596252e-07
5.769747411188648e-07
6.116077725944680e-07
6.478360286601235e-07
7.055044144500075e-07
7.639049768150424e-07
8.384121722525387e-07
9.418298681639819e-07
1.049579647282435e-06
1.188212921066797e-06
1.353943523935796e-06
1.568638594008320e-06
1.817485688742770e-06
2.125226189758106e-06
2.499040315693825e-06
2.933359444443014e-06
3.498894214266403e-06
4.136099885203055e-06
4.924389814808431e-06
5.816951126590958e-06
6.897211280669357e-06
8.134017151487281e-06
9.568883952847728e-06
1.138393049924234e-05
1.359944281806685e-05
1.631229168423450e-05
2.002141312708824e-05
2.518578893275977e-05
3.303492410481381e-05
4.412073321488988e-05
5.855253555896083e-05
8.158205005780863e-05
1.223032043343376e-04
1.941465344314215e-04
3.127712327023356e-04
4.880630561341036e-04
7.762547634027090e-04
1.237353031386672e-03
1.979913596910035e-03
3.127778440836845e-03
4.863050045511706e-03
7.388726099391548e-03
1.095865274226998e-02
1.585759590850143e-02
2.246598160764262e-02
3.120464707040480e-02
4.259355253054731e-02
5.720048821429907e-02
7.570846962551583e-02
9.883298732907916e-02
1.277946670450567e-01
1.642107111674853e-01
2.090377872094518e-01
2.625561470611171e-01
3.254604524007604e-01
3.979190303814588e-01
4.786857232209917e-01
5.648251508039819e-01
6.509446769531373e-01
7.587403790535189e-01
9.999999999999999e-01
1.000000000000000e+00
1.000000000000000e+00
1.000000000000000e+00
1.000000000000000e+00
1.000000000000000e+00
1.000000000000000e+00
1.000000000000000e+00
1.000000000000000e+00
1.000000000000000e+00
1.000000000000000e+00
###9.600000000000003e+00
1.089706524397406e-07
-3.869821096280978e-07
4.060018819831950e-07
3.304578508453378e-07
1.477960854033100e-07
-4.607884842539405e-08
3.733715532254119e-07
4.174093274766628e-07
4.758321962346370e-07
4.074380614992805e-07
4.013251327348605e-07
4.110561681458110e-07
3.971100862608423e-07
3.984180172927982e-07
4.043222267708868e-07
4.165846561908092e-07
3.920246544671028e-07
4.217182577720376e-07
4.073509505549342e-07
4.367497541453440e-07
4.741304299797590e-07
4.677028797798357e-07
4.790674283770397e-07
5.002235946589303e-07
5.205396006028047e-07
5.360969174934813e-07
5.612560523487337e-07
5.772447912565670e-07
6.109351505736968e-07
6.493515324701298e-07
6.849845680482405e-07
7.256832882553682e-07
7.676860643858650e-07
8.325680002616414e-07
8.965146057137393e-07
9.811771299927942e-07
1.097718554475206e-06
1.218166795032170e-06
1.369543413002230e-06
1.550388914542051e-06
1.784322954032398e-06
2.061301843880744e-06
2.400783601881103e-06
2.813189861082197e-06
3.294896346472194e-06
3.913030575441149e-06
4.623112708508497e-06
5.499067228765006e-06
6.499401763067183e-06
7.745449373359790e-06
9.182305522738810e-06
1.085213389786550e-05
1.302806231362833e-05
1.576543141056133e-05
1.922366219065988e-05
2.395618872595616e-05
3.063503323606995e-05
4.060907457542102e-05
5.396084239770900e-05
7.384124040808988e-05
1.039565514060510e-04
1.544677900768634e-04
2.402510852319306e-04
3.787649329839837e-04
5.845028963367625e-04
9.160642837714667e-04
1.439475402828374e-03
2.267056397443792e-03
3.532431667702922e-03
5.427021006667140e-03
8.163333210187980e-03
1.201588716228085e-02
1.727423206881095e-02
2.434055510815992e-02
3.364850859767003e-02
4.573985979171540e-02
6.117387615765985e-02
8.065073745585002e-02
1.048858469404621e-01
1.350406944521195e-01
1.727120817555433e-01
2.187147937001400e-01
2.732054326377877e-01
3.366981433370644e-01
4.090394143633705e-01
4.888126775390322e-01
5.731484326466466e-01
6.568434592234158e-01
7.623755016089607e-01
9.999999999999999e-01
1.000000000000000e+00
1.000000000000000e+00
1.000000000000000e+00
1.000000000000000e+00
1.000000000000000e+00
1.000000000000000e+00
1.000000000000000e+00
1.000000000000000e+00
1.000000000000000e+00
1.000000000000000e+00
###1.000000000000000e+01
1.449797982953215e-07
-4.154075464869661e-07
3.950437209243161e-07
3.557901879278710e-07
1.797704586448330e-07
-7.513576093131176e-09
4.027454115859571e-07
4.777177171108414e-07
5.499020754146882e-07
5.051536564287323e-07
4.734198083831295e-07
4.735435062453400e-07
4.655945751536177e-07
4.590750025480792e-07
4.734878731226982e-07
4.874814792242160e-07
4.675500413721714e-07
4.971132471391017e-07
4.855432655811286e-07
5.175486712210499e-07
5.555937874025313e-07
5.540712318240031e-07
5.686745681443722e-07
5.925224998542804e-07
6.148987154534875e-07
6.358555784752469e-07
6.646478945081266e-07
6.881644312755980e-07
7.236448075793731e-07
7.671144916333401e-07
8.081293924649892e-07
8.551007728529616e-07
9.057355858394734e-07
9.804131088787675e-07
1.051632493668668e-06
1.145242239150045e-06
1.271751397568924e-06
1.406772875938946e-06
1.576287059014548e-06
1.774351972105118e-06
2.033658357004536e-06
2.335714496115742e-06
2.707942992761344e-06
3.163561310405611e-06
3.701942667576942e-06
4.377604244434076e-06
5.169745192921611e-06
6.146043340323565e-06
7.218146624076367e-06
8.702601731280094e-06
1.035394148524898e-05
1.232922649192873e-05
1.495094596758485e-05
1.829827738320206e-05
2.262763237740712e-05
2.857860390701184e-05
3.705962992837782e-05
4.946938890621890e-05
6.655241979356521e-05
9.192289414815023e-05
1.301324717380058e-04
1.918104977090003e-04
2.934869565542659e-04
4.545075569733365e-04
6.943756190395544e-04
1.073778635601218e-03
1.664202317998055e-03
2.582955675859186e-03
3.973260404553501e-03
6.037040047488271e-03
8.996217306661581e-03
1.313749357816785e-02
1.877011868496037e-02
2.630723199542364e-02
3.620077984170444e-02
4.899847655360495e-02
6.527186322040111e-02
8.573025441913953e-02
1.110717211785633e-01
1.424304303004544e-01
1.813043448068814e-01
2.284773017108191e-01
2.838886236061338e-01
3.479295260889543e-01
4.201663599164555e-01
4.989759029335982e-01
5.815881143170557e-01
6.630057945605855e-01
7.662484960844055e-01
9.999999999999999e-01
1.000000000000000e+00
1.000000000000000e+00
1.000000000000000e+00
1.000000000000000e+00
1.000000000000000e+00
1.000000000000000e+00
1.000000000000000e+00
1.000000000000000e+00
1.000000000000000e+00
1.000000000000000e+00
###1.040000000000000e+01
1.792260077609063e-08
-5.935500492389741e-07
4.555135830782816e-07
3.705207111411959e-07
2.028443198538179e-07
2.392685735185850e-08
4.747759824166893e-07
5.386858433944390e-07
5.827452522960525e-07
5.472800580955915e-07
5.083933422226626e-07
5.196982099044743e-07
5.129764406758677e-07
5.092699007057899e-07
5.252417673583728e-07
5.409575671901475e-07
5.257424205802612e-07
5.561082098497406e-07
5.498308995638849e-07
5.829533465573133e-07
6.223398754436772e-07
6.258955423176894e-07
6.440705189838512e-07
6.711117282184396e-07
6.931296071652600e-07
7.231814533631304e-07
7.557112384525717e-07
7.844805190511379e-07
8.248137526465007e-07
8.732612911360054e-07
9.205434497555514e-07
9.766344984573403e-07
1.034003683232693e-06
1.115663431825092e-06
1.197601844357490e-06
1.303482072417593e-06
1.440920566679696e-06
1.590178634138791e-06
1.777541058179773e-06
1.999170356497654e-06
2.286751810857908e-06
2.612429008173712e-06
3.021510679458425e-06
3.522794522384759e-06
4.117192201692760e-06
4.860264301754253e-06
5.742610876628203e-06
6.837121901237561e-06
8.018886218714421e-06
9.749707288359858e-06
1.166972874095840e-05
1.402503458114958e-05
1.716431272335605e-05
2.120402543281680e-05
2.658089135627326e-05
3.398920828891251e-05
4.455421982153441e-05
5.989184994734986e-05
8.127674392535585e-05
1.128753956153766e-04
1.604017062329873e-04
2.349549208959499e-04
3.545120797218555e-04
5.407567531841779e-04
8.179127112822685e-04
1.249832326231071e-03
1.913192763025481e-03
2.930165206192832e-03
4.451522288161870e-03
6.694087445268301e-03
9.887209081689928e-03
1.433033203202795e-02
2.035240949583059e-02
2.837417404437636e-02
3.886257803619434e-02
5.237361681195244e-02
6.948854041454350e-02
9.095025361631692e-02
1.173920968880474e-01
1.499468007877233e-01
1.900277430735859e-01
2.382990425912690e-01
2.946257742211587e-01
3.591603626255530e-01
4.313245980403079e-01
5.092293091448518e-01
5.901394602374112e-01
6.693638308996365e-01
7.703873367514341e-01
9.999999999999999e-01
1.000000000000000e+00
1.000000000000000e+00
1.000000000000000e+00
1.000000000000000e+00
1.000000000000000e+00
1.000000000000000e+00
1.000000000000000e+00
1.000000000000000e+00
1.000000000000000e+00
1.000000000000000e+00
###1.080000000000000e+01
2.721460530475804e-08
-6.090264566596611e-07
4.575801604274745e-07
3.946468691144451e-07
2.399941874295946e-07
6.632420673015806e-08
5.091444304178861e-07
5.767368132340625e-07
4.019918501385679e-07
5.979251469196144e-07
5.413663469714396e-07
5.732209489980430e-07
5.795285106888350e-07
5.680034171315289e-07
5.853798262142277e-07
6.016036954533654e-07
5.927926953228941e-07
6.237039718838028e-07
6.222162028199359e-07
6.569831188144659e-07
6.983083150606419e-07
7.071668849119306e-07
7.293129250077757e-07
7.600314644890655e-07
7.864121067051010e-07
8.212200121862609e-07
8.584120168643686e-07
8.927697719424893e-07
9.391209662274050e-07
9.932790448035292e-07
1.047976880010178e-06
1.111061725528157e-06
1.180125900848870e-06
1.267992397234199e-06
1.361942227860025e-06
1.479463509782878e-06
1.630458040095512e-06
1.796649672157648e-06
2.003111551242271e-06
2.248974303197178e-06
2.561851245783431e-06
2.921105724069673e-06
3.370916410136755e-06
3.920787597256837e-06
4.578983291428284e-06
5.373404487202072e-06
6.383433421463532e-06
7.607793585761729e-06
8.954247225356097e-06
1.092417425954944e-05
1.316742176218312e-05
1.596444915667318e-05
1.971606685250544e-05
2.457921243169714e-05
3.116075923567433e-05
4.028331774264995e-05
5.326339428521486e-05
7.199065517827155e-05
9.836271776462656e-05
1.371046776730939e-04
1.949908970974131e-04
2.839481069911208e-04
4.237363259585112e-04
6.382153474443078e-04
9.562012728640175e-04
1.444931725258799e-03
2.186480892604592e-03
3.308253841223414e-03
4.971097116660957e-03
7.400890157185672e-03
1.083975393821195e-02
1.559518595782012e-02
2.201520105558644e-02
3.053529954669982e-02
4.163256873450871e-02
5.587477836828050e-02
7.384908290677714e-02
9.630317374093930e-02
1.238601161979325e-01
1.575908658019227e-01
1.988449051219455e-01
2.482119969618674e-01
3.054156305350034e-01
3.704431080605172e-01
4.425052315899279e-01
5.196096678826050e-01
5.989262898469588e-01
6.760981257571366e-01
7.747813316035046e-01
9.999999999999999e-01
1.000000000000000e+00
1.000000000000000e+00
1.000000000000000e+00
1.000000000000000e+00
1.000000000000000e+00
1.000000000000000e+00
1.000000000000000e+00
1.000000000000000e+00
1.000000000000000e+00
1.000000000000000e+00
###1.120000000000000e+01
8.975666373212302e-09
-5.301094089459646e-07
4.491524119048734e-07
3.937325620138180e-07
2.595726281610910e-07
1.012694098367089e-07
5.745876978756767e-07
6.167708174815360e-07
4.419740732117330e-07
6.314690862677639e-07
5.810949155982911e-07
6.133967388669581e-07
6.245312347772491e-07
6.170633004191364e-07
6.372107458835617e-07
6.564808104018677e-07
6.530178526227749e-07
6.872121990490168e-07
6.891534689684063e-07
7.264031203380039e-07
7.700781643124809e-07
7.845406542733216e-07
8.111375689570320e-07
8.463153384186920e-07
8.776572421872035e-07
9.172448323750350e-07
9.598120912926446e-07
1.003347356745551e-06
1.054690554754178e-06
1.114473336217478e-06
1.176165247533750e-06
1.247330237912759e-06
1.326236316918259e-06
1.424445881545109e-06
1.530308751912850e-06
1.660976112743198e-06
1.826831677920616e-06
2.011960180834561e-06
2.239435553767213e-06
2.511183594591048e-06
2.850187468711419e-06
3.247562641944814e-06
3.740940512839044e-06
4.347831576575430e-06
5.077349621774190e-06
5.963004621951259e-06
7.080222170214491e-06
8.450924817322797e-06
1.001597300050012e-05
1.222222138346675e-05
1.485053739272683e-05
1.814070397434595e-05
2.261139508618792e-05
2.844690060528282e-05
3.641587475427484e-05
4.751832363339514e-05
6.328976950129947e-05
8.594902999710636e-05
1.179949871612440e-04
1.648002971339312e-04
2.342810505302740e-04
3.395225832360781e-04
5.016293762073521e-04
7.470859112707198e-04
1.109884802387911e-03
1.660480426567031e-03
2.485788403758011e-03
3.720130565447192e-03
5.532648039254317e-03
8.159235683833779e-03
1.185315306118323e-02
1.693482584469782e-02
2.376574603143239e-02
3.279739333304087e-02
4.451536183540416e-02
5.950029362274332e-02
7.834809251273903e-02
1.018053178970201e-01
1.304719821708973e-01
1.653722159957696e-01
2.077976695198028e-01
2.582415754111987e-01
3.162768954147425e-01
3.817556409826005e-01
4.537338797481543e-01
5.300421054291440e-01
6.079158434488328e-01
6.829127425274986e-01
7.793796049087225e-01
9.999999999999999e-01
1.000000000000000e+00
1.000000000000000e+00
1.000000000000000e+00
1.000000000000000e+00
1.000000000000000e+00
1.000000000000000e+00
1.000000000000000e+00
1.000000000000000e+00
1.000000000000000e+00
1.000000000000000e+00
###1.160000000000000e+01
-6.154573443382751e-08
-5.250320174198042e-07
4.166507100115400e-07
4.020972713271614e-07
2.598944625229746e-07
1.355806265806765e-07
6.187414419632420e-07
6.423240208996406e-07
4.733306412845830e-07
6.604285404395325e-07
6.160233885949763e-07
6.444873677263318e-07
6.611360056548087e-07
6.679863561388967e-07
6.852322702576385e-07
7.076847381748721e-07
7.115348309496397e-07
7.459071870421673e-07
7.556731390588462e-07
7.937876116398217e-07
8.389627750273187e-07
8.607787801664608e-07
8.937494533712511e-07
9.318794238803801e-07
9.686466840915332e-07
1.013809968264580e-06
1.062516135754200e-06
1.112467729552439e-06
1.173536451138067e-06
1.237842147226589e-06
1.308062767706038e-06
1.388304766805268e-06
1.479102196755743e-06
1.586691324893849e-06
1.704945915466224e-06
1.849047473052145e-06
2.033338033900127e-06
2.238884389607251e-06
2.488783568080820e-06
2.788353095887303e-06
3.157860375188029e-06
3.595917179465815e-06
4.139664044152732e-06
4.804574919187605e-06
5.614566061939038e-06
6.599977092299785e-06
7.847339383158486e-06
9.385712375481139e-06
1.119462994561619e-05
1.368937316591824e-05
1.674796844242638e-05
2.061743548465312e-05
2.583803685771340e-05
3.287736757611927e-05
4.245202151361836e-05
5.582320025336160e-05
7.476177316563038e-05
1.019198859050587e-04
1.403958727319696e-04
1.963194216842804e-04
2.786892608697134e-04
4.019424646656215e-04
5.890038741911019e-04
8.687073008455684e-04
1.280400354475927e-03
1.897464269246610e-03
2.812498338432581e-03
4.166845366057692e-03
6.139095054382871e-03
8.970884826085282e-03
1.293138856484765e-02
1.835201471984519e-02
2.560868187452156e-02
3.516733858644795e-02
4.751990687259008e-02
6.325928731248384e-02
8.298666717050864e-02
1.074547563899181e-01
1.372283678036075e-01
1.732903820015964e-01
2.168786649581523e-01
2.683470707954221e-01
3.271933311645944e-01
3.931183686299768e-01
4.649976675154022e-01
5.405319232347688e-01
6.170471486626067e-01
6.899386332735583e-01
7.841793491510667e-01
9.999999999999999e-01
1.000000000000000e+00
1.000000000000000e+00
1.000000000000000e+00
1.000000000000000e+00
1.000000000000000e+00
1.000000000000000e+00
1.000000000000000e+00
1.000000000000000e+00
1.000000000000000e+00
1.000000000000000e+00
###1.200000000000001e+01
-4.579913982582513e-08
-4.999662218681699e-07
4.354040041870217e-07
4.405492700838283e-07
3.743684103994266e-07
1.854753928819414e-07
6.745534956634931e-07
7.073894574432041e-07
5.457372208095407e-07
7.261108179361011e-07
6.862778413226580e-07
7.167619817926145e-07
7.238684863951769e-07
7.465986751558754e-07
7.668707018220495e-07
7.907739870516999e-07
8.016867840976792e-07
8.389698731155611e-07
8.544666956870893e-07
8.962524029177034e-07
9.448453068561785e-07
9.730079403393045e-07
1.011370066854776e-06
1.054748880454329e-06
1.098179504468737e-06
1.149559338556575e-06
1.205527113919347e-06
1.262604911286457e-06
1.331740085416285e-06
1.403670879858442e-06
1.484563426491743e-06
1.575105528612706e-06
1.678033856103282e-06
1.797939833674744e-06
1.929474378527654e-06
2.091695717590440e-06
2.294352082876368e-06
2.521798042787064e-06
2.796778974176058e-06
3.127180973846792e-06
3.534483634119322e-06
4.015875355061264e-06
4.613143742812789e-06
5.350428894119911e-06
6.249984208160352e-06
7.325028255687270e-06
8.737828599603547e-06
1.047265010836800e-05
1.255642167090459e-05
1.538178963900537e-05
1.890952191826279e-05
2.346206879997998e-05
2.963294420116133e-05
3.792747726295049e-05
4.932573985132362e-05
6.535645210087146e-05
8.785824430421499e-05
1.200568155981422e-04
1.657695034506383e-04
2.319245760524155e-04
3.286309092498906e-04
4.718292491209950e-04
6.863625537996293e-04
1.003569951244375e-03
1.467920561057568e-03
2.156963465645007e-03
3.167494725859895e-03
4.650129185976540e-03
6.790262880130165e-03
9.839349285609483e-03
1.407711492827204e-02
1.984941280442000e-02
2.754705863037386e-02
3.764051765953853e-02
5.064708559325056e-02
6.715594915488460e-02
8.777875380559326e-02
1.132543843298176e-01
1.441431082157130e-01
1.813644463218665e-01
2.261044486524021e-01
2.785738858176741e-01
3.382052185491268e-01
4.045498788258960e-01
4.763119811333717e-01
5.511627801330002e-01
6.262844058435538e-01
6.972368653953813e-01
7.889870847019912e-01
9.999999999999999e-01
1.000000000000000e+00
1.000000000000000e+00
1.000000000000000e+00
1.000000000000000e+00
1.000000000000000e+00
1.000000000000000e+00
1.000000000000000e+00
1.000000000000000e+00
1.000000000000000e+00
1.000000000000000e+00
###1.240000000000001e+01
-4.152540757884534e-08
-4.892855626916142e-07
4.412869029260908e-07
4.506029524455443e-07
3.561650318060181e-07
2.091258101262796e-07
6.970074156070680e-07
7.302227794904467e-07
5.770629799145267e-07
7.550250793659931e-07
7.215974496997432e-07
7.556610268829238e-07
7.671866983409153e-07
7.937633837515492e-07
8.211715144031822e-07
8.461274774280052e-07
8.625868822623793e-07
9.033771363018343e-07
9.249632353287287e-07
9.711583597377114e-07
1.039360509587990e-06
1.058437323426344e-06
1.102481541473104e-06
1.151876153362296e-06
1.201985391895613e-06
1.260123954860689e-06
1.323459203229080e-06
1.386463231200774e-06
1.466297928677104e-06
1.545767875771928e-06
1.638653731365107e-06
1.740356344860971e-06
1.855988674169759e-06
1.989625220216211e-06
2.138544115797001e-06
2.317438031977899e-06
2.539244156667238e-06
2.790551992139361e-06
3.092806196255008e-06
3.456918337530846e-06
3.902325279064944e-06
4.429309098217958e-06
5.092480587946238e-06
5.897409522797414e-06
6.905102321826711e-06
8.108811443055533e-06
9.683182084975778e-06
1.163386567116426e-05
1.402507134215411e-05
1.724885145474779e-05
2.132497704816087e-05
2.667433481773052e-05
3.387973664830858e-05
4.366839257189067e-05
5.715773174519059e-05
7.612491668288686e-05
1.026649040683114e-04
1.406430771770661e-04
1.944239862531759e-04
2.718921429082370e-04
3.845525847052149e-04
5.496567685315129e-04
7.942382241684077e-04
1.152647916319253e-03
1.674094600031819e-03
2.440192211012799e-03
3.553130205863617e-03
5.171433288843530e-03
7.489246353918184e-03
1.076513080703497e-02
1.529317207579241e-02
2.142948930187525e-02
2.957994934692806e-02
4.022921209884225e-02
5.389958939890432e-02
7.118700470978621e-02
9.272421933269021e-02
1.192197054796394e-01
1.512211338285163e-01
1.896079215844783e-01
2.354694867232497e-01
2.889232760439395e-01
3.493061781925853e-01
4.160458509956472e-01
4.876752216927346e-01
5.618002356386138e-01
6.355588613983632e-01
7.046205361142717e-01
7.941071509922384e-01
9.999999999999999e-01
1.000000000000000e+00
1.000000000000000e+00
1.000000000000000e+00
1.000000000000000e+00
1.000000000000000e+00
1.000000000000000e+00
1.000000000000000e+00
1.000000000000000e+00
1.000000000000000e+00
1.000000000000000e+00
###1.280000000000001e+01
-4.581968921877829e-08
-4.930210399376750e-07
4.557501627570840e-07
4.671720351649760e-07
3.692410620910836e-07
2.368618912572181e-07
7.246152182450031e-07
7.571554748932410e-07
6.139717697209252e-07
7.812343908983409e-07
7.561987765796419e-07
7.920818160497741e-07
8.125345394611686e-07
8.461299951644732e-07
8.749451763883762e-07
9.045699761762805e-07
9.267331085882013e-07
9.714848733129882e-07
9.993903071170125e-07
1.050370381911165e-06
1.121853191871042e-06
1.149271008345158e-06
1.199484416732645e-06
1.255346097360632e-06
1.312781373751221e-06
1.378476833575573e-06
1.449741600401098e-06
1.521988940977389e-06
1.617007155759411e-06
1.700971086189165e-06
1.804559747196611e-06
1.918621291988809e-06
2.047940393647671e-06
2.196666757613674e-06
2.363038686677931e-06
2.561322487710780e-06
2.804954140613379e-06
3.083233547005303e-06
3.416914113766473e-06
3.814769697646679e-06
4.305033978338776e-06
4.887760454210646e-06
5.615307927403554e-06
6.504722770516960e-06
7.619076315380282e-06
8.971665057313204e-06
1.072905283146306e-05
1.293320512349515e-05
1.567083560305468e-05
1.934794119026610e-05
2.404618492791177e-05
3.025831631090291e-05
3.868806402341371e-05
5.017033200330849e-05
6.599051757045627e-05
8.829301269860750e-05
1.194032431371839e-04
1.637741541886168e-04
2.266190744522496e-04
3.165983192658738e-04
4.468375381099038e-04
6.359870366240419e-04
9.132262431492229e-04
1.316437793224302e-03
1.899380248192340e-03
2.747834954284913e-03
3.970400968483698e-03
5.731819651451400e-03
8.238148249933051e-03
1.175064688046465e-02
1.658191045875286e-02
2.309715257725696e-02
3.171502710273501e-02
4.293527469389750e-02
5.728969239881189e-02
7.537000399337808e-02
9.782315413152132e-02
1.253521299349902e-01
1.584629527124621e-01
1.980159021083661e-01
2.449888928186091e-01
2.993883550104123e-01
3.605056856265808e-01
4.276370680872414e-01
4.990984241388559e-01
5.725274041739363e-01
6.449686355900287e-01
7.122630298940549e-01
7.992902096202170e-01
9.999999999999999e-01
1.000000000000000e+00
1.000000000000000e+00
1.000000000000000e+00
1.000000000000000e+00
1.000000000000000e+00
1.000000000000000e+00
1.000000000000000e+00
1.000000000000000e+00
1.000000000000000e+00
1.000000000000000e+00
###1.320000000000001e+01
2.801316815008285e-10
-4.837460882538635e-07
4.627895240008454e-07
5.221123352638325e-07
3.486069275906623e-07
2.665771237809747e-07
7.548905596388293e-07
7.833908448150944e-07
6.514377737683830e-07
8.169930188342039e-07
7.978200069266437e-07
8.375580605314270e-07
8.626493711197091e-07
9.002912846017005e-07
9.339205005163277e-07
9.684979514080774e-07
9.969650516348901e-07
1.050302092469898e-06
1.080318080936945e-06
1.133703025879270e-06
1.222081054234534e-06
1.248308086845528e-06
1.305125539623798e-06
1.368162822724403e-06
1.433558520507850e-06
1.507414190316070e-06
1.587394508919594e-06
1.669809207826561e-06
1.773961544707857e-06
1.870203584642771e-06
1.985600712015306e-06
2.113253431853886e-06
2.257694304558240e-06
2.422680257515555e-06
2.607155870975319e-06
2.829064437223729e-06
3.095341892333981e-06
3.402543819607703e-06
3.768796884617270e-06
4.209102892139099e-06
4.749791913387898e-06
5.392704757997603e-06
6.191561196824362e-06
7.176661035286390e-06
8.412967725218929e-06
9.930201624403915e-06
1.189450961486983e-05
1.438024395344676e-05
1.750651081952669e-05
2.169225684071075e-05
2.711091878133121e-05
3.429554399172521e-05
4.410650264390811e-05
5.747764116272415e-05
7.595502459480887e-05
1.019759761169116e-04
1.382102652295147e-04
1.897093305490660e-04
2.625353204247349e-04
3.663657426866906e-04
5.158314968408558e-04
7.313942715819822e-04
1.044289778273025e-03
1.496097444373261e-03
2.145304182651841e-03
3.082160355374143e-03
4.421276239131653e-03
6.334787731243240e-03
9.038564425730963e-03
1.280016516911948e-02
1.794647742772273e-02
2.485321702634772e-02
3.395470229753510e-02
4.575930974564851e-02
6.081397715366416e-02
7.969923100004321e-02
1.030847837200227e-01
1.316535955180481e-01
1.658790596749871e-01
2.065736961461442e-01
2.546505022861406e-01
3.099976976061294e-01
3.718107641521449e-01
4.392824918209703e-01
5.105675454222398e-01
5.833215082104048e-01
6.544987922356360e-01
7.199262349194765e-01
8.046656887499757e-01
9.999999999999999e-01
1.000000000000000e+00
1.000000000000000e+00
1.000000000000000e+00
1.000000000000000e+00
1.000000000000000e+00
1.000000000000000e+00
1.000000000000000e+00
1.000000000000000e+00
1.000000000000000e+00
1.000000000000000e+00
###1.360000000000001e+01
-3.235061232527063e-09
-4.695037121057584e-07
4.662960960461599e-07
5.352405549150971e-07
3.649091099656956e-07
2.950077936040157e-07
7.796740718491397e-07
8.153090026221199e-07
6.928348102345999e-07
8.548296715901578e-07
8.403277964015007e-07
8.854176868222936e-07
9.152609320918175e-07
9.575125646849458e-07
9.961544183923831e-07
1.036014136685042e-06
1.070715181199897e-06
1.128650447941380e-06
1.166065997896574e-06
1.225464488788320e-06
1.317279470570919e-06
1.353458818406390e-06
1.417655015765504e-06
1.488512313891137e-06
1.562631458077166e-06
1.645381321876211e-06
1.734844856359140e-06
1.828203356385792e-06
1.942547592317899e-06
2.051899360394764e-06
2.180317400030171e-06
2.317802905609330e-06
2.484251474557923e-06
2.667039491816590e-06
2.871757655881521e-06
3.117915389454415e-06
3.410177584517518e-06
3.750493244742572e-06
4.151914960325045e-06
4.637530364595014e-06
5.230267390091155e-06
5.939750233295026e-06
6.826162202539283e-06
7.916320667913255e-06
9.292837782604648e-06
1.097595164939183e-05
1.318897809942972e-05
1.599063169659975e-05
1.952417518549504e-05
2.431922711604172e-05
3.054072923884099e-05
3.885211636029309e-05
5.019665856173703e-05
6.570367866834138e-05
8.712976167311550e-05
1.172934317586496e-04
1.592530199014233e-04
2.187179633377702e-04
3.025731516623873e-04
4.216149829147014e-04
5.921104300021605e-04
8.362639529387818e-04
1.188044661724279e-03
1.692478236022404e-03
2.412521440521216e-03
3.443445218391394e-03
4.906358870748909e-03
6.981171078273559e-03
9.891652005323461e-03
1.391521822772591e-02
1.939062464456759e-02
2.670495161731802e-02
3.630346222114234e-02
4.870850278290996e-02
6.447531066169405e-02
8.418736284667146e-02
1.085120024427073e-01
1.381266165358709e-01
1.734811230418055e-01
2.153243758151528e-01
2.644627820400349e-01
3.207373605297580e-01
3.832164985780904e-01
4.509975284418362e-01
5.221173665555383e-01
5.942098661779088e-01
6.641111399620419e-01
7.277315840507463e-01
8.101090325036682e-01
9.999999999999999e-01
1.000000000000000e+00
1.000000000000000e+00
1.000000000000000e+00
1.000000000000000e+00
1.000000000000000e+00
1.000000000000000e+00
1.000000000000000e+00
1.000000000000000e+00
1.000000000000000e+00
1.000000000000000e+00
###1.400000000000001e+01
7.137822225597539e-09
-4.530858914074149e-07
4.772696249086614e-07
2.980017248288480e-07
3.925937152111221e-07
3.871097746392706e-07
8.185215522941854e-07
8.524611340163142e-07
7.387287474259495e-07
8.847065708162022e-07
8.895164737079403e-07
9.384290489474273e-07
9.779701592159625e-07
1.020285304299441e-06
1.064126058582412e-06
1.109618346736958e-06
1.150885310066101e-06
1.213893468881736e-06
1.258998942504282e-06
1.324983027808689e-06
1.420971221509237e-06
1.467441072058700e-06
1.539658380793347e-06
1.619113364355484e-06
1.702662510713815e-06
1.795010793650394e-06
1.894793015811760e-06
2.000330980681401e-06
2.126018192018572e-06
2.249513424651849e-06
2.392665502154902e-06
2.546513326932523e-06
2.730442160892749e-06
2.933526579215760e-06
3.161772522693180e-06
3.433086212353254e-06
3.753704936537728e-06
4.128969316847129e-06
4.571552377506382e-06
5.106440632497162e-06
5.759354371366526e-06
6.542408280911733e-06
7.521778229481773e-06
8.730415195051726e-06
1.025996776142105e-05
1.212694929322133e-05
1.462342478601678e-05
1.777627134969826e-05
2.169631554927156e-05
2.724399719729253e-05
3.437282282496961e-05
4.391878563558283e-05
5.702306081259329e-05
7.489258467001087e-05
9.965005041231810e-05
1.344181391527451e-04
1.827041743951317e-04
2.509465131744732e-04
3.469670396276201e-04
4.826638044208476e-04
6.760893283626521e-04
9.514572595681528e-04
1.345263587701741e-03
1.906312506911068e-03
2.702302493681557e-03
3.833830111241209e-03
5.428214005108346e-03
7.672731581211204e-03
1.080083838746580e-02
1.509824193819538e-02
2.091506480798145e-02
2.865216865127077e-02
3.876509416756662e-02
5.178695446226225e-02
6.828471579477971e-02
8.883529382155353e-02
1.141129147446053e-01
1.447800478515937e-01
1.812529204750974e-01
2.242352423120271e-01
2.744411810855765e-01
3.316090939703731e-01
3.947213629220630e-01
4.628079220847839e-01
5.337467643134199e-01
6.051286094777526e-01
6.737539210135912e-01
7.356623592914655e-01
8.155798463363461e-01
9.999999999999999e-01
1.000000000000000e+00
1.000000000000000e+00
1.000000000000000e+00
1.000000000000000e+00
1.000000000000000e+00
1.000000000000000e+00
1.000000000000000e+00
1.000000000000000e+00
1.000000000000000e+00
1.000000000000000e+00
###1.440000000000001e+01
2.248073649379659e-08
-3.605987367373011e-07
4.812009947055235e-07
3.141296521431769e-07
4.144293262873793e-07
4.122243716362838e-07
8.582960823005899e-07
8.846482889912159e-07
7.819818847872129e-07
9.242859843093235e-07
9.336858900416091e-07
9.887318714333338e-07
1.033631078868151e-06
1.077010488963584e-06
1.130885441574240e-06
1.182203144733528e-06
1.230613865438706e-06
1.299283414840077e-06
1.352488244181635e-06
1.425601229310943e-06
1.526643063742441e-06
1.583752538916252e-06
1.664538106967084e-06
1.753413661122926e-06
1.847064902370728e-06
1.950131670616545e-06
2.061381787254225e-06
2.179580395645910e-06
2.318036108708667e-06
2.456712505715059e-06
2.615713727472422e-06
2.788018768124229e-06
2.990724338555443e-06
3.215886619965079e-06
3.469480848109775e-06
3.768680022743532e-06
4.121304605783939e-06
4.533856828825753e-06
5.023159572747870e-06
5.612407590582109e-06
6.330777019070225e-06
7.196556002203442e-06
8.276548911271212e-06
9.619092915456224e-06
1.131791730044604e-05
1.339995481843975e-05
1.620326543039906e-05
1.975605335189771e-05
2.423027988968899e-05
3.050508709396456e-05
3.864675844647766e-05
4.959029795306590e-05
6.463220448665554e-05
8.516986547052234e-05
1.136115674819228e-04
1.534991606866646e-04
2.087317928182178e-04
2.866838553875114e-04
3.960120376161228e-04
5.499639488980854e-04
7.683312266058440e-04
1.077412668958370e-03
1.516713548639641e-03
2.138523327251268e-03
3.015640846289542e-03
4.254534490268725e-03
5.987967229380442e-03
8.411661466423767e-03
1.176747645770719e-02
1.635175146094044e-02
2.252574625588728e-02
3.069907979504531e-02
4.134348939190942e-02
5.500085491222391e-02
7.224040557625112e-02
9.364968178786777e-02
1.198926704052343e-01
1.516209579713742e-01
1.892210223530948e-01
2.333295158686839e-01
2.845724902094321e-01
3.426265557225319e-01
4.063563517961772e-01
4.746859182591996e-01
5.454297091363128e-01
6.160995192198444e-01
6.834858960610214e-01
7.436299293938533e-01
8.212118399722808e-01
9.999999999999999e-01
1.000000000000000e+00
1.000000000000000e+00
1.000000000000000e+00
1.000000000000000e+00
1.000000000000000e+00
1.000000000000000e+00
1.000000000000000e+00
1.000000000000000e+00
1.000000000000000e+00
1.000000000000000e+00
###1.480000000000001e+01
4.952856753736377e-08
-3.487452856505579e-07
4.906230804200083e-07
3.388980405375819e-07
4.345193361326838e-07
4.473514708689619e-07
8.976165966305984e-07
9.196680597352318e-07
8.264929874912027e-07
9.670664692536210e-07
9.808491390478108e-07
1.041068518323533e-06
1.092382608389822e-06
1.139861432093517e-06
1.201216714982699e-06
1.259049741572433e-06
1.314771341575609e-06
1.389614437617229e-06
1.451295867300857e-06
1.532128791214535e-06
1.639104787689671e-06
1.707193924992331e-06
1.797250170586004e-06
1.896316469369222e-06
2.000905321845069e-06
2.115576482852027e-06
2.239199562316162e-06
2.370987593048829e-06
2.523280108666043e-06
2.678975063482948e-06
2.855216601556248e-06
3.047066074598527e-06
3.270811557318354e-06
3.520318070865990e-06
3.801243147082668e-06
4.131808565788554e-06
4.518552665034196e-06
4.974899358618033e-06
5.512870179974807e-06
6.162120545993751e-06
6.951637415638333e-06
7.909007289287284e-06
9.104111491014345e-06
1.059349010828043e-05
1.248052808383536e-05
1.482092057388126e-05
1.795570431444272e-05
2.195037247266230e-05
2.705518758894885e-05
3.413748832089732e-05
4.341026438506709e-05
5.593101733809494e-05
7.311596567771410e-05
9.660171993587050e-05
1.291494482883543e-04
1.746889269649646e-04
2.376327931707680e-04
3.261675938921219e-04
4.501188708221961e-04
6.238720168174616e-04
8.693527312548017e-04
1.214888861509180e-03
1.703268162191685e-03
2.390227776297176e-03
3.354123631815103e-03
4.706879512752697e-03
6.587720011416418e-03
9.199993447996789e-03
1.279441791444513e-02
1.767959161210796e-02
2.422319869024181e-02
3.285015860660292e-02
4.404022141034848e-02
5.835169137180958e-02
7.634797806331822e-02
9.863494875374383e-02
1.258566277494501e-01
1.586491268477586e-01
1.973756885641633e-01
2.426106344448141e-01
2.948690970562549e-01
3.537787484242945e-01
4.181047356428692e-01
4.866497820159261e-01
5.571806675117840e-01
6.271124263597391e-01
6.932620294585684e-01
7.516828568114553e-01
8.268495987814733e-01
9.999999999999999e-01
1.000000000000000e+00
1.000000000000000e+00
1.000000000000000e+00
1.000000000000000e+00
1.000000000000000e+00
1.000000000000000e+00
1.000000000000000e+00
1.000000000000000e+00
1.000000000000000e+00
1.000000000000000e+00
###1.520000000000001e+01
5.718551945282762e-08
-3.342514336422159e-07
5.121660240066285e-07
3.449797578007880e-07
4.577072772886936e-07
4.787993206141499e-07
9.334108055552569e-07
9.619057852611055e-07
8.701138446285584e-07
1.013009130811368e-06
1.032070772636164e-06
1.097725562022044e-06
1.154551519545099e-06
1.208385708398415e-06
1.275730004251040e-06
1.335904527499690e-06
1.403755782892092e-06
1.485240467826486e-06
1.555954125914129e-06
1.645088671068453e-06
1.758859732394948e-06
1.838469809572353e-06
1.938384310141749e-06
2.048674246761366e-06
2.165157929361400e-06
2.292290643643636e-06
2.429359560234207e-06
2.576192016782212e-06
2.743669900657582e-06
2.917363214757887e-06
3.112580187265310e-06
3.325925470542323e-06
3.572724479583146e-06
3.849270722888380e-06
4.159014453082942e-06
4.524034950315056e-06
4.949600782979641e-06
5.450054035270562e-06
6.042974912137971e-06
6.757364425176292e-06
7.630491032233615e-06
8.688683989462985e-06
1.001288217919217e-05
1.166004928183550e-05
1.376138992064622e-05
1.639124218826637e-05
1.989942259542853e-05
2.438701470478447e-05
3.018337339420989e-05
3.818308279711439e-05
4.871203348365832e-05
6.298365568201903e-05
8.256335796817098e-05
1.093171989852764e-04
1.463871558619402e-04
1.981564837699534e-04
2.696044627447852e-04
3.696964240852670e-04
5.095973714834339e-04
7.049271471541527e-04
9.796885539163614e-04
1.364707727032365e-03
1.905657683782027e-03
2.662433647122736e-03
3.718642774357922e-03
5.192292415818449e-03
7.229143034880816e-03
1.003988721452826e-02
1.388475307635279e-02
1.908328851534717e-02
2.601257469725789e-02
3.510971235402419e-02
4.686123054105117e-02
6.184530091690402e-02
8.061392647483188e-02
1.037955722546056e-01
1.320064169713306e-01
1.658662523632233e-01
2.057198861938886e-01
2.520707430627054e-01
3.053354394295643e-01
3.650873104276003e-01
4.299777145012421e-01
4.987073994623824e-01
5.690116715817386e-01
6.382152883295068e-01
7.030941020035468e-01
7.597439661349070e-01
8.325832772134805e-01
9.999999999999999e-01
1.000000000000000e+00
1.000000000000000e+00
1.000000000000000e+00
1.000000000000000e+00
1.000000000000000e+00
1.000000000000000e+00
1.000000000000000e+00
1.000000000000000e+00
1.000000000000000e+00
1.000000000000000e+00
###1.560000000000001e+01
6.511021909371825e-08
-3.582909590866561e-07
5.191893746858978e-07
3.642553049934917e-07
4.796612411157251e-07
5.063769756763889e-07
9.710126162677716e-07
1.000744255756260e-06
9.166563844372138e-07
1.059915470040041e-06
1.089370165044398e-06
1.157061421497081e-06
1.219697895629224e-06
1.280224982953496e-06
1.353764577740295e-06
1.421595083331974e-06
1.497179290975063e-06
1.586070647110351e-06
1.666170784179028e-06
1.764204795797834e-06
1.885648227652252e-06
1.977172529649871e-06
2.088021166318753e-06
2.210252289071897e-06
2.339478052417571e-06
2.480090012328893e-06
2.631958022268793e-06
2.794849413501130e-06
2.979219881523199e-06
3.172088995338405e-06
3.387831427645066e-06
3.596895203964976e-06
3.896187437882154e-06
4.201686265845114e-06
4.543674271077440e-06
4.946200939768421e-06
5.413515856474907e-06
5.956919449595213e-06
6.617647887857254e-06
7.406917223248816e-06
8.369955498272743e-06
9.542152744803601e-06
1.100621878982428e-05
1.283505026811009e-05
1.517284688304002e-05
1.812323989934715e-05
2.204423662963933e-05
2.710060478385620e-05
3.365730090631046e-05
4.268399815041110e-05
5.460760928370023e-05
7.080564678509672e-05
9.304009940833909e-05
1.234131783862050e-04
1.654594712548272e-04
2.240521712040233e-04
3.047971668528045e-04
4.176212682241509e-04
5.747900674156872e-04
7.935150694504007e-04
1.100074752260380e-03
1.527381902333082e-03
2.124942270584943e-03
2.956218179393439e-03
4.110590439800595e-03
5.712427785425406e-03
7.913535810927141e-03
1.093329896803995e-02
1.503967008135128e-02
2.056607176291243e-02
2.789708504880416e-02
3.747854187894360e-02
4.981382906572451e-02
6.548386510571388e-02
8.504816133077087e-02
1.091301976605964e-01
1.383469493557518e-01
1.732930223910197e-01
2.142720910371610e-01
2.617276860165378e-01
3.159887019914752e-01
3.765359551201156e-01
4.419601192229791e-01
5.108574121270537e-01
5.808829236209986e-01
6.493460089425870e-01
7.130157386629457e-01
7.679507745752503e-01
8.384583430501324e-01
9.999999999999999e-01
1.000000000000000e+00
1.000000000000000e+00
1.000000000000000e+00
1.000000000000000e+00
1.000000000000000e+00
1.000000000000000e+00
1.000000000000000e+00
1.000000000000000e+00
1.000000000000000e+00
1.000000000000000e+00
