# NLO BK equation solver 0.0-dev build  (build Feb 16 2026 17:52:53)
# Initial condition: MV model, Q_s0^2 = 0.0883878 GeV^2, \gamma = 4.42208, coefficient of E inside Log is 1, x0=0.01, \Lambda_QCD = 0.241 GeV
# # LO Kernel RC:  Balitsky. NLO Kernel RC:  smallest dipole
# Nc=3, Nf=4
# Using RungeKutta method in K1
# Resumming double log
# Resumming single log, K_sub=0.65 resum rc: smallest
# BK K1 integration relative accuracy: 0.02# NLO BK as^2 terms: MC integration method: Vegas, points=1000000
# Kinematical constraint: none
# Target kinematical constraint: disabled

###1.000000000000000e-05
###1.160836920850890e+00
###100
###1.000000000000000e+00
###0.000000000000000e+00
4.264338425790537e-49
1.576383409604989e-48
5.826569986230524e-48
2.153295325081838e-47
7.956687361991542e-47
2.939663036595035e-46
1.085919946398747e-45
4.010804116961011e-45
1.481142341434634e-44
5.468800778684468e-44
2.018903487666479e-43
7.451870212290599e-43
2.750041952970419e-42
1.014695268271536e-41
3.743278275350221e-41
1.380659392557704e-40
5.091393387682947e-40
1.877154546783827e-39
6.919491574534126e-39
2.550095932559070e-38
9.396028296800738e-38
3.461264134375446e-37
1.274749455342989e-36
4.693658605776968e-36
1.727792130980435e-35
6.358598844204961e-35
2.339471471231744e-34
8.605116478491101e-34
3.164277242771355e-33
1.163233734996140e-32
4.274938246860192e-32
1.570574688457406e-31
5.768308810715743e-31
2.117847081538412e-30
7.773053459418383e-30
2.851899196816028e-29
1.045963094724762e-28
3.834706550475111e-28
1.405319524167977e-27
5.147998857070589e-27
1.885016289799446e-26
6.899181731699886e-26
2.523933930117813e-25
9.228858533484392e-25
3.372864209980370e-24
1.232030280493281e-23
4.497859505407950e-23
1.641127047378420e-22
5.984386991446440e-22
2.180856641992897e-21
7.942420454515621e-21
2.890578496777232e-20
1.051260031400378e-19
3.820462494188064e-19
1.387358338610246e-18
5.034014683646823e-18
1.825069517083355e-17
6.611033396440208e-17
2.392601081995344e-16
8.651044858597735e-16
3.125007692524638e-15
1.127731666818372e-14
4.065574528033627e-14
1.464167595282592e-13
5.267519926710851e-13
1.893063797255787e-12
6.796249058097837e-12
2.437388384718246e-11
8.732613641898099e-11
3.125703539270810e-10
1.117799249255806e-09
3.994205506196902e-09
1.426251944355883e-08
5.090042699953364e-08
1.815841109200623e-07
6.476631716908288e-07
2.310097721888484e-06
8.241873991371867e-06
2.941996187377782e-05
1.050975280616484e-04
3.758060669576402e-04
1.345126431276711e-03
4.816233158985828e-03
1.719823931077624e-02
6.055069993543216e-02
2.017906947004311e-01
5.574230064704802e-01
9.479257221571445e-01
9.999783089778730e-01
1.000000000000000e+00
1.000000000000000e+00
1.000000000000000e+00
1.000000000000000e+00
1.000000000000000e+00
1.000000000000000e+00
1.000000000000000e+00
1.000000000000000e+00
1.000000000000000e+00
1.000000000000000e+00
1.000000000000000e+00
###4.000000000000000e-01
3.833796006147528e-11
-1.461243794472521e-09
4.984233235764481e-11
4.825544446873103e-11
2.487131071858952e-10
7.712362672973438e-10
-5.517902040446959e-11
1.553252880861326e-10
2.586760722336558e-11
5.919530997276735e-11
1.614985418679853e-10
1.527835051848061e-10
3.445791709095278e-11
-1.008719431823352e-10
2.711677881385600e-11
-5.129234936200748e-11
-5.607430337993473e-11
1.078039384805567e-11
6.589386146297155e-11
7.993833145955975e-11
9.691799429541232e-11
5.441215349433691e-11
8.475304036661683e-11
6.856616548722911e-11
6.489793118705812e-11
3.591356295329222e-11
9.627410992917310e-11
1.205222638747155e-10
1.213752910933611e-10
1.629165809287098e-10
1.791611662609962e-10
3.608223399862586e-10
4.223768505803827e-10
5.663398869221496e-10
7.614207909760384e-10
9.758233116179437e-10
1.331167834586043e-09
1.752027229981111e-09
2.331669545706480e-09
3.029178014008083e-09
4.125814131704022e-09
5.472538972428597e-09
7.222155872941530e-09
9.584973358373548e-09
1.266197004404219e-08
1.667730956456640e-08
2.192230808399905e-08
2.870035725685727e-08
3.753407874229114e-08
4.925496321133978e-08
6.421015196349186e-08
8.392922442512442e-08
1.092509481928955e-07
1.425434810850834e-07
1.857942250873827e-07
2.435909606375611e-07
3.200020965829832e-07
4.241226482298837e-07
5.669747448937958e-07
7.671892893522767e-07
1.048553130233219e-06
1.458809043838754e-06
2.068690007000814e-06
2.989292974665136e-06
4.390157309340339e-06
6.614016430740020e-06
1.003637533403882e-05
1.548779984200951e-05
2.403699724004976e-05
3.725831587694708e-05
5.824437477751862e-05
9.130353749937494e-05
1.419747651604164e-04
2.202818998172829e-04
3.406951197001987e-04
5.270152109248971e-04
8.164723507072133e-04
1.265409708660234e-03
1.973653428539679e-03
3.138378452925077e-03
5.185591371899220e-03
9.014439379722392e-03
1.702258057913669e-02
3.613525368380831e-02
8.709666348972592e-02
2.261711323621545e-01
5.401061767902789e-01
8.803295715114190e-01
9.596760671910068e-01
1.000000000000000e+00
1.000000000000000e+00
1.000000000000000e+00
1.000000000000000e+00
1.000000000000000e+00
1.000000000000000e+00
1.000000000000000e+00
1.000000000000000e+00
1.000000000000000e+00
1.000000000000000e+00
1.000000000000000e+00
###8.000000000000000e-01
3.499337468257447e-09
-1.463707485058510e-09
1.686176560325533e-09
-3.291712137479030e-09
4.687948601235589e-10
-2.706484549388263e-10
-8.390720383059305e-11
1.465068519159898e-09
-1.510770220800110e-09
4.041836281541950e-10
1.546024940373059e-09
-7.261277520634418e-10
6.842035473982169e-10
3.457103258934651e-10
7.787951615533827e-10
4.763010775345310e-10
-1.191926722496409e-09
5.203975326430375e-10
-3.224710333674984e-10
7.726957985059038e-10
3.491388971599582e-10
4.020009942549745e-10
1.104694249485448e-10
3.431694969628966e-10
5.714841701806961e-10
6.577335064418672e-10
5.691536047041627e-10
6.556811473146441e-10
5.143512849551446e-10
7.803801126628921e-10
1.153253687943253e-09
1.133128229092318e-09
1.384038329500694e-09
1.979265914172268e-09
2.410606366531015e-09
2.982064224033863e-09
4.124577652714093e-09
5.275215387382003e-09
6.688203051716202e-09
8.745330314055370e-09
1.136260154846089e-08
1.493006644919551e-08
1.953210472527379e-08
2.572302527751938e-08
3.273204325235141e-08
4.250593829038995e-08
5.471625539229013e-08
6.999944582324374e-08
8.968455344243497e-08
1.146331920365131e-07
1.448978591516325e-07
1.811773913302426e-07
2.291724731598980e-07
2.867564473147667e-07
3.530957998349773e-07
4.365331483809214e-07
5.446463445700020e-07
6.782919936559363e-07
8.431964622779104e-07
1.078461883401695e-06
1.408868970595474e-06
1.810107359397181e-06
2.722828452625475e-06
4.103322029611245e-06
6.330057701575128e-06
1.052835134851651e-05
1.748986961574003e-05
2.939990903211827e-05
4.917584069840357e-05
8.124195319380278e-05
1.322343780611618e-04
2.118297839187011e-04
3.336466939177790e-04
5.189484543853089e-04
7.989917735414515e-04
1.222138458433158e-03
1.862629761802899e-03
2.823209695371426e-03
4.277644283000670e-03
6.575851582800687e-03
1.039980435149096e-02
1.697429837495845e-02
2.908351851429518e-02
5.390747788433716e-02
1.106647386948939e-01
2.464451259170064e-01
5.254068905452269e-01
8.244861245743518e-01
9.229374359778041e-01
1.000000000000000e+00
1.000000000000000e+00
1.000000000000000e+00
1.000000000000000e+00
1.000000000000000e+00
1.000000000000000e+00
1.000000000000000e+00
1.000000000000000e+00
1.000000000000000e+00
1.000000000000000e+00
1.000000000000000e+00
###1.200000000000000e+00
-9.770062371966029e-09
-3.812379708642226e-09
-1.696779576980630e-09
-2.578344850043829e-09
3.965416082174081e-09
-1.175806255011767e-09
1.988444527341728e-09
2.617163385814778e-09
3.037402442537557e-09
1.445533399318275e-09
6.193461587393616e-09
1.517635699130340e-09
2.846779349161111e-09
-3.485146236312176e-10
1.396330206591894e-09
-6.323764790465570e-10
-3.035994826264137e-09
-1.034638131989444e-09
1.976286793542119e-09
1.554955642164784e-09
1.422656639976943e-09
8.619961173710047e-10
6.917733994078393e-10
-9.658439444680938e-11
6.568809666147036e-10
1.698110335739966e-09
1.549461874117214e-09
1.573313727472018e-09
1.800382307547684e-09
2.142728755328439e-09
2.577874307193281e-09
3.204891021804645e-09
3.926020578866377e-09
3.844079405806097e-09
6.029824379147507e-09
6.486998670206970e-09
9.187906356543775e-09
1.167941739422192e-08
1.489272169405043e-08
1.963910702157645e-08
2.396018190005747e-08
3.184437148244128e-08
4.093572266838626e-08
5.266483869868230e-08
6.646775916105657e-08
8.418117036901051e-08
1.064996999820168e-07
1.332455139073531e-07
1.655302314576706e-07
2.044354535204807e-07
2.479148044643855e-07
2.982449855588617e-07
3.483925706908874e-07
4.035712888192200e-07
4.571777199117209e-07
4.986038273024491e-07
5.123487661871659e-07
4.961607717808912e-07
4.217050446094402e-07
3.149632124887654e-07
1.658637177901825e-07
-9.175702892904073e-08
5.279401529872504e-08
7.169767808520159e-07
2.515620681257899e-06
7.274121451840493e-06
1.675477087253590e-05
3.512705553586781e-05
6.816736939172893e-05
1.229859028139331e-04
2.151989993491853e-04
3.568352123685560e-04
5.730412457657591e-04
8.961181468225561e-04
1.378967487723143e-03
2.090878706137889e-03
3.146754961403616e-03
4.672107388169565e-03
6.949387722055867e-03
1.043151348900524e-02
1.605103156461682e-02
2.527988960130159e-02
4.112257693339766e-02
7.080483544192530e-02
1.319200730389801e-01
2.637183468363346e-01
5.132371554650225e-01
7.783769780758723e-01
8.900068025969263e-01
1.000000000000000e+00
1.000000000000000e+00
1.000000000000000e+00
1.000000000000000e+00
1.000000000000000e+00
1.000000000000000e+00
1.000000000000000e+00
1.000000000000000e+00
1.000000000000000e+00
1.000000000000000e+00
1.000000000000000e+00
###1.600000000000000e+00
-1.316890534059859e-08
2.269848836283935e-08
-1.173080888313884e-08
1.490038071947874e-08
8.117872817925093e-09
5.931274245571039e-09
5.869121459356155e-09
5.958248845004546e-09
-6.570690883537540e-10
1.142582304747005e-08
7.812633468354554e-09
4.828659428362626e-09
5.022776960773706e-09
4.266897230776713e-10
5.170286800675765e-09
1.458241983909189e-09
-6.832117839668965e-10
-4.674495049671784e-10
3.235590991320438e-09
3.613034487920835e-09
3.884184980323594e-09
1.687943900130497e-09
2.030918002301652e-09
7.615711097194347e-10
1.790337893658697e-09
3.521690630053638e-09
4.163168524461902e-09
3.598464950695221e-09
4.091316623081161e-09
5.122222631674702e-09
4.916463208046647e-09
6.853897447342938e-09
8.389700427315879e-09
8.303782583156766e-09
1.177921096327383e-08
1.299173117320187e-08
1.805038058164427e-08
2.170941115867593e-08
2.901191767998421e-08
3.711576345794059e-08
4.530661402999565e-08
5.895732995023395e-08
7.512452921932524e-08
9.429300987974858e-08
1.186268144628049e-07
1.478845209520716e-07
1.835157506423679e-07
2.233036065030661e-07
2.733103011744030e-07
3.265504678268056e-07
3.821358732376821e-07
4.353117536793110e-07
4.755423460057579e-07
4.955472505606039e-07
4.694534709288638e-07
3.932747202529994e-07
1.934747036897700e-07
-1.985576116983069e-07
-8.998002943511702e-07
-1.848654767045654e-06
-3.296024449533396e-06
-5.209537130752207e-06
-7.159497772143320e-06
-8.759280303981156e-06
-8.755556645528433e-06
-3.970680800686179e-06
9.217367019741179e-06
3.262073230308432e-05
7.855720845064567e-05
1.626866780547445e-04
3.052938662112509e-04
5.265511631730947e-04
8.609370698307399e-04
1.355886582310277e-03
2.082461276966289e-03
3.138641630600129e-03
4.673386743985527e-03
6.848643726608655e-03
1.000259573890545e-02
1.471262200939829e-02
2.214839371033016e-02
3.396156826157780e-02
5.322735604345869e-02
8.705852937487731e-02
1.514380701932892e-01
2.788893765679728e-01
5.035258673897064e-01
7.405963206376438e-01
8.610097332036168e-01
1.000000000000000e+00
1.000000000000000e+00
1.000000000000000e+00
1.000000000000000e+00
1.000000000000000e+00
1.000000000000000e+00
1.000000000000000e+00
1.000000000000000e+00
1.000000000000000e+00
1.000000000000000e+00
1.000000000000000e+00
###2.000000000000000e+00
-8.085375257558579e-08
3.512332727344223e-08
-1.369164815950591e-08
2.189477775675488e-08
2.590927437110701e-08
-2.417890620581832e-09
2.711913164663344e-08
1.773657102421666e-08
1.285475328741103e-08
3.043553275690704e-08
1.924114418459132e-08
-1.280342045214406e-08
2.437734341949062e-08
1.579953137022163e-08
1.455807167933059e-08
2.280680644868236e-08
9.534147437299811e-09
1.619639336797720e-08
1.261717630186549e-08
1.866506825224793e-08
1.785103420139402e-08
1.355678823638990e-08
1.631645713161228e-08
1.731400028327312e-08
1.555251774319475e-08
1.688070804792160e-08
1.886871072729482e-08
1.945001690301067e-08
1.763700138599741e-08
2.068402823942853e-08
2.087998539615169e-08
2.356931287676335e-08
2.734368804962736e-08
2.782530011142829e-08
3.153351453176654e-08
3.682146851241297e-08
4.601200320824177e-08
5.102376713418312e-08
6.112655776398045e-08
7.630110599989210e-08
8.898194089942645e-08
1.126209391903795e-07
1.388832992151476e-07
1.696054752494772e-07
2.070278937023281e-07
2.512776500500829e-07
3.044956935270668e-07
3.486923689523988e-07
4.198118612116230e-07
4.884504086868893e-07
5.534626000843342e-07
6.030890861179383e-07
6.159025489142372e-07
5.744467551269054e-07
4.622266569191501e-07
1.989400288826776e-07
-4.499244988471499e-07
-1.549025720637598e-06
-3.270305492900750e-06
-5.658552987784730e-06
-9.173334847573329e-06
-1.391354808891155e-05
-1.950353681003138e-05
-2.516480856373425e-05
-2.927050999494945e-05
-2.666756847587522e-05
-8.215891601939603e-06
3.385550657577722e-05
9.199886321213167e-05
2.022451237768865e-04
4.049142707594639e-04
7.220885063715430e-04
1.199221826395218e-03
1.897268958249393e-03
2.910687992993349e-03
4.363820785307411e-03
6.437615725839392e-03
9.335482205271970e-03
1.342591116359281e-02
1.941888537865861e-02
2.868847632065973e-02
4.301358210540374e-02
6.544376636062363e-02
1.028845990425378e-01
1.696744797100351e-01
2.926594405605573e-01
4.962764950993165e-01
7.099816678322824e-01
8.360683741923783e-01
1.000000000000000e+00
1.000000000000000e+00
1.000000000000000e+00
1.000000000000000e+00
1.000000000000000e+00
1.000000000000000e+00
1.000000000000000e+00
1.000000000000000e+00
1.000000000000000e+00
1.000000000000000e+00
1.000000000000000e+00
###2.400000000000000e+00
-6.420149378984964e-08
5.855410485091994e-08
-1.294912984031166e-08
2.731503154699682e-08
8.211226434617084e-09
3.780716066682726e-08
6.956528024015122e-08
4.183292844094452e-08
3.992209747590721e-08
2.852446381935712e-08
3.270850084180438e-08
-9.305040816801840e-10
3.824345003119668e-08
2.494972673396519e-08
3.017472598833530e-08
3.286464807461373e-08
2.168379113983908e-08
2.225813565104445e-08
2.754371413261261e-08
3.017915372353292e-08
2.944052525005705e-08
2.535866464417598e-08
2.872125791297594e-08
2.965212058841322e-08
2.566586677947823e-08
3.008239347386340e-08
3.165187173516137e-08
3.248462012970011e-08
2.900587071509144e-08
3.486231517294642e-08
3.494668556881438e-08
3.967639781086834e-08
4.457937702613432e-08
4.540855042469606e-08
5.293883103146652e-08
6.075787208215995e-08
7.311730952019457e-08
8.298385228877274e-08
9.867704505906678e-08
1.200297301066829e-07
1.409712896763197e-07
1.727519708727335e-07
2.128635574166079e-07
2.587900123062265e-07
3.160036413502430e-07
3.795752084425217e-07
4.556882614108265e-07
5.244062413686214e-07
6.126275652939279e-07
7.002373975068583e-07
7.681847714301273e-07
8.109513572355415e-07
7.873636814379645e-07
7.046471155159304e-07
4.676497285947555e-07
-1.537455374601274e-07
-1.346860458797899e-06
-3.436680706894951e-06
-6.534032475129030e-06
-1.088965059924860e-05
-1.723224384475647e-05
-2.582486909149607e-05
-3.679300281870820e-05
-4.805600810320967e-05
-5.741520751190922e-05
-5.800260023119097e-05
-3.399914363514558e-05
5.551895852190518e-05
1.261928841367639e-04
2.510475433043229e-04
5.228142947952141e-04
9.493647779628640e-04
1.593463041735199e-03
2.525987518215883e-03
3.857036026000350e-03
5.765680201751948e-03
8.431216298553788e-03
1.211127239564442e-02
1.720272008292094e-02
2.452101567077869e-02
3.564155834740548e-02
5.242982939111603e-02
7.780244514254532e-02
1.184092145220159e-01
1.869729199061957e-01
3.055758525431655e-01
4.913487994803405e-01
6.856250676359107e-01
8.152556161242925e-01
1.000000000000000e+00
1.000000000000000e+00
1.000000000000000e+00
1.000000000000000e+00
1.000000000000000e+00
1.000000000000000e+00
1.000000000000000e+00
1.000000000000000e+00
1.000000000000000e+00
1.000000000000000e+00
1.000000000000000e+00
###2.800000000000000e+00
-3.400694759899157e-08
6.321904819760483e-08
-2.630681937284332e-08
4.403535476818187e-08
6.837338255576330e-09
2.383832618383338e-08
6.262583153065077e-08
3.903545479760428e-08
4.075999733863362e-08
3.008195612084851e-08
3.450734704030446e-08
8.459980177562180e-09
4.436780288951023e-08
1.647279382475729e-08
2.991714013014650e-08
2.752268474757358e-08
2.113792822803452e-08
2.441544459672443e-08
3.534506848435507e-08
3.416638323281580e-08
3.012825424440989e-08
3.270778777997218e-08
3.140859068394468e-08
3.587077543747392e-08
3.476584499364247e-08
3.836943563543968e-08
3.636312431803013e-08
4.017064169340649e-08
3.737544209332426e-08
4.457825045399002e-08
4.447770156839021e-08
5.020537204938482e-08
5.571008090897190e-08
6.128910755823524e-08
6.859602854249379e-08
8.264451913281711e-08
9.805391445210058e-08
1.130819294475664e-07
1.375251784056337e-07
1.648938356616218e-07
1.988077625367311e-07
2.433162435650108e-07
2.954402794182347e-07
3.610848756636011e-07
4.381770129317174e-07
5.290739059458936e-07
6.321271411668184e-07
7.303649511616180e-07
8.456637974959901e-07
9.562675690806300e-07
1.038652068212549e-06
1.083326190039341e-06
1.024496548692610e-06
9.593215589214379e-07
6.433863878831288e-07
-6.114944591490411e-07
-2.560387972839426e-06
-5.775375267626538e-06
-1.054515537418167e-05
-1.736768006620391e-05
-2.719203970645787e-05
-4.049340353827610e-05
-5.732005016143127e-05
-7.552154629224965e-05
-9.152810621924010e-05
-9.514787587453462e-05
-6.357464235809060e-05
1.041317066745461e-04
1.839091433884119e-04
3.150469085505094e-04
6.618699232141905e-04
1.212244271606431e-03
2.045118208197839e-03
3.242534123504051e-03
4.935292596064322e-03
7.331598080993035e-03
1.064350921732824e-02
1.515563580802989e-02
2.130004273530780e-02
2.999296705596578e-02
4.297428389507811e-02
6.218339292122402e-02
9.032071797952865e-02
1.336982110360607e-01
2.035902952183081e-01
3.179914473936645e-01
4.886194276975138e-01
6.666783338905778e-01
7.982282082638137e-01
1.000000000000000e+00
1.000000000000000e+00
1.000000000000000e+00
1.000000000000000e+00
1.000000000000000e+00
1.000000000000000e+00
1.000000000000000e+00
1.000000000000000e+00
1.000000000000000e+00
1.000000000000000e+00
1.000000000000000e+00
###3.200000000000000e+00
-2.802812310382613e-08
4.515113616791796e-08
5.695028566773706e-09
5.887083891290273e-08
-7.918840419534431e-09
1.955109959901573e-08
6.897510088278300e-08
4.657928085715363e-08
4.041479618436576e-08
3.169773655452900e-08
1.111440835538577e-07
-6.157069140367272e-09
5.212197089643829e-08
3.064998240680667e-08
4.173520159128290e-08
3.114665523320164e-08
3.222181261896761e-08
2.823792849758549e-08
3.592902390557576e-08
4.149546385941041e-08
4.078217926996053e-08
4.207500369278145e-08
3.603669802300385e-08
4.271495972318748e-08
4.023619009589810e-08
4.705871999199592e-08
4.703256289147857e-08
5.022340569665264e-08
4.603938867059605e-08
5.314407564289098e-08
5.580729974062837e-08
6.214400509268151e-08
7.030562410676286e-08
8.412703135876327e-08
8.866781490036449e-08
1.116121867392830e-07
1.256596204685270e-07
1.515549279002602e-07
1.840497758069961e-07
2.182626569811368e-07
2.660140671336678e-07
3.257231176111194e-07
3.975605474159628e-07
4.828630572718497e-07
5.857049935385545e-07
7.071424212629893e-07
8.434958459560204e-07
9.766609261503528e-07
1.133254638888653e-06
1.276807953902320e-06
1.382181363826126e-06
1.426496051553765e-06
1.367716860617112e-06
1.396577000690813e-06
1.059662548468644e-06
-9.622852635798890e-07
-3.736760179332658e-06
-8.187637955499527e-06
-1.483174962670139e-05
-2.429830606888606e-05
-3.783315268047003e-05
-5.610409574247317e-05
-7.919269468937322e-05
-1.041155598141006e-04
-1.257262864963435e-04
-1.285375485562637e-04
-7.489893096007006e-05
2.424484170602889e-04
3.156581593238274e-04
4.193059986138409e-04
8.433611588600450e-04
1.529066186845647e-03
2.568338110619967e-03
4.055754451940423e-03
6.142658526114225e-03
9.064485615997516e-03
1.306505848437062e-02
1.845958181609532e-02
2.570268933325090e-02
3.580964029703908e-02
5.066767061866282e-02
7.220985928203789e-02
1.029576279097166e-01
1.488262140667271e-01
2.196616617605242e-01
3.301444661962032e-01
4.879100561615394e-01
6.523194806009652e-01
7.846719267324269e-01
1.000000000000000e+00
1.000000000000000e+00
1.000000000000000e+00
1.000000000000000e+00
1.000000000000000e+00
1.000000000000000e+00
1.000000000000000e+00
1.000000000000000e+00
1.000000000000000e+00
1.000000000000000e+00
1.000000000000000e+00
###3.600000000000000e+00
-9.387916434209799e-08
5.635790422758338e-08
2.218980940587878e-07
5.100042091870399e-08
5.715208778964441e-08
1.457094044510422e-08
1.629684120180970e-07
7.613753190609014e-08
6.191502621501496e-08
-8.137941664976896e-08
1.248806625543077e-07
4.545970996331449e-08
7.940816181884669e-08
4.390672456574988e-08
5.206116243214492e-08
4.862643106611506e-08
4.148672918676947e-08
4.213321671869535e-08
5.847859400297757e-08
5.787337364567794e-08
5.523624560353900e-08
5.661189786405515e-08
5.600747463094703e-08
6.102930166533620e-08
5.652540976350177e-08
6.640815816944117e-08
6.834742200673187e-08
7.079904159656765e-08
6.319060581167017e-08
7.687314252359340e-08
8.183429697532456e-08
8.886888465442500e-08
9.999917504734073e-08
1.154346171298323e-07
1.263664429946725e-07
1.531381176443986e-07
1.747130125350653e-07
2.069649018648065e-07
2.496701523332723e-07
2.977270683571756e-07
3.581267533406435e-07
4.400677567105143e-07
5.328855959186650e-07
6.446281742195119e-07
7.819871269614013e-07
9.439155218849257e-07
1.127776991317347e-06
1.315577434433163e-06
1.524475549699359e-06
1.732186720421502e-06
1.892650729611473e-06
2.012577495906096e-06
2.020901264543432e-06
2.383360831552396e-06
2.335966622528829e-06
-6.127224657800732e-07
-4.127444412780925e-06
-9.597454353177281e-06
-1.774515219948205e-05
-2.939921855421213e-05
-4.593063980259609e-05
-6.785806530111680e-05
-9.495339198808945e-05
-1.227022132126426e-04
-1.440586389747658e-04
-1.286600292496667e-04
-1.828023695140660e-05
6.979529593035542e-04
7.074828030637204e-04
6.485500051265596e-04
1.131264315707485e-03
1.952649145387679e-03
3.208186669342371e-03
5.007370611242643e-03
7.516078459399155e-03
1.099515238040648e-02
1.572313634827603e-02
2.203422082592872e-02
3.042231618728633e-02
4.196388188047779e-02
5.869680722867180e-02
8.249678185290132e-02
1.156900617992554e-01
1.637928924844456e-01
2.353332861477322e-01
3.421490193328114e-01
4.890180884581278e-01
6.419334636011093e-01
7.742390890111802e-01
1.000000000000000e+00
1.000000000000000e+00
1.000000000000000e+00
1.000000000000000e+00
1.000000000000000e+00
1.000000000000000e+00
1.000000000000000e+00
1.000000000000000e+00
1.000000000000000e+00
1.000000000000000e+00
1.000000000000000e+00
###4.000000000000000e+00
-5.607847855946762e-08
7.075123829725958e-08
2.073786704259945e-07
4.339998901470810e-08
5.129502465521808e-08
2.561167695114733e-08
1.584938970017673e-07
9.262451162517286e-08
4.938707223931301e-08
-5.689729549336214e-08
1.262413093169298e-07
4.946025365345205e-08
9.407784806605323e-08
5.932938946944587e-08
7.827421317399888e-08
6.798200467959451e-08
5.770045852061970e-08
6.026796605829407e-08
7.677497857577427e-08
7.812849502891393e-08
7.808696413882164e-08
7.523654922615791e-08
7.810807443764579e-08
7.927491280652062e-08
7.682677075407116e-08
9.145870663038189e-08
9.159736460373697e-08
9.241139312675374e-08
8.757572750405123e-08
1.026224038501934e-07
1.085210391071680e-07
1.173966890950644e-07
1.305162213239414e-07
1.506027208934985e-07
1.651552463774959e-07
2.002011943642874e-07
2.258225304477596e-07
2.672140636294699e-07
3.188305894362737e-07
3.833807901613950e-07
4.615769457585478e-07
5.531018416017385e-07
6.774555987396566e-07
8.189953615069831e-07
9.867725773135332e-07
1.192561708017414e-06
1.423675502700245e-06
1.663361886956022e-06
1.925840759697927e-06
2.197174352852864e-06
2.412402400787312e-06
2.608374926204056e-06
2.715540629784002e-06
3.739368029714059e-06
4.285284756268179e-06
-3.921506802946273e-07
-5.040419851816891e-06
-1.196080214975027e-05
-2.223061958876080e-05
-3.690765726045937e-05
-5.757072204038894e-05
-8.487981772833204e-05
-1.183762896412964e-04
-1.525977620582228e-04
-1.772618488803515e-04
-1.547123046853003e-04
1.553906164430113e-06
8.003798711677817e-04
8.352593325057651e-04
8.024400489907300e-04
1.379354444688475e-03
2.366029955126591e-03
3.862044841464681e-03
5.996701476560458e-03
8.955243545696524e-03
1.302402079251326e-02
1.851265906030926e-02
2.577756694726138e-02
3.533122482703022e-02
4.832498049748662e-02
6.692705170757428e-02
9.290154378563853e-02
1.284078390258313e-01
1.784970710534884e-01
2.505866359118263e-01
3.540348907255671e-01
4.915904648676093e-01
6.347234006947916e-01
7.663574004341985e-01
1.000000000000000e+00
1.000000000000000e+00
1.000000000000000e+00
1.000000000000000e+00
1.000000000000000e+00
1.000000000000000e+00
1.000000000000000e+00
1.000000000000000e+00
1.000000000000000e+00
1.000000000000000e+00
1.000000000000000e+00
###4.399999999999999e+00
-2.899616914998740e-08
2.360877919726364e-08
2.146600605561024e-07
3.482343641394993e-08
5.444898855214820e-08
9.013588700048135e-08
5.602862539668536e-08
9.418789354719987e-08
5.620251268314423e-08
-5.521594250038547e-08
1.318978665339301e-07
7.797205092241634e-08
1.132441332820365e-07
7.881951934329661e-08
1.071407321454157e-07
8.312120686367000e-08
7.820261738746933e-08
7.518091834389712e-08
9.560271155802099e-08
9.920578319368361e-08
9.552797491183044e-08
9.013917486115635e-08
9.683323850192013e-08
1.007520575529903e-07
1.043101085880191e-07
1.151795333962451e-07
1.149512678817901e-07
1.156300273221867e-07
1.158551163244800e-07
1.331916030059095e-07
1.377644176378099e-07
1.510823604806000e-07
1.673930108586004e-07
1.900139874891534e-07
2.095998340771505e-07
2.465973815596659e-07
2.854611161481979e-07
3.364271771757366e-07
3.986391260007558e-07
4.791404126915641e-07
5.767451477282975e-07
6.811972102969934e-07
8.346681986763029e-07
1.009998914597351e-06
1.214301623392019e-06
1.459565880151817e-06
1.743771276987697e-06
2.034348509128452e-06
2.365271994336886e-06
2.698657320944351e-06
2.979959872141222e-06
3.261720616018971e-06
3.510778721078786e-06
5.313718902048127e-06
6.580639902230612e-06
5.867514292945729e-09
-5.993297241405147e-06
-1.455772534554385e-05
-2.718239998560229e-05
-4.517219130283352e-05
-7.040614980352988e-05
-1.036405147859870e-04
-1.442568500477267e-04
-1.858187991051025e-04
-2.151309037846101e-04
-1.870452343525296e-04
2.620516454260580e-06
8.355801151262593e-04
9.143483837325457e-04
9.510625167274820e-04
1.638494052683922e-03
2.805621183201223e-03
4.558410986628530e-03
7.047600359791906e-03
1.047937168686209e-02
1.516310275438106e-02
2.143840956590774e-02
2.968004572344761e-02
4.042253798416295e-02
5.488052123939689e-02
7.531087954513224e-02
1.033843691100092e-01
1.410613174671227e-01
1.929577330506622e-01
2.654610899487074e-01
3.658661772604957e-01
4.953663122983613e-01
6.301558323334431e-01
7.606724356674965e-01
1.000000000000000e+00
1.000000000000000e+00
1.000000000000000e+00
1.000000000000000e+00
1.000000000000000e+00
1.000000000000000e+00
1.000000000000000e+00
1.000000000000000e+00
1.000000000000000e+00
1.000000000000000e+00
1.000000000000000e+00
###4.800000000000000e+00
2.339446421382295e-07
-8.104607247941694e-09
2.170497774678734e-07
4.347807352041973e-08
5.111986247344065e-08
9.568491144614858e-08
5.681015005470824e-08
1.005411101465939e-07
4.659646249492208e-08
-3.134806088651871e-08
1.631395331553467e-07
9.682432020451211e-08
1.429156975172428e-07
1.040618773927586e-07
8.991010960220257e-08
1.086328515520835e-07
1.006117093417874e-07
1.001717137323371e-07
1.124120208480384e-07
1.155837935549004e-07
1.151505622252660e-07
1.113994462636605e-07
1.230920384996821e-07
1.293471654924190e-07
1.280691033317914e-07
1.391166077061577e-07
1.424973195546059e-07
1.460089082064431e-07
1.463796975169611e-07
1.679073583230389e-07
1.727932567167254e-07
1.888266167904907e-07
2.073321885897616e-07
2.350109262069419e-07
2.591073883703393e-07
3.019671100016254e-07
3.503634509219574e-07
4.117756458359580e-07
4.883700694008846e-07
5.795439915104142e-07
6.974268535203468e-07
8.235759853652357e-07
1.003860493476563e-06
1.210244678468378e-06
1.449607751959155e-06
1.742033995531747e-06
2.065560431966503e-06
2.416979031908960e-06
2.800952466683694e-06
3.180518466747705e-06
3.506711519765470e-06
3.813208472994489e-06
4.124660171831473e-06
6.152663976606815e-06
7.492579891687167e-06
5.885460618138410e-08
-7.304756190028013e-06
-1.758591019626261e-05
-3.269533335729065e-05
-5.415853006385705e-05
-8.417593751869420e-05
-1.236279628066074e-04
-1.718571112038012e-04
-2.212122174605503e-04
-2.557782112284014e-04
-2.232079095159775e-04
4.443743021521112e-06
8.218739796849551e-04
9.632719003980134e-04
1.100688225762297e-03
1.913164968930643e-03
3.274171786162983e-03
5.299045331057566e-03
8.159366621939453e-03
1.208412508424997e-02
1.740367517985682e-02
2.448697609817929e-02
3.372218624536228e-02
4.567030882752105e-02
6.159706954279095e-02
8.380828985680304e-02
1.139224413795674e-01
1.536375412474501e-01
2.072076363437627e-01
2.800130678263449e-01
3.775889820742501e-01
5.002551146446261e-01
6.276965776163831e-01
7.567604350724356e-01
1.000000000000000e+00
1.000000000000000e+00
1.000000000000000e+00
1.000000000000000e+00
1.000000000000000e+00
1.000000000000000e+00
1.000000000000000e+00
1.000000000000000e+00
1.000000000000000e+00
1.000000000000000e+00
1.000000000000000e+00
###5.200000000000000e+00
3.258937361957606e-07
-3.121568129519819e-08
1.101706524290401e-07
2.959358422635873e-08
4.334354871863349e-08
1.263327550607891e-07
7.973974184561419e-08
1.104919686912041e-07
6.632632220979381e-08
-1.140467850709916e-08
1.898685369224185e-07
1.197183047437938e-07
1.850678831500614e-07
1.333378605892609e-07
1.132297676378166e-07
1.428356913106937e-07
1.152365215218347e-07
1.256368332517234e-07
1.309415007256506e-07
1.261964938059027e-07
1.448218396278330e-07
1.424132444816936e-07
1.472602829601860e-07
1.574764616144833e-07
1.590587776261197e-07
1.724172649031732e-07
1.760649919779382e-07
1.816045612987593e-07
1.892925823271322e-07
2.071846251326116e-07
2.107613851322667e-07
2.287106574188651e-07
2.571950336402660e-07
2.912541378151585e-07
3.186018168021399e-07
3.684107955790628e-07
4.260242152306714e-07
4.984610773296962e-07
5.867204001710996e-07
6.929978385381238e-07
8.254531001121205e-07
9.806730416348340e-07
1.189850785458601e-06
1.428025236449383e-06
1.703393462915299e-06
2.042175606626036e-06
2.411320217060431e-06
2.815743075386839e-06
3.249960358015802e-06
3.676253198078322e-06
4.041303255142913e-06
4.359472923955770e-06
4.692252358955054e-06
6.756171450151609e-06
8.008134086213243e-06
1.714572252976641e-08
-8.685696033903457e-06
-2.073358046017760e-05
-3.836687713154565e-05
-6.333365365292783e-05
-9.813413432549851e-05
-1.438569538546403e-04
-1.995413992119032e-04
-2.563292972514501e-04
-2.954323362956027e-04
-2.558018102064464e-04
3.106467959216831e-05
7.746273092224161e-04
9.644937201989028e-04
1.252838697723651e-03
2.205021274396692e-03
3.773968987341759e-03
6.085369222740033e-03
9.332325523181277e-03
1.376574721739990e-02
1.973758181289703e-02
2.764614293583968e-02
3.789290639957107e-02
5.106103858962672e-02
6.845451140360144e-02
9.239766354111156e-02
1.244775353525918e-01
1.661280669501444e-01
2.211855726156070e-01
2.941367367163152e-01
3.892601500853604e-01
5.059576645698104e-01
6.270127592092304e-01
7.543316676685493e-01
1.000000000000000e+00
1.000000000000000e+00
1.000000000000000e+00
1.000000000000000e+00
1.000000000000000e+00
1.000000000000000e+00
1.000000000000000e+00
1.000000000000000e+00
1.000000000000000e+00
1.000000000000000e+00
1.000000000000000e+00
###5.600000000000001e+00
4.499202156792330e-07
1.847926000598384e-08
1.595936972310691e-07
6.958635088423254e-08
6.206640630478511e-08
1.782193227802475e-07
1.004925050475976e-07
1.197137854485009e-07
7.935936811097675e-08
-1.276101354008756e-08
1.926456311024382e-07
1.525779480509905e-07
2.244037966336399e-07
1.600544566998638e-07
1.441736145812313e-07
1.487941096982138e-07
1.495588147610524e-07
1.541967287632185e-07
1.670047751646268e-07
1.575594969213554e-07
1.695683251175470e-07
1.716295948656752e-07
1.792293652741332e-07
1.893625425935665e-07
1.928719557303039e-07
2.090298287211428e-07
2.145544405646888e-07
2.211780271509971e-07
2.335009168960055e-07
2.520619566328247e-07
2.586605845120745e-07
2.782254633898811e-07
3.123289907997468e-07
3.487711347786764e-07
3.875186945977081e-07
4.438962866834012e-07
5.103681795714095e-07
5.934190197474501e-07
6.958992107520109e-07
8.193173637105606e-07
9.731474054514552e-07
1.155797860302907e-06
1.393147651924405e-06
1.667790116510046e-06
1.982597552141660e-06
2.363935075625097e-06
2.795739088500157e-06
3.257091443383906e-06
3.753920016365710e-06
4.237214147042105e-06
4.651957540852811e-06
4.995744795969655e-06
5.352736356039698e-06
7.210626315244067e-06
8.293400399153301e-06
6.971893397316998e-07
-9.285537328567530e-06
-2.274576047724376e-05
-4.246629434654690e-05
-7.002773268322380e-05
-1.083796143659764e-04
-1.584178040842759e-04
-2.183987881105057e-04
-2.771118261852735e-04
-3.113242852689765e-04
-2.388002866440583e-04
2.350973578721503e-04
9.178854124116896e-04
1.059973839614323e-03
1.480384755057715e-03
2.571692616246468e-03
4.354298522129420e-03
6.960977586812295e-03
1.060747783997628e-02
1.555977776519840e-02
2.220067973458881e-02
3.094107853075296e-02
4.221566864453322e-02
5.660470134760361e-02
7.546763975283888e-02
1.010915597499110e-01
1.350625806186489e-01
1.785524071150989e-01
2.349422559537166e-01
3.079835005533134e-01
4.008796485142436e-01
5.123073318930591e-01
6.278173549231973e-01
7.529874111915364e-01
1.000000000000000e+00
1.000000000000000e+00
1.000000000000000e+00
1.000000000000000e+00
1.000000000000000e+00
1.000000000000000e+00
1.000000000000000e+00
1.000000000000000e+00
1.000000000000000e+00
1.000000000000000e+00
1.000000000000000e+00
###6.000000000000001e+00
4.172592818222168e-07
2.894966371430982e-09
1.672184955778354e-07
8.430259932263956e-08
2.932913794213181e-07
2.053407422406483e-07
1.241857211723212e-07
1.329184198429108e-07
1.363530387306925e-07
1.174804527778069e-09
2.099330478362765e-07
1.770931884684320e-07
2.665334376998528e-07
2.103911517699267e-07
1.576013684637876e-07
1.802740145220277e-07
1.803261472685157e-07
1.842280551513713e-07
1.876242420462191e-07
1.849062447634060e-07
1.932702218531643e-07
2.033881471042208e-07
2.084352177350435e-07
2.146817792513273e-07
2.241782353833766e-07
2.465889000248879e-07
2.521637032822326e-07
2.596519126524528e-07
2.749719204734317e-07
2.954311562041923e-07
3.055829016999211e-07
3.310662842547840e-07
3.724993285807225e-07
4.171203653079664e-07
4.544341872320273e-07
5.210625455254726e-07
6.009804204229410e-07
6.952117792471571e-07
8.133008135667385e-07
9.579064404677047e-07
1.136464013255794e-06
1.351269077390359e-06
1.627097186702095e-06
1.947274921234540e-06
2.320313637900072e-06
2.760727211751587e-06
3.283721249996590e-06
3.839922508882121e-06
4.453890931547925e-06
5.072284124229939e-06
5.654804094726828e-06
6.202150445947190e-06
6.837943794549531e-06
8.808021342081525e-06
1.100011327030660e-05
5.287216282073663e-06
-6.323915653395830e-06
-2.014695487847637e-05
-4.006236176636305e-05
-6.815693906835144e-05
-1.052375277560588e-04
-1.530281953827808e-04
-2.065449684766501e-04
-2.490112257144946e-04
-2.416888903711793e-04
-4.908198330466423e-05
1.110015755027099e-03
1.627421060710970e-03
1.418106701040510e-03
1.912064925647778e-03
3.123406941656962e-03
5.115102508693951e-03
8.017299196479930e-03
1.206908426710752e-02
1.755365076344337e-02
2.486871174115029e-02
3.445656044232174e-02
4.675650058770490e-02
6.237594487362431e-02
8.268207080050299e-02
1.099375339996609e-01
1.457130295852127e-01
1.909004708273747e-01
2.485252113726417e-01
3.216089672842979e-01
4.124728571107813e-01
5.193297610898372e-01
6.297458644699357e-01
7.526416362989315e-01
1.000000000000000e+00
1.000000000000000e+00
1.000000000000000e+00
1.000000000000000e+00
1.000000000000000e+00
1.000000000000000e+00
1.000000000000000e+00
1.000000000000000e+00
1.000000000000000e+00
1.000000000000000e+00
1.000000000000000e+00
###6.400000000000001e+00
4.338478681354566e-07
1.887902152383803e-08
2.417849640065102e-07
9.322152199767390e-08
2.805951784534128e-07
2.123589521470568e-07
1.276080800142949e-07
1.444528306084443e-07
1.777377482859509e-07
4.089829692881421e-08
2.097169946476328e-07
1.837173704908742e-07
2.715367107557959e-07
2.319358974256596e-07
1.851197272389334e-07
1.936022617842108e-07
1.963208493284557e-07
2.049854114107796e-07
2.015107315296392e-07
1.944429970619638e-07
2.184217907218827e-07
2.198738905561343e-07
2.349638645377172e-07
2.457831823907604e-07
2.522444651728540e-07
2.751421407774811e-07
2.817982788912955e-07
2.943886329361445e-07
3.133563710648249e-07
3.367687837902588e-07
3.487955153143791e-07
3.789516538264891e-07
4.236649821210654e-07
4.735511403078204e-07
5.202753522097673e-07
5.967009289333036e-07
6.900701025425028e-07
7.965694056912611e-07
9.310573410695033e-07
1.097075128187243e-06
1.300875047561549e-06
1.545795593198369e-06
1.862573883711559e-06
2.229612319596096e-06
2.656450291828381e-06
3.164900023963658e-06
3.772644793722727e-06
4.429827118078959e-06
5.160629400009026e-06
5.922714039763809e-06
6.681111236922869e-06
7.478278619953806e-06
8.502992402810458e-06
1.089602939316686e-05
1.612483070728575e-05
1.414259496044195e-05
-2.508300410695341e-06
-1.782962247655256e-05
-3.885638349228943e-05
-6.802835142275306e-05
-1.057682281935464e-04
-1.532723971462119e-04
-2.032114364520846e-04
-2.338209474242198e-04
-1.889572314437446e-04
1.703335403734267e-04
1.369602331798475e-03
1.771085129489044e-03
1.644857128121652e-03
2.254623280792539e-03
3.628392178374731e-03
5.848644642689920e-03
9.067384916936556e-03
1.353877782255176e-02
1.957168171314422e-02
2.757500575578844e-02
3.801951494371358e-02
5.135807864398399e-02
6.820726215391065e-02
8.995168930914509e-02
1.188071822352253e-01
1.562982934073727e-01
2.030690897356561e-01
2.618047208354406e-01
3.349181676616775e-01
4.239281042218598e-01
5.266248260166709e-01
6.325117788215044e-01
7.529510054662381e-01
1.000000000000000e+00
1.000000000000000e+00
1.000000000000000e+00
1.000000000000000e+00
1.000000000000000e+00
1.000000000000000e+00
1.000000000000000e+00
1.000000000000000e+00
1.000000000000000e+00
1.000000000000000e+00
1.000000000000000e+00
###6.800000000000002e+00
4.685065072841991e-07
7.258322020536131e-08
1.899777682157585e-07
5.801581451537060e-08
2.719503493216680e-07
2.210613846336222e-07
1.544661300999555e-07
1.267095907086982e-07
1.841668847535965e-07
5.589156967976412e-08
2.117604393747007e-07
1.665731016021563e-07
2.802782403672580e-07
2.297727504006832e-07
1.989728909013614e-07
2.061706945634377e-07
2.140683059909703e-07
2.212077242130572e-07
2.171008484352900e-07
2.071808693783273e-07
2.371650450392555e-07
2.462774468546885e-07
2.574616128567794e-07
2.681855806858207e-07
2.795388260737799e-07
3.056447777675961e-07
3.128447992131325e-07
3.258571427678458e-07
3.512139063293657e-07
3.765663225415415e-07
3.944675733080749e-07
4.310487492265877e-07
4.779818655656964e-07
5.361188959642862e-07
5.899882268924012e-07
6.752198042408230e-07
7.807630062756754e-07
9.046473076975909e-07
1.056355187732249e-06
1.247895037093144e-06
1.480581138871230e-06
1.765131886430630e-06
2.127034089524483e-06
2.549730284126107e-06
3.042209326520343e-06
3.639392662204918e-06
4.354661614215692e-06
5.147475007343894e-06
6.048410955989074e-06
7.024068199817298e-06
8.060182913824550e-06
9.227661257777648e-06
1.076320938849512e-05
1.382810475286942e-05
2.080326339321693e-05
2.253914826732392e-05
6.184920753036070e-06
-1.041376571402207e-05
-3.057098656495167e-05
-5.756079469948949e-05
-9.099613843409991e-05
-1.295995156041664e-04
-1.614844360626935e-04
-1.509028205095188e-04
5.679068163720962e-06
9.573916035320955e-04
1.956406278703604e-03
1.994065715805095e-03
1.994901737301485e-03
2.715795436558395e-03
4.256664045073470e-03
6.710973184668487e-03
1.025647837069311e-02
1.515689204939812e-02
2.174739948757263e-02
3.044751754519685e-02
4.175918457917921e-02
5.613174061488790e-02
7.420628292169659e-02
9.736314569803815e-02
1.277870563893374e-01
1.669023047845125e-01
2.151725566931129e-01
2.749126382541152e-01
3.480552330742289e-01
4.352849411957733e-01
5.343354010175571e-01
6.359601870653687e-01
7.539515608501964e-01
1.000000000000000e+00
1.000000000000000e+00
1.000000000000000e+00
1.000000000000000e+00
1.000000000000000e+00
1.000000000000000e+00
1.000000000000000e+00
1.000000000000000e+00
1.000000000000000e+00
1.000000000000000e+00
1.000000000000000e+00
###7.200000000000002e+00
4.971764728329671e-07
4.806343778427973e-08
2.431224579951666e-07
-1.468567048077800e-08
2.504609998712774e-07
2.275301480103618e-07
1.487837511400435e-07
1.423739788822729e-07
2.111653173492617e-07
1.076239689538997e-07
2.331127747412368e-07
1.856910484026189e-07
3.050263555294376e-07
2.478764489784906e-07
2.236764225480911e-07
2.302885192343453e-07
2.288714932086395e-07
2.406207719096862e-07
2.429590068278259e-07
2.309402966052502e-07
2.586599049418322e-07
2.689521156992620e-07
2.843991430178664e-07
3.004886917650570e-07
3.128410991006471e-07
3.386696210999193e-07
3.481225689984708e-07
3.652393406175216e-07
3.947130350245376e-07
4.228571942001926e-07
4.471024793340942e-07
4.846208877257724e-07
5.404947460894720e-07
6.014015511114324e-07
6.674226683710855e-07
7.615318821382507e-07
8.814714259281277e-07
1.020596120863081e-06
1.191669151251328e-06
1.406278920974778e-06
1.667039266528942e-06
1.988543533821984e-06
2.394610857973046e-06
2.867938756339247e-06
3.426839189209871e-06
4.101396460725549e-06
4.915374812767997e-06
5.825007935328680e-06
6.870247790170653e-06
8.027643837879122e-06
9.290491485939589e-06
1.076136342944112e-05
1.268894101900335e-05
1.627160349298993e-05
2.355367901063639e-05
3.066157039384265e-05
2.119440318950866e-05
-3.004525490833185e-06
-2.451665080788447e-05
-5.140595005205474e-05
-8.307888490262128e-05
-1.167731100024211e-04
-1.359008038044719e-04
-8.980663103498846e-05
2.422496455340728e-04
1.104496904379043e-03
1.917452144491164e-03
2.071215767993852e-03
2.225609532293564e-03
3.103577268368775e-03
4.833057029371120e-03
7.541479142987553e-03
1.142725149371979e-02
1.677374649479991e-02
2.393114379882798e-02
3.334371947970293e-02
4.552801180649733e-02
6.094374789071777e-02
8.024468157285293e-02
1.047958406763442e-01
1.367439813467120e-01
1.774148499563613e-01
2.271041827603783e-01
2.877644828005148e-01
3.608541183296369e-01
4.465070795648529e-01
5.421724019822143e-01
6.398674851787156e-01
7.553873698288102e-01
1.000000000000000e+00
1.000000000000000e+00
1.000000000000000e+00
1.000000000000000e+00
1.000000000000000e+00
1.000000000000000e+00
1.000000000000000e+00
1.000000000000000e+00
1.000000000000000e+00
1.000000000000000e+00
1.000000000000000e+00
###7.600000000000002e+00
4.901061068365609e-07
4.561606573214562e-08
2.431143989983537e-07
6.862798938333918e-09
2.621663070963368e-07
2.619757246994960e-07
1.135987356378287e-07
1.544194512170186e-07
2.197055537741377e-07
1.294574303756912e-07
2.848436204327037e-07
1.968767027995726e-07
2.895188289456336e-07
2.740405977394167e-07
2.563176642547922e-07
2.591583459374288e-07
2.582475960843910e-07
2.659679945273916e-07
2.719528944291666e-07
2.671322085411298e-07
2.955173981087901e-07
3.026159353837744e-07
3.226836578045926e-07
3.422794643119728e-07
3.559595806862366e-07
3.871736362996938e-07
3.985410380793964e-07
4.179454478048214e-07
4.512520635800204e-07
4.830715128799404e-07
5.130649253264863e-07
5.553781489727416e-07
6.155531487999765e-07
6.855549300488498e-07
7.628175866878496e-07
8.681597413277566e-07
1.001693160664806e-06
1.154728588934147e-06
1.350051998546918e-06
1.590408983714225e-06
1.882681666102845e-06
2.242410229508101e-06
2.697857624351953e-06
3.230263501569539e-06
3.862119340759884e-06
4.626975193169179e-06
5.548826343556283e-06
6.596805529551037e-06
7.812595884381051e-06
9.201477248330452e-06
1.071902725279980e-05
1.255358814246128e-05
1.495188600307487e-05
1.904867008796397e-05
2.681211117239953e-05
3.578569691100016e-05
3.258165630719312e-05
1.111554329334964e-05
-1.305828951298116e-05
-3.787374630506360e-05
-6.407331475684892e-05
-8.617693508475751e-05
-7.896000150291311e-05
4.590176845631474e-05
6.153820147567209e-04
1.364347226500838e-03
1.985578730021952e-03
2.222775175074044e-03
2.526161966815645e-03
3.562501213941239e-03
5.488348792615052e-03
8.459606159147889e-03
1.269684466683589e-02
1.849824969555592e-02
2.623093433727017e-02
3.636883252075052e-02
4.943137193491821e-02
6.588900249130086e-02
8.640725157150529e-02
1.123242304112720e-01
1.457748163160690e-01
1.879343846731412e-01
2.389417401553407e-01
3.004512480031932e-01
3.734603306905140e-01
4.576474543641764e-01
5.502159956811430e-01
6.442880339055697e-01
7.572126251749844e-01
1.000000000000000e+00
1.000000000000000e+00
1.000000000000000e+00
1.000000000000000e+00
1.000000000000000e+00
1.000000000000000e+00
1.000000000000000e+00
1.000000000000000e+00
1.000000000000000e+00
1.000000000000000e+00
1.000000000000000e+00
###8.000000000000002e+00
5.226789570874471e-07
4.263058541628690e-08
2.412579188002422e-07
3.800044026253296e-09
2.897490301709110e-07
2.629403420513226e-07
1.309880625886345e-07
1.832641414252944e-07
2.584562589731209e-07
1.619710827223188e-07
3.174250276659075e-07
2.065686298220363e-07
3.227557708792248e-07
3.047327641920886e-07
2.835942158242036e-07
2.540654084213671e-07
2.810432638944115e-07
2.970569101591577e-07
3.121257367981339e-07
3.039202931766726e-07
3.297544422493832e-07
3.368275236451517e-07
3.625043427892015e-07
3.854465459094587e-07
4.000773897424867e-07
4.379235947820804e-07
4.507200016160972e-07
4.727284045224521e-07
5.047916325380490e-07
5.472862009384110e-07
5.811349284777627e-07
6.322176398202129e-07
6.967173924519409e-07
7.746855527049474e-07
8.632859092751907e-07
9.789714151077433e-07
1.129809921639091e-06
1.302074312465396e-06
1.519025053768701e-06
1.785597727137530e-06
2.111454455079047e-06
2.514954022325557e-06
3.022438084455496e-06
3.616233842255798e-06
4.325417986391883e-06
5.188517012398780e-06
6.225212806188991e-06
7.430127217961599e-06
8.837024013317383e-06
1.046702354560665e-05
1.230663166208890e-05
1.454697077187522e-05
1.750021124976411e-05
2.221926429218677e-05
3.065822916524511e-05
4.060631654056516e-05
4.561000527205701e-05
3.459270440054803e-05
4.027299060106341e-06
-1.946525694784374e-05
-3.882285544684363e-05
-4.563508015222126e-05
2.947240938957452e-06
3.186006010486335e-04
8.330772508449943e-04
1.421436387394739e-03
2.040708196297726e-03
2.366873510211716e-03
2.833923232383285e-03
4.037649794643987e-03
6.173066154580902e-03
9.417764490665000e-03
1.401902189938649e-02
2.028780696731930e-02
2.860938308497151e-02
3.947547545833049e-02
5.342462421759622e-02
7.092479121907937e-02
9.265248506082283e-02
1.199319921852899e-01
1.548239268704636e-01
1.984193803129728e-01
2.506658861160865e-01
3.129312326715070e-01
3.858750828266307e-01
4.686809379036552e-01
5.584542746625448e-01
6.490543201080227e-01
7.594272614204834e-01
1.000000000000000e+00
1.000000000000000e+00
1.000000000000000e+00
1.000000000000000e+00
1.000000000000000e+00
1.000000000000000e+00
1.000000000000000e+00
1.000000000000000e+00
1.000000000000000e+00
1.000000000000000e+00
1.000000000000000e+00
###8.400000000000002e+00
5.051738258835168e-07
4.909208288100095e-08
2.092069348358024e-07
2.611652058729131e-08
3.486637961381789e-07
2.907335501267072e-07
1.602666290402508e-07
2.111695369721421e-07
2.613568331404697e-07
2.122933123126244e-07
3.422870934466729e-07
2.293437187104762e-07
3.404333886261974e-07
3.485267248001655e-07
3.218820506745613e-07
2.960226596995299e-07
3.239691453671578e-07
3.468906926020811e-07
3.570156099293314e-07
3.507285551062699e-07
3.750883240655270e-07
3.868817951441345e-07
4.136493307963947e-07
4.378569330100527e-07
4.576025352135403e-07
4.957948285104706e-07
5.142398615039208e-07
5.428779782014902e-07
5.747268842884681e-07
6.240206218459811e-07
6.621634403532450e-07
7.219033836450008e-07
7.896329623147236e-07
8.789657693163519e-07
9.782952553805347e-07
1.109799006881164e-06
1.273451449169540e-06
1.455684254008596e-06
1.703951810750872e-06
1.999087360636793e-06
2.360885474300935e-06
2.801768665866011e-06
3.362833726845717e-06
4.020445479257126e-06
4.799197849249161e-06
5.757662827350080e-06
6.911941281265695e-06
8.257427959236856e-06
9.844122329747066e-06
1.169398101658502e-05
1.382231642629426e-05
1.642512945085597e-05
1.982473374364970e-05
2.504400485143956e-05
3.379093694795177e-05
4.442113539766849e-05
5.097801157631829e-05
5.016785905428131e-05
3.161678229834195e-05
1.238426374966510e-06
-1.235304279032711e-05
-9.657962503281900e-07
1.291915919739075e-04
4.275255173858768e-04
8.738002767553551e-04
1.455842842314560e-03
2.082545375625981e-03
2.517347650397252e-03
3.148433228340874e-03
4.530214960855857e-03
6.885460760854062e-03
1.041654898598757e-02
1.538986526684697e-02
2.213752210912312e-02
3.105771140991722e-02
4.265985439052480e-02
5.749938462173967e-02
7.605156477603971e-02
9.897350560861140e-02
1.275951328862941e-01
1.638879056009679e-01
2.088623617441576e-01
2.622759640197039e-01
3.252538434273800e-01
3.980738450504728e-01
4.795765749403572e-01
5.667633873353550e-01
6.540748210475568e-01
7.618855969139667e-01
1.000000000000000e+00
1.000000000000000e+00
1.000000000000000e+00
1.000000000000000e+00
1.000000000000000e+00
1.000000000000000e+00
1.000000000000000e+00
1.000000000000000e+00
1.000000000000000e+00
1.000000000000000e+00
1.000000000000000e+00
###8.800000000000002e+00
4.606625033719764e-07
2.946965902487433e-08
1.783310534216468e-07
3.003066700319668e-08
3.417432926667130e-07
2.750307771459154e-07
1.901591194452251e-07
2.517495394637077e-07
2.828051442144614e-07
3.106251925996229e-07
3.495658810007654e-07
2.432434307954338e-07
3.491248952380708e-07
3.608469932598993e-07
3.365332851315291e-07
3.193694870830238e-07
3.332925298181767e-07
3.656369871769789e-07
3.747375145944820e-07
3.801790560949210e-07
4.122885302906134e-07
4.250312391363242e-07
4.516197171475653e-07
4.781303453187326e-07
4.988507758328771e-07
5.437518061516652e-07
5.651116071685784e-07
5.970654772856396e-07
6.325304294467229e-07
6.851021539773367e-07
7.303908410669633e-07
8.001864279176119e-07
8.729553133699353e-07
9.714533537636705e-07
1.082963316661146e-06
1.227527521311186e-06
1.408396523593899e-06
1.608535213135642e-06
1.881650663266572e-06
2.204915425492531e-06
2.598964807086461e-06
3.080930749139883e-06
3.689344074998895e-06
4.408854177141889e-06
5.263499102443437e-06
6.307759973071612e-06
7.568578703066657e-06
9.046453083563717e-06
1.079397329856453e-05
1.284319677905874e-05
1.521935014460932e-05
1.812907025630053e-05
2.190504461857502e-05
2.747535769185451e-05
3.636537990521885e-05
4.706134589654013e-05
5.448172619564344e-05
5.561773750666996e-05
4.442057858879019e-05
2.358851371028524e-05
1.259357784225534e-05
4.534741705233453e-05
1.816928252510176e-04
4.675555281806348e-04
9.081288194550953e-04
1.490019880152562e-03
2.143215249919068e-03
2.687474137642984e-03
3.484562143008574e-03
5.051320879885469e-03
7.635970145779098e-03
1.146548369218248e-02
1.682141870444860e-02
2.405662236723688e-02
3.358688546579222e-02
4.593575578758591e-02
6.166341813422377e-02
8.127244984230500e-02
1.053892611411564e-01
1.353364427373712e-01
1.729852263326384e-01
2.192753480797383e-01
2.737762170114623e-01
3.374154831481780e-01
4.101143180853739e-01
4.903911943581308e-01
5.752020023721742e-01
6.593373835724310e-01
7.644756087408171e-01
1.000000000000000e+00
1.000000000000000e+00
1.000000000000000e+00
1.000000000000000e+00
1.000000000000000e+00
1.000000000000000e+00
1.000000000000000e+00
1.000000000000000e+00
1.000000000000000e+00
1.000000000000000e+00
1.000000000000000e+00
###9.200000000000003e+00
4.517736585616828e-07
2.999740043134585e-08
2.018663049957513e-07
1.870493010895908e-08
3.600025895227395e-07
2.622632073434390e-07
1.645378566361192e-07
2.533970722421804e-07
3.186101115553601e-07
3.129701435949050e-07
3.709406912996205e-07
2.823100838622853e-07
3.596602490102567e-07
3.752515016739328e-07
3.556792504389416e-07
3.359877239566647e-07
3.556912362300299e-07
3.944493059596133e-07
4.021008627462051e-07
4.065515526356871e-07
4.492445391823733e-07
4.572168543061121e-07
4.851556405585311e-07
5.191928524706433e-07
5.431642252545448e-07
5.871476515642542e-07
6.131239129913357e-07
6.523964648525885e-07
6.957928275492933e-07
7.481620151468468e-07
8.042030578173980e-07
8.801630777972923e-07
9.598263883126783e-07
1.068122394881410e-06
1.191493530926874e-06
1.349952981787901e-06
1.545243364730626e-06
1.768521295313163e-06
2.063108028933069e-06
2.417645851296507e-06
2.845418672569772e-06
3.368117824969244e-06
4.024701769346725e-06
4.803946726670020e-06
5.733572011622303e-06
6.869758614064539e-06
8.237262151077578e-06
9.845348311216715e-06
1.175403178612209e-05
1.399485588849413e-05
1.661222119896877e-05
1.981473497996392e-05
2.394352903722127e-05
2.985546017395366e-05
3.885238500621884e-05
4.964001949203404e-05
5.767444226137920e-05
6.033164419274591e-05
5.262568129807007e-05
3.788593437241709e-05
3.512135201085870e-05
7.698986262667807e-05
2.196213404137568e-04
5.071416572445771e-04
9.499160563731704e-04
1.541140914379096e-03
2.229743610774480e-03
2.885787164289388e-03
3.849629425100780e-03
5.609716169616755e-03
8.433518271360156e-03
1.257040325660551e-02
1.832115817031242e-02
2.605619651830931e-02
3.620735565667379e-02
4.931064076378569e-02
6.593553895211822e-02
8.659433363381897e-02
1.119081962980933e-01
1.431492440446319e-01
1.821317090574436e-01
2.296751394449943e-01
2.852097140562550e-01
3.494488032472121e-01
4.219634306455674e-01
5.010968121200412e-01
5.835906380768393e-01
6.647786720249879e-01
7.672504059821161e-01
1.000000000000000e+00
1.000000000000000e+00
1.000000000000000e+00
1.000000000000000e+00
1.000000000000000e+00
1.000000000000000e+00
1.000000000000000e+00
1.000000000000000e+00
1.000000000000000e+00
1.000000000000000e+00
1.000000000000000e+00
###9.600000000000003e+00
4.956235519507116e-07
7.500223642092673e-08
2.068671871645669e-07
4.403435527289001e-08
3.722114210273196e-07
2.554078399231201e-07
1.855806737962063e-07
2.728912113779253e-07
3.201362689554544e-07
2.975619711386606e-07
3.968223227558034e-07
2.935986379942086e-07
3.681387972184625e-07
3.847561400501345e-07
3.758998743996778e-07
3.558991876616954e-07
3.877417927507666e-07
4.222167453766744e-07
4.307187746478590e-07
4.390020998804983e-07
4.829535153905610e-07
4.938655689760325e-07
5.186923272677065e-07
5.598687078970871e-07
5.882360299262382e-07
6.347571586140435e-07
6.688846304065208e-07
7.093258026892464e-07
7.568546618707528e-07
8.167226007413685e-07
8.801122002827159e-07
9.646306436301838e-07
1.051750256307809e-06
1.171535540495097e-06
1.305634561930124e-06
1.479991342382596e-06
1.692048182886600e-06
1.937513271336483e-06
2.256699717774329e-06
2.640488253729533e-06
3.107149149546491e-06
3.676095271728517e-06
4.380935098232847e-06
5.223149826291736e-06
6.232045449367135e-06
7.463518406326135e-06
8.947234009868543e-06
1.069305523322479e-05
1.277494909300040e-05
1.522808185673787e-05
1.811329942859261e-05
2.165049148838902e-05
2.617460666121041e-05
3.253234393255022e-05
4.176754655256891e-05
5.288808454730825e-05
6.186016295633683e-05
6.643852598035316e-05
6.264958766836723e-05
5.451527033471130e-05
6.063455588412897e-05
1.127825929059913e-04
2.637648665930243e-04
5.566862985086404e-04
1.006742187357919e-03
1.614966430355745e-03
2.347060563405519e-03
3.118272056200116e-03
4.250645052658798e-03
6.211622674753134e-03
9.283040397083716e-03
1.373814514605092e-02
1.989464894092064e-02
2.814116879638030e-02
3.892501552899699e-02
5.278672576794409e-02
7.031412210352793e-02
9.202140587755228e-02
1.185222950440295e-01
1.510402464187603e-01
1.913222105528301e-01
2.400674620556284e-01
2.965856965629834e-01
3.613580232196758e-01
4.336889757320291e-01
5.116730205510205e-01
5.921130100869119e-01
6.703389552402476e-01
7.704068906096581e-01
1.000000000000000e+00
1.000000000000000e+00
1.000000000000000e+00
1.000000000000000e+00
1.000000000000000e+00
1.000000000000000e+00
1.000000000000000e+00
1.000000000000000e+00
1.000000000000000e+00
1.000000000000000e+00
1.000000000000000e+00
###1.000000000000000e+01
3.911695265716424e-07
1.029762604796697e-07
1.999756000162531e-07
6.206486802257943e-08
4.191426868788604e-07
2.550410245207590e-07
2.042214498368876e-07
2.993909582354228e-07
3.369923757359445e-07
3.093078327818739e-07
4.044071798071977e-07
3.126288026612765e-07
3.799339468309019e-07
4.013060080003138e-07
4.017058740366549e-07
3.861145414933187e-07
4.066077350853333e-07
4.473788770281068e-07
4.568931174782080e-07
4.739037645414677e-07
5.150447248617566e-07
5.324593459577371e-07
5.583389101593333e-07
6.040950499261058e-07
6.384820749843943e-07
6.802205169121493e-07
7.257881583808175e-07
7.722232701483280e-07
8.241937634755329e-07
8.919583582335892e-07
9.613631616225886e-07
1.054950066732779e-06
1.151485544957390e-06
1.282280416311157e-06
1.429082780467687e-06
1.619870707707571e-06
1.849630322669815e-06
2.117890801735379e-06
2.465166883438773e-06
2.877854164521798e-06
3.384904928250630e-06
4.000329839349776e-06
4.763585286054767e-06
5.671840422151323e-06
6.764131241214309e-06
8.096691677132816e-06
9.703557849080616e-06
1.160065217913815e-05
1.387256472380849e-05
1.655793136950349e-05
1.974175896146604e-05
2.364919555332232e-05
2.863911077627738e-05
3.553665734817933e-05
4.520792715099569e-05
5.691732848704601e-05
6.711978940588634e-05
7.401686964525950e-05
7.464384332029178e-05
7.366438034548749e-05
8.948836061517570e-05
1.530087594210541e-04
3.146343947789948e-04
6.166433343147416e-04
1.079478007249434e-03
1.712050517646551e-03
2.495801612830450e-03
3.385387163850370e-03
4.689244793388015e-03
6.858394339187653e-03
1.018769878573849e-02
1.497098774070207e-02
2.154529016392219e-02
3.031112151565913e-02
4.173702750512459e-02
5.636973092639421e-02
7.480977280571073e-02
9.756812206562292e-02
1.252411702212644e-01
1.590225251190799e-01
2.005750502729222e-01
2.504651938823660e-01
3.079168018515926e-01
3.731798888000309e-01
4.452958154228868e-01
5.221908774903971e-01
6.006301084770556e-01
6.761244656622600e-01
7.735735567385651e-01
1.000000000000000e+00
1.000000000000000e+00
1.000000000000000e+00
1.000000000000000e+00
1.000000000000000e+00
1.000000000000000e+00
1.000000000000000e+00
1.000000000000000e+00
1.000000000000000e+00
1.000000000000000e+00
1.000000000000000e+00
###1.040000000000000e+01
4.308856989045125e-07
8.219044096247936e-08
2.117206564456971e-07
6.677413746721412e-08
3.147026689124996e-07
2.534862180592129e-07
2.186329873751849e-07
2.479059259906717e-07
3.459608700661214e-07
2.962621701679383e-07
4.119366486553885e-07
3.124162301397615e-07
3.735459819597727e-07
3.865753554165029e-07
4.210967743305508e-07
4.077597708796870e-07
4.318826949169259e-07
4.731139967777020e-07
4.850929150651803e-07
5.066191068343915e-07
5.498572092149381e-07
5.710339271253680e-07
6.019711937404520e-07
6.495061894471911e-07
6.867262619724294e-07
7.341403806286701e-07
7.839373174338322e-07
8.375574071164367e-07
8.977526986841908e-07
9.713435673509695e-07
1.048149271017855e-06
1.150562022660209e-06
1.257682379134667e-06
1.399886894299330e-06
1.560702473187273e-06
1.768074226662774e-06
2.015522942937962e-06
2.308720304255902e-06
2.683348211225605e-06
3.129487514301145e-06
3.679769269154441e-06
4.343630464606769e-06
5.164466148535071e-06
6.146822480807168e-06
7.333139962367271e-06
8.772601458561317e-06
1.050756579906741e-05
1.255769732255246e-05
1.504777316565284e-05
1.799574497132698e-05
2.151519996617736e-05
2.585322181372870e-05
3.137933139203334e-05
3.890686771122452e-05
4.920743096326492e-05
6.179784557814744e-05
7.359144456007177e-05
8.341495123790729e-05
8.879824038823049e-05
9.564102674186044e-05
1.221464848527149e-04
1.983195733081510e-04
3.729664679503977e-04
6.880244139263435e-04
1.169199699410698e-03
1.832855727179066e-03
2.676561266687258e-03
3.688565551530943e-03
5.168063131130538e-03
7.552678788512067e-03
1.114967322005019e-02
1.627385786801813e-02
2.327516134360917e-02
3.257431710870864e-02
4.465402615332623e-02
6.006526747065385e-02
7.941323711018682e-02
1.032332356410960e-01
1.320689976441244e-01
1.671026444231755e-01
2.098831340612865e-01
2.608760135713436e-01
3.192074347134262e-01
3.848963689940046e-01
4.567961673006499e-01
5.326541577440378e-01
6.091778732018810e-01
6.820400524357599e-01
7.769448584774411e-01
1.000000000000000e+00
1.000000000000000e+00
1.000000000000000e+00
1.000000000000000e+00
1.000000000000000e+00
1.000000000000000e+00
1.000000000000000e+00
1.000000000000000e+00
1.000000000000000e+00
1.000000000000000e+00
1.000000000000000e+00
###1.080000000000000e+01
3.986087193832064e-07
1.580082847288799e-07
2.490767369180828e-07
5.676950909954466e-08
3.099669171884767e-07
2.180027394899246e-07
2.428262650485336e-07
2.470262709761041e-07
3.342351523572198e-07
3.181746360562153e-07
4.271060806741027e-07
3.326737523667216e-07
4.004250588509648e-07
4.179640818199509e-07
4.382766262164687e-07
4.395617711804211e-07
4.698733470683356e-07
5.003001529009171e-07
5.124756324959617e-07
5.416860623731415e-07
5.838035804093957e-07
6.082805159688704e-07
6.456339645709215e-07
6.963433607058874e-07
7.382293554630189e-07
7.912396192126283e-07
8.466073246222281e-07
9.043165782831971e-07
9.721572594121631e-07
1.051698591830329e-06
1.138230908731710e-06
1.249731590469664e-06
1.369908633738893e-06
1.524013502192961e-06
1.698679906053867e-06
1.924686024654690e-06
2.192661476111669e-06
2.512307120129855e-06
2.914314737397476e-06
3.397018506775760e-06
3.988393502414451e-06
4.701809230455935e-06
5.593444448461391e-06
6.651899939195305e-06
7.933757211919601e-06
9.489771990183556e-06
1.136727797774663e-05
1.360226409706859e-05
1.631774671498882e-05
1.956166856942786e-05
2.346109659017276e-05
2.827299808342987e-05
3.442136855674419e-05
4.269829514837684e-05
5.383295016371848e-05
6.756604225267500e-05
8.134539367988774e-05
9.444216068145934e-05
1.054006306243157e-04
1.207401356068855e-04
1.589069243355839e-04
2.492856354536913e-04
4.393782915991559e-04
7.716024563556843e-04
1.276576938983187e-03
1.978233261347179e-03
2.889589624029725e-03
4.029070792890134e-03
5.689495182177887e-03
8.297398872028532e-03
1.217163582680092e-02
1.764712070483566e-02
2.508781981794662e-02
3.493177553237784e-02
4.767309406547648e-02
6.386968524029875e-02
8.414005002595841e-02
1.090128034812766e-01
1.390087127312934e-01
1.752746121790813e-01
2.192438451886068e-01
2.713043696774214e-01
3.304632096728251e-01
3.965677575296101e-01
4.682427890611197e-01
5.430595500889456e-01
6.176956362029203e-01
6.879972242636847e-01
7.803735374988606e-01
1.000000000000000e+00
1.000000000000000e+00
1.000000000000000e+00
1.000000000000000e+00
1.000000000000000e+00
1.000000000000000e+00
1.000000000000000e+00
1.000000000000000e+00
1.000000000000000e+00
1.000000000000000e+00
1.000000000000000e+00
###1.120000000000000e+01
4.004066949394384e-07
1.586901981951058e-07
2.715569476838605e-07
3.897468576351370e-08
2.879848186449173e-07
2.316936596399027e-07
2.605719005190197e-07
2.598978872208816e-07
3.427946458041072e-07
3.007766269776182e-07
4.340899821896345e-07
3.497259682316409e-07
4.191222363290738e-07
4.388519353359250e-07
4.556934980155972e-07
4.642523684423181e-07
4.954423888157648e-07
5.269812919182947e-07
5.460134838316135e-07
5.763592634342491e-07
6.221501701328066e-07
6.514440732239588e-07
6.922760128591352e-07
7.466977035381463e-07
7.931759132625641e-07
8.514560167572284e-07
9.121031398584761e-07
9.759865627034382e-07
1.050879914196764e-06
1.138483257658665e-06
1.234786736855085e-06
1.354652404841117e-06
1.488636004256342e-06
1.656657108811229e-06
1.847428559492621e-06
2.092438292762501e-06
2.380939665162407e-06
2.729623609787963e-06
3.160661445028115e-06
3.682824247007354e-06
4.318462160069302e-06
5.091239890109400e-06
6.047083680063434e-06
7.195238496846700e-06
8.575292578889757e-06
1.025716933127257e-05
1.229362040591206e-05
1.472741269435082e-05
1.769150858937271e-05
2.126241310962961e-05
2.558993523910479e-05
3.095207876716840e-05
3.777996108766890e-05
4.695931339355003e-05
5.916421617974444e-05
7.433406960532759e-05
9.052167776656230e-05
1.074371381547554e-04
1.246065027642993e-04
1.492692752259737e-04
2.002065101849422e-04
3.065535739241890e-04
5.147078289888889e-04
8.679304811725420e-04
1.402427404939937e-03
2.148792518912505e-03
3.135569788531346e-03
4.408565118462267e-03
6.255872899253442e-03
9.094535086731239e-03
1.325732658933111e-02
1.909257135358767e-02
2.698573230253602e-02
3.738650474456396e-02
5.079989931968704e-02
6.779198772226593e-02
8.898537266642732e-02
1.149131607317300e-01
1.460735927628822e-01
1.835450433739997e-01
2.286857668067667e-01
2.817795398256986e-01
3.417242572196023e-01
4.081682483216484e-01
4.795939256833214e-01
5.534013533408754e-01
6.262670095278623e-01
6.940808868458260e-01
7.838835759594607e-01
1.000000000000000e+00
1.000000000000000e+00
1.000000000000000e+00
1.000000000000000e+00
1.000000000000000e+00
1.000000000000000e+00
1.000000000000000e+00
1.000000000000000e+00
1.000000000000000e+00
1.000000000000000e+00
1.000000000000000e+00
###1.160000000000000e+01
3.666297505345487e-07
1.960418275953042e-07
2.579008911468551e-07
2.871068549894129e-08
2.848765308368840e-07
2.676726902356175e-07
4.026845365443124e-07
2.787133026700073e-07
3.230146389346021e-07
3.017255780617608e-07
4.430982284988061e-07
3.779773807696961e-07
4.374506956793072e-07
4.544941750923466e-07
4.563059137722117e-07
4.938381884037325e-07
5.217011251685176e-07
5.524657877867156e-07
5.782301187478571e-07
6.096989224712031e-07
6.617691166530838e-07
6.933902843013178e-07
7.403653851778714e-07
7.987162920251648e-07
8.516526154994661e-07
9.146138807424004e-07
9.815676460612274e-07
1.052453097970603e-06
1.134235251585547e-06
1.231167569983439e-06
1.338528227075344e-06
1.468434344820853e-06
1.615115295336396e-06
1.797705688440569e-06
2.007388412112079e-06
2.271085212750718e-06
2.582226696118105e-06
2.960440114681724e-06
3.422443173625831e-06
3.987410348561372e-06
4.672063327396862e-06
5.502728499097576e-06
6.533651567041987e-06
7.774328139520182e-06
9.261213443496992e-06
1.108167283910113e-05
1.328983956906815e-05
1.594266418895900e-05
1.918657684303396e-05
2.312283776692239e-05
2.793254006064436e-05
3.388391025262231e-05
4.156292451632640e-05
5.176131195287361e-05
6.528311312254008e-05
8.225106702683219e-05
1.012606550759219e-04
1.225543460214485e-04
1.466741611764258e-04
1.815955678633622e-04
2.465277410859914e-04
3.705327408293404e-04
5.997009995159522e-04
9.779964109324091e-04
1.547302809285044e-03
2.345686190306477e-03
3.415931134985995e-03
4.828287158758300e-03
6.869044032652066e-03
9.946344106052768e-03
1.440804880918526e-02
2.061417092396968e-02
2.897204577102533e-02
3.994069050630347e-02
5.404032507264041e-02
7.183792244191597e-02
9.395896636933754e-02
1.209439764282344e-01
1.532568679379760e-01
1.919206008615636e-01
2.382066561429658e-01
2.923009849285584e-01
3.529741717223950e-01
4.197169758546379e-01
4.908874943311117e-01
5.637230041772249e-01
6.348795024565486e-01
7.002353636937175e-01
7.875474268685208e-01
1.000000000000000e+00
1.000000000000000e+00
1.000000000000000e+00
1.000000000000000e+00
1.000000000000000e+00
1.000000000000000e+00
1.000000000000000e+00
1.000000000000000e+00
1.000000000000000e+00
1.000000000000000e+00
1.000000000000000e+00
###1.200000000000001e+01
4.148936835570770e-07
1.652980139964863e-07
2.487347418966765e-07
2.321773780920956e-08
2.773875266143538e-07
2.983958313348429e-07
3.623650000355126e-07
2.846739827243862e-07
3.460755628574215e-07
3.292058619196329e-07
4.588671549146460e-07
3.914799987113109e-07
4.540971926451449e-07
4.959432342199805e-07
4.765215947648517e-07
5.250516341284298e-07
5.525655812003835e-07
5.876029571364633e-07
6.131343615464912e-07
6.493677961858847e-07
7.036740470930326e-07
7.408781591487189e-07
7.939177915511955e-07
8.531285842711763e-07
9.120191374179455e-07
9.801777609481633e-07
1.053583831084224e-06
1.132682312803439e-06
1.223659381156333e-06
1.328141498856387e-06
1.442823117413044e-06
1.586484529123893e-06
1.751095588127118e-06
1.947470056832581e-06
2.176552641889863e-06
2.460714456188934e-06
2.797404382110027e-06
3.204309118290074e-06
3.700877251960608e-06
4.309934197524455e-06
5.049954611364641e-06
5.943149548582868e-06
7.052005675086682e-06
8.389986568105390e-06
9.997402441354356e-06
1.196999054415200e-05
1.436725953351301e-05
1.726552746157144e-05
2.081835584001132e-05
2.516402876044921e-05
3.050713380687963e-05
3.713549575414007e-05
4.578480720287633e-05
5.719114831743508e-05
7.225958710463897e-05
9.139723572173347e-05
1.136911619291452e-04
1.400197752157670e-04
1.718767212551081e-04
2.180504678226448e-04
2.982371768152381e-04
4.419364870609748e-04
6.949068949126205e-04
1.102540044925685e-03
1.712549912072731e-03
2.570033579842974e-03
3.731119499879770e-03
5.289670853680066e-03
7.530110204063191e-03
1.085488789627842e-02
1.562512934077573e-02
2.221543186382329e-02
3.105057542236558e-02
4.260047770473468e-02
5.739775976125763e-02
7.600698270837088e-02
9.906382324138810e-02
1.271067110913760e-01
1.605736067274355e-01
2.004084178352966e-01
2.478195139786956e-01
3.028533629035303e-01
3.642256559314345e-01
4.312578068306538e-01
5.020879859446489e-01
5.739750542638793e-01
6.434885412396129e-01
7.064116590098083e-01
7.912873390600769e-01
1.000000000000000e+00
1.000000000000000e+00
1.000000000000000e+00
1.000000000000000e+00
1.000000000000000e+00
1.000000000000000e+00
1.000000000000000e+00
1.000000000000000e+00
1.000000000000000e+00
1.000000000000000e+00
1.000000000000000e+00
###1.240000000000001e+01
4.055436810717676e-07
1.820006143493554e-07
2.546800453934611e-07
-1.430688089378886e-08
2.716139258137140e-07
3.125055406739776e-07
3.866131796985727e-07
3.031303249435364e-07
3.687265354959776e-07
3.372206608910925e-07
4.816381879335472e-07
4.199996374440483e-07
4.828042364044883e-07
5.284342116372661e-07
5.205618395948290e-07
5.681349138316197e-07
5.966738753023590e-07
6.346798324603473e-07
6.645631956467396e-07
7.021291731602195e-07
7.613328944929039e-07
8.062381756999179e-07
8.626987093797602e-07
9.260524357925562e-07
9.898591087199830e-07
1.064593416218096e-06
1.145796954820261e-06
1.233146586295633e-06
1.333703696013537e-06
1.445893912524328e-06
1.574108879794731e-06
1.729293541745570e-06
1.907756862633736e-06
2.123258462543078e-06
2.372768442882356e-06
2.678324116866497e-06
3.041658001460921e-06
3.480471036645348e-06
4.015789971912530e-06
4.671421310678508e-06
5.468876716137208e-06
6.431569635796087e-06
7.623187732140395e-06
9.066323231985200e-06
1.080661673252435e-05
1.294596005181753e-05
1.553538126055949e-05
1.871484379827580e-05
2.260891581378021e-05
2.741192402623306e-05
3.335208896486020e-05
4.079223693188166e-05
5.050918019969666e-05
6.331642021214770e-05
8.020649179618191e-05
1.018798983844890e-04
1.279796816912937e-04
1.599649160602574e-04
2.004330663345738e-04
2.589571481746146e-04
3.558333398361305e-04
5.211999960871130e-04
8.009743214119692e-04
1.242201513453585e-03
1.898406353253803e-03
2.822548894632018e-03
4.082918116124417e-03
5.793479823018136e-03
8.242135239300506e-03
1.182321875834093e-02
1.691364429312509e-02
2.390166559578657e-02
3.322526135355984e-02
4.536798950841058e-02
6.087384023019786e-02
8.030953584826153e-02
1.043062778577917e-01
1.334022879346387e-01
1.680144985816799e-01
2.090147280700128e-01
2.575089511404526e-01
3.134741217313540e-01
3.754982904037935e-01
4.427717015404459e-01
5.132919915284015e-01
5.842270201568054e-01
6.521261282556545e-01
7.127501509101620e-01
7.950462913699388e-01
1.000000000000000e+00
1.000000000000000e+00
1.000000000000000e+00
1.000000000000000e+00
1.000000000000000e+00
1.000000000000000e+00
1.000000000000000e+00
1.000000000000000e+00
1.000000000000000e+00
1.000000000000000e+00
1.000000000000000e+00
###1.280000000000001e+01
4.013528545812365e-07
2.058914446271469e-07
2.890013371802204e-07
5.736769338586403e-08
2.504767929448799e-07
3.270221720873868e-07
3.912236857545971e-07
3.257732304366074e-07
3.521477722350545e-07
3.490935837555706e-07
4.987190285779292e-07
4.633609814228697e-07
5.208279353964985e-07
5.453645384860198e-07
5.369739343087186e-07
5.988304478752019e-07
6.327191595791149e-07
6.798193009462636e-07
7.075710050012399e-07
7.509478573792899e-07
8.122312549899518e-07
8.665457355622107e-07
9.248347704175912e-07
9.936047602621313e-07
1.064715271488266e-06
1.142916845604631e-06
1.234016488908789e-06
1.329631833941814e-06
1.440063086742690e-06
1.563326748272489e-06
1.704339519149612e-06
1.871506899704915e-06
2.066035611273561e-06
2.299247888167878e-06
2.570720172057613e-06
2.904401547745870e-06
3.292121606915599e-06
3.767286455346834e-06
4.343816827361298e-06
5.049881967295150e-06
5.907628892037106e-06
6.940378792967693e-06
8.228442133711724e-06
9.785946897213855e-06
1.166669784111131e-05
1.398765079540018e-05
1.680827602649039e-05
2.028600223451746e-05
2.456363212943064e-05
2.983396279553956e-05
3.649479917829038e-05
4.485527587300645e-05
5.577341878831615e-05
7.018829392269883e-05
8.919034063695205e-05
1.138404176921575e-04
1.442696411851005e-04
1.826567532598744e-04
2.326172447739440e-04
3.046573599205959e-04
4.198663913707270e-04
6.090680330033032e-04
9.187825890927543e-04
1.398209980659856e-03
2.106417743536156e-03
3.103880225964550e-03
4.471435390422047e-03
6.341981049369609e-03
9.005095419752246e-03
1.285366856666019e-02
1.827575033758257e-02
2.567408665497185e-02
3.550013046582640e-02
4.824965105105252e-02
6.447354946781432e-02
8.474405508588660e-02
1.096927131770212e-01
1.398403218641307e-01
1.755984850020794e-01
2.177408407103376e-01
2.673078357486476e-01
3.241522214386167e-01
3.867822448177347e-01
4.542765367442703e-01
5.244772120259783e-01
5.944827360933355e-01
6.607539273803598e-01
7.191092380151339e-01
7.989234306514069e-01
1.000000000000000e+00
1.000000000000000e+00
1.000000000000000e+00
1.000000000000000e+00
1.000000000000000e+00
1.000000000000000e+00
1.000000000000000e+00
1.000000000000000e+00
1.000000000000000e+00
1.000000000000000e+00
1.000000000000000e+00
###1.320000000000001e+01
4.219986463870626e-07
1.841226745817043e-07
3.190035149221066e-07
7.884820298586642e-08
2.574749909358882e-07
3.169113652557416e-07
3.932210616427331e-07
3.271435614971761e-07
3.666557454042584e-07
3.657450987796706e-07
5.032261011925037e-07
5.111304012652851e-07
5.418978121149382e-07
5.687672316176420e-07
5.657805607502206e-07
6.304482115648836e-07
6.666733242239494e-07
7.152587425552376e-07
7.479682245720567e-07
7.952673021162425e-07
8.554089025387415e-07
9.204224599450169e-07
9.847494492379949e-07
1.068513449600433e-06
1.132763526399875e-06
1.221702947447895e-06
1.321488460832964e-06
1.425045569900445e-06
1.548063050257911e-06
1.680885469687749e-06
1.834650606080491e-06
2.015963173345489e-06
2.227071639324896e-06
2.481856844074978e-06
2.771852959586727e-06
3.133593602721355e-06
3.553857494762815e-06
4.065282531839244e-06
4.687193964447405e-06
5.444277970770216e-06
6.368536312003514e-06
7.485257777474403e-06
8.869602911640735e-06
1.055376541721373e-05
1.258893091470887e-05
1.510772458799804e-05
1.818333701244073e-05
2.199253310805131e-05
2.669951000356435e-05
3.254643716060855e-05
3.996251794243663e-05
4.936258679451318e-05
6.163641008150832e-05
7.791511436267297e-05
9.932875620906653e-05
1.273816111623679e-04
1.627357586115604e-04
2.082923198148305e-04
2.687224411029718e-04
3.555153114624797e-04
4.907838208609023e-04
7.060248030204742e-04
1.049067765209012e-03
1.571251411313479e-03
2.337065471639510e-03
3.415505644697969e-03
4.898682274689695e-03
6.936473491523887e-03
9.822824981416555e-03
1.394905074103806e-02
1.971499077225193e-02
2.753570699083016e-02
3.787812758989263e-02
5.124690124889789e-02
6.820399006505488e-02
8.931864027171622e-02
1.152220572661994e-01
1.464316773509216e-01
1.833160001732132e-01
2.265899880613641e-01
2.772078918323449e-01
3.348946401246203e-01
3.981076759210977e-01
4.657757603395227e-01
5.356501451697615e-01
6.046882521576511e-01
6.693232249752453e-01
7.255735295739217e-01
8.029755387943559e-01
1.000000000000000e+00
1.000000000000000e+00
1.000000000000000e+00
1.000000000000000e+00
1.000000000000000e+00
1.000000000000000e+00
1.000000000000000e+00
1.000000000000000e+00
1.000000000000000e+00
1.000000000000000e+00
1.000000000000000e+00
###1.360000000000001e+01
4.223962995504401e-07
1.958242666276266e-07
2.426464573490107e-07
7.067017531221466e-08
2.488349221203315e-07
3.068791140852041e-07
3.701879952972573e-07
3.261626333553663e-07
3.735083127179511e-07
3.574445832445121e-07
5.017537078193236e-07
5.308054266202048e-07
5.605422931251506e-07
5.930455391771656e-07
5.996333496916611e-07
6.613306553739744e-07
6.987749983612283e-07
7.542584147189374e-07
7.900001981414557e-07
8.413032035662187e-07
9.062169718818647e-07
9.791827004783970e-07
1.041948905498042e-06
1.137922674587796e-06
1.208580848491411e-06
1.304185627346145e-06
1.414095726489772e-06
1.526097059691379e-06
1.660548762100189e-06
1.804496043776354e-06
1.972741814112046e-06
2.168282885505796e-06
2.398727437146295e-06
2.673430786292114e-06
2.988655281246983e-06
3.377015082960756e-06
3.829158625255694e-06
4.382015159070033e-06
5.051504193656806e-06
5.866510409828275e-06
6.860462159461393e-06
8.066149783548661e-06
9.556817309382021e-06
1.137604273530251e-05
1.358256113062758e-05
1.632094432233992e-05
1.967549407217234e-05
2.385284029182746e-05
2.904394474453457e-05
3.553486387930974e-05
4.380719217042690e-05
5.435669344847444e-05
6.817421499291227e-05
8.655475815537543e-05
1.107051286846157e-04
1.426299936455344e-04
1.835568085754885e-04
2.370764473502216e-04
3.090612331288546e-04
4.119709839352826e-04
5.691285020956239e-04
8.129510030580488e-04
1.192616008839303e-03
1.762318653079455e-03
2.591842330707058e-03
3.758723876256383e-03
5.365504807255498e-03
7.578756383185355e-03
1.069714281243490e-02
1.511148400645848e-02
2.123412784259612e-02
2.948902327733337e-02
4.036224494870512e-02
5.436487246865456e-02
7.206709617854117e-02
9.403760107423521e-02
1.209022691103573e-01
1.531740680420202e-01
1.911823477176431e-01
2.355742239112603e-01
2.872187751002181e-01
3.457264229859622e-01
4.094694517945394e-01
4.772710060251878e-01
5.467957009170986e-01
6.149347764132003e-01
6.779832145199216e-01
7.320668335460081e-01
8.070779066768091e-01
1.000000000000000e+00
1.000000000000000e+00
1.000000000000000e+00
1.000000000000000e+00
1.000000000000000e+00
1.000000000000000e+00
1.000000000000000e+00
1.000000000000000e+00
1.000000000000000e+00
1.000000000000000e+00
1.000000000000000e+00
###1.400000000000001e+01
4.319907242587839e-07
2.062444591300225e-07
2.280337662305437e-07
4.785238805450596e-08
2.630512843185205e-07
3.178055552674224e-07
3.754398455363626e-07
3.626770111915738e-07
3.914369209248085e-07
3.813554958828922e-07
5.194933456845562e-07
5.654934954434688e-07
5.840990028609247e-07
6.309459648239766e-07
6.524413178999126e-07
7.044757561736337e-07
7.560299029487160e-07
7.931825642719258e-07
8.381723263884170e-07
8.961102107792905e-07
9.626107369261557e-07
1.040008375500880e-06
1.110856774406646e-06
1.211438577336391e-06
1.291672267022485e-06
1.394375951264999e-06
1.510430986596166e-06
1.635673984901203e-06
1.782150718599342e-06
1.938438888635215e-06
2.122251513007983e-06
2.333563267449820e-06
2.582559180667391e-06
2.877989196497412e-06
3.221264378359338e-06
3.640295440400330e-06
4.130411816305552e-06
4.721638435893970e-06
5.444280771672730e-06
6.321561609721323e-06
7.391898620160226e-06
8.691158075587979e-06
1.029882707932034e-05
1.226672160209855e-05
1.465922001954411e-05
1.763534305621734e-05
2.129857096675726e-05
2.588887229439990e-05
3.161553197381273e-05
3.882245240501945e-05
4.794760055726838e-05
5.988956584134696e-05
7.544884334361924e-05
9.618373851250709e-05
1.234716595655983e-04
1.597912208910469e-04
2.069165416795200e-04
2.693048662257510e-04
3.539294632279874e-04
4.744344603406429e-04
6.553638249770604e-04
9.303829998786907e-04
1.350315347895347e-03
1.972332087081431e-03
2.871891707309792e-03
4.134344957316796e-03
5.873548733803169e-03
8.270984749078308e-03
1.162975035518583e-02
1.634483395398978e-02
2.283628512694392e-02
3.153704301682989e-02
4.295796817770443e-02
5.761005684641501e-02
7.606703983637347e-02
9.890315846606268e-02
1.267402450793740e-01
1.600731216550125e-01
1.991970341632485e-01
2.447019117110603e-01
2.973421840244334e-01
3.566237933365362e-01
4.208782198599042e-01
4.887724761233666e-01
5.579162971301100e-01
6.251335064762821e-01
6.867312613486727e-01
7.386210228031187e-01
8.113093860826049e-01
1.000000000000000e+00
1.000000000000000e+00
1.000000000000000e+00
1.000000000000000e+00
1.000000000000000e+00
1.000000000000000e+00
1.000000000000000e+00
1.000000000000000e+00
1.000000000000000e+00
1.000000000000000e+00
1.000000000000000e+00
###1.440000000000001e+01
4.117186711307425e-07
2.499907896610598e-07
2.193183045153626e-07
1.978617615539933e-08
3.098975366699581e-07
3.176256914980409e-07
3.791604786794584e-07
3.884306247877478e-07
3.994001979102284e-07
4.105734212371320e-07
5.263539595382524e-07
5.889360408038704e-07
5.903405943501285e-07
6.504542842298207e-07
6.804277912026334e-07
7.368823079361088e-07
7.905639470419370e-07
8.345205528340392e-07
8.842627803092158e-07
9.479827167260052e-07
1.020429167650004e-06
1.101092752081013e-06
1.180250296696449e-06
1.285999008133368e-06
1.375937563154519e-06
1.487636068807476e-06
1.611263146696612e-06
1.748097222896952e-06
1.907740142706587e-06
2.077315183373609e-06
2.276149785139781e-06
2.506789618696381e-06
2.775655973280163e-06
3.094712290787809e-06
3.465380047482932e-06
3.915817239121022e-06
4.445073453125222e-06
5.081869001432420e-06
5.859906485747135e-06
6.805544826894795e-06
7.957431116436109e-06
9.362957095919585e-06
1.109489100977086e-05
1.322266527817258e-05
1.582149074757549e-05
1.906377886452807e-05
2.307215475031634e-05
2.811302883087897e-05
3.443976888344432e-05
4.244295445036224e-05
5.264394089981987e-05
6.602766750294041e-05
8.353407054829498e-05
1.069060073109251e-04
1.377238770865667e-04
1.790235865818178e-04
2.330185989423907e-04
3.052217111369753e-04
4.037395682028918e-04
5.433404299295063e-04
7.501705475411665e-04
1.059022265709315e-03
1.523041820400895e-03
2.202654335404903e-03
3.178154541441994e-03
4.544076723500467e-03
6.424481654394611e-03
9.014933135819657e-03
1.262205058973451e-02
1.765096792734662e-02
2.452454239227745e-02
3.368737822678206e-02
4.566827952883416e-02
6.098262575738837e-02
8.020818837912888e-02
1.039263686648186e-01
1.327383838157485e-01
1.671393752284417e-01
2.073721819606966e-01
2.539744897295171e-01
3.075711832510883e-01
3.676152890903751e-01
4.323329149688191e-01
5.003060357011228e-01
5.690423299799122e-01
6.353401802374197e-01
6.954617799960630e-01
7.452822621310213e-01
8.156388108463533e-01
1.000000000000000e+00
1.000000000000000e+00
1.000000000000000e+00
1.000000000000000e+00
1.000000000000000e+00
1.000000000000000e+00
1.000000000000000e+00
1.000000000000000e+00
1.000000000000000e+00
1.000000000000000e+00
1.000000000000000e+00
###1.480000000000001e+01
4.258638871505598e-07
1.750439308571242e-07
2.275649221425547e-07
3.949081242957971e-08
1.576088232433698e-07
3.304165441916106e-07
3.663126984557606e-07
4.066306160485714e-07
4.451343272706044e-07
4.295526954307472e-07
5.388556975196723e-07
6.319540019083409e-07
6.133332135462023e-07
6.763702852315289e-07
7.067547899216011e-07
7.693885222959956e-07
8.282305912466166e-07
8.771109514381453e-07
9.325471607491014e-07
1.001291265351630e-06
1.079436833690866e-06
1.165426456899358e-06
1.252550886730957e-06
1.364859618138857e-06
1.464696692484695e-06
1.585744201358266e-06
1.718830219822990e-06
1.867910532010559e-06
2.039524623299515e-06
2.224957007340610e-06
2.440975797542121e-06
2.689167623244946e-06
2.980160325924438e-06
3.326520060928245e-06
3.724467704374251e-06
4.211586796992356e-06
4.780511701602580e-06
5.467744136172678e-06
6.305504497408544e-06
7.325291104422838e-06
8.564008856755019e-06
1.008072635793937e-05
1.195667841090475e-05
1.425620009168443e-05
1.706976443928957e-05
2.061407163817548e-05
2.500600719239940e-05
3.054428341379689e-05
3.753448666953245e-05
4.642497380606155e-05
5.783606218076555e-05
7.281947833585272e-05
9.249404519875522e-05
1.188188108486276e-04
1.536128297313863e-04
2.004369642344371e-04
2.621095855438107e-04
3.451148286060913e-04
4.587617809432690e-04
6.191314097060460e-04
8.539060406864082e-04
1.199664526824707e-03
1.711652787367806e-03
2.453759097455308e-03
3.511778483199383e-03
4.988961272723169e-03
7.019506921123743e-03
9.812205908129333e-03
1.367691626061836e-02
1.903223949841425e-02
2.630140594021780e-02
3.594224164640113e-02
4.849671767977651e-02
6.448918669818432e-02
8.449553596292869e-02
1.091091964708376e-01
1.389034599556196e-01
1.743711672466560e-01
2.157118147806225e-01
2.633896547171272e-01
3.179259794977175e-01
3.786990170748164e-01
4.438654381779213e-01
5.118826395266944e-01
5.801666588486228e-01
6.455268290007138e-01
7.041879589349220e-01
7.520561974908287e-01
8.199796915808155e-01
1.000000000000000e+00
1.000000000000000e+00
1.000000000000000e+00
1.000000000000000e+00
1.000000000000000e+00
1.000000000000000e+00
1.000000000000000e+00
1.000000000000000e+00
1.000000000000000e+00
1.000000000000000e+00
1.000000000000000e+00
###1.520000000000001e+01
3.957300792710428e-07
3.114282322652366e-07
2.403626188978021e-07
4.169399534159240e-08
1.850719742018983e-07
3.624098018384092e-07
3.697712162501259e-07
4.176549587060858e-07
4.726647029074015e-07
4.460782699546638e-07
5.601886846933915e-07
6.473875038134927e-07
6.243139601756229e-07
7.096120066366745e-07
7.375403791633054e-07
8.017647208352088e-07
8.656195745898676e-07
9.200738824548623e-07
9.811562353866792e-07
1.055395942642697e-06
1.139511676824282e-06
1.231849047414461e-06
1.326710167735282e-06
1.445896859627875e-06
1.556519377315706e-06
1.686193819420991e-06
1.830509768861459e-06
1.991733953717455e-06
2.177334517707839e-06
2.378713125335884e-06
2.611642490830776e-06
2.881652405891201e-06
3.194638895747746e-06
3.567039461775145e-06
3.997437902429683e-06
4.525527730690838e-06
5.135295365113039e-06
5.876142030177092e-06
6.778107875831313e-06
7.876630870841789e-06
9.214085549820212e-06
1.085075993582853e-05
1.287810965515866e-05
1.537118865235013e-05
1.842987740122402e-05
2.229968046975869e-05
2.711344968429541e-05
3.320385937429074e-05
4.093285760854009e-05
5.081258192577490e-05
6.354771044872964e-05
8.032263133275038e-05
1.024250887597055e-04
1.320236745614720e-04
1.712678445392961e-04
2.241841542913057e-04
2.943812663053375e-04
3.892211367361634e-04
5.193877364267368e-04
7.023029119526539e-04
9.672993214602549e-04
1.353093452435020e-03
1.916887941301073e-03
2.727047594619052e-03
3.874264620225972e-03
5.470913762115095e-03
7.660706886682905e-03
1.066470705581836e-02
1.479776304875055e-02
2.049138955968912e-02
2.817018693128514e-02
3.830405731802122e-02
5.144699720159143e-02
6.813364041235760e-02
8.893235533983711e-02
1.144531047768387e-01
1.452348867872107e-01
1.817727017408542e-01
2.242213549053703e-01
2.729570145594594e-01
3.284223439922568e-01
3.898843383220502e-01
4.554425462049703e-01
5.234643551718845e-01
5.912827268969080e-01
6.556934892848418e-01
7.129353173048508e-01
7.587562656405432e-01
8.243690609321893e-01
1.000000000000000e+00
1.000000000000000e+00
1.000000000000000e+00
1.000000000000000e+00
1.000000000000000e+00
1.000000000000000e+00
1.000000000000000e+00
1.000000000000000e+00
1.000000000000000e+00
1.000000000000000e+00
1.000000000000000e+00
###1.560000000000001e+01
3.604831203080463e-07
3.521017893685174e-07
2.289648466745961e-07
2.756808991325980e-08
1.927462030670279e-07
3.928712936761207e-07
3.883677058956697e-07
4.260959506246150e-07
4.821164814040551e-07
4.630094856438252e-07
5.740414211324200e-07
6.623117940686991e-07
6.504365323500769e-07
7.359673146631592e-07
7.684550972621882e-07
8.374132332007966e-07
9.048539066392628e-07
9.653367642784837e-07
1.030257866368246e-06
1.112050867508099e-06
1.202525080655737e-06
1.301426917375388e-06
1.404686791045437e-06
1.531159351169095e-06
1.651893828155758e-06
1.792017674352558e-06
1.948261683448979e-06
2.122391787999703e-06
2.320980937278855e-06
2.540643712831461e-06
2.792867999699717e-06
3.084981174217926e-06
3.423115735029092e-06
3.823658422445832e-06
4.288765286798618e-06
4.855270995510338e-06
5.513539496882446e-06
6.314657100300324e-06
7.283003761051284e-06
8.466657339928647e-06
9.910651528300411e-06
1.167909489076566e-05
1.387169420199208e-05
1.657579269208902e-05
1.991210352028384e-05
2.413091217879031e-05
2.941335597843720e-05
3.611601475039631e-05
4.466051184669658e-05
5.563663735224378e-05
6.983397044476210e-05
8.860167750987082e-05
1.133948384189607e-04
1.466959475697137e-04
1.908042047997262e-04
2.504719787719335e-04
3.300502755471711e-04
4.378983753223868e-04
5.859665376481604e-04
7.933036294945347e-04
1.091019934302883e-03
1.519923102587785e-03
2.139899901678150e-03
3.023299745754496e-03
4.266612857636881e-03
5.990851139094335e-03
8.348630261643990e-03
1.157476407076196e-02
1.598747722850032e-02
2.203228191845819e-02
3.013470503778902e-02
4.077643970539603e-02
5.452354344043113e-02
7.192006411199089e-02
9.353251235555694e-02
1.199655059803752e-01
1.517505377122098e-01
1.893538278268052e-01
2.328978020235483e-01
2.826840898739489e-01
3.390375140589577e-01
4.011711039454297e-01
4.671004016157614e-01
5.350824526491063e-01
6.024119616088615e-01
6.658573366164803e-01
7.217268232899107e-01
7.656102694008396e-01
8.288601477529055e-01
1.000000000000000e+00
1.000000000000000e+00
1.000000000000000e+00
1.000000000000000e+00
1.000000000000000e+00
1.000000000000000e+00
1.000000000000000e+00
1.000000000000000e+00
1.000000000000000e+00
1.000000000000000e+00
1.000000000000000e+00
