# NLO BK equation solver 0.0-dev build  (build Nov 18 2025 11:57:20)
# Initial condition: MV model, Q_s0^2 = 0.0884653 GeV^2, \gamma = 4.36909, coefficient of E inside Log is 1, x0=0.01, \Lambda_QCD = 0.241 GeV
# # LO Kernel RC:  Balitsky. NLO Kernel RC:  smallest dipole
# Nc=3, Nf=4
# Using RungeKutta method in K1
# Resumming double log
# Resumming single log, K_sub=0.65 resum rc: smallest
# BK K1 integration relative accuracy: 0.02# NLO BK as^2 terms: MC integration method: Vegas, points=1000000
# Kinematical constraint: none
# Target kinematical constraint: disabled

###1.000000000000000e-05
###1.160836920850890e+00
###100
###1.000000000000000e+00
###0.000000000000000e+00
1.648789138872382e-48
5.999454965047474e-48
2.182726883347288e-47
7.940109935360954e-47
2.887963498753917e-46
1.050251826514282e-45
3.818828827292271e-45
1.388354338910385e-44
5.046638018191030e-44
1.834146192530369e-43
6.664903902779613e-43
2.421475637207869e-42
8.796109534200993e-42
3.194651089644169e-41
1.160049174252354e-40
4.211602018767591e-40
1.528741008214691e-39
5.547965849043003e-39
2.013003000216141e-38
7.302360073039591e-38
2.648424088089553e-37
9.603166161265423e-37
3.481296586182319e-36
1.261723450610063e-35
4.571730875053046e-35
1.656101992850467e-34
5.997633097937974e-34
2.171477742377405e-33
7.859766511005093e-33
2.844058947115450e-32
1.028816541574930e-31
3.720515984730692e-31
1.345022567736938e-30
4.860849283422400e-30
1.756085670807093e-29
6.341977595304718e-29
2.289514413048677e-28
8.262198862634530e-28
2.980403579980219e-27
1.074669506834639e-26
3.873361932089566e-26
1.395426753543685e-25
5.024859584638593e-25
1.808549604730764e-24
6.506055761596756e-24
2.339250839589940e-23
8.406162590414027e-23
3.019051984627175e-22
1.083638798755658e-21
3.887124781148747e-21
1.393447869245647e-20
4.991822191869421e-20
1.786985303316233e-19
6.392389894420455e-19
2.284927646726520e-18
8.160838241283253e-18
2.912300541916328e-17
1.038395072519204e-16
3.699133885177843e-16
1.316542269888357e-15
4.681163630086577e-15
1.662819064063653e-14
5.900619824644634e-14
2.091717289511339e-13
7.407213633296446e-13
2.620296407109535e-12
9.259572681597043e-12
3.268758866873263e-11
1.152759954220061e-10
4.061429392878056e-10
1.429655582913126e-09
5.028454270537753e-09
1.767408080994824e-08
6.208668904564392e-08
2.180175258242865e-07
7.654190256053445e-07
2.687304568966884e-06
9.437326860306822e-06
3.315895292943516e-05
1.165966322875800e-04
4.103824377055254e-04
1.445806580582243e-03
5.095093578910581e-03
1.790483105563667e-02
6.202408586157815e-02
2.034181019636357e-01
5.549752110101864e-01
9.443719647911210e-01
9.999674943741073e-01
9.999999999999999e-01
1.000000000000000e+00
1.000000000000000e+00
1.000000000000000e+00
1.000000000000000e+00
1.000000000000000e+00
1.000000000000000e+00
1.000000000000000e+00
1.000000000000000e+00
1.000000000000000e+00
1.000000000000000e+00
###4.000000000000000e-01
-2.514731067744627e-11
4.712371251023087e-11
1.793491233028626e-10
-4.336406507243026e-11
1.714217695165211e-10
5.225122636137358e-11
4.605171918433089e-11
1.013863553346393e-10
4.221964636237744e-10
-2.848172455708339e-12
4.667300920901239e-11
-4.368225249388583e-11
5.402643719819529e-11
-7.690733241425462e-12
6.720759856442075e-11
2.471813621266063e-10
4.855096709132696e-11
3.931775414996443e-11
1.569643993233945e-11
-2.183101413952839e-11
3.524683221312264e-11
-3.496570973192085e-12
1.792802377656878e-11
2.774448149561764e-11
2.120966032447445e-11
2.716334503261303e-11
3.296170454266362e-11
8.912377448565000e-11
1.312548380730199e-10
1.564380460680233e-10
2.364998681707414e-10
2.440285803591612e-10
3.854551795099769e-10
5.064509192211374e-10
6.702539386428478e-10
9.416224434631217e-10
1.204744326425075e-09
1.624797938174155e-09
2.167887618168870e-09
2.895032787627744e-09
3.860873150736437e-09
5.101360898595149e-09
6.841434969085916e-09
9.092476530461140e-09
1.198824882806511e-08
1.591049026216123e-08
2.100819353794903e-08
2.780810140872647e-08
3.668598240328176e-08
4.830247578342840e-08
6.375372705912028e-08
8.398289545976272e-08
1.106109048468973e-07
1.460787279277831e-07
1.925732969176510e-07
2.563749999539417e-07
3.412972713199590e-07
4.592846073542438e-07
6.194166163462682e-07
8.475844146804537e-07
1.173702011104691e-06
1.636911473475988e-06
2.323795412801999e-06
3.350370849049509e-06
4.857359776538092e-06
7.221165474833554e-06
1.074605771753685e-05
1.589950848243091e-05
2.293575692983124e-05
3.802999633212649e-05
5.869526438855283e-05
9.047231606207249e-05
1.401997401165191e-04
2.163948005376775e-04
3.344663018827929e-04
5.176975591681967e-04
8.040031980394742e-04
1.251880309496776e-03
1.967881842718278e-03
3.149041413349648e-03
5.227904409549209e-03
9.136526715305992e-03
1.734386162287755e-02
3.688011803939160e-02
8.851791539338073e-02
2.276498933757145e-01
5.382021148114140e-01
8.772943107898321e-01
9.594831677896433e-01
9.999999999999999e-01
1.000000000000000e+00
1.000000000000000e+00
1.000000000000000e+00
1.000000000000000e+00
1.000000000000000e+00
1.000000000000000e+00
1.000000000000000e+00
1.000000000000000e+00
1.000000000000000e+00
1.000000000000000e+00
###8.000000000000000e-01
-2.833661660877210e-09
9.495275609928732e-10
-2.656356652195435e-09
-1.363091529426062e-10
-3.909679537498021e-10
1.571344553278211e-09
2.482690809505439e-09
1.971067592116128e-10
8.924164825175975e-10
8.448634085752751e-11
1.098713345854683e-10
1.241281630760304e-10
1.619626420371909e-10
-5.973362263976998e-10
1.827295353652837e-10
3.913620291650514e-10
2.937303593584299e-10
1.975146139551402e-10
1.591098571519550e-10
1.919053407949100e-10
-2.013168535333388e-11
8.545644698394823e-11
-2.101270453835962e-11
8.590819941714189e-11
2.169555482343922e-10
1.384683010408495e-10
1.932929138462129e-10
4.085413309595814e-10
4.539741667559468e-10
4.068387994988857e-10
5.912934058173716e-10
6.413803993203448e-10
1.031860104705751e-09
1.188081912152657e-09
1.840350161706917e-09
2.272745171816726e-09
3.396466562592660e-09
3.843077609441832e-09
5.294459743019375e-09
7.025720175675905e-09
9.173564863452209e-09
1.231023883754464e-08
1.630976652415440e-08
2.124549961427242e-08
2.816410631644312e-08
3.705917053828133e-08
4.807536057554231e-08
6.358692602442635e-08
8.294288596209565e-08
1.081351451399983e-07
1.374000576214034e-07
1.843105335545552e-07
2.384007491659048e-07
3.100293061990165e-07
4.046875949215202e-07
5.316227584198422e-07
6.985151603621536e-07
9.352391523581073e-07
1.242134247418088e-06
1.695349500217424e-06
2.172981723598331e-06
3.240763271268262e-06
4.644747186887351e-06
6.721384728924381e-06
9.976208873462398e-06
1.507437705536313e-05
2.303690731420105e-05
3.527989991094242e-05
5.395072764137638e-05
8.697425292389413e-05
1.357075091592706e-04
2.104687395437602e-04
3.258221932579360e-04
5.021168990449804e-04
7.700903111556655e-04
1.177601708548536e-03
1.799940947801585e-03
2.746788263176999e-03
4.203867791940481e-03
6.524720051646326e-03
1.038182145781876e-02
1.703249113608617e-02
2.936065422959793e-02
5.462112940302932e-02
1.120123435637391e-01
2.478625204984052e-01
5.240912288121296e-01
8.223477232229751e-01
9.231975297143519e-01
9.999999999999999e-01
1.000000000000000e+00
1.000000000000000e+00
1.000000000000000e+00
1.000000000000000e+00
1.000000000000000e+00
1.000000000000000e+00
1.000000000000000e+00
1.000000000000000e+00
1.000000000000000e+00
1.000000000000000e+00
###1.200000000000000e+00
-4.542071636338462e-09
5.156733211588029e-09
-2.646780877586843e-09
5.060409697525952e-09
-1.219517376445644e-08
6.799925598859709e-10
3.235771030997781e-09
2.644619279526782e-09
-1.389171087039903e-09
5.345749721626250e-10
8.145796601170249e-10
-1.366825908855171e-09
1.501400781517115e-09
-7.615923191119580e-10
9.193526224735314e-10
3.517294301014947e-09
1.210254303874147e-09
6.058350838862327e-10
4.519840503979627e-10
6.689780243650469e-10
5.899027816735155e-10
3.608649762409892e-10
7.726896998538751e-10
1.077401751053714e-09
4.064699398059100e-10
6.517222409308521e-10
5.122625197685963e-10
1.404398729938085e-09
1.019088729329217e-09
1.382997282217752e-09
1.501318159909943e-09
1.698398223518289e-09
2.658598808088931e-09
2.984293060824651e-09
4.165474376774870e-09
4.522555281505732e-09
6.494192449875890e-09
7.932179338537688e-09
1.032122287311048e-08
1.362517558957477e-08
1.779731787688260e-08
2.350546938259431e-08
3.052428489450475e-08
3.938312352210484e-08
5.124820040428547e-08
6.633742102520583e-08
8.677236161248977e-08
1.120255241731310e-07
1.442662265279886e-07
1.849357954740448e-07
2.349414759191670e-07
3.047090098580940e-07
3.852083486425027e-07
4.910048324784361e-07
6.314441167888915e-07
8.090508459466722e-07
1.035996066606217e-06
1.333834437151636e-06
1.738060887186373e-06
2.330434122490790e-06
3.018575659261200e-06
4.369568596943924e-06
6.257253162794353e-06
9.253868006093335e-06
1.405552714975251e-05
2.185777271305949e-05
3.469738539854750e-05
5.520557239964446e-05
8.811823080531609e-05
1.437343850448758e-04
2.282104150619587e-04
3.585979633884246e-04
5.566840164105603e-04
8.562285379253349e-04
1.306569634797774e-03
1.978714084696610e-03
2.984371990626716e-03
4.424779257860173e-03
6.732240104464210e-03
1.022814634286822e-02
1.585744761809492e-02
2.513439762245855e-02
4.120583687638363e-02
7.133271858857090e-02
1.330863785143722e-01
2.650313570035088e-01
5.124979940257989e-01
7.772701024595507e-01
8.909957537245425e-01
9.999999999999999e-01
1.000000000000000e+00
1.000000000000000e+00
1.000000000000000e+00
1.000000000000000e+00
1.000000000000000e+00
1.000000000000000e+00
1.000000000000000e+00
1.000000000000000e+00
1.000000000000000e+00
1.000000000000000e+00
###1.600000000000000e+00
1.770044436335810e-09
6.724783800527565e-09
1.745952587105075e-09
1.235039750112367e-09
-1.586100606897879e-08
4.520581040856851e-09
3.028585547430988e-09
1.419968423574631e-10
3.253603672712665e-09
5.877712823368878e-09
1.558258491220318e-09
-9.069014539069256e-12
3.141018626983276e-09
-6.139648911752736e-10
3.110692368316373e-09
8.218788823653952e-09
2.049125875186980e-09
1.878235111888343e-09
1.533590869634008e-09
1.511433724621837e-09
1.928711701607535e-09
8.322294214069786e-10
2.096818690652276e-09
2.125739623215686e-09
1.418298010495010e-09
1.708911569570841e-09
1.512529923992534e-09
2.036386436020489e-09
1.326596630041333e-09
2.940127629414155e-09
3.857350735795578e-09
3.792015622573604e-09
4.866927179454197e-09
5.780861726036729e-09
6.937886606433009e-09
8.064788348524160e-09
1.148553484865967e-08
1.421855676703186e-08
1.814763522874222e-08
2.347944143263097e-08
3.019605569806435e-08
3.940448550590501e-08
5.048236445077153e-08
6.525675171212844e-08
8.262993013531708e-08
1.070147328031954e-07
1.382916731712680e-07
1.760239665164775e-07
2.232718861110878e-07
2.822178127660253e-07
3.561249077240258e-07
4.491101872780467e-07
5.574881853090946e-07
6.910929911621440e-07
8.594734041389252e-07
1.066342696534352e-06
1.314305250779585e-06
1.617331773395665e-06
2.025417630166207e-06
2.609997945477910e-06
3.331239187872163e-06
4.679742992780750e-06
6.775498239762111e-06
1.027904153910815e-05
1.626971784001868e-05
2.651186771102123e-05
4.443879554960680e-05
7.430296293652678e-05
1.237349373020943e-04
2.067156538541968e-04
3.353405925915563e-04
5.333076821489241e-04
8.316902565131747e-04
1.278241950879735e-03
1.941202823953885e-03
2.918295772912413e-03
4.354736433428162e-03
6.409462190881229e-03
9.548464158356681e-03
1.424506852900894e-02
2.163679747482541e-02
3.343770662562279e-02
5.290914920648971e-02
8.719924207277695e-02
1.522240946648664e-01
2.799317551594954e-01
5.031728542925669e-01
7.403127858058625e-01
8.626854562909351e-01
9.999999999999999e-01
1.000000000000000e+00
1.000000000000000e+00
1.000000000000000e+00
1.000000000000000e+00
1.000000000000000e+00
1.000000000000000e+00
1.000000000000000e+00
1.000000000000000e+00
1.000000000000000e+00
1.000000000000000e+00
###2.000000000000000e+00
1.876091046537812e-09
2.239039359670655e-08
-8.610888335210555e-09
1.861555995545244e-08
-2.109254553148033e-08
-1.837974388257330e-10
4.338334286611331e-09
-8.109665083171901e-09
6.195520341405542e-09
8.322530536833260e-09
7.330933820483687e-09
2.629039665201111e-09
4.255805090146675e-09
3.618331371564287e-09
5.243253737648828e-09
1.100280374743629e-08
3.983430209850962e-09
3.513659918498604e-09
5.242776403491668e-09
4.691579219758410e-09
4.361429017239438e-09
1.039153894909688e-09
3.795132550286245e-09
5.838866824092496e-09
4.595331590305868e-09
5.682297709977019e-09
4.184299402034554e-09
5.571305932600074e-09
5.162299322970579e-09
6.704762996275566e-09
7.438668215613126e-09
8.865401998641729e-09
9.390715885489991e-09
1.068449231671334e-08
1.371817670272402e-08
1.565673320702272e-08
1.995257168910794e-08
2.409373549420274e-08
3.086039657096616e-08
3.901497789966519e-08
4.902719657186852e-08
6.454077487132503e-08
7.920608213732753e-08
1.013548077257888e-07
1.269508621431860e-07
1.605170854212636e-07
2.051525883683581e-07
2.577068683196803e-07
3.250509027000831e-07
4.022631788381326e-07
4.993530126316320e-07
6.166735180392366e-07
7.475901859431079e-07
9.030149542888388e-07
1.079312082335216e-06
1.288292870770606e-06
1.498150031533131e-06
1.745069966884785e-06
2.031067592874689e-06
2.462863442132299e-06
2.958864182705525e-06
4.034259385257706e-06
5.960886692523523e-06
9.510868534905395e-06
1.622490253505051e-05
2.886230990485057e-05
5.179768705172411e-05
9.209092089638952e-05
1.605469257532876e-04
2.753482551878382e-04
4.562693543352370e-04
7.342774436090136e-04
1.150170758752439e-03
1.768163007236080e-03
2.674741983650791e-03
3.991257237220691e-03
5.905853023443787e-03
8.621209337877866e-03
1.262602912811254e-02
1.855977632323556e-02
2.770087660003818e-02
4.191855638975176e-02
6.449464543192936e-02
1.023397132747194e-01
1.697742319167166e-01
2.931551260140199e-01
4.959355094825413e-01
7.102461949357123e-01
8.382658845860116e-01
9.999999999999999e-01
1.000000000000000e+00
1.000000000000000e+00
1.000000000000000e+00
1.000000000000000e+00
1.000000000000000e+00
1.000000000000000e+00
1.000000000000000e+00
1.000000000000000e+00
1.000000000000000e+00
1.000000000000000e+00
###2.400000000000000e+00
1.820835107539301e-08
2.021113378746748e-08
-5.276435143253518e-09
1.625150758734295e-08
-2.126657124363728e-08
-8.316654835207712e-09
6.360212527461014e-09
-2.931887456509426e-09
6.087808083206133e-09
1.260109818036417e-08
9.559761117199268e-09
1.454240964758771e-08
-4.603024034720719e-09
6.856415468063454e-09
8.100195678186050e-09
1.174332557892015e-08
5.398297977513908e-09
5.690475202153161e-09
9.475130712759591e-09
7.054362874030397e-09
6.646332792664122e-09
3.448895507054038e-09
6.616031333355521e-09
8.411927951472892e-09
8.816813761084261e-09
1.308740022616784e-08
7.150133927816148e-09
7.600638955739445e-09
8.965998121346506e-09
1.034403221805154e-08
1.137348250474292e-08
1.445628570635977e-08
1.400716606259437e-08
1.540425996656396e-08
2.055742644146002e-08
2.322706479511179e-08
2.951560176342786e-08
3.626551540838679e-08
4.615859820591407e-08
5.732563127648557e-08
7.212140762941062e-08
9.309267424813409e-08
1.132858216687647e-07
1.443166148935891e-07
1.809041018908558e-07
2.264213938904533e-07
2.890845285790213e-07
3.563973345805271e-07
4.436448431881987e-07
5.407291891600912e-07
6.618220525671720e-07
8.023260015143428e-07
9.529434292634679e-07
1.115387697290652e-06
1.290166076871239e-06
1.459570289104906e-06
1.593581761301810e-06
1.699251417879475e-06
1.756290458928001e-06
1.858880929717377e-06
1.879552938498481e-06
2.410048403458077e-06
3.774880651747897e-06
6.959067702457008e-06
1.408246105752254e-05
2.889559763161219e-05
5.729076479748680e-05
1.089919415083131e-04
1.987595126323995e-04
3.503749759352222e-04
5.923270447267386e-04
9.623713992098730e-04
1.513695085731255e-03
2.317269977485325e-03
3.504132902140905e-03
5.196059539434247e-03
7.630747507166961e-03
1.104607223909408e-02
1.596057774597509e-02
2.314710857326571e-02
3.401784399814119e-02
5.056469358957590e-02
7.598355774880597e-02
1.169103819194395e-01
1.860860567595922e-01
3.051828746589875e-01
4.905941342057542e-01
6.858769632195734e-01
8.173932611074369e-01
9.999999999999999e-01
1.000000000000000e+00
1.000000000000000e+00
1.000000000000000e+00
1.000000000000000e+00
1.000000000000000e+00
1.000000000000000e+00
1.000000000000000e+00
1.000000000000000e+00
1.000000000000000e+00
1.000000000000000e+00
###2.800000000000000e+00
1.210420202444031e-08
2.405682063974952e-08
-2.279638819891818e-08
3.083473607663184e-08
-2.086794455831244e-08
-4.015644307318301e-09
-4.067588758713272e-09
-5.828912917109329e-09
1.043866438917435e-08
1.124364194036677e-08
1.817119683891811e-08
1.533326997805817e-08
1.064105597749814e-09
1.225573731331178e-08
1.839774924827106e-08
1.780075102918001e-08
1.214109260879114e-08
1.305619707928131e-08
1.761105009212393e-08
1.343438007954329e-08
1.305598332437664e-08
1.109158083939516e-08
1.352497391722385e-08
1.761538140644649e-08
1.540834329522954e-08
1.944329491053463e-08
1.367460128649743e-08
1.549073449835502e-08
1.626190562857918e-08
1.944153956852274e-08
2.019646413811903e-08
2.311404991364524e-08
2.426462169820014e-08
2.705223090560736e-08
3.325553896121551e-08
3.796468484393204e-08
4.627406471812805e-08
5.580163026118919e-08
6.665074523034466e-08
8.169301327423701e-08
1.043448121361144e-07
1.308138930428191e-07
1.604198189723747e-07
2.017999588725991e-07
2.508695932464571e-07
3.097016218043099e-07
3.901468764410009e-07
4.719721107453153e-07
5.836683905002357e-07
7.025214484563089e-07
8.482130488627610e-07
1.011349817874193e-06
1.168762755785095e-06
1.325929554256559e-06
1.482514004747087e-06
1.589283123579733e-06
1.585131200893409e-06
1.454603765897593e-06
1.195329529683343e-06
8.167315929156943e-07
2.000531052976352e-07
-5.144536390711510e-08
4.568098592771343e-07
3.104232247235966e-06
1.025716287123674e-05
2.732370185858716e-05
6.166803275560883e-05
1.263607231363747e-04
2.399877583944278e-04
4.344307160016592e-04
7.447765249394869e-04
1.220340657163290e-03
1.921249621648798e-03
2.931301785691622e-03
4.426788033686802e-03
6.525482791742371e-03
9.516581403778894e-03
1.366437827704486e-02
1.953606040206260e-02
2.798210676712421e-02
4.059028026189716e-02
5.934850820902441e-02
8.738422543372519e-02
1.309871787312704e-01
2.013863692149817e-01
3.164002830438198e-01
4.871327610757272e-01
6.664052333634276e-01
7.998813177485283e-01
9.999999999999999e-01
1.000000000000000e+00
1.000000000000000e+00
1.000000000000000e+00
1.000000000000000e+00
1.000000000000000e+00
1.000000000000000e+00
1.000000000000000e+00
1.000000000000000e+00
1.000000000000000e+00
1.000000000000000e+00
###3.200000000000000e+00
3.301735695478618e-08
2.550281826326722e-08
-1.909389345658248e-08
3.235084829913451e-08
-2.160480373956141e-08
4.765802598331504e-09
-1.568902178397838e-09
-6.427019112831383e-09
1.946372320319807e-08
8.077200747979531e-09
2.309655304793093e-08
1.787653242061546e-08
1.247892240031407e-08
1.526676372715688e-08
1.569927821542670e-08
2.563018579410418e-08
2.065337388269629e-08
7.830570890164528e-09
2.129873612453848e-08
1.763236867808399e-08
1.816775573429770e-08
1.690512481290065e-08
2.057411647947779e-08
2.414244735522567e-08
2.254102695729573e-08
2.430560290449838e-08
2.026567369000383e-08
2.146098780436189e-08
2.213003578294907e-08
2.726078223192810e-08
2.784241748775063e-08
3.069506948960444e-08
3.400935452302580e-08
3.630868816002590e-08
4.615234735601139e-08
5.333760517948146e-08
6.871933296161127e-08
7.478160267538498e-08
9.075326555664026e-08
1.111289360485295e-07
1.396706223000911e-07
1.743575047352332e-07
2.140745863672810e-07
2.673816694650906e-07
3.304163068256919e-07
4.042296854993340e-07
5.047284432330103e-07
6.054627345492069e-07
7.412775422795641e-07
8.850757895447124e-07
1.055363929952429e-06
1.240273284270990e-06
1.410686012555548e-06
1.556951507011469e-06
1.668991192825703e-06
1.685027013238360e-06
1.538790982044565e-06
1.185975589093894e-06
6.318064445108802e-07
-2.672686095818614e-07
-1.849548032319332e-06
-3.039993830672857e-06
-3.496506724144404e-06
-3.182221488687471e-07
7.214252439857321e-06
2.596573051566000e-05
6.640860704326601e-05
1.455392884799614e-04
2.868811559785832e-04
5.292840053902236e-04
9.156163804144824e-04
1.507293198337421e-03
2.377128640525512e-03
3.625470841160653e-03
5.440791587041120e-03
7.980577116820802e-03
1.155748303851603e-02
1.646899113319254e-02
2.331792262310832e-02
3.304391758681458e-02
4.737731090478658e-02
6.826655924703459e-02
9.871340739013863e-02
1.446504540115638e-01
2.158715583862322e-01
3.270009450591377e-01
4.852073129223115e-01
6.510655933513637e-01
7.851751396637822e-01
9.999999999999999e-01
1.000000000000000e+00
1.000000000000000e+00
1.000000000000000e+00
1.000000000000000e+00
1.000000000000000e+00
1.000000000000000e+00
1.000000000000000e+00
1.000000000000000e+00
1.000000000000000e+00
1.000000000000000e+00
###3.600000000000000e+00
5.711594344648401e-08
2.006884580748627e-08
-6.855068330055948e-08
3.311791905498324e-08
-1.974731211837930e-08
5.450251989482819e-09
-3.196384072235343e-08
1.809788312533249e-09
2.275019781017882e-08
1.250109740830804e-08
2.345950159640257e-08
2.431069236505377e-08
1.449117415568589e-08
2.129391167475490e-08
1.898068991337621e-08
5.827000502830225e-09
3.256035538696553e-08
1.302021528329295e-08
2.101860458722495e-08
2.302211504036418e-08
2.306090228865174e-08
2.196167623802656e-08
2.353205284649599e-08
2.965155192332295e-08
2.937843112034667e-08
2.823084869780412e-08
1.448127971697223e-08
2.828952889720684e-08
3.023473022467845e-08
3.337592618208228e-08
3.614181537455279e-08
3.990790094568394e-08
4.416477918674853e-08
4.836928448164896e-08
5.826479883351623e-08
6.845936894994301e-08
8.670877723781045e-08
9.590661630941082e-08
1.165578419488872e-07
1.456465984910762e-07
1.785476692747107e-07
2.238367771617604e-07
2.733929417124793e-07
3.404170785275969e-07
4.197754804783967e-07
5.090153806988440e-07
6.306983303626348e-07
7.576186589283880e-07
9.212808817793967e-07
1.094284943191781e-06
1.294440231140668e-06
1.498646603054364e-06
1.693285345286606e-06
1.821666248329164e-06
1.902932331463830e-06
1.818197586555277e-06
1.543071552154211e-06
1.102939846442273e-06
2.849226594722707e-07
-1.522515706841382e-06
-4.028996569395927e-06
-6.169873284188610e-06
-7.207110280998513e-06
-3.553728278159664e-06
1.244507491340729e-05
3.291680744135975e-05
7.573886793222786e-05
1.713001506583300e-04
3.428365048284312e-04
6.385277094230009e-04
1.109333168601926e-03
1.827611845981504e-03
2.880348401536186e-03
4.389168608690939e-03
6.548102932931409e-03
9.555732854926098e-03
1.374488425826512e-02
1.945600792957275e-02
2.730568882560397e-02
3.831752296780083e-02
5.434855446101941e-02
7.727175422567487e-02
1.099605573099817e-01
1.579315407368471e-01
2.297475849878301e-01
3.372133498809285e-01
4.847564532478005e-01
6.393944499842580e-01
7.732405793231396e-01
9.999999999999999e-01
1.000000000000000e+00
1.000000000000000e+00
1.000000000000000e+00
1.000000000000000e+00
1.000000000000000e+00
1.000000000000000e+00
1.000000000000000e+00
1.000000000000000e+00
1.000000000000000e+00
1.000000000000000e+00
###4.000000000000000e+00
6.701274711307657e-08
3.269925512835466e-08
-6.468531138286545e-08
7.949715778718235e-08
-5.178213141017610e-08
4.047015182875033e-09
-2.082721789140166e-08
3.019627166976726e-09
5.295060488684978e-08
2.062379539276191e-08
2.555930990352485e-08
2.460611930875982e-08
1.856126271488433e-08
1.777408021319061e-08
2.592117117984033e-08
1.714141423527934e-08
2.883354043440673e-08
2.104827704669403e-08
2.629215467872220e-08
2.944113608221394e-08
3.207470891822901e-08
3.105316120234586e-08
2.844363447492648e-08
4.039220324355045e-08
3.825715123763903e-08
3.721452043543168e-08
2.529706648530770e-08
3.905915775436429e-08
4.164652474005008e-08
4.610837769698160e-08
4.924161808266600e-08
5.213426922175466e-08
5.873050510991582e-08
6.341344311684854e-08
7.849784885769342e-08
8.802264033295123e-08
1.110550998218259e-07
1.236203224369100e-07
1.468290045011711e-07
1.862578345525134e-07
2.266319341670892e-07
2.818959488705409e-07
3.440550873005677e-07
4.232332873118774e-07
5.220256271936048e-07
6.259401562896837e-07
7.780858081697067e-07
9.274503642363160e-07
1.119995293796222e-06
1.326993041391072e-06
1.559371679108795e-06
1.786445541397451e-06
2.000034184125628e-06
2.126613735313444e-06
2.179438840512735e-06
2.049886797880365e-06
1.720342186385139e-06
1.243160701351392e-06
-1.100336017215667e-07
-2.673931276904468e-06
-5.967092171848479e-06
-8.814024471320807e-06
-1.000943218133756e-05
-4.612999653390569e-06
2.625092870135990e-05
4.825834362289811e-05
9.157187838914917e-05
2.050322370480630e-04
4.103803255130688e-04
7.647806794001858e-04
1.328535508128491e-03
2.184181726753298e-03
3.434091297850715e-03
5.217491626930431e-03
7.742696429549456e-03
1.124461084130987e-02
1.607263250011443e-02
2.260346585597233e-02
3.147312422795968e-02
4.379242553673334e-02
6.146779819712287e-02
8.634480468363143e-02
1.211336370911454e-01
1.708979557839167e-01
2.430843054409507e-01
3.471776823986268e-01
4.856362923845296e-01
6.305486006734674e-01
7.638354173359598e-01
9.999999999999999e-01
1.000000000000000e+00
1.000000000000000e+00
1.000000000000000e+00
1.000000000000000e+00
1.000000000000000e+00
1.000000000000000e+00
1.000000000000000e+00
1.000000000000000e+00
1.000000000000000e+00
1.000000000000000e+00
###4.399999999999999e+00
5.420204584727403e-08
3.941620417697833e-08
-5.968269182089757e-08
8.443137885750764e-08
-6.235812996905690e-08
1.637288408948934e-08
1.153930190376837e-08
8.908161159117703e-09
6.908195927038272e-08
3.192613514610437e-08
4.145878957103589e-08
3.408436226862503e-08
2.940562130264117e-08
3.143304027070360e-08
3.289788704241205e-08
2.334972976545243e-08
4.315764662996472e-08
3.459376472910127e-08
4.280871868196953e-08
4.674136359925918e-08
4.663756256237594e-08
4.288860322162917e-08
4.349597604535319e-08
5.839317108090246e-08
5.351327332194086e-08
5.569974243902858e-08
4.498005941057410e-08
5.630562640070140e-08
5.945399992059007e-08
6.418669803147395e-08
6.940521932569609e-08
7.477921293134188e-08
8.180751091589887e-08
9.217789449478678e-08
1.053407722080305e-07
1.197521534332203e-07
1.413571654698429e-07
1.631846250842692e-07
1.924645186121182e-07
2.373403227474785e-07
2.890873961424052e-07
3.538231214395767e-07
4.316387390410396e-07
5.274918368263569e-07
6.451993665162812e-07
7.719984156878950e-07
9.527299143919812e-07
1.129507546367280e-06
1.356933399523303e-06
1.600634526309529e-06
1.868428822443012e-06
2.134303784781397e-06
2.385837651410798e-06
2.549881558909762e-06
2.616050009850414e-06
2.522733397652710e-06
2.439857096074966e-06
2.178793195970812e-06
2.362793386145735e-08
-3.114257577462410e-06
-6.885501456580906e-06
-1.001089997143361e-05
-1.023759416667116e-05
3.265588479569553e-08
5.722938499314642e-05
7.910002707201656e-05
1.187419782671813e-04
2.511186419848571e-04
4.937864706005651e-04
9.125969150746458e-04
1.576408121891793e-03
2.579523830575065e-03
4.042527849657137e-03
6.117404426300363e-03
9.027991759408905e-03
1.303994130016737e-02
1.852195722765453e-02
2.590939144981469e-02
3.580924399066342e-02
4.942950773152512e-02
6.874485880592837e-02
9.550063543223032e-02
1.322387467530591e-01
1.835606622625668e-01
2.559838116036804e-01
3.570329570946030e-01
4.876466581810101e-01
6.241101145763581e-01
7.564431069657588e-01
9.999999999999999e-01
1.000000000000000e+00
1.000000000000000e+00
1.000000000000000e+00
1.000000000000000e+00
1.000000000000000e+00
1.000000000000000e+00
1.000000000000000e+00
1.000000000000000e+00
1.000000000000000e+00
1.000000000000000e+00
###4.800000000000000e+00
9.215411489782987e-09
8.189014471583998e-08
-4.419225051298973e-08
9.122935197852116e-08
-4.460283983396346e-08
3.167558743160853e-08
1.763575031402215e-08
-4.836179204405432e-09
7.551972473485981e-08
3.312224177802827e-08
4.811588794340074e-08
4.677342804708946e-08
2.289669403886381e-08
4.056010063009008e-08
5.935806539747184e-08
3.249577901413381e-08
5.110455620130871e-08
4.546270603131675e-08
5.257212355010938e-08
6.812723296370060e-08
5.767066093111701e-08
5.408938427026393e-08
5.602255855000904e-08
7.251919858315808e-08
6.625463542671476e-08
6.778143922088623e-08
5.936905320839124e-08
5.563421971808787e-08
7.390618552714306e-08
8.238974708227712e-08
8.521682672491277e-08
9.341045304675379e-08
1.020905046080574e-07
1.152353549163640e-07
1.288893292124078e-07
1.487695089666104e-07
1.741603735058128e-07
2.018381733632372e-07
2.389753415065762e-07
2.887426807618351e-07
3.510123203789485e-07
4.244167890027400e-07
5.220093913536191e-07
6.294870494036819e-07
7.696074453802297e-07
9.174764627107457e-07
1.129333897378641e-06
1.338709554450505e-06
1.594384763350556e-06
1.877140999392924e-06
2.184193623112261e-06
2.483600012166444e-06
2.764677892963463e-06
2.947613287675584e-06
3.035369561740338e-06
2.965956480493528e-06
3.262222163019501e-06
3.268181368881367e-06
-9.846033798780453e-09
-3.973572010142227e-06
-8.515578296178953e-06
-1.224581878180320e-05
-1.221376734906558e-05
1.251324700017433e-06
5.697682915765864e-05
8.599036163275912e-05
1.421664943225838e-04
2.990241881411113e-04
5.856386117810373e-04
1.075208191550058e-03
1.848031867742823e-03
3.010165864395487e-03
4.694719960257963e-03
7.076330592252960e-03
1.038949923704658e-02
1.493600327614720e-02
2.109849182469545e-02
2.934912198932724e-02
4.030953945453826e-02
5.523803562762124e-02
7.615625502489219e-02
1.046862782191640e-01
1.432686264814054e-01
1.960358019420887e-01
2.685756248839784e-01
3.668274937962296e-01
4.906561799228083e-01
6.198645386173631e-01
7.508429527146443e-01
9.999999999999999e-01
1.000000000000000e+00
1.000000000000000e+00
1.000000000000000e+00
1.000000000000000e+00
1.000000000000000e+00
1.000000000000000e+00
1.000000000000000e+00
1.000000000000000e+00
1.000000000000000e+00
1.000000000000000e+00
###5.200000000000000e+00
2.090093343283051e-08
1.116246223870029e-07
-2.814094839418473e-08
1.343174739689659e-07
-2.417376906500370e-08
4.241768875584729e-08
4.093171322928978e-08
1.388739849800349e-08
9.304614916848710e-08
5.497693722803586e-08
7.568564358006285e-08
7.599358215121328e-08
4.561922094714342e-08
5.630824383629083e-08
8.593390200713899e-08
5.335876643260414e-08
6.146382193958187e-08
6.722359112787353e-08
6.649941767016832e-08
8.997124812266045e-08
7.768535688749204e-08
7.216325256906619e-08
7.930807184422775e-08
9.379399680223717e-08
8.941831272762074e-08
9.119635168394363e-08
8.582339413894267e-08
8.172329064820929e-08
1.024523624093942e-07
1.113037514708686e-07
1.188052913292836e-07
1.263715152196213e-07
1.351155962651737e-07
1.523767181181619e-07
1.683561978895262e-07
1.966931711836311e-07
2.205501914329028e-07
2.567101188063840e-07
2.996297865487901e-07
3.588136997321576e-07
4.306209035629490e-07
5.150051247788341e-07
6.309400519919770e-07
7.552961820305944e-07
9.177134138584007e-07
1.091421127743387e-06
1.335590290443923e-06
1.580943739892140e-06
1.875680191940265e-06
2.185674726570901e-06
2.544329695889601e-06
2.862936708298308e-06
3.218677678470637e-06
3.454300923525723e-06
3.598138157483762e-06
3.647031772309693e-06
4.575019695692708e-06
5.201389976961160e-06
4.814971170769955e-07
-4.233867073409659e-06
-9.221605783098952e-06
-1.302584735898229e-05
-1.168662540175421e-05
9.839317244718217e-06
6.335547730912630e-05
9.812260618314369e-05
1.740212133902226e-04
3.589192231891342e-04
6.944564202443508e-04
1.260622902792279e-03
2.151069922864746e-03
3.480969561740844e-03
5.402805937833031e-03
8.103152432929531e-03
1.183881441644211e-02
1.693193277294248e-02
2.379735785229841e-02
3.292933693932395e-02
4.496056374465208e-02
6.118576702804975e-02
8.365513734244154e-02
1.139352248394746e-01
1.541961129679877e-01
2.082829432371013e-01
2.808632988616898e-01
3.765643219345597e-01
4.945675838161986e-01
6.174151887362516e-01
7.467476061117991e-01
9.999999999999999e-01
1.000000000000000e+00
1.000000000000000e+00
1.000000000000000e+00
1.000000000000000e+00
1.000000000000000e+00
1.000000000000000e+00
1.000000000000000e+00
1.000000000000000e+00
1.000000000000000e+00
1.000000000000000e+00
###5.600000000000001e+00
1.226381086415619e-07
1.212160262819617e-07
-2.184523258848659e-08
1.927999051948428e-07
-1.715275029079031e-08
5.133494379475881e-08
7.798840572230341e-08
3.253974483490476e-08
7.810103153304567e-08
1.924086012341582e-07
9.319197438200637e-08
9.559270019830705e-08
5.928745343609693e-08
6.825276332457711e-08
1.208858138918334e-07
7.361856008453978e-08
7.580720742223234e-08
8.115235902795341e-08
8.607591863356376e-08
1.051443589179096e-07
9.435325136992974e-08
9.164141599189176e-08
9.754924886833167e-08
1.120737922165969e-07
1.054215691009217e-07
1.121733147444948e-07
1.065993211898272e-07
1.047505514646648e-07
1.248624537232142e-07
1.363615986937205e-07
1.444609463207540e-07
1.518203321412877e-07
1.673349358547962e-07
1.855858119473453e-07
2.044064700061200e-07
2.374699404932792e-07
2.681130711579265e-07
3.089484576524439e-07
3.585493461300300e-07
4.263862636025617e-07
5.111986551462377e-07
6.091257095328648e-07
7.406713434365600e-07
8.840449858713338e-07
1.072470004289482e-06
1.275817677408712e-06
1.551145296811447e-06
1.836416583482341e-06
2.170037084263318e-06
2.531260749193307e-06
2.945848731713530e-06
3.328557609947822e-06
3.734903559768626e-06
4.029729346043914e-06
4.253079860691667e-06
4.398407074901314e-06
5.267865155398682e-06
6.367962509328986e-06
2.627698454850027e-06
-2.951651644908089e-06
-7.849404899633555e-06
-1.039044925348175e-05
-4.543991706366549e-06
3.921461041789300e-05
8.853828026996277e-05
1.237509807975658e-04
2.198674754828632e-04
4.356729027001557e-04
8.249130859130536e-04
1.473199932577312e-03
2.488149358663713e-03
3.996176776116658e-03
6.165672282735193e-03
9.200328946803164e-03
1.337412618077316e-02
1.903864846793954e-02
2.662185575160025e-02
3.664165745519248e-02
4.975316861789388e-02
6.728656524409618e-02
9.126585314611793e-02
1.232218034032974e-01
1.650767269877282e-01
2.203057557637137e-01
2.929027767367533e-01
3.863042784701164e-01
4.991315648779721e-01
6.165519897406581e-01
7.441052269365694e-01
9.999999999999999e-01
1.000000000000000e+00
1.000000000000000e+00
1.000000000000000e+00
1.000000000000000e+00
1.000000000000000e+00
1.000000000000000e+00
1.000000000000000e+00
1.000000000000000e+00
1.000000000000000e+00
1.000000000000000e+00
###6.000000000000001e+00
1.308214471151662e-07
1.467617585831559e-07
-1.496586769234243e-08
3.699014480307126e-07
6.337139186680229e-09
6.898840302756379e-08
1.637699034829833e-07
5.060049098244116e-08
1.115747159964543e-07
2.836129934474628e-07
1.478870129352148e-07
1.261085098130491e-07
9.612102811533594e-08
1.013787203614507e-07
1.566768094718605e-07
1.061320010638122e-07
1.088083194787024e-07
1.147692995827406e-07
1.185062187187953e-07
1.386762295207956e-07
1.275253721250581e-07
1.273758519294703e-07
1.351066544300164e-07
1.431146018432194e-07
1.465346332454638e-07
1.512438880887889e-07
1.482084542687678e-07
1.485240369551330e-07
1.687730947021003e-07
1.818874813110099e-07
1.914365363456650e-07
2.028174688691994e-07
2.195866188852781e-07
2.412133248035800e-07
2.644580197798251e-07
3.001100774811738e-07
3.387218125284419e-07
3.866856083963607e-07
4.426063708635302e-07
5.240479590414132e-07
6.224288742992575e-07
7.351302812372516e-07
8.835417199077023e-07
1.052876056397543e-06
1.269468551244145e-06
1.495655853461835e-06
1.812363617075486e-06
2.158954836656640e-06
2.538131250128179e-06
2.951292186245935e-06
3.431448702682601e-06
3.900367907861948e-06
4.394637844978746e-06
4.837172643985126e-06
5.226631148653829e-06
5.618635231060942e-06
6.811515868496412e-06
9.615445048535448e-06
8.206277652198927e-06
7.007915272983944e-07
-3.533196587756937e-06
-3.233838245847836e-06
1.348243531066111e-05
7.555279358031704e-05
1.210345973463821e-04
1.600070650588507e-04
2.786755914231344e-04
5.302561424357884e-04
9.777650817084352e-04
1.715622796599288e-03
2.861747241041594e-03
4.558816943017054e-03
6.987121056946838e-03
1.036985755992148e-02
1.499542867871251e-02
2.124664270559757e-02
2.955715526649254e-02
4.048074153913638e-02
5.468408759341339e-02
7.350783227425192e-02
9.895467080012121e-02
1.325257396987229e-01
1.759198436859519e-01
2.322151307711855e-01
3.047502872276778e-01
3.960981942007960e-01
5.044160180840979e-01
6.168949455237932e-01
7.425498183580713e-01
9.999999999999999e-01
1.000000000000000e+00
1.000000000000000e+00
1.000000000000000e+00
1.000000000000000e+00
1.000000000000000e+00
1.000000000000000e+00
1.000000000000000e+00
1.000000000000000e+00
1.000000000000000e+00
1.000000000000000e+00
###6.400000000000001e+00
1.315948279915535e-07
1.772692368936999e-07
-2.221003324259265e-08
4.189337451733103e-07
4.700252116361889e-08
1.150176713189033e-07
1.997993425924557e-07
8.759830556199118e-08
1.525246886255980e-07
3.042067824335727e-07
1.803881824141122e-07
1.606735911691287e-07
1.359933285141158e-07
1.423552603489007e-07
1.917024701739037e-07
1.456419620805100e-07
1.496576007222959e-07
1.570034563740577e-07
1.492422917774270e-07
1.804008774539075e-07
1.745779271521346e-07
1.734970697746466e-07
1.818548103077074e-07
1.925487492221483e-07
1.960385805476141e-07
2.005590537457248e-07
1.977565444746858e-07
2.021224667831049e-07
2.249168436648905e-07
2.417325405733129e-07
2.510873912926268e-07
2.650061700040128e-07
2.846955261426288e-07
3.130933040147389e-07
3.402083387355364e-07
3.817444458802006e-07
4.241269438698668e-07
4.806818746648651e-07
5.463450718363355e-07
6.352334578216931e-07
7.505034140658213e-07
8.785176986290918e-07
1.046765488416703e-06
1.238918442022626e-06
1.481345800117240e-06
1.747644665179854e-06
2.101449332859832e-06
2.486381265384552e-06
2.891392531614613e-06
3.393011244599825e-06
3.936475840937532e-06
4.445814427389267e-06
5.013894733656594e-06
5.564035634014664e-06
6.074611537239397e-06
6.607136542774016e-06
7.930121773455379e-06
1.060144122341376e-05
1.006589997735963e-05
4.387585762753222e-06
1.017044201641410e-06
4.583637913425331e-06
3.282085346266484e-05
9.290931145550317e-05
1.393616988541614e-04
1.980170005515916e-04
3.440515598606750e-04
6.370585157485646e-04
1.148640768110716e-03
1.983980691852124e-03
3.269920462931954e-03
5.167526866225724e-03
7.865145468563067e-03
1.160884535614499e-02
1.669952151362362e-02
2.355021923916226e-02
3.260678517197083e-02
4.444099180896347e-02
5.973898266762712e-02
7.983940234768577e-02
1.067335808859229e-01
1.418442034558639e-01
1.866797264802967e-01
2.439326478999088e-01
3.164190899612819e-01
4.058874936529594e-01
5.102718809086167e-01
6.182699442357485e-01
7.420339351930137e-01
9.999999999999999e-01
1.000000000000000e+00
1.000000000000000e+00
1.000000000000000e+00
1.000000000000000e+00
1.000000000000000e+00
1.000000000000000e+00
1.000000000000000e+00
1.000000000000000e+00
1.000000000000000e+00
1.000000000000000e+00
###6.800000000000002e+00
1.077115378071872e-07
1.763084086420148e-07
-1.595957245754451e-08
4.350635033716937e-07
4.528644772081486e-08
1.505040016044386e-07
2.178072129126613e-07
1.112276909158458e-07
1.914892751021920e-07
3.334302311824325e-07
2.129041742310715e-07
1.989231929034855e-07
1.674866657192043e-07
1.936597433192781e-07
2.232862941541549e-07
1.848628642799063e-07
1.897878217795938e-07
1.939853307050975e-07
1.917706742253573e-07
2.211776778648629e-07
2.174089479807766e-07
2.180125352849196e-07
2.296439907179632e-07
2.351822930310131e-07
2.482715123397818e-07
2.435630232549100e-07
2.521532483232555e-07
2.573103689231433e-07
2.804929855896999e-07
3.004786230230035e-07
3.126146097063447e-07
3.271129321250614e-07
3.536557332405163e-07
3.853204031468442e-07
4.168575978394112e-07
4.657212861674420e-07
5.147284260174476e-07
5.790401785239110e-07
6.578068870800312e-07
7.550989637677176e-07
8.896315592610843e-07
1.029794635142098e-06
1.217559692800417e-06
1.436138968905109e-06
1.702713680739807e-06
2.005482939996189e-06
2.393052974519188e-06
2.821762237130441e-06
3.288442770079557e-06
3.846920183452659e-06
4.450892289620819e-06
5.012446370094846e-06
5.655444014212265e-06
6.297709543029353e-06
6.935629229481154e-06
7.624433139141978e-06
9.044698429931580e-06
1.167296767045451e-05
1.154624778307420e-05
7.215472190154208e-06
5.628847512745564e-06
1.168634910789249e-05
4.193726921417626e-05
1.035577962422302e-04
1.613063588566157e-04
2.422653048509897e-04
4.194725219911582e-04
7.590550651601698e-04
1.340493284181796e-03
2.280176132303080e-03
3.715145347222888e-03
5.822123678230489e-03
8.800432165116306e-03
1.291545843385482e-02
1.849073162861926e-02
2.595327992586863e-02
3.576352018659745e-02
4.852500950756189e-02
6.490923081495391e-02
8.628801938444210e-02
1.145958046118546e-01
1.511966110218205e-01
1.973906245240157e-01
2.555661046249132e-01
3.279888423637239e-01
4.157212207257895e-01
5.164909386082733e-01
6.207182175714667e-01
7.423476043549273e-01
9.999999999999999e-01
1.000000000000000e+00
1.000000000000000e+00
1.000000000000000e+00
1.000000000000000e+00
1.000000000000000e+00
1.000000000000000e+00
1.000000000000000e+00
1.000000000000000e+00
1.000000000000000e+00
1.000000000000000e+00
###7.200000000000002e+00
1.344033633111356e-07
1.782180257275088e-07
7.176404000294435e-08
7.437296874655401e-07
7.130365048523392e-08
1.848550980745645e-07
2.431784330571186e-07
1.924456627800047e-07
1.879982452502609e-07
3.493474835365684e-07
2.488521550705763e-07
2.301667588813851e-07
2.904529085617635e-07
2.286997055096690e-07
2.574205312041497e-07
1.943906502899933e-07
2.277202643222648e-07
2.321182569533094e-07
2.321105364750050e-07
2.592333219092491e-07
2.597366351209913e-07
2.593794841358008e-07
2.775221602034881e-07
2.815445456695319e-07
2.956896301413645e-07
2.883009885052491e-07
3.046171836080343e-07
3.127848438881502e-07
3.386350158700235e-07
3.619320430381747e-07
3.751672257876461e-07
4.036314254947824e-07
4.255509488292738e-07
4.618523463415462e-07
4.970393210677420e-07
5.511335958780677e-07
6.114362464936835e-07
6.844555210429794e-07
7.745398889403959e-07
8.820683874481329e-07
1.030354648595460e-06
1.191260701107503e-06
1.398484338471451e-06
1.641108821695700e-06
1.936145840394965e-06
2.276876466069965e-06
2.705015904861845e-06
3.183045162329544e-06
3.709947918623189e-06
4.339344407646345e-06
5.003433854090687e-06
5.636976879367440e-06
6.394157918117290e-06
7.169664191124563e-06
7.985262970908926e-06
8.908106048951015e-06
1.053755536378634e-05
1.330756917968072e-05
1.389862065295243e-05
1.119462532702785e-05
1.189584856093937e-05
2.117464106557472e-05
5.473232655931035e-05
1.202595503141022e-04
1.914068674741856e-04
2.974719811488871e-04
5.091700590931315e-04
9.003296923231976e-04
1.557677593974670e-03
2.608450069712364e-03
4.201997092116077e-03
6.527964317839572e-03
9.799403514152037e-03
1.429730613094149e-02
2.036813823665412e-02
2.844767851795242e-02
3.902986287695760e-02
5.271690200447206e-02
7.021766387070208e-02
9.285313948423358e-02
1.225392570942279e-01
1.605779764112103e-01
2.080819890819312e-01
2.671148119285255e-01
3.394665939682809e-01
4.256637140416624e-01
5.232583537705188e-01
6.238370114488707e-01
7.433882423930018e-01
9.999999999999999e-01
1.000000000000000e+00
1.000000000000000e+00
1.000000000000000e+00
1.000000000000000e+00
1.000000000000000e+00
1.000000000000000e+00
1.000000000000000e+00
1.000000000000000e+00
1.000000000000000e+00
1.000000000000000e+00
###7.600000000000002e+00
1.326126548525454e-07
1.763974405510492e-07
7.180559514434139e-08
7.666875603024645e-07
6.743676031600711e-08
1.404530196179614e-07
2.467339759000329e-07
1.764825985160729e-07
1.979950743715554e-07
3.396800183109565e-07
2.607046698745616e-07
2.388556886502251e-07
3.088410786761960e-07
2.456239245739629e-07
2.612841090082741e-07
2.152281436608301e-07
2.468891933711387e-07
2.525777452007793e-07
2.545316598392994e-07
2.811020832830358e-07
2.839647310338508e-07
2.856757265332919e-07
3.083613763362793e-07
3.107755246430923e-07
3.262133062161908e-07
3.197494864772340e-07
3.394522416201840e-07
3.506709991371756e-07
3.775710642305497e-07
4.034574365141793e-07
4.191354320753934e-07
4.519639967522589e-07
4.786177712953152e-07
5.188219226572039e-07
5.620802416521336e-07
6.225884664777636e-07
6.889796917319875e-07
7.724410974993000e-07
8.768069517027920e-07
9.959615570843571e-07
1.156226869110948e-06
1.338606560695814e-06
1.565190610253728e-06
1.835323959897358e-06
2.161564569798889e-06
2.537332333707802e-06
3.008804525779000e-06
3.542086470446491e-06
4.122198801758379e-06
4.842157954461993e-06
5.597304013226007e-06
6.353881966570385e-06
7.240023224444523e-06
8.189800821261188e-06
9.208913361823513e-06
1.046457310565037e-05
1.246178020036155e-05
1.561630121722710e-05
1.720024939504301e-05
1.655759301888158e-05
2.010009920696714e-05
3.345278011379622e-05
7.179735342772981e-05
1.433950247585102e-04
2.303372861742038e-04
3.643072694079763e-04
6.144301741809227e-04
1.061916518889373e-03
1.801779926533532e-03
2.972527919948038e-03
4.730624602275776e-03
7.283038395253258e-03
1.086021180297317e-02
1.575442998792450e-02
2.233444628140162e-02
3.104784830583824e-02
4.240768620586978e-02
5.702240637662250e-02
7.563051566881047e-02
9.952253811363199e-02
1.305817560022964e-01
1.700227158185273e-01
2.187330481621823e-01
2.785516317218042e-01
3.508200361558563e-01
4.355702065626070e-01
5.303387689036355e-01
6.277881307650057e-01
7.450233245937534e-01
9.999999999999999e-01
1.000000000000000e+00
1.000000000000000e+00
1.000000000000000e+00
1.000000000000000e+00
1.000000000000000e+00
1.000000000000000e+00
1.000000000000000e+00
1.000000000000000e+00
1.000000000000000e+00
1.000000000000000e+00
###8.000000000000002e+00
1.373249964022188e-07
1.894647115054995e-07
1.012372451364818e-07
9.021808456368980e-07
-1.117721718209097e-07
1.559681637903028e-07
2.686069753507053e-07
2.079245980539933e-07
2.036344809210317e-07
3.599709868781277e-07
2.904822170835574e-07
2.687556919198188e-07
3.397706613280725e-07
2.767562366167019e-07
2.882943374488657e-07
2.555094467907579e-07
2.880801199320472e-07
2.890274804885350e-07
2.896320290172562e-07
3.193616013284839e-07
3.246951987879618e-07
3.456902201109167e-07
3.537044228691906e-07
3.571372682666771e-07
3.727744796290140e-07
3.681307545045702e-07
3.932273069193169e-07
4.069061711998027e-07
4.365492904176879e-07
4.646486337624501e-07
4.855751530884441e-07
5.233114280325337e-07
5.525787728445031e-07
5.990817046116952e-07
6.480794149396725e-07
7.155999582789993e-07
7.909917628914320e-07
8.859843331220677e-07
9.994406359111263e-07
1.135763572946056e-06
1.311216516232037e-06
1.512540547289213e-06
1.764425008025604e-06
2.063755824279392e-06
2.423649436393571e-06
2.844555513340028e-06
3.356694376525445e-06
3.952895354996922e-06
4.568718837086867e-06
5.405140671805234e-06
6.265947902122844e-06
7.160528525073524e-06
8.220483184215818e-06
9.378363516742181e-06
1.070111555147710e-05
1.237144819396331e-05
1.491757217093060e-05
1.871672543298893e-05
2.163129220121684e-05
2.343509465814390e-05
3.050800245477438e-05
4.881996883234809e-05
9.351064068951917e-05
1.737741921705222e-04
2.788093051007519e-04
4.431528662665403e-04
7.362446163764388e-04
1.245521865045124e-03
2.073954958754379e-03
3.371437208379882e-03
5.303231899894619e-03
8.096359088024677e-03
1.198696665599619e-02
1.728847544236384e-02
2.438906068810381e-02
3.374878000570939e-02
4.590426842688047e-02
6.146022162000093e-02
8.116449369922252e-02
1.063087071719626e-01
1.387063465047774e-01
1.794884590859367e-01
2.293604496518136e-01
2.899656153933465e-01
3.621317319585827e-01
4.455837501165381e-01
5.377868896269004e-01
6.321097580620576e-01
7.472324977099798e-01
9.999999999999999e-01
1.000000000000000e+00
1.000000000000000e+00
1.000000000000000e+00
1.000000000000000e+00
1.000000000000000e+00
1.000000000000000e+00
1.000000000000000e+00
1.000000000000000e+00
1.000000000000000e+00
1.000000000000000e+00
###8.400000000000002e+00
1.234652109881325e-07
2.069158059847678e-07
1.522287773670124e-07
9.118459688476421e-07
-6.788535193315922e-08
1.936706939580094e-07
3.215341910080383e-07
2.710095806156233e-07
2.750353663988287e-07
4.194285860691441e-07
3.516048346897982e-07
3.320323781524987e-07
3.980110435991975e-07
3.401155061269413e-07
3.515661953029081e-07
3.221498374150555e-07
3.541027759429139e-07
3.539529360538976e-07
3.602405204043645e-07
3.942741807864317e-07
3.996392608351168e-07
4.204344463288816e-07
4.309912928414650e-07
4.376543116311141e-07
4.551610155814543e-07
4.466823901325130e-07
4.824540748486109e-07
5.021417959650609e-07
5.323764920568186e-07
5.643538205163442e-07
5.906520520190731e-07
6.322491385668632e-07
6.685230296748573e-07
7.204079224209247e-07
7.810523455603632e-07
8.531465578070572e-07
9.382772720599625e-07
1.044430705819300e-06
1.166620622125892e-06
1.324858886088835e-06
1.517384120394923e-06
1.742666031508036e-06
2.023218299136593e-06
2.349736334613661e-06
2.744481676676178e-06
3.218991089311976e-06
3.780125512300056e-06
4.438498888270254e-06
5.147812540001140e-06
6.045797810135957e-06
7.035480116518494e-06
8.104817936540681e-06
9.372808481799074e-06
1.076888922709590e-05
1.246968139903958e-05
1.469738261729337e-05
1.792364883898264e-05
2.272801443988510e-05
2.736694979859412e-05
3.212208579710285e-05
4.352713368742225e-05
6.770544537551242e-05
1.203354782492008e-04
2.116903390013677e-04
3.375246727843674e-04
5.353249906528886e-04
8.759480115355845e-04
1.451835598368485e-03
2.375794925042854e-03
3.807860683872964e-03
5.925972380104300e-03
8.965135560265668e-03
1.318178662830681e-02
1.890443727735508e-02
2.654088458403184e-02
3.655723936672709e-02
4.951763265944438e-02
6.602581577996471e-02
8.684155251146398e-02
1.132020457847711e-01
1.469117811533246e-01
1.889994585456676e-01
2.400458498857651e-01
3.012928776109311e-01
3.733674538597332e-01
4.557482329626931e-01
5.455756157606794e-01
6.371548949728879e-01
7.499295991133386e-01
9.999999999999999e-01
1.000000000000000e+00
1.000000000000000e+00
1.000000000000000e+00
1.000000000000000e+00
1.000000000000000e+00
1.000000000000000e+00
1.000000000000000e+00
1.000000000000000e+00
1.000000000000000e+00
1.000000000000000e+00
###8.800000000000002e+00
1.277619989001567e-07
2.039575954056331e-07
1.537851720840222e-07
9.126367981012011e-07
5.636751688880888e-09
3.590418905831332e-07
3.320540472149178e-07
2.993915850516258e-07
3.130944956841042e-07
4.471175057165592e-07
3.832259932246795e-07
3.707330502254874e-07
4.301306482802024e-07
3.779515967012394e-07
3.901719838763766e-07
3.649255385228588e-07
3.963372844355126e-07
3.988819010504015e-07
4.075730136392894e-07
4.416688506746574e-07
4.504903289166231e-07
4.728640869668030e-07
4.861031655386097e-07
4.961868980704546e-07
5.160260867670500e-07
5.128173701669595e-07
5.500115770509466e-07
5.738943283796480e-07
6.086683058843113e-07
6.435170319445835e-07
6.754637513456304e-07
7.226275271969988e-07
7.639915815515239e-07
8.258036630486885e-07
8.901065787926919e-07
9.777467415811885e-07
1.067314396651167e-06
1.185520914120752e-06
1.322688513141934e-06
1.497482327909327e-06
1.707382579925778e-06
1.956321402253570e-06
2.267118526956514e-06
2.627835526441193e-06
3.063424834317226e-06
3.575135869661650e-06
4.204448382994876e-06
4.930977459687677e-06
5.744736031044241e-06
6.740430316486248e-06
7.875842265513382e-06
9.152193349544601e-06
1.067739515692319e-05
1.240376433922660e-05
1.455679626964426e-05
1.749233208789631e-05
2.165976796952894e-05
2.773701319816019e-05
3.448936741316371e-05
4.295781902682694e-05
5.938980874631092e-05
9.071419309880218e-05
1.528662746519886e-04
2.587473243625529e-04
4.071354697730130e-04
6.417108288389312e-04
1.034850191151658e-03
1.683482068080751e-03
2.709805331052382e-03
4.284775376525064e-03
6.597262766089397e-03
9.892582643043036e-03
1.444375456096584e-02
2.060539709792186e-02
2.878523780734671e-02
3.947028878179994e-02
5.323210232709342e-02
7.071122480256523e-02
9.261095839391871e-02
1.202231554122109e-01
1.551894233735229e-01
1.985525356825176e-01
2.506606171790179e-01
3.125849161715767e-01
3.846297110481540e-01
4.659054032875756e-01
5.535699509771940e-01
6.424139076700118e-01
7.532688149599842e-01
9.999999999999999e-01
1.000000000000000e+00
1.000000000000000e+00
1.000000000000000e+00
1.000000000000000e+00
1.000000000000000e+00
1.000000000000000e+00
1.000000000000000e+00
1.000000000000000e+00
1.000000000000000e+00
1.000000000000000e+00
###9.200000000000003e+00
5.714541813077715e-08
1.530836817144177e-07
3.142201620353308e-07
9.139088094737077e-07
1.664811657285603e-08
3.645801550329215e-07
3.645112491835500e-07
3.304837702500315e-07
3.518555355856777e-07
6.589421577640791e-07
2.968697807288596e-07
4.256838229980786e-07
4.807410797136857e-07
4.352763923301234e-07
4.436228461584239e-07
4.204954423037291e-07
4.505144750157689e-07
4.551188551241633e-07
4.659467435394456e-07
5.002708411740272e-07
5.121942101066722e-07
5.526135300323094e-07
5.527074437380410e-07
5.660028036777649e-07
5.884553527893283e-07
5.907800445319546e-07
6.301099538411085e-07
6.580057393383371e-07
6.966587857354415e-07
7.361272759409690e-07
7.736164841440334e-07
8.260534722576282e-07
8.750322491900812e-07
9.431317478275060e-07
1.016229665787430e-06
1.113757807365636e-06
1.215356531576998e-06
1.345967908207676e-06
1.497007322589109e-06
1.690146476909601e-06
1.921715280042315e-06
2.196107077616969e-06
2.537924309391569e-06
2.939926599254001e-06
3.412069696881506e-06
3.979178005532550e-06
4.658262396937651e-06
5.486185788897644e-06
6.409142990896986e-06
7.541205725285377e-06
8.846280626020636e-06
1.036173336170653e-05
1.219070422513685e-05
1.432924867294892e-05
1.707117293124799e-05
2.083703064108369e-05
2.617227519600779e-05
3.386394025286970e-05
4.326168308148805e-05
5.589193621799263e-05
7.799645356384564e-05
1.180390923563082e-04
1.916982310075854e-04
3.136506651333247e-04
4.890610795753783e-04
7.643672151397614e-04
1.214079622112230e-03
1.942391825039496e-03
3.077565753830663e-03
4.803327066184456e-03
7.319801484265824e-03
1.088435964116702e-02
1.578555189219613e-02
2.239147582686124e-02
3.112300597634026e-02
4.249028602094134e-02
5.706351465643103e-02
7.552113085341557e-02
9.851682525120303e-02
1.273509479703092e-01
1.635795697049797e-01
2.081577013458137e-01
2.613226822948353e-01
3.238648684415233e-01
3.958222244823466e-01
4.761141685440016e-01
5.618481793078678e-01
6.481129510332809e-01
7.567533346521772e-01
9.999999999999999e-01
1.000000000000000e+00
1.000000000000000e+00
1.000000000000000e+00
1.000000000000000e+00
1.000000000000000e+00
1.000000000000000e+00
1.000000000000000e+00
1.000000000000000e+00
1.000000000000000e+00
1.000000000000000e+00
###9.600000000000003e+00
7.402706266182390e-08
2.007747556605368e-07
3.486001209525907e-07
9.120331445492048e-07
2.369287591696153e-08
3.761750895107413e-07
3.735690535849573e-07
4.776316106910242e-07
3.648093876360235e-07
6.320364845787117e-07
3.159738417789216e-07
4.459970536065430e-07
5.003091522181520e-07
4.470801085791076e-07
4.703042289296303e-07
4.532329354771357e-07
4.822829253969277e-07
4.900016314521309e-07
5.037182312979829e-07
5.391209959847530e-07
5.546146644353601e-07
5.959260373830706e-07
6.009551413582429e-07
6.177487920973080e-07
6.431056722059815e-07
6.482176248342520e-07
6.928596599347314e-07
7.253995967444212e-07
7.681687065902040e-07
8.123223313554924e-07
8.560640528679989e-07
9.140587599210083e-07
9.710677458821885e-07
1.046272394935780e-06
1.130684500536684e-06
1.242866787822875e-06
1.349589086169042e-06
1.496220960250125e-06
1.662112456342462e-06
1.876467800551936e-06
2.128763158586932e-06
2.433049809967930e-06
2.803629883346131e-06
3.241625080478922e-06
3.765252368112252e-06
4.401312759669828e-06
5.146583030812169e-06
6.069754405835881e-06
7.113430017529562e-06
8.394074712044060e-06
9.907105744524723e-06
1.169587636531235e-05
1.390087091771551e-05
1.655494369176541e-05
2.000768656006655e-05
2.479747075458976e-05
3.153401504327275e-05
4.126461520524799e-05
5.374580964238619e-05
7.122239649709137e-05
1.003337389202039e-04
1.500383969543531e-04
2.369761363070887e-04
3.780555088690340e-04
5.828379220208128e-04
9.035025889328578e-04
1.414949720452865e-03
2.227730259463294e-03
3.480772577980479e-03
5.364956684137285e-03
8.096021826003318e-03
1.193848600623603e-02
1.720050374455476e-02
2.426092875659946e-02
3.356170804493420e-02
4.562845069684045e-02
6.103162258375442e-02
8.045026536034405e-02
1.045682922571609e-01
1.346073233813943e-01
1.720652481864950e-01
2.178487606750472e-01
2.720002208794539e-01
3.351436170109737e-01
4.070209232718469e-01
4.863432214338291e-01
5.703093991190471e-01
6.541181266770560e-01
7.606554508847797e-01
9.999999999999999e-01
1.000000000000000e+00
1.000000000000000e+00
1.000000000000000e+00
1.000000000000000e+00
1.000000000000000e+00
1.000000000000000e+00
1.000000000000000e+00
1.000000000000000e+00
1.000000000000000e+00
1.000000000000000e+00
###1.000000000000000e+01
6.956260111472204e-08
3.361410983637038e-07
3.800194603854810e-07
9.065651302525585e-07
8.484573943681963e-08
3.802712360031227e-07
3.863082979753137e-07
4.902149702292274e-07
3.832634473033998e-07
6.424511690828940e-07
3.446478067884136e-07
4.769721549959811e-07
5.210737043383665e-07
4.754023998043333e-07
5.002175497833630e-07
4.895745585263240e-07
5.201703624925432e-07
5.283522525597486e-07
5.451350914276233e-07
5.884954642700359e-07
6.012477978857713e-07
6.476585007674698e-07
6.537910222928055e-07
6.744589177544867e-07
7.030529171793121e-07
7.142459890495629e-07
7.616106260568951e-07
7.991912471312904e-07
8.464785523489196e-07
9.000881915876860e-07
9.462437157995474e-07
1.010704271802687e-06
1.076077828615536e-06
1.159739807429701e-06
1.258530773389278e-06
1.375763811958355e-06
1.498516860025275e-06
1.657181694373539e-06
1.840183352798585e-06
2.080548768346376e-06
2.353555694766309e-06
2.688374782937141e-06
3.094505047371199e-06
3.578692075406244e-06
4.150718270606941e-06
4.853342123676733e-06
5.683713104456592e-06
6.709219432210009e-06
7.895442633586232e-06
9.354861527459255e-06
1.109888131175029e-05
1.321780553272514e-05
1.586824216310528e-05
1.913627933798516e-05
2.346257963577779e-05
2.941936794326607e-05
3.790044884518257e-05
5.006239730876184e-05
6.622990501948575e-05
8.928454560729754e-05
1.264206310178460e-04
1.871554086467819e-04
2.896214342724953e-04
4.522354306322374e-04
6.903312816375026e-04
1.058851018887943e-03
1.637924249770313e-03
2.542777695611754e-03
3.919362487600149e-03
5.972831419974222e-03
8.926387568290601e-03
1.306176585601217e-02
1.869333239738900e-02
2.622379615114094e-02
3.610976489188134e-02
4.887626669223172e-02
6.511829117109623e-02
8.551680187700307e-02
1.107426834518641e-01
1.419988951901512e-01
1.806888102815096e-01
2.276194039671899e-01
2.827239470340063e-01
3.464140520934745e-01
4.182214386554145e-01
4.967063013702663e-01
5.790246374472311e-01
6.604263600068233e-01
7.644828821881008e-01
9.999999999999999e-01
1.000000000000000e+00
1.000000000000000e+00
1.000000000000000e+00
1.000000000000000e+00
1.000000000000000e+00
1.000000000000000e+00
1.000000000000000e+00
1.000000000000000e+00
1.000000000000000e+00
1.000000000000000e+00
###1.040000000000000e+01
6.425688619590599e-08
3.196344874828934e-07
4.618458492640173e-07
8.978994565922884e-07
5.143286771462092e-08
3.877994278589164e-07
3.998128165377419e-07
4.886730703306468e-07
3.997923719660795e-07
6.458154368222969e-07
3.892895654105757e-07
4.996065292805006e-07
5.428636857991697e-07
5.043468406124697e-07
5.312284735784442e-07
5.242130188732707e-07
5.560091536646109e-07
5.677841221793217e-07
5.877667435689064e-07
6.322255746569240e-07
6.496470115278165e-07
6.973045468018226e-07
7.090728719417174e-07
7.338596422029862e-07
7.660488387323837e-07
7.836463863443135e-07
8.340540086361857e-07
8.702468728093019e-07
9.298176165857936e-07
1.008950102317417e-06
1.045151563312362e-06
1.114035268880065e-06
1.188588162716378e-06
1.280794952909962e-06
1.391184080712629e-06
1.517094463509742e-06
1.658165206630000e-06
1.831084133084244e-06
2.035116403493795e-06
2.294976035240313e-06
2.597501821338295e-06
2.967827247407830e-06
3.408144157867953e-06
3.938376332555824e-06
4.571426905801814e-06
5.346203868791810e-06
6.268347940171913e-06
7.405863926539897e-06
8.761549303478278e-06
1.041584582986890e-05
1.244643291111279e-05
1.493383035418720e-05
1.812412447726840e-05
2.211811952901458e-05
2.747495195485556e-05
3.484507467060564e-05
4.536756287993840e-05
6.043791652988885e-05
8.087192491092243e-05
1.102980676274830e-04
1.565124620872839e-04
2.299374093332978e-04
3.498449596290729e-04
5.369634529582512e-04
8.115628384272388e-04
1.232619668046680e-03
1.883791613823917e-03
2.888082589218961e-03
4.397102184476435e-03
6.628221194012970e-03
9.814164023423779e-03
1.425298430413613e-02
2.026861629188167e-02
2.828250808163563e-02
3.875997110537764e-02
5.225164474188192e-02
6.934169850361013e-02
9.072857046198964e-02
1.170611548659929e-01
1.495231166700059e-01
1.894347159960016e-01
2.374663094079570e-01
2.934916193081071e-01
3.577076878639242e-01
4.294930401906211e-01
5.071230655797633e-01
5.878342673863473e-01
6.670348532733559e-01
7.686314656801519e-01
9.999999999999999e-01
1.000000000000000e+00
1.000000000000000e+00
1.000000000000000e+00
1.000000000000000e+00
1.000000000000000e+00
1.000000000000000e+00
1.000000000000000e+00
1.000000000000000e+00
1.000000000000000e+00
1.000000000000000e+00
###1.080000000000000e+01
2.270909454467634e-07
3.215118336375014e-07
4.569583782961017e-07
8.962955376916648e-07
6.514978320365109e-08
3.986180307123840e-07
4.321340987096755e-07
4.700280248623594e-07
4.063219958704713e-07
6.531809802842420e-07
4.399228131968828e-07
5.232896160778272e-07
5.664631496785652e-07
5.346072810528926e-07
5.627258099282981e-07
5.601828040395777e-07
5.935284847704875e-07
6.090088409699895e-07
6.323979161254593e-07
6.784699817184496e-07
7.005685407391917e-07
7.500295724922496e-07
7.674508322026735e-07
7.967345020597199e-07
8.329417524290155e-07
8.570047131032674e-07
9.111448005820874e-07
9.538944757837635e-07
1.019338787722284e-06
1.102120646677801e-06
1.148427545495265e-06
1.225049643800316e-06
1.314135907907435e-06
1.410877844769757e-06
1.532384049741774e-06
1.670009437082182e-06
1.828402659868123e-06
2.021259383429528e-06
2.245623349764211e-06
2.528175339598724e-06
2.863153694486102e-06
3.261695453337819e-06
3.746327097500239e-06
4.325920302026773e-06
5.026412677872377e-06
5.886492903993491e-06
6.873316148895169e-06
8.188825528701505e-06
9.720103488031097e-06
1.160779997680688e-05
1.397005280800670e-05
1.689063316170044e-05
2.071221880705292e-05
2.549062508588533e-05
3.208420511590037e-05
4.112039093359056e-05
5.399773439705436e-05
7.242330630313412e-05
9.778903130087638e-05
1.344867859585827e-04
1.909717307217470e-04
2.786585701609589e-04
4.182803482322553e-04
6.328878592924737e-04
9.476171394676927e-04
1.425965991537849e-03
2.155017666522651e-03
3.265325942534068e-03
4.914774370529571e-03
7.333050005167252e-03
1.076298369259098e-02
1.551590624723238e-02
2.192904922088158e-02
3.043881047260508e-02
4.152562687869202e-02
5.574669906827361e-02
7.368874469951799e-02
9.607643539957098e-02
1.235219893088561e-01
1.571630845714635e-01
1.982631701892195e-01
2.474016528372795e-01
3.043100633048708e-01
3.690271218619149e-01
4.407236426110493e-01
5.175864546440744e-01
5.967515798947719e-01
6.738742292921698e-01
7.731519427773741e-01
9.999999999999999e-01
1.000000000000000e+00
1.000000000000000e+00
1.000000000000000e+00
1.000000000000000e+00
1.000000000000000e+00
1.000000000000000e+00
1.000000000000000e+00
1.000000000000000e+00
1.000000000000000e+00
1.000000000000000e+00
###1.120000000000000e+01
2.861620341483711e-07
2.872529003489951e-07
2.677863595801575e-07
8.995546142576119e-07
7.855271082476642e-08
4.149594609679817e-07
4.510246079974742e-07
4.865539687862372e-07
4.646584754924608e-07
6.731360710350317e-07
4.732277075487837e-07
5.677246521084955e-07
5.997979137952033e-07
5.740812664626569e-07
6.038527283497523e-07
6.058328877164581e-07
6.412024834545971e-07
6.604134850183265e-07
6.874210694557105e-07
7.355412509670005e-07
7.624859155871293e-07
8.143247837669439e-07
8.375630720224834e-07
8.716403000097070e-07
9.127134890380961e-07
9.432392325643840e-07
1.002060448830085e-06
1.051809711110185e-06
1.123165640506830e-06
1.210724006721378e-06
1.267659927367725e-06
1.353061845716698e-06
1.452313080699738e-06
1.567033415600019e-06
1.693143532071650e-06
1.845943538626681e-06
2.026176521565211e-06
2.233765480470718e-06
2.481388127523711e-06
2.788555564803626e-06
3.153255920409980e-06
3.594158132344036e-06
4.120765698350519e-06
4.761594666575708e-06
5.532885123786762e-06
6.482818472639747e-06
7.590667802225975e-06
9.063824013343092e-06
1.080102209292107e-05
1.296602569259330e-05
1.569509535452133e-05
1.912054482497526e-05
2.364178853314198e-05
2.940281418622852e-05
3.738392644530146e-05
4.834645063736644e-05
6.397486135903665e-05
8.629612384420529e-05
1.173053370996951e-04
1.620805284053450e-04
2.301144703000148e-04
3.337468044502942e-04
4.954210759286111e-04
7.405950321931211e-04
1.099723416614191e-03
1.639882223975555e-03
2.452635408982501e-03
3.675462886024959e-03
5.474891334432561e-03
8.088272731665850e-03
1.177493228989767e-02
1.685072116126339e-02
2.367601325406811e-02
3.269933975167036e-02
4.440466863066768e-02
5.935629445334045e-02
7.817620567507143e-02
1.015652243870204e-01
1.301374439243825e-01
1.649462049445913e-01
2.072164887110975e-01
2.574257245547739e-01
3.152217819364961e-01
3.803674410669717e-01
4.520415707404994e-01
5.281427531078311e-01
6.057773202227309e-01
6.809329910260263e-01
7.779219338745028e-01
9.999999999999999e-01
1.000000000000000e+00
1.000000000000000e+00
1.000000000000000e+00
1.000000000000000e+00
1.000000000000000e+00
1.000000000000000e+00
1.000000000000000e+00
1.000000000000000e+00
1.000000000000000e+00
1.000000000000000e+00
###1.160000000000000e+01
3.184608637354014e-07
3.069630017659565e-07
2.583233509243684e-07
1.029778905418116e-06
8.990655132177115e-08
4.215838264116212e-07
4.602323133651608e-07
4.980779620277824e-07
4.825155270964917e-07
6.839477599602866e-07
4.977570305413803e-07
5.914201158036771e-07
6.249892153973320e-07
6.054301755615090e-07
6.360684397881464e-07
6.439230590270323e-07
6.814884471191628e-07
7.048054893152743e-07
7.357456968653903e-07
7.862477356233225e-07
8.182428375936999e-07
8.728719766837737e-07
9.021867152756478e-07
9.413741849708324e-07
9.876047965543870e-07
1.025217964889200e-06
1.089026634962509e-06
1.146142986074902e-06
1.224102553835957e-06
1.317756643885879e-06
1.385395898233753e-06
1.480411216668696e-06
1.590183810327167e-06
1.716465199645801e-06
1.855788187423779e-06
2.023006909698309e-06
2.222661620180092e-06
2.450616465352526e-06
2.723142141981441e-06
3.058762123764444e-06
3.460461801998034e-06
3.939008894879945e-06
4.519331870268691e-06
5.226908046688465e-06
6.077758123929346e-06
7.127285189043738e-06
8.373443755711667e-06
1.001370838511427e-05
1.200616524939366e-05
1.447585578863559e-05
1.762973187531066e-05
2.163073690051979e-05
2.690925181902894e-05
3.387145819731965e-05
4.341362378205910e-05
5.662232508562945e-05
7.542153054776622e-05
1.021357253850736e-04
1.395420884434874e-04
1.934134390626603e-04
2.741975443250174e-04
3.959072543415700e-04
5.818267493769366e-04
8.609443219530816e-04
1.268449439053426e-03
1.875065840473469e-03
2.778123896255176e-03
4.120733251492268e-03
6.079327353335247e-03
8.900269941369096e-03
1.284974970450321e-02
1.826520231415065e-02
2.551803290934757e-02
3.506008699212605e-02
4.740220947147122e-02
6.311109314519683e-02
8.282167260778268e-02
1.072107449926042e-01
1.369051442435475e-01
1.728752897238369e-01
2.163300701097711e-01
2.675445264408888e-01
3.261714588012120e-01
3.917686654149145e-01
4.633650869745309e-01
5.387520129235855e-01
6.150484827542820e-01
6.880485929360202e-01
7.826563549306408e-01
9.999999999999999e-01
1.000000000000000e+00
1.000000000000000e+00
1.000000000000000e+00
1.000000000000000e+00
1.000000000000000e+00
1.000000000000000e+00
1.000000000000000e+00
1.000000000000000e+00
1.000000000000000e+00
1.000000000000000e+00
###1.200000000000001e+01
2.537672464932362e-07
2.838774204249665e-07
2.721453269882586e-07
1.007240415778153e-06
1.357293161273148e-07
4.407886086397931e-07
4.597571408586517e-07
5.272789688057547e-07
5.186494559414989e-07
7.130472663605218e-07
5.389688071115122e-07
6.292630348857279e-07
6.652698574532729e-07
6.506388248709253e-07
6.879358719841537e-07
6.958892719831191e-07
7.358044151017770e-07
7.634649638380867e-07
7.985136538988736e-07
8.518721153927639e-07
8.891449208282529e-07
9.471375433065971e-07
9.828172598661585e-07
1.027623616657843e-06
1.079496728363487e-06
1.124524570278140e-06
1.194309110499765e-06
1.259296382764339e-06
1.344754501833842e-06
1.445037718295900e-06
1.524068984966154e-06
1.629344059465115e-06
1.751059269948422e-06
1.891770572457460e-06
2.045520897989241e-06
2.229634695660558e-06
2.448555372832281e-06
2.700644742156890e-06
3.000084383164719e-06
3.366137871493044e-06
3.803721216328856e-06
4.329286026622031e-06
4.968677836555657e-06
5.744814218591150e-06
6.688211714308627e-06
7.835767509811213e-06
9.246322855455941e-06
1.106989749979867e-05
1.332589340781488e-05
1.616125342446940e-05
1.980371840473220e-05
2.446981811833317e-05
3.069529826842820e-05
3.892721895519025e-05
5.030672828580313e-05
6.610517042648655e-05
8.846017937106600e-05
1.201610692631082e-04
1.647462644977144e-04
2.288890269055253e-04
3.238865326302169e-04
4.652169210163033e-04
6.783832754051938e-04
9.946379132014824e-04
1.454271826549493e-03
2.132795322307739e-03
3.131922071351707e-03
4.602522396152507e-03
6.729390764063433e-03
9.765946492741210e-03
1.399379284734717e-02
1.975867673029940e-02
2.745240913029624e-02
3.753301944783714e-02
5.052724672460616e-02
6.700247826586385e-02
8.760792265814334e-02
1.130169747221562e-01
1.438201896939097e-01
1.809624237931443e-01
2.255708116376699e-01
2.777848340852836e-01
3.372436130368183e-01
4.032476107624683e-01
4.747754658163604e-01
5.494205417778971e-01
6.242919313032274e-01
6.955081256994965e-01
7.877341704311087e-01
9.999999999999999e-01
1.000000000000000e+00
1.000000000000000e+00
1.000000000000000e+00
1.000000000000000e+00
1.000000000000000e+00
1.000000000000000e+00
1.000000000000000e+00
1.000000000000000e+00
1.000000000000000e+00
1.000000000000000e+00
###1.240000000000001e+01
2.670855251245342e-07
2.936570922286572e-07
2.774564385830990e-07
1.006755812816780e-06
1.461058125398872e-07
4.429432841438535e-07
4.741963774756992e-07
5.409941940750740e-07
5.366334457799518e-07
7.268592775979975e-07
5.663185242844525e-07
6.557645344895680e-07
6.931093119896357e-07
6.844097150108952e-07
7.256674871528528e-07
7.381534213528241e-07
7.802615397624079e-07
8.120967166456029e-07
8.518950738510787e-07
9.085595284869402e-07
9.513186672574025e-07
1.013205521495559e-06
1.055472603346962e-06
1.106372616780553e-06
1.164228461730924e-06
1.217353142936254e-06
1.293376691229835e-06
1.366639101906566e-06
1.460121539029632e-06
1.568592785159652e-06
1.659482030346295e-06
1.775910126448189e-06
1.910378976175772e-06
2.065325502511198e-06
2.236099587378329e-06
2.437411933883109e-06
2.677455777078870e-06
2.953060043659016e-06
3.307716784640999e-06
3.684152439067473e-06
4.162552479348690e-06
4.738196707250148e-06
5.442352677524436e-06
6.294749644762180e-06
7.341913395204013e-06
8.620258354333959e-06
1.018849149322338e-05
1.223906411569661e-05
1.480167745692671e-05
1.803687812788104e-05
2.224080367584507e-05
2.768837952837778e-05
3.496950137914217e-05
4.467129622737671e-05
5.811555344059773e-05
7.685595911486910e-05
1.032715781710003e-04
1.405862089493839e-04
1.932592091835517e-04
2.687683613870462e-04
3.795180549694273e-04
5.426366932160249e-04
7.855656285598064e-04
1.142340504432172e-03
1.658836968958905e-03
2.414078764682459e-03
3.516481441237613e-03
5.122554913004473e-03
7.427512118950353e-03
1.069060582856255e-02
1.520855315413204e-02
2.133612982130537e-02
2.948220980597844e-02
4.011688735035174e-02
5.377447426477303e-02
7.104073850782763e-02
9.254596279059921e-02
1.189830860214287e-01
1.508960456235994e-01
1.891971669105869e-01
2.349569083187440e-01
2.881623343144543e-01
3.483540656254010e-01
4.148076635429206e-01
4.862028356430572e-01
5.601638048193195e-01
6.337234596478813e-01
7.030450111243995e-01
7.927385523550693e-01
9.999999999999999e-01
1.000000000000000e+00
1.000000000000000e+00
1.000000000000000e+00
1.000000000000000e+00
1.000000000000000e+00
1.000000000000000e+00
1.000000000000000e+00
1.000000000000000e+00
1.000000000000000e+00
1.000000000000000e+00
###1.280000000000001e+01
2.347180643314205e-07
3.694779883951321e-07
2.142296946969964e-07
1.011118610754919e-06
1.575544304690085e-07
4.690988456268832e-07
4.871217504093072e-07
5.527234259930427e-07
5.542250096070489e-07
7.420412873971217e-07
5.932408217089928e-07
6.819633961538433e-07
7.211727134548497e-07
7.191773796406153e-07
7.630512490398707e-07
7.842956258083602e-07
8.264896782132250e-07
8.627989389403032e-07
9.072357593837141e-07
9.676666679454846e-07
1.016100780470613e-06
1.081153929251005e-06
1.131465833479680e-06
1.188920246412118e-06
1.253417352985338e-06
1.314804893696172e-06
1.397793510328598e-06
1.480124724021201e-06
1.582147420115649e-06
1.699419773051151e-06
1.802850363869448e-06
1.913295544650009e-06
2.079889382431525e-06
2.249519125451403e-06
2.438728735000234e-06
2.659771058165064e-06
2.922042225901827e-06
3.226027027761039e-06
3.612844988685354e-06
4.026642898255972e-06
4.551860835036364e-06
5.182876301071514e-06
5.956813128176167e-06
6.900369847792243e-06
8.060717816791551e-06
9.477854093032834e-06
1.124332859881731e-05
1.354442915211155e-05
1.643994856132620e-05
2.015684163868356e-05
2.492812337591092e-05
3.130888224168212e-05
3.979114865629914e-05
5.117722067053534e-05
6.695022108431706e-05
8.898962620393811e-05
1.199364707900379e-04
1.636093203688395e-04
2.252779316633081e-04
3.133025402499139e-04
4.414715840033944e-04
6.284681721132878e-04
9.038946072491224e-04
1.305066047349584e-03
1.882748607063637e-03
2.720599217774742e-03
3.932420334706310e-03
5.682719697455519e-03
8.174024234385914e-03
1.167525725891098e-02
1.649562396582622e-02
2.299963273519001e-02
3.161181662538136e-02
4.281656119153962e-02
5.715548750003565e-02
7.522526826448490e-02
9.764428928713101e-02
1.251052363627712e-01
1.581499001993712e-01
1.975981739774408e-01
2.444571802613311e-01
2.986522711597908e-01
3.595774788312072e-01
4.264315853529285e-01
4.976993496349903e-01
5.709663681728802e-01
6.432538670535914e-01
7.106960419682350e-01
7.979021768643930e-01
9.999999999999999e-01
1.000000000000000e+00
1.000000000000000e+00
1.000000000000000e+00
1.000000000000000e+00
1.000000000000000e+00
1.000000000000000e+00
1.000000000000000e+00
1.000000000000000e+00
1.000000000000000e+00
1.000000000000000e+00
###1.320000000000001e+01
2.421267369911142e-07
3.661876145017616e-07
1.016238976123937e-07
1.017195486095805e-06
1.804200081423936e-07
4.923881344211970e-07
5.131237305831848e-07
5.848858360417786e-07
5.872589055017010e-07
7.701715075610394e-07
6.333326812674422e-07
7.217747877940278e-07
7.639939130861669e-07
7.713658402393270e-07
8.156328250114209e-07
8.411740491053647e-07
8.872302756202407e-07
9.285186255374174e-07
9.779121246729428e-07
1.042538558584554e-06
1.097061575276946e-06
1.167124701154641e-06
1.224633468145455e-06
1.288971294492981e-06
1.360996973267368e-06
1.431290355513825e-06
1.522170197351477e-06
1.614843486185755e-06
1.725723494133192e-06
1.852862326962213e-06
1.969491528000906e-06
2.092219259411022e-06
2.275296263113565e-06
2.461282290061884e-06
2.670423156369012e-06
2.913926261981379e-06
3.200111198706034e-06
3.534343496152380e-06
3.955539965138776e-06
4.413606519777732e-06
4.987871416097468e-06
5.681065350921255e-06
6.531541963909339e-06
7.571221612576838e-06
8.859346791122633e-06
1.042617830901563e-05
1.242122885052868e-05
1.500342259830115e-05
1.828384292368431e-05
2.252054844881039e-05
2.802265485449785e-05
3.534731422642751e-05
4.520740992203003e-05
5.848686242460192e-05
7.687128509080114e-05
1.026678302419085e-04
1.386551833662876e-04
1.894145154291541e-04
2.610627798721408e-04
3.629813876255193e-04
5.102560067374618e-04
7.233582208189927e-04
1.034086403502291e-03
1.483443217101370e-03
2.126890877734882e-03
3.053133774936902e-03
4.381941632724976e-03
6.283117427498083e-03
8.971796731287346e-03
1.272290098978231e-02
1.785968092498675e-02
2.475373083737849e-02
3.384891157128432e-02
4.564253442474022e-02
6.067480283888165e-02
7.955470805934228e-02
1.029033675080248e-01
1.314015971046875e-01
1.655760751315173e-01
2.061650950682187e-01
2.541344827549378e-01
3.092955727631934e-01
3.709070570835789e-01
4.381516415756191e-01
5.092509008434107e-01
5.818563138910695e-01
6.528893279890259e-01
7.184691606644763e-01
8.033368511675543e-01
9.999999999999999e-01
1.000000000000000e+00
1.000000000000000e+00
1.000000000000000e+00
1.000000000000000e+00
1.000000000000000e+00
1.000000000000000e+00
1.000000000000000e+00
1.000000000000000e+00
1.000000000000000e+00
1.000000000000000e+00
###1.360000000000001e+01
2.621455838755186e-07
4.111439046960463e-07
1.118766029275857e-07
1.016023065927006e-06
1.926015247517587e-07
5.020327832590254e-07
5.270035400165353e-07
6.006325369411502e-07
6.131289865736160e-07
7.808586848137776e-07
6.602552999152891e-07
7.496618617150377e-07
7.945961171715228e-07
8.130026299428258e-07
8.599468555804216e-07
8.858786696580657e-07
9.369822161724415e-07
9.835420531578200e-07
1.038256856489344e-06
1.107453916802622e-06
1.168428256929716e-06
1.243898421019572e-06
1.308964577749736e-06
1.380866051869276e-06
1.460596065349711e-06
1.540365182383730e-06
1.639849664918088e-06
1.742929679687064e-06
1.864026814478128e-06
2.005242366442145e-06
2.132902895791623e-06
2.272010678733396e-06
2.469113466966774e-06
2.673501114557250e-06
2.903290823009818e-06
3.170625495899260e-06
3.485736749930740e-06
3.851194816067330e-06
4.307344672432885e-06
4.814371865699060e-06
5.443709208206225e-06
6.203353399529230e-06
7.131382497424082e-06
8.292473992492618e-06
9.701167624769917e-06
1.146209114241691e-05
1.370652505150952e-05
1.659870141589530e-05
2.032124470388900e-05
2.514276046372848e-05
3.146505342912394e-05
3.988378990392764e-05
5.129557058327682e-05
6.668187494964805e-05
8.802823480990041e-05
1.179309887281336e-04
1.596296000563647e-04
2.182449135977581e-04
3.008870027536619e-04
4.180288302461976e-04
5.861822830326555e-04
8.278716915335418e-04
1.177090719831822e-03
1.678567256330817e-03
2.392878441897461e-03
3.413713103331402e-03
4.865977759515003e-03
6.927687051227344e-03
9.821480143283693e-03
1.383585256937716e-02
1.930095574162047e-02
2.660094049516005e-02
3.619396644282119e-02
4.858676531799785e-02
6.433299751894044e-02
8.403886571376826e-02
1.083304790389798e-01
1.378851553628957e-01
1.731661016454747e-01
2.149079740158759e-01
2.639545639190106e-01
3.200483000204505e-01
3.823541935865878e-01
4.499255328164731e-01
5.208665185594400e-01
5.928100935290798e-01
6.625263318605031e-01
7.262496014218278e-01
8.087281519783269e-01
9.999999999999999e-01
1.000000000000000e+00
1.000000000000000e+00
1.000000000000000e+00
1.000000000000000e+00
1.000000000000000e+00
1.000000000000000e+00
1.000000000000000e+00
1.000000000000000e+00
1.000000000000000e+00
1.000000000000000e+00
###1.400000000000001e+01
2.462240854515642e-07
4.146962569680049e-07
1.186935079647361e-07
1.015121254059657e-06
2.047711915263700e-07
5.256691632706451e-07
5.394730953700502e-07
6.151854734829039e-07
6.336314457018493e-07
7.974319210779606e-07
6.862178311051356e-07
7.776546713924723e-07
8.274169181603978e-07
8.505085030205844e-07
9.012707135239507e-07
9.331400279914768e-07
9.887065900904539e-07
1.040769963384368e-06
1.101052658463691e-06
1.175347790178404e-06
1.243048533683884e-06
1.324560184568260e-06
1.397494680085242e-06
1.477438208001791e-06
1.565551173566741e-06
1.655313876366915e-06
1.764323638439175e-06
1.878176522257406e-06
2.010578045200003e-06
2.163691543108451e-06
2.306410776101186e-06
2.462870029408777e-06
2.675733065253348e-06
2.899937034737795e-06
3.153067099164268e-06
3.446345797344964e-06
3.790809209598196e-06
4.191800820007265e-06
4.688106540756203e-06
5.248437533421427e-06
5.935811991182217e-06
6.772375832402121e-06
7.789768872867095e-06
9.075637555619105e-06
1.064634385982039e-05
1.260434491558470e-05
1.511889537428805e-05
1.837022522757001e-05
2.258722958783106e-05
2.806438289336368e-05
3.529772518963870e-05
4.497366781152603e-05
5.809446326330860e-05
7.596756613313943e-05
1.005175304448988e-04
1.349875520303592e-04
1.829773668200151e-04
2.502781394783736e-04
3.450772750363483e-04
4.788624736939453e-04
6.700093761239748e-04
9.426261825706990e-04
1.333710898212264e-03
1.891285861942421e-03
2.681436710485544e-03
3.802958137075831e-03
5.386387542654658e-03
7.617654958679805e-03
1.072963388919696e-02
1.501761948326290e-02
2.082453915018819e-02
2.854642959491697e-02
3.865249847740787e-02
5.166023900274828e-02
6.813460529851253e-02
8.868374270711572e-02
1.139281770514435e-01
1.445381710836987e-01
1.809432818946635e-01
2.238269299337047e-01
2.739489718552525e-01
3.309452942976663e-01
3.939257515202503e-01
4.617754078805273e-01
5.325536767324058e-01
6.038349188650701e-01
6.723155197689000e-01
7.342609703480858e-01
8.142817732207993e-01
9.999999999999999e-01
1.000000000000000e+00
1.000000000000000e+00
1.000000000000000e+00
1.000000000000000e+00
1.000000000000000e+00
1.000000000000000e+00
1.000000000000000e+00
1.000000000000000e+00
1.000000000000000e+00
1.000000000000000e+00
###1.440000000000001e+01
2.453782815338220e-07
3.900318817173839e-07
1.261630203865121e-07
1.008781714325398e-06
2.176300423629461e-07
5.347977857443987e-07
5.402689967399786e-07
6.288431285547456e-07
6.520567596403656e-07
8.094585973267217e-07
7.139313123568986e-07
8.068757540697294e-07
8.599869221478356e-07
8.889680579605081e-07
9.438636107089721e-07
9.818337803723646e-07
1.042121420087451e-06
1.099997595771354e-06
1.166184898452894e-06
1.246053499746682e-06
1.320775173066273e-06
1.408853941668811e-06
1.490066904983251e-06
1.578716334414681e-06
1.675781772348170e-06
1.776072224848312e-06
1.895153608191910e-06
2.020899798522179e-06
2.165522761688830e-06
2.331102304475578e-06
2.490446831956365e-06
2.665467266272944e-06
2.895100678883981e-06
3.141220548345972e-06
3.419247107895579e-06
3.741905069118080e-06
4.118048855997460e-06
4.557012732866221e-06
5.097865316484748e-06
5.713672982139641e-06
6.471264310262065e-06
7.389245558042832e-06
8.513055868403999e-06
9.925692281872197e-06
1.167318635985494e-05
1.385417331104325e-05
1.668164800663833e-05
2.033486220776919e-05
2.510372425592458e-05
3.131979835722989e-05
3.958102242495291e-05
5.063699969415251e-05
6.567086256792904e-05
8.629817238196721e-05
1.144443263738997e-04
1.539740462682448e-04
2.089281587439718e-04
2.858011843165434e-04
3.939139028852495e-04
5.459825518795053e-04
7.619213441419109e-04
1.068216664656029e-03
1.504515745310924e-03
2.122349166874469e-03
2.993459688627154e-03
4.222376643658821e-03
5.945132793072364e-03
8.355099166148291e-03
1.169580162392567e-02
1.626925308448549e-02
2.243379210612963e-02
3.058863860583388e-02
4.122741298160026e-02
5.486975558575550e-02
7.208378245133068e-02
9.348761245127596e-02
1.197087598856226e-01
1.513785956971905e-01
1.889118162760471e-01
2.329305041528136e-01
2.840718665383143e-01
3.419926628847074e-01
4.056084058687403e-01
4.737185615421590e-01
5.443175147721200e-01
6.148873283862055e-01
6.821415311280928e-01
7.422601776391807e-01
8.198770842449288e-01
9.999999999999999e-01
1.000000000000000e+00
1.000000000000000e+00
1.000000000000000e+00
1.000000000000000e+00
1.000000000000000e+00
1.000000000000000e+00
1.000000000000000e+00
1.000000000000000e+00
1.000000000000000e+00
1.000000000000000e+00
###1.480000000000001e+01
2.347215471496213e-07
3.940840712215767e-07
1.330255925286785e-07
1.008443510571311e-06
2.331930465455634e-07
5.382091097149094e-07
5.536473642448314e-07
6.435792388079950e-07
6.707706329009619e-07
8.265734682537059e-07
7.419673958608871e-07
8.367736314636570e-07
8.934356507649741e-07
9.283900686138053e-07
9.876673935809920e-07
1.031921461796928e-06
1.097248668231534e-06
1.161237210534667e-06
1.233678118652502e-06
1.319628319098968e-06
1.401693585052474e-06
1.496839444523640e-06
1.586860341730323e-06
1.684836243043388e-06
1.791607545087857e-06
1.902835599748369e-06
2.032915517730514e-06
2.171290631717428e-06
2.329300345335481e-06
2.508849785980151e-06
2.685549343195477e-06
2.880273434010553e-06
3.128722835911498e-06
3.398114247708528e-06
3.703901846874465e-06
4.056210057130939e-06
4.466350319849216e-06
4.948608982673171e-06
5.538886162755029e-06
6.214697106022574e-06
7.048067107060465e-06
8.055234886728296e-06
9.289964025618571e-06
1.085859086449934e-05
1.279283269978057e-05
1.523293244476305e-05
1.840195409847432e-05
2.250483708054061e-05
2.788548765269458e-05
3.493055110209125e-05
4.433133193976355e-05
5.694014346163171e-05
7.411764867838523e-05
9.775688564371790e-05
1.299342242871870e-04
1.750361379552414e-04
2.376586539141825e-04
3.251557334763811e-04
4.477782939953424e-04
6.196527214539600e-04
8.625313964288967e-04
1.205062998700568e-03
1.690281176624014e-03
2.372897507430422e-03
3.330511051059432e-03
4.673523591388873e-03
6.543334741913866e-03
9.142302841230812e-03
1.272302481524572e-02
1.759343620187754e-02
2.412952794054212e-02
3.273660560891423e-02
4.392334480302085e-02
5.821773586852644e-02
7.619136780196455e-02
9.847061571643051e-02
1.256596926445319e-01
1.584064943722298e-01
1.970700057529489e-01
2.422139956487461e-01
2.943781742168083e-01
3.531746829332409e-01
4.174067081305741e-01
4.857546295334537e-01
5.561772678089337e-01
6.259696657629387e-01
6.919550742468284e-01
7.504263366057172e-01
8.254920824692781e-01
9.999999999999999e-01
1.000000000000000e+00
1.000000000000000e+00
1.000000000000000e+00
1.000000000000000e+00
1.000000000000000e+00
1.000000000000000e+00
1.000000000000000e+00
1.000000000000000e+00
1.000000000000000e+00
1.000000000000000e+00
###1.520000000000001e+01
2.334483180730865e-07
4.257477277301740e-07
1.213840678567242e-07
1.005890171729488e-06
2.432709910120668e-07
5.331932044639125e-07
5.664544756976032e-07
6.615774481942466e-07
6.889456335588525e-07
8.423618845682752e-07
7.702286463202938e-07
8.665352683264246e-07
9.293648920335972e-07
9.688099862352989e-07
1.032780874434275e-06
1.083427845098957e-06
1.154203135962541e-06
1.224619249661395e-06
1.303636163407122e-06
1.398552070610472e-06
1.485997255089365e-06
1.588709379622277e-06
1.688049970336591e-06
1.795806898325589e-06
1.912997817998169e-06
2.035941875541671e-06
2.178027838245586e-06
2.329802984900607e-06
2.502261621165118e-06
2.697059585746354e-06
2.892363946481849e-06
3.108413677526106e-06
3.377313094792377e-06
3.671965841198686e-06
4.007100915779529e-06
4.392092573665436e-06
4.841633554255847e-06
5.369738071199271e-06
6.014765793678814e-06
6.753701068499008e-06
7.669362360841476e-06
8.779328990841536e-06
1.014710733324668e-05
1.187351206279220e-05
1.402352293969313e-05
1.674824886229018e-05
2.030085189354603e-05
2.490342430175544e-05
3.096466706394791e-05
3.893636575981359e-05
4.960638846893256e-05
6.390389278422705e-05
8.352432568197857e-05
1.104766180337409e-04
1.471036016466531e-04
1.983883408601383e-04
2.695051580653284e-04
3.685331273787408e-04
5.070320181318743e-04
7.003974917596535e-04
9.725948156636939e-04
1.354212289693382e-03
1.892154490626715e-03
2.644152985514856e-03
3.693920147362074e-03
5.158041515047149e-03
7.183511303380327e-03
9.980866497172176e-03
1.381143071581917e-02
1.899487278767989e-02
2.591609767826257e-02
3.499304508489311e-02
4.674217598971445e-02
6.170727333531566e-02
8.045407504618213e-02
1.036283176962463e-01
1.318075279282461e-01
1.656313125529147e-01
2.054261547215826e-01
2.516820213527320e-01
3.048785599149279e-01
3.645180518213088e-01
4.292925492061901e-01
4.978600881298539e-01
5.680365419100094e-01
6.371095620100923e-01
7.018973924524167e-01
7.585346109879626e-01
8.314017379009236e-01
9.999999999999999e-01
1.000000000000000e+00
1.000000000000000e+00
1.000000000000000e+00
1.000000000000000e+00
1.000000000000000e+00
1.000000000000000e+00
1.000000000000000e+00
1.000000000000000e+00
1.000000000000000e+00
1.000000000000000e+00
###1.560000000000001e+01
2.405117015660026e-07
4.246460524226952e-07
1.320322978342266e-07
1.007765456967474e-06
2.551199097366137e-07
5.492809546488969e-07
5.796073574078042e-07
6.768424480678115e-07
6.893359203980141e-07
8.530735359846887e-07
7.990575825555441e-07
8.977310580400408e-07
9.656513586552144e-07
1.010273917619874e-06
1.079198008711422e-06
1.136488311193423e-06
1.213021342191178e-06
1.290256713972878e-06
1.376205466517616e-06
1.477837219582678e-06
1.573789836745165e-06
1.684659489624824e-06
1.793832653009351e-06
1.911969247627295e-06
2.040289874286501e-06
2.175761946838884e-06
2.330625585565697e-06
2.496907587879750e-06
2.684661844853321e-06
2.895922276569664e-06
3.111324947571146e-06
3.349613765755488e-06
3.641499741485844e-06
3.963283932205957e-06
4.329779219365329e-06
4.750880095638910e-06
5.242216692791487e-06
5.822593900628864e-06
6.524874539483707e-06
7.337221817561021e-06
8.341665705681627e-06
9.564249210387578e-06
1.107324150493238e-05
1.298360925606587e-05
1.536960725937082e-05
1.842150322828522e-05
2.238720912125768e-05
2.755091585924698e-05
3.436488985306383e-05
4.337597547988345e-05
5.544987135195383e-05
7.168638859562817e-05
9.394840846953518e-05
1.245217149819456e-04
1.660695911493348e-04
2.241575984814357e-04
3.045373642693901e-04
4.162392476965341e-04
5.720085466544986e-04
7.887692972547757e-04
1.092562160317294e-03
1.516473674445096e-03
2.110551079088727e-03
2.936889465932054e-03
4.084947182688290e-03
5.677274754862403e-03
7.866768421405480e-03
1.087308543755514e-02
1.496483442237585e-02
2.047638784198037e-02
2.779727210003648e-02
3.735939568054134e-02
4.969076706864738e-02
6.534454684979359e-02
8.488732110737712e-02
1.089614501529392e-01
1.381511492177974e-01
1.730666861786711e-01
2.139880633107272e-01
2.613502251206526e-01
3.155409808014534e-01
3.759993242827887e-01
4.413141338068838e-01
5.100593047341624e-01
5.799441958497183e-01
6.483105330391793e-01
7.118470835098579e-01
7.667811531068552e-01
8.372748141223223e-01
9.999999999999999e-01
1.000000000000000e+00
1.000000000000000e+00
1.000000000000000e+00
1.000000000000000e+00
1.000000000000000e+00
1.000000000000000e+00
1.000000000000000e+00
1.000000000000000e+00
1.000000000000000e+00
1.000000000000000e+00
