# NLO BK equation solver 0.0-dev build  (build Nov 18 2025 11:57:20)
# Initial condition: MV model, Q_s0^2 = 0.0881573 GeV^2, \gamma = 4.39589, coefficient of E inside Log is 1, x0=0.01, \Lambda_QCD = 0.241 GeV
# # LO Kernel RC:  Balitsky. NLO Kernel RC:  smallest dipole
# Nc=3, Nf=4
# Using RungeKutta method in K1
# Resumming double log
# Resumming single log, K_sub=0.65 resum rc: smallest
# BK K1 integration relative accuracy: 0.02# NLO BK as^2 terms: MC integration method: Vegas, points=1000000
# Kinematical constraint: none
# Target kinematical constraint: disabled

###1.000000000000000e-05
###1.160836920850890e+00
###100
###1.000000000000000e+00
###0.000000000000000e+00
8.208885717977344e-49
3.010943383786733e-48
1.104235967956674e-47
4.049120555712101e-47
1.484559442764645e-46
5.442156635626542e-46
1.994708711088865e-45
7.310066267296711e-45
2.678519714370187e-44
9.812921864872572e-44
3.594429618385461e-43
1.316400068516976e-42
4.820256191978169e-42
1.764715194943374e-41
6.459505788894003e-41
2.363969765560553e-40
8.649683335127693e-40
3.164257162038353e-39
1.157321749617783e-38
4.231990037326388e-38
1.547179213972083e-37
5.655086292903411e-37
2.066510028616170e-36
7.549746476124936e-36
2.757531929899634e-35
1.006928592054867e-34
3.675895763883904e-34
1.341560848465947e-33
4.894815629262993e-33
1.785405987786116e-32
6.510405386530875e-32
2.373258080997199e-31
8.648545307632464e-31
3.150629601983050e-30
1.147367629219961e-29
4.176892492323885e-29
1.520000307254114e-28
5.529267965678428e-28
2.010568019901221e-27
7.307861707204355e-27
2.655065099799960e-26
9.641971408561935e-26
3.499890238881096e-25
1.269792095817269e-24
4.604597523129936e-24
1.668869541579650e-23
6.045261338505293e-23
2.188565685791753e-22
7.918542296007928e-22
2.863260598027673e-21
1.034653236381120e-20
3.736241174914215e-20
1.348243935958252e-19
4.861636133562681e-19
1.751714591070251e-18
6.306630179006275e-18
2.268665601541378e-17
8.153960697270437e-17
2.928044990573334e-16
1.050471327179124e-15
3.765086147023097e-15
1.348148678798188e-14
4.822387773608312e-14
1.723213870608499e-13
6.151241331755059e-13
2.193461505204962e-12
7.813439265615587e-12
2.780391038646087e-11
9.884019122469838e-11
3.510308643498793e-10
1.245573960748205e-09
4.416154928449738e-09
1.564654063923645e-08
5.540534922409728e-08
1.961174794594919e-07
6.940581356800329e-07
2.456321371538415e-06
8.695388558023636e-06
3.079732652155887e-05
1.091618828348295e-04
3.873012308529544e-04
1.375473679571027e-03
4.886480282249916e-03
1.731294174998821e-02
6.048592450031898e-02
2.001924888526930e-01
5.513990385061492e-01
9.440594346071495e-01
9.999694711150674e-01
1.000000000000000e+00
1.000000000000000e+00
1.000000000000000e+00
1.000000000000000e+00
1.000000000000000e+00
1.000000000000000e+00
1.000000000000000e+00
1.000000000000000e+00
1.000000000000000e+00
1.000000000000000e+00
1.000000000000000e+00
###4.000000000000000e-01
-7.790941790331919e-10
7.720995733830739e-11
2.145542020276783e-09
1.987385777804450e-09
8.790490045930071e-10
1.266382270538007e-10
6.211242682388900e-10
3.409562320003383e-10
-3.949333223485259e-10
3.121010251306821e-10
-2.724948337168999e-11
5.471485047924322e-10
1.258029074476365e-10
-1.061332949705744e-11
9.228721882092922e-11
-7.310475062915312e-10
-4.294630616120235e-11
7.449790487190617e-11
3.793562223665594e-11
-8.212457009412387e-11
4.081558647506838e-11
-1.116245950481233e-10
5.478749751652705e-11
5.883543982823555e-11
7.221191603559285e-11
9.000687875488531e-11
8.444600743881040e-11
7.179562408546037e-11
1.073388836127601e-10
1.361053857845338e-10
2.378061477001002e-10
3.620567532361189e-10
4.011477902224805e-10
5.740071794304988e-10
7.682690337703052e-10
1.002426699214002e-09
1.331169375923268e-09
1.837788059502304e-09
2.350519592368450e-09
3.184980685581345e-09
4.227266715765451e-09
5.584967370484821e-09
7.426364271280608e-09
9.842784867580072e-09
1.310348238310297e-08
1.704084099925690e-08
2.232477893363449e-08
2.936776427914871e-08
3.848843380804512e-08
5.024977458391841e-08
6.564097361349170e-08
8.563911516878882e-08
1.116772899476616e-07
1.452769332727306e-07
1.893305955650314e-07
2.478521220357568e-07
3.237625714495593e-07
4.288830360102343e-07
5.718286895159160e-07
7.709799412424361e-07
1.055400601969286e-06
1.464206659350019e-06
2.064325789222780e-06
2.979974870632000e-06
4.385267181348529e-06
6.593710207048325e-06
1.002193873985873e-05
1.549194258263142e-05
2.411384869679222e-05
3.768237528687008e-05
5.897401782091192e-05
9.188340772350439e-05
1.431665488800120e-04
2.219016254464918e-04
3.434225071340594e-04
5.315298940460557e-04
8.230462438261904e-04
1.275212336280030e-03
1.990228592070935e-03
3.163388003709725e-03
5.230198376816095e-03
9.098681362155581e-03
1.716790308256587e-02
3.634699998740631e-02
8.716402639462602e-02
2.248290182362998e-01
5.347358368075164e-01
8.758311231203376e-01
9.585664668003750e-01
1.000000000000000e+00
1.000000000000000e+00
1.000000000000000e+00
1.000000000000000e+00
1.000000000000000e+00
1.000000000000000e+00
1.000000000000000e+00
1.000000000000000e+00
1.000000000000000e+00
1.000000000000000e+00
1.000000000000000e+00
###8.000000000000000e-01
-1.550423952981274e-08
-3.635524288231665e-10
7.802742708983702e-09
3.008456208316778e-09
-3.528145417639732e-10
2.072671999478539e-09
4.318130317594350e-09
-2.874796472852064e-09
-1.412283656317036e-09
2.971360475790703e-09
-3.252713857263159e-10
5.997904471491273e-10
9.565471122306910e-10
-1.000220183706869e-09
2.088593044961950e-10
-1.158150614473947e-09
1.114236164189608e-11
6.366048754322076e-10
1.083414684509619e-10
2.486934023180411e-10
3.393305734696363e-10
1.563538192346816e-10
2.987183464002122e-11
2.596026364807411e-10
8.982249335297086e-11
5.082828956946059e-10
7.101287200314542e-10
7.839407160069535e-10
5.700176309234322e-10
6.330834882625038e-10
9.191630779462278e-10
1.107277268134280e-09
1.590574679534725e-09
1.592079024924534e-09
2.817240140731139e-09
3.203116670588811e-09
4.018808849437867e-09
5.129223882945980e-09
6.908866285369515e-09
9.588077682059951e-09
1.185292695624169e-08
1.552721748821817e-08
2.027539787863254e-08
2.678824129154987e-08
3.433024194058655e-08
4.416454251952499e-08
5.589435404307941e-08
7.329636472944830e-08
9.230220960846058e-08
1.180391370341584e-07
1.487499425365193e-07
1.870126945623724e-07
2.351414668305587e-07
2.912392917551228e-07
3.578352889774584e-07
4.294058595435737e-07
5.430788995961238e-07
6.703237448718187e-07
8.263241728865397e-07
1.021719672005694e-06
1.337312061623851e-06
1.789710914763129e-06
2.435447803987294e-06
3.850713322983216e-06
5.973141586295102e-06
1.005016755762733e-05
1.702069421218528e-05
2.884561775812053e-05
4.871292822999204e-05
8.096512045155804e-05
1.332031532798274e-04
2.133604220440088e-04
3.369683395757853e-04
5.242811810269631e-04
8.084828225931817e-04
1.237433554024617e-03
1.884703304519852e-03
2.853263669367521e-03
4.318803594306966e-03
6.635715867334033e-03
1.052302076454058e-02
1.712724936224629e-02
2.931264208184725e-02
5.421511215974159e-02
1.108350418908457e-01
2.452995649456773e-01
5.205259800001257e-01
8.196255484922124e-01
9.209465718176277e-01
1.000000000000000e+00
1.000000000000000e+00
1.000000000000000e+00
1.000000000000000e+00
1.000000000000000e+00
1.000000000000000e+00
1.000000000000000e+00
1.000000000000000e+00
1.000000000000000e+00
1.000000000000000e+00
1.000000000000000e+00
###1.200000000000000e+00
-3.424425264075954e-08
-1.304800578243229e-08
-2.144855341837992e-09
4.253429525876563e-09
-1.390633234789564e-09
1.737621768061465e-08
7.094003924661328e-09
2.782801705408257e-09
-2.752709447442881e-09
7.275628952410713e-09
9.797546392426980e-09
3.654236747083472e-09
1.104152265270777e-08
1.189126854757959e-09
4.047680270388924e-09
1.894575161830618e-09
2.318881368032462e-09
3.019113327205600e-09
2.049681347200332e-09
1.909474229608987e-09
2.275800978264216e-09
1.988939482054540e-09
-7.802515273250320e-09
2.096455095224529e-09
2.649074834473439e-09
2.577808745565606e-09
3.403072764342517e-09
3.644076250447030e-09
2.170117283515458e-09
2.793466276259112e-09
3.733326394046756e-09
5.361644787072936e-09
5.165376394624315e-09
6.097881171288894e-09
7.806959829611061e-09
8.573019537732234e-09
9.808392488936203e-09
1.270422055234266e-08
1.598238833546440e-08
2.041073288742087e-08
2.742228620652750e-08
3.410270593388135e-08
4.555201042334249e-08
5.532433565639602e-08
6.883059357595361e-08
8.850467036347025e-08
1.110981129224711e-07
1.395719735618888e-07
1.717874351638263e-07
2.118028073473884e-07
2.555956108519674e-07
3.075045022632341e-07
3.592189897366175e-07
4.109858512669653e-07
4.544178230086054e-07
4.723029948588481e-07
4.806463494801385e-07
4.560308606080878e-07
3.214682970170840e-07
1.206317089227217e-07
-1.371053618073637e-07
-4.613572083534837e-07
-6.893951616291492e-07
-2.473890209180311e-07
1.289037059481194e-06
5.597006572767262e-06
1.485815554091436e-05
3.292504280114235e-05
6.616383325130327e-05
1.228043235058485e-04
2.133155428727159e-04
3.602490756139363e-04
5.793485315706844e-04
9.091435442915390e-04
1.397431190639226e-03
2.122341091460364e-03
3.192370419323858e-03
4.752709738806166e-03
7.032610034022017e-03
1.054489596225962e-02
1.623316179164903e-02
2.552132493389964e-02
4.145952579792879e-02
7.122051359850141e-02
1.321867728517900e-01
2.627149838342607e-01
5.087873997825457e-01
7.733729985110086e-01
8.873179370718471e-01
1.000000000000000e+00
1.000000000000000e+00
1.000000000000000e+00
1.000000000000000e+00
1.000000000000000e+00
1.000000000000000e+00
1.000000000000000e+00
1.000000000000000e+00
1.000000000000000e+00
1.000000000000000e+00
1.000000000000000e+00
###1.600000000000000e+00
-2.634457242670913e-08
-1.818081548168355e-08
-6.988221977605765e-09
1.197177444154449e-08
-3.108762152506853e-08
2.695218253961806e-08
-6.364527517631613e-08
-5.097329982055566e-10
2.795685931538792e-10
1.107556773304046e-08
-1.261776517070559e-08
1.569907685045665e-08
7.712067183932979e-09
5.843815286753395e-09
1.263877993395088e-08
6.287616029560914e-09
4.957340891168062e-09
6.290828640560958e-09
1.331971365291819e-10
4.729339840508029e-09
4.512811200636225e-09
7.278064576701542e-09
-4.622445564161161e-09
5.038178176798245e-09
7.323837822359720e-09
6.835470403744639e-09
6.636020895309300e-09
6.653801748084515e-09
5.934953412811700e-09
6.076551680336317e-09
7.122647682202079e-09
1.049682490408212e-08
1.024588849307774e-08
1.196759110426488e-08
1.631653936857042e-08
1.730899122185499e-08
2.096730361137295e-08
2.593340500593600e-08
3.179792938025405e-08
3.941325422875563e-08
5.220904808282490e-08
6.391434634108906e-08
8.268284677721257e-08
1.013470213639152e-07
1.252433058515450e-07
1.563752886359326e-07
1.956831763447001e-07
2.378649101495060e-07
2.877583403210279e-07
3.412136082539361e-07
3.974397440365424e-07
4.519216187899830e-07
4.826635103938386e-07
5.024801185593867e-07
4.616962278741752e-07
3.573565992580646e-07
1.627025548251660e-07
-2.991976253344278e-07
-1.143495216576343e-06
-2.321321525965291e-06
-4.024250790491352e-06
-6.185138145598792e-06
-8.726987185060598e-06
-1.099675833021615e-05
-1.184232018668805e-05
-7.712672571954488e-06
4.241462743540465e-06
2.705339446924228e-05
7.356092251620395e-05
1.593585136533899e-04
3.017916699355184e-04
5.303632170095664e-04
8.697949846493631e-04
1.376304019254178e-03
2.114019905470509e-03
3.191212288750499e-03
4.752671454271285e-03
6.970784128270703e-03
1.014874596441191e-02
1.489736532317540e-02
2.241793139055935e-02
3.432047641747139e-02
5.368216203440866e-02
8.761138867557366e-02
1.518504452818151e-01
2.780266314748407e-01
4.994862411368552e-01
7.355477090385825e-01
8.579658391156684e-01
1.000000000000000e+00
1.000000000000000e+00
1.000000000000000e+00
1.000000000000000e+00
1.000000000000000e+00
1.000000000000000e+00
1.000000000000000e+00
1.000000000000000e+00
1.000000000000000e+00
1.000000000000000e+00
1.000000000000000e+00
###2.000000000000000e+00
-4.279428515414001e-08
1.157325874882305e-08
3.369398836525900e-09
1.055505439017867e-08
-4.854452516223072e-08
-1.616605988153668e-08
-6.655571376498749e-08
2.064523770067211e-08
5.597383040717545e-09
2.401446378360349e-08
-1.374638858816828e-08
2.788194546745646e-08
1.697823935241924e-08
9.609919546013725e-09
2.129985590136226e-08
1.783060579660914e-08
1.033646425039871e-08
2.616602240105202e-09
2.495726272804958e-09
8.341545477636195e-09
7.358411622428791e-09
1.138483181185849e-08
1.307851569090762e-08
6.692316708587741e-09
1.325455308941181e-08
9.760776912262045e-09
1.103771830059640e-08
9.922640331981471e-09
1.002653326412723e-08
8.977005484228344e-09
1.183054364815903e-08
1.517767259018381e-08
1.524363526417806e-08
1.828366515782569e-08
2.633084671368595e-08
2.810223954277730e-08
3.358378249307067e-08
4.126512234739731e-08
5.282747120120314e-08
6.337079826694156e-08
8.639879762162218e-08
1.049763106413771e-07
1.336139454063896e-07
1.641981598797942e-07
2.048112622631930e-07
2.497704593027089e-07
3.077496962151943e-07
3.676382547646942e-07
4.432211497014101e-07
5.064149653542112e-07
5.694922343559418e-07
6.164988341155295e-07
6.191430408961305e-07
5.517409426197139e-07
3.857315438257718e-07
5.948220083511097e-08
-6.137183547974000e-07
-1.817892475002786e-06
-3.761632603677511e-06
-6.533815441142150e-06
-1.051272225712898e-05
-1.586097187606362e-05
-2.238985539110932e-05
-2.940326968099513e-05
-3.530015427580220e-05
-3.455826399167032e-05
-2.098831951168834e-05
1.766193610800365e-05
7.940780240885702e-05
1.939373243214930e-04
3.997849989482108e-04
7.255306003592008e-04
1.211408165286363e-03
1.926228544574362e-03
2.958232353097162e-03
4.441919529799887e-03
6.554151577693517e-03
9.502996445383922e-03
1.363468752818379e-02
1.968509771538378e-02
2.905700924754641e-02
4.349820902242275e-02
6.605448817086028e-02
1.035809914432195e-01
1.702289474817774e-01
2.919640491322075e-01
4.926702474370318e-01
7.051120745653229e-01
8.329035311443750e-01
1.000000000000000e+00
1.000000000000000e+00
1.000000000000000e+00
1.000000000000000e+00
1.000000000000000e+00
1.000000000000000e+00
1.000000000000000e+00
1.000000000000000e+00
1.000000000000000e+00
1.000000000000000e+00
1.000000000000000e+00
###2.400000000000000e+00
-8.474104811902887e-08
3.296404777408465e-08
9.162943757543057e-09
9.244283430885542e-09
-5.104890455396887e-08
-1.923489157456143e-08
-8.428595578633008e-08
3.794589135382103e-08
-7.197467335578007e-09
3.169440387780681e-08
-9.524703057484795e-10
2.972387525776378e-08
-6.763850828275717e-09
1.756738524288986e-08
9.238293545426593e-09
2.490854589914928e-08
1.695668549589543e-08
1.438038132918779e-08
6.808897668707305e-09
1.109623538139283e-08
9.852394597087205e-09
2.046791781957190e-08
1.768134175484494e-08
2.150277824104571e-08
1.724025879471264e-08
1.583140138647466e-08
1.529552103694984e-08
1.522326569287089e-08
1.599402516573386e-08
1.702704225764878e-08
1.979262194388449e-08
2.141445517420215e-08
2.600833799001435e-08
3.121399345307725e-08
4.026374864728032e-08
5.120915986737978e-08
4.974711062144828e-08
6.562450859183023e-08
8.350554806141196e-08
1.000431923997487e-07
1.308219412516803e-07
1.507509675039848e-07
2.009783378187354e-07
2.477168659492872e-07
3.083730034408053e-07
3.740030287938829e-07
4.514902526394573e-07
5.322486386737813e-07
6.322896864410171e-07
7.225704781010489e-07
7.820329138077942e-07
8.268561544605311e-07
7.954538072148250e-07
7.024620108558446e-07
4.110100504208680e-07
-4.479709903835070e-07
-1.792745218653621e-06
-3.978326416733942e-06
-7.481419351955334e-06
-1.252437342198395e-05
-1.967728249685403e-05
-2.927003990735908e-05
-4.143166336924807e-05
-5.507657605769060e-05
-6.822496357358460e-05
-7.339025975806983e-05
-5.904800199740403e-05
2.320909664856061e-06
8.683951220707766e-05
2.328920485437093e-04
5.084582681761916e-04
9.486154728018754e-04
1.605325541334624e-03
2.562414465654284e-03
3.931186227137631e-03
5.862820369480833e-03
8.587971268752048e-03
1.233135232963565e-02
1.748210454042963e-02
2.488575215542531e-02
3.612393771756552e-02
5.306817339780606e-02
7.859771091109535e-02
1.192782287629415e-01
1.876727760959812e-01
3.050918473240300e-01
4.883329959241327e-01
6.809585851255021e-01
8.118881248388166e-01
1.000000000000000e+00
1.000000000000000e+00
1.000000000000000e+00
1.000000000000000e+00
1.000000000000000e+00
1.000000000000000e+00
1.000000000000000e+00
1.000000000000000e+00
1.000000000000000e+00
1.000000000000000e+00
1.000000000000000e+00
###2.800000000000000e+00
-5.830932951152085e-08
2.471105402556639e-08
-1.329259007378598e-08
1.154923835381768e-08
-5.088693512722314e-08
-2.035129098726467e-08
-7.114265556734086e-08
6.108826493647419e-08
-2.105335115633069e-09
2.740135184774747e-08
-8.478745436728579e-09
3.235754804453476e-08
-7.213087818599908e-09
2.017259127567318e-08
4.255467934127105e-09
2.163762074009952e-08
3.092577934435965e-08
1.962147719898468e-08
-8.912666014914468e-09
8.968319304167414e-09
1.609499543477957e-08
1.672629278220171e-08
3.009791899416792e-08
3.430129009525143e-08
2.428398594759598e-08
2.128545905266998e-08
1.850419119290065e-08
1.952387417693392e-08
2.318028116216102e-08
2.310871089635104e-08
2.618708353244165e-08
2.939475811339274e-08
3.629624833504382e-08
4.360498540697302e-08
5.410108933237703e-08
6.227531578343963e-08
6.713832157071291e-08
9.139189000401386e-08
1.172508034515411e-07
1.499986192420044e-07
1.780611060960744e-07
2.157840997712720e-07
2.836634161479589e-07
3.490737961023787e-07
4.336330190184341e-07
5.217631571850238e-07
6.312329966399652e-07
7.442204779751404e-07
8.715022165738307e-07
9.941728945413067e-07
1.065897652034102e-06
1.086414857788019e-06
1.036921158530376e-06
9.291216302360079e-07
5.373365367696322e-07
-9.592940677974187e-07
-3.102513030851746e-06
-6.502948487030499e-06
-1.177935768839478e-05
-1.940468772052470e-05
-3.032296906558239e-05
-4.481588709771908e-05
-6.352166836646102e-05
-8.468400454461243e-05
-1.056815672031002e-04
-1.159539410407231e-04
-9.740041424158149e-05
-6.008973357295590e-06
2.216892902142074e-04
3.926856140311489e-04
6.734710781055798e-04
1.238325931318345e-03
2.078582001000400e-03
3.306249018135500e-03
5.042290847903206e-03
7.480563840938675e-03
1.085761807487338e-02
1.545367653251495e-02
2.167499439062023e-02
3.046164828010204e-02
4.360656566933942e-02
6.296891837638394e-02
9.129851039016264e-02
1.347957717501481e-01
2.044754777290405e-01
3.176979111377065e-01
4.860800887304254e-01
6.623779872361585e-01
7.952260999281854e-01
1.000000000000000e+00
1.000000000000000e+00
1.000000000000000e+00
1.000000000000000e+00
1.000000000000000e+00
1.000000000000000e+00
1.000000000000000e+00
1.000000000000000e+00
1.000000000000000e+00
1.000000000000000e+00
1.000000000000000e+00
###3.200000000000000e+00
-4.714316415812308e-08
-1.956175044501882e-08
-6.142303461130835e-08
8.456884259717172e-08
-9.642178360474236e-08
-2.846972776072166e-08
-4.521452903325397e-08
5.491715158930957e-08
6.798978752843298e-08
1.083471017306990e-07
-2.089783918882325e-09
6.408653904257563e-08
6.324364671354230e-09
3.181392397145415e-08
2.772292546254753e-08
-2.811098306799743e-08
5.209565620080179e-08
3.948747422642661e-08
2.396761140761084e-08
1.824866231002400e-08
3.043765605808828e-08
2.863074168978415e-08
4.001399389187576e-08
4.281054147468695e-08
3.367231428595754e-08
3.146655269477486e-08
3.376056953391173e-08
2.918106179091714e-08
3.936944080618574e-08
3.878365076071707e-08
3.838767855671755e-08
4.807174822372249e-08
4.685693425398261e-08
6.136452306084767e-08
7.890311902338165e-08
9.031830136270100e-08
1.034857206951184e-07
1.322885057119406e-07
1.693155097285962e-07
2.112085770863675e-07
2.517615123577595e-07
3.096690237285850e-07
3.918431541991416e-07
4.845064457413033e-07
5.891408064139984e-07
7.058015913800935e-07
8.549683942586567e-07
1.007234637679475e-06
1.165296086945990e-06
1.327079556389619e-06
1.428288196625935e-06
1.446261612912736e-06
1.359957685972312e-06
1.306762051568499e-06
8.684861583273023e-07
-1.378098187418321e-06
-4.448883232059653e-06
-9.176552539897537e-06
-1.649507993628914e-05
-2.699283588592668e-05
-4.196474109968513e-05
-6.209632483085729e-05
-8.753871594174925e-05
-1.165741873197385e-04
-1.450104934955125e-04
-1.578843243296392e-04
-1.282298802144706e-04
2.686540779173018e-05
4.068945395547377e-04
5.862730656332227e-04
8.847801200435376e-04
1.578781295549947e-03
2.623646189674954e-03
4.145557360196111e-03
6.286988563508843e-03
9.264227987749547e-03
1.334674891571203e-02
1.884301584650333e-02
2.617675359887309e-02
3.639193120116255e-02
5.142913551056878e-02
7.314358274654344e-02
1.041194779998523e-01
1.500501811535226e-01
2.207300371131408e-01
3.299886761283455e-01
4.858046322668446e-01
6.486217970825788e-01
7.820051605781964e-01
1.000000000000000e+00
1.000000000000000e+00
1.000000000000000e+00
1.000000000000000e+00
1.000000000000000e+00
1.000000000000000e+00
1.000000000000000e+00
1.000000000000000e+00
1.000000000000000e+00
1.000000000000000e+00
1.000000000000000e+00
###3.600000000000000e+00
-3.573796838478910e-08
-5.316328767309321e-08
-1.013610164300018e-07
1.813111320911628e-08
-1.428294752243985e-07
-7.621829079183959e-08
-4.588022667085932e-08
5.452198984081804e-08
1.082994842619120e-07
1.130129727574568e-07
1.219354215399198e-08
9.277903310099342e-08
-2.298419938069518e-07
5.897760177114051e-08
6.786712383837809e-08
1.382858025000361e-08
7.082756254362969e-08
7.957097191672111e-08
4.979171146080201e-08
4.268564545655818e-08
3.943062457759018e-08
4.159297706172396e-08
5.411759442112146e-08
2.260629813150845e-08
5.445761848282928e-08
5.026813743639579e-08
5.121977096851604e-08
5.154744584911908e-08
6.014800624352922e-08
6.564848828369343e-08
5.618171039080771e-08
6.279742468113773e-08
7.569035356930280e-08
9.707699297400710e-08
1.105411366466909e-07
1.326831985456801e-07
1.455066042808988e-07
1.830403267288559e-07
2.325798019091441e-07
2.851183359910764e-07
3.481657482741928e-07
4.156328053599120e-07
5.199467620457395e-07
6.362519248547106e-07
7.681059879904417e-07
9.200989427625195e-07
1.108473824476897e-06
1.293725385678578e-06
1.487678252896983e-06
1.683683502675059e-06
1.800256286667389e-06
1.825011640651478e-06
1.699624204840690e-06
1.758112810003721e-06
1.297416476533016e-06
-2.023191155631913e-06
-6.155489854624099e-06
-1.245568310223195e-05
-2.214953871982001e-05
-3.603477228874765e-05
-5.585987411326628e-05
-8.246162700438024e-05
-1.161048575658572e-04
-1.546694847532305e-04
-1.923349603162482e-04
-2.098496588108100e-04
-1.681054989826923e-04
7.768928565267898e-05
4.474604149948868e-04
6.440658561111623e-04
1.069115781143851e-03
1.918411562448840e-03
3.198024356976456e-03
5.044721327171083e-03
7.619900733998408e-03
1.116635400053508e-02
1.599610202435832e-02
2.241958316310578e-02
3.093833446278435e-02
4.260128553329086e-02
5.953719250212136e-02
8.350808045578097e-02
1.169937837861952e-01
1.650932165320598e-01
2.364706925279366e-01
3.422202724998449e-01
4.873688272355874e-01
6.384451743371090e-01
7.717049232018569e-01
1.000000000000000e+00
1.000000000000000e+00
1.000000000000000e+00
1.000000000000000e+00
1.000000000000000e+00
1.000000000000000e+00
1.000000000000000e+00
1.000000000000000e+00
1.000000000000000e+00
1.000000000000000e+00
1.000000000000000e+00
###4.000000000000000e+00
2.046351774578736e-08
-6.680555029216406e-07
-8.962895795708995e-08
2.349949354946146e-09
-1.394248300719810e-07
-9.813240481862226e-08
2.344520855402929e-08
6.684458593507550e-08
1.063753374135228e-07
1.108994301374984e-07
3.303620395976707e-08
9.830699282732239e-08
-2.338845835568071e-07
1.150222748347833e-07
8.381942644902953e-08
4.189106877989674e-08
8.403272975093503e-08
9.436403191784553e-08
7.239122504192527e-08
6.228178327381181e-08
6.565424805111780e-08
6.075025369352526e-08
7.313418305603193e-08
4.198965541844596e-08
6.792225020814114e-08
6.884804155449417e-08
7.021112630054419e-08
7.199866542521512e-08
8.345035422877233e-08
9.186411660196521e-08
8.282385584323341e-08
9.145881178719097e-08
1.133482701140996e-07
1.336689088281800e-07
1.496406556294932e-07
1.757947399942479e-07
2.001475332899143e-07
2.432268423104280e-07
3.096243508212576e-07
3.653807543881134e-07
4.505477781393987e-07
5.367919141743482e-07
6.608837398999633e-07
8.068615345996873e-07
9.716409170372659e-07
1.165287016026619e-06
1.397184764975030e-06
1.633724112986862e-06
1.880166644969159e-06
2.124540625821173e-06
2.276558857028683e-06
2.316305018859393e-06
2.237453749828130e-06
2.586714955211887e-06
2.304992237660986e-06
-2.229469463686161e-06
-7.466265536923071e-06
-1.532510626484630e-05
-2.732675308423720e-05
-4.447151587441421e-05
-6.883750192732620e-05
-1.014794634450227e-04
-1.424823290834464e-04
-1.887179522420636e-04
-2.318088927640126e-04
-2.458876706961037e-04
-1.712789164088372e-04
2.843246150665175e-04
6.299798802580657e-04
7.799623858392722e-04
1.318875589694564e-03
2.329722477078439e-03
3.860801493949826e-03
6.041118740677091e-03
9.080241956653615e-03
1.322551020422148e-02
1.882944665093635e-02
2.623044818780090e-02
3.592752016683758e-02
4.907836782677294e-02
6.785146606035615e-02
9.404166004047175e-02
1.298475406737541e-01
1.800200324337049e-01
2.519509392559890e-01
3.543966104545987e-01
4.904269016019288e-01
6.317023980312774e-01
7.637019489167723e-01
1.000000000000000e+00
1.000000000000000e+00
1.000000000000000e+00
1.000000000000000e+00
1.000000000000000e+00
1.000000000000000e+00
1.000000000000000e+00
1.000000000000000e+00
1.000000000000000e+00
1.000000000000000e+00
1.000000000000000e+00
###4.399999999999999e+00
-6.353083090533553e-08
-7.041017090352321e-07
-5.650390774858138e-08
2.984910082619287e-08
-1.402549896980078e-07
-1.177356395174988e-07
8.617909184110883e-08
2.420108174651262e-08
1.261322008223316e-07
2.179977766536799e-08
1.632852145256579e-07
2.013574301904508e-07
-1.252957083034699e-07
1.965676949942265e-07
1.704220981124532e-07
1.137424344811102e-07
1.250919862266532e-07
1.499748368169838e-07
1.149551164797929e-07
1.199047601722803e-07
1.464205727224847e-07
1.180831709255875e-07
1.231047201305492e-07
1.035045287436383e-07
1.296385643958779e-07
1.228622492587144e-07
1.271350685692299e-07
1.304730060898928e-07
1.464279585505447e-07
1.553992828749993e-07
1.470010428508796e-07
1.566619935195027e-07
1.656438690117897e-07
1.902593616325513e-07
2.250926247366563e-07
2.623473697689149e-07
2.932949650505384e-07
3.475678460275279e-07
4.277191881691988e-07
5.012861489370941e-07
6.070007204424961e-07
7.240924253661218e-07
8.727583309471030e-07
1.056573001209639e-06
1.264400804792875e-06
1.515089904785379e-06
1.812536158557186e-06
2.121624368797852e-06
2.459924456479118e-06
2.803935526997628e-06
3.078238557121976e-06
3.274330758108587e-06
3.403396350530883e-06
4.624479038970777e-06
5.188310188466529e-06
-9.441891442458148e-07
-7.027355250772539e-06
-1.576123234000332e-05
-2.929496437510172e-05
-4.830170528522256e-05
-7.513800223797975e-05
-1.106377359982279e-04
-1.576718233004841e-04
-1.994696004803469e-04
-2.334605889112069e-04
-2.142702500658422e-04
-3.080283215534056e-05
1.057496350624496e-03
1.279892020310754e-03
1.138658934420950e-03
1.746984190649227e-03
2.906750564304466e-03
4.687563272266015e-03
7.220294098489736e-03
1.073893123259341e-02
1.550302790011420e-02
2.191188643752899e-02
3.030349497837354e-02
4.121346483959348e-02
5.584982425657242e-02
7.646273282241083e-02
1.047557272224276e-01
1.427574663245363e-01
1.947582224896787e-01
2.670304522426383e-01
3.664163662462913e-01
4.946594883080044e-01
6.276812062037010e-01
7.581771803108404e-01
1.000000000000000e+00
1.000000000000000e+00
1.000000000000000e+00
1.000000000000000e+00
1.000000000000000e+00
1.000000000000000e+00
1.000000000000000e+00
1.000000000000000e+00
1.000000000000000e+00
1.000000000000000e+00
1.000000000000000e+00
###4.800000000000000e+00
-7.671523374808161e-08
-5.182283132109292e-07
-5.759848493768626e-08
-3.519270521904131e-08
-1.480457245551626e-07
-1.364653950103800e-07
8.481320102545662e-08
6.173820244910039e-08
1.385543623082997e-07
4.711508918388087e-08
1.874062519168691e-07
2.242618581946882e-07
-5.390635634273277e-08
2.681943266823355e-07
2.442246575616654e-07
1.467813822834663e-07
1.861987622796562e-07
2.113524106824531e-07
1.727654518541230e-07
1.733442032748842e-07
2.003094000790309e-07
1.642236824977076e-07
1.939174186938246e-07
1.598740525383194e-07
1.954127910791343e-07
1.811138224366951e-07
1.877223987945912e-07
1.896511535871215e-07
2.081804652318799e-07
2.089865223727795e-07
2.256080814385003e-07
2.289242243318530e-07
2.383233373492857e-07
2.697954700541993e-07
3.118663975155623e-07
3.552918108906935e-07
3.924651451014778e-07
4.607006727674999e-07
5.553276477668497e-07
6.472721252017377e-07
7.762495911866747e-07
9.137253245252789e-07
1.095079544356152e-06
1.314598171962042e-06
1.567990627509802e-06
1.876337118590776e-06
2.231976475023646e-06
2.606808328187796e-06
3.038301529204077e-06
3.473994756576357e-06
3.852654277719699e-06
4.204051884445847e-06
4.564077643013587e-06
6.808128100638846e-06
8.287816039400408e-06
3.473265853707423e-07
-7.093322121281667e-06
-1.725003321950039e-05
-3.281901775795945e-05
-5.449008648715087e-05
-8.491667803014200e-05
-1.246998926260801e-04
-1.762396342404844e-04
-2.206449963914931e-04
-2.494329460203732e-04
-2.012798943695899e-04
1.345228200912704e-04
1.266929286107407e-03
1.425676781469106e-03
1.366714346000362e-03
2.096372249138170e-03
3.449158286376424e-03
5.504543748005134e-03
8.414827715382652e-03
1.243012766592290e-02
1.784591222974810e-02
2.507334811944730e-02
3.447367331418864e-02
4.662118835078648e-02
6.274747212705689e-02
8.516745576805826e-02
1.155242453019204e-01
1.555484850034173e-01
2.092111246672464e-01
2.817995470963284e-01
3.784754421217798e-01
4.998164889985208e-01
6.256270951138853e-01
7.546228701676719e-01
1.000000000000000e+00
1.000000000000000e+00
1.000000000000000e+00
1.000000000000000e+00
1.000000000000000e+00
1.000000000000000e+00
1.000000000000000e+00
1.000000000000000e+00
1.000000000000000e+00
1.000000000000000e+00
1.000000000000000e+00
###5.200000000000000e+00
7.522857451721752e-08
-5.472807775386702e-07
-2.825069617819847e-07
4.720889928000840e-08
-1.420369729144009e-07
-1.237094027180956e-07
4.861517858005066e-08
2.973542896894988e-08
1.385774024207273e-07
1.138478182181811e-07
2.306689248797554e-07
2.772533967988906e-07
1.007836836425623e-08
3.312976795168218e-07
2.835939125859859e-07
1.957111476731672e-07
2.452471986010799e-07
2.427726879792780e-07
2.162797871672793e-07
2.132224539488846e-07
2.380272342060404e-07
2.212533189122839e-07
2.284105999290055e-07
2.021299732295695e-07
2.344721553507392e-07
2.243770105212494e-07
2.348377231640100e-07
2.365000011481978e-07
2.581336396888419e-07
2.626792808652231e-07
2.800934589058532e-07
2.932213407211224e-07
3.056274600249489e-07
3.372663246735366e-07
3.904743373595380e-07
4.419422149639198e-07
4.869534060205711e-07
5.689788491689816e-07
6.780520395737055e-07
7.875896545228944e-07
9.439653295618951e-07
1.111310930195439e-06
1.324462027539212e-06
1.586941323524725e-06
1.895891416715217e-06
2.265982510706844e-06
2.698336199533130e-06
3.157076136015420e-06
3.684795428344075e-06
4.241947282400889e-06
4.744867567973919e-06
5.267213523168411e-06
5.833761051265683e-06
7.989369726402754e-06
1.013715768986604e-05
3.668514760200950e-06
-5.185518188835972e-06
-1.599877086712265e-05
-3.236535274717563e-05
-5.480402879557182e-05
-8.587814369218863e-05
-1.251970063613398e-04
-1.734426668133306e-04
-2.069763531390779e-04
-2.037574594457411e-04
-5.722592040579683e-05
8.540147152519192e-04
1.799535442322555e-03
1.642459082656599e-03
1.714426916754240e-03
2.564815793099627e-03
4.116129305679761e-03
6.454983186165391e-03
9.754417005655830e-03
1.427612535703328e-02
2.036627807676638e-02
2.842657501426589e-02
3.885382725746035e-02
5.224022277804474e-02
6.986287930088438e-02
9.403332315121472e-02
1.263910426711249e-01
1.682866452212563e-01
2.234819877911371e-01
2.961968468134711e-01
3.903986425004789e-01
5.058403492055770e-01
6.255629889225742e-01
7.524685291248522e-01
1.000000000000000e+00
1.000000000000000e+00
1.000000000000000e+00
1.000000000000000e+00
1.000000000000000e+00
1.000000000000000e+00
1.000000000000000e+00
1.000000000000000e+00
1.000000000000000e+00
1.000000000000000e+00
1.000000000000000e+00
###5.600000000000001e+00
2.735936502367535e-08
-6.406749347504354e-07
-1.588926548898915e-07
-1.917185923844835e-08
-1.591764323592612e-07
-2.268480429071154e-08
4.529788484412168e-08
6.658538974691942e-08
1.354347833825849e-07
2.412207147352342e-07
2.201690985071717e-07
2.912598076528101e-07
2.463622041665361e-08
3.200514775638346e-07
2.902468111325316e-07
2.102574966106963e-07
2.544838244751048e-07
2.531996927824167e-07
2.324981608110394e-07
2.289711712127419e-07
2.271864797203067e-07
2.289632077410829e-07
2.371822475284759e-07
2.299910276814638e-07
2.589385321536014e-07
2.539660155505345e-07
2.657618586007470e-07
2.753732088725402e-07
2.922197186588395e-07
2.980255690395523e-07
3.254069642724442e-07
3.370295646160354e-07
3.567391292369698e-07
3.984988471077718e-07
4.528862507019469e-07
5.110838409449314e-07
5.645594061304703e-07
6.617743511153451e-07
7.848907988568696e-07
9.199336965325610e-07
1.096900512682287e-06
1.296334670666612e-06
1.547627479054256e-06
1.858642752945450e-06
2.217613598641710e-06
2.658965776829484e-06
3.167356401378874e-06
3.721351678066244e-06
4.368261173503420e-06
5.066854279245465e-06
5.748980120172137e-06
6.485132387758713e-06
7.386833690069283e-06
9.805382819169245e-06
1.435574537398226e-05
1.096587380252218e-05
-1.981060071215204e-06
-1.438337242353409e-05
-3.171882746869835e-05
-5.584292789425022e-05
-8.725168190049443e-05
-1.266290800936143e-04
-1.718688435506669e-04
-1.938810469913873e-04
-1.533451906129668e-04
1.628232112285406e-04
1.203815825303620e-03
1.948615392665870e-03
1.809595015122571e-03
2.021797422850951e-03
3.025660689214792e-03
4.792904443146557e-03
7.433499672581587e-03
1.113919083565112e-02
1.618505585309282e-02
2.295449680262357e-02
3.186696219920255e-02
4.333219535870694e-02
5.796819979344758e-02
7.706829621226401e-02
1.029427960209928e-01
1.372012896038735e-01
1.809819318301319e-01
2.374328606087512e-01
3.103129721772698e-01
4.023839854311140e-01
5.124776663251509e-01
6.269375611247388e-01
7.514964396072736e-01
1.000000000000000e+00
1.000000000000000e+00
1.000000000000000e+00
1.000000000000000e+00
1.000000000000000e+00
1.000000000000000e+00
1.000000000000000e+00
1.000000000000000e+00
1.000000000000000e+00
1.000000000000000e+00
1.000000000000000e+00
###6.000000000000001e+00
-4.507058682172245e-09
-7.136938322304234e-07
-5.856500939922215e-08
-1.544854423076743e-08
-1.338915429949373e-07
-2.747558161593873e-08
3.404839585717100e-08
7.574507235934146e-08
1.525053255889342e-07
2.411353683290782e-07
2.393017629951197e-07
3.181241673391934e-07
1.492960285265728e-08
3.224198543383193e-07
2.578580239473834e-07
2.761904107239241e-07
2.646452951112411e-07
2.261733460296120e-07
2.457380916556467e-07
2.549857666205819e-07
1.925746029073151e-07
2.493776406305349e-07
2.591877985077385e-07
2.546974369704381e-07
2.866382922993316e-07
2.903385477211185e-07
2.965079146201039e-07
3.076227810841148e-07
3.293778236412318e-07
3.383800228456511e-07
3.700125326839422e-07
3.856153690663954e-07
4.075123071628665e-07
4.569755932744224e-07
5.220387649683427e-07
5.852731199064670e-07
6.577715473281950e-07
7.653444779756055e-07
9.022080359602672e-07
1.065708680689999e-06
1.270489276385909e-06
1.501493271503706e-06
1.799251901037613e-06
2.163254003087063e-06
2.590436327591590e-06
3.111314350675402e-06
3.720603747933573e-06
4.398541886026012e-06
5.196597411762050e-06
6.092978042017558e-06
7.026333248638530e-06
8.063415895281068e-06
9.405813819844170e-06
1.229566732206359e-05
1.822662835351301e-05
1.791805376597994e-05
4.961575543226687e-06
-8.629594238820678e-06
-2.559901282475633e-05
-4.832934976338957e-05
-7.667977607219391e-05
-1.094017893636515e-04
-1.400764595047277e-04
-1.263781756286495e-04
1.621408281370744e-05
8.777800226582233e-04
1.735196269165343e-03
2.081465898326072e-03
2.059775792982255e-03
2.406813083452617e-03
3.576983533290504e-03
5.568143775090469e-03
8.520454328594320e-03
1.263918379983243e-02
1.823307433070953e-02
2.569993826963212e-02
3.547470597711253e-02
4.797712016024121e-02
6.384734581356781e-02
8.441458509768017e-02
1.119852952924578e-01
1.480228913291703e-01
1.935367466881789e-01
2.511802203284341e-01
3.240832336918312e-01
4.142356697561794e-01
5.199124722036599e-01
6.290510897191171e-01
7.514469102173237e-01
1.000000000000000e+00
1.000000000000000e+00
1.000000000000000e+00
1.000000000000000e+00
1.000000000000000e+00
1.000000000000000e+00
1.000000000000000e+00
1.000000000000000e+00
1.000000000000000e+00
1.000000000000000e+00
1.000000000000000e+00
###6.400000000000001e+00
-1.840769528193761e-08
-7.017602658449190e-07
-8.118528556480497e-08
3.429861656132995e-08
-1.615036991640203e-07
-6.782827658038684e-08
4.392028334516331e-08
6.619713662800437e-08
1.366761713657796e-07
2.764471015383279e-07
2.680789137437329e-07
3.208439446944853e-07
3.936981525430909e-08
3.232016530186667e-07
2.827266395427864e-07
3.168560231164535e-07
2.880817558469825e-07
2.518361899793085e-07
2.719710720340212e-07
2.673818694698816e-07
2.195116555618512e-07
2.765087422543449e-07
2.851633195578233e-07
2.820930962282189e-07
3.217923517392979e-07
3.214123297787377e-07
3.201949868964308e-07
3.486144210225921e-07
3.806920719908624e-07
3.832943757973428e-07
4.152200353649268e-07
4.416643898590421e-07
4.661103855202738e-07
5.219064553075134e-07
5.949247003042750e-07
6.689496381825503e-07
7.536451633235409e-07
8.751933838933019e-07
1.030960016007202e-06
1.214111067069521e-06
1.449886802765250e-06
1.706696300566516e-06
2.054579031431510e-06
2.468299004546545e-06
2.952934848203841e-06
3.553795522553112e-06
4.246800342519707e-06
5.042148010207026e-06
5.975629415129209e-06
7.021527565606962e-06
8.162275050498210e-06
9.448106094404033e-06
1.111023029213308e-05
1.434221329711664e-05
2.037165522266800e-05
2.434439137515019e-05
1.653416856507461e-05
-3.082285602501512e-06
-2.140583444187280e-05
-4.448438616778511e-05
-7.185622950629504e-05
-1.008819600318154e-04
-1.207178081534902e-04
-7.348240352503545e-05
2.469721006900934e-04
1.020786719010599e-03
1.700317894248800e-03
2.092895927427068e-03
2.207581759897868e-03
2.730495552578860e-03
4.083622506276594e-03
6.319925557618127e-03
9.598788477328812e-03
1.415325149561947e-02
2.030037968039869e-02
2.847214120060472e-02
3.911898983909270e-02
5.267573926694679e-02
6.978623833793104e-02
9.179921496659144e-02
1.209979835460864e-01
1.587454062159063e-01
2.059001242171425e-01
2.646344487548944e-01
3.375304462577883e-01
4.258426674570838e-01
5.274020461568690e-01
6.317537484909099e-01
7.518423752447942e-01
1.000000000000000e+00
1.000000000000000e+00
1.000000000000000e+00
1.000000000000000e+00
1.000000000000000e+00
1.000000000000000e+00
1.000000000000000e+00
1.000000000000000e+00
1.000000000000000e+00
1.000000000000000e+00
1.000000000000000e+00
###6.800000000000002e+00
9.646919721970459e-08
-6.350316720720040e-07
-8.898149391619207e-08
6.502281984088352e-08
-1.604997703380098e-07
-7.848755065357865e-08
3.125106311889230e-08
1.211117096731337e-07
1.426525355693670e-07
2.551342351610579e-07
2.962081526111905e-07
3.221598097285369e-07
3.774403053845721e-08
3.152850041776105e-07
2.900486520999162e-07
3.316670720507367e-07
2.862790501864481e-07
2.687828515589574e-07
2.827142361318907e-07
2.809475716822083e-07
2.444496378590178e-07
2.960171416693978e-07
3.062922540723351e-07
3.028526114531321e-07
3.443642126770090e-07
3.503429166203884e-07
3.544059724354337e-07
3.931987401138753e-07
4.329504727015513e-07
4.213208075665865e-07
4.628911411699696e-07
4.981275532479851e-07
5.251855236746567e-07
5.888757237417883e-07
6.675579127451087e-07
7.548891569987297e-07
8.536217487779052e-07
9.926714165590325e-07
1.167243027018833e-06
1.375036662110051e-06
1.643647810733007e-06
1.935074519175556e-06
2.331163893795436e-06
2.807045811767735e-06
3.353882041904311e-06
4.051095380084501e-06
4.853409774828754e-06
5.790623339095913e-06
6.886821384076610e-06
8.155888019051324e-06
9.575527222163060e-06
1.124103638713839e-05
1.333569508845522e-05
1.706389494154930e-05
2.357192490645526e-05
2.974342739431026e-05
2.748048194482333e-05
9.597730506047452e-06
-1.059076546537450e-05
-3.144611297579662e-05
-5.339155636997561e-05
-7.015292340417932e-05
-6.130215987925678e-05
8.287340015437822e-05
6.687136496499511e-04
1.308572026610378e-03
1.781832384408639e-03
2.196123033025449e-03
2.438467714699918e-03
3.131537700017458e-03
4.675298021961836e-03
7.166353865946576e-03
1.078285772695774e-02
1.578048494122401e-02
2.249470724735201e-02
3.137789958101393e-02
4.291824789133178e-02
5.751194792682707e-02
7.587288517136183e-02
9.932153832039284e-02
1.301079901214793e-01
1.695273821423512e-01
2.181569068005917e-01
2.778965985813926e-01
3.508572756711750e-01
4.374142814013151e-01
5.352408461893613e-01
6.355350321013646e-01
7.530558665367612e-01
1.000000000000000e+00
1.000000000000000e+00
1.000000000000000e+00
1.000000000000000e+00
1.000000000000000e+00
1.000000000000000e+00
1.000000000000000e+00
1.000000000000000e+00
1.000000000000000e+00
1.000000000000000e+00
1.000000000000000e+00
###7.200000000000002e+00
7.068887417615404e-08
-4.574523795729342e-07
-1.124132868440703e-07
1.142120712984736e-07
-1.498918995596326e-07
-5.780854813386546e-08
1.700559108108609e-08
-8.629273352766570e-08
1.321431319811768e-07
2.312990920270154e-07
2.754169912236168e-07
3.436291881217611e-07
5.737234577096674e-08
3.266432272965923e-07
3.051781210285937e-07
3.063393835267709e-07
3.231526464654588e-07
2.943331041435279e-07
3.116257758742561e-07
3.023159775409125e-07
2.808883402110985e-07
3.319409785339662e-07
3.339087535912920e-07
3.380872521496540e-07
3.649753157825448e-07
3.846008829290583e-07
3.934653753685283e-07
4.327567633516197e-07
4.767378822517422e-07
4.659092549198513e-07
5.183230496063259e-07
5.621171222394404e-07
5.930700523279013e-07
6.646599530538076e-07
7.505808673937119e-07
8.492684992395467e-07
9.644424651459459e-07
1.089917382094835e-06
1.313325811870408e-06
1.546454680866493e-06
1.845739761163985e-06
2.180127696344268e-06
2.622736933240822e-06
3.162927764859882e-06
3.781728738676631e-06
4.569345552489496e-06
5.488182479349323e-06
6.570701808320079e-06
7.840253295938795e-06
9.342963865475024e-06
1.103788937858315e-05
1.307368419028295e-05
1.565840900902515e-05
1.985603877072496e-05
2.691126825550565e-05
3.404077876988814e-05
3.830411337117653e-05
2.930292278468902e-05
4.241442954326722e-06
-1.592790079253419e-05
-3.190868212422141e-05
-3.450714441170799e-05
1.868297261924334e-05
3.328063968951355e-04
8.488148385244528e-04
1.342901536618677e-03
1.821011174495908e-03
2.278371400343244e-03
2.664326080466852e-03
3.535694007774003e-03
5.284897049979248e-03
8.039255304104365e-03
1.200671948284295e-02
1.745946618297228e-02
2.475387305678845e-02
3.436239730740475e-02
4.678123543770769e-02
6.244078011683594e-02
8.203616220873515e-02
1.069001948917023e-01
1.392374423119176e-01
1.801826060799364e-01
2.302134709280114e-01
2.909003180958543e-01
3.638463422613555e-01
4.487772545775375e-01
5.434452077760136e-01
6.398360571329846e-01
7.547934132799561e-01
1.000000000000000e+00
1.000000000000000e+00
1.000000000000000e+00
1.000000000000000e+00
1.000000000000000e+00
1.000000000000000e+00
1.000000000000000e+00
1.000000000000000e+00
1.000000000000000e+00
1.000000000000000e+00
1.000000000000000e+00
###7.600000000000002e+00
8.794769038021599e-08
-4.369798940134430e-07
-1.703251757794384e-07
1.370051476701417e-07
-1.277966375330375e-07
-4.385542502799650e-08
3.710008868761633e-08
-6.678758646710813e-08
1.521556368239402e-07
4.642860429059386e-07
3.131328831591501e-07
4.280003500876633e-07
8.277247626647921e-08
3.465729328652210e-07
3.248572648922801e-07
3.265833838866230e-07
3.397801389949265e-07
3.316482578409110e-07
3.425187598269126e-07
3.355427412266737e-07
3.240266127480660e-07
3.708280819360793e-07
3.700536133022133e-07
3.790957935635392e-07
4.089097623159380e-07
4.222843756003120e-07
4.482269213056126e-07
4.860802887148749e-07
5.327896553194582e-07
5.266376589978676e-07
5.865657750106172e-07
6.056257729133250e-07
6.765857051589443e-07
7.515261080035429e-07
8.464657884779978e-07
9.602807477698851e-07
1.090569274755569e-06
1.227207739359634e-06
1.470471867974499e-06
1.737363858264512e-06
2.070672596411710e-06
2.439946733744022e-06
2.931500853817237e-06
3.530893960587021e-06
4.216336137744967e-06
5.100461351223343e-06
6.126727306892446e-06
7.342068444910125e-06
8.779752770071927e-06
1.049536026205374e-05
1.244380145878878e-05
1.479601024061363e-05
1.778179686043789e-05
2.236650318942636e-05
2.967420967214664e-05
3.751354613750236e-05
4.302446397756974e-05
4.301127891517933e-05
2.757976119600387e-05
1.055154797979135e-06
-9.734072915641388e-06
3.066599099266110e-06
1.333006470548186e-04
4.252447849137875e-04
8.656707624303485e-04
1.352893480931529e-03
1.845952069425951e-03
2.368016598866586e-03
2.900114301379056e-03
3.956318882036410e-03
5.916563902070736e-03
8.950205989693150e-03
1.327656164321301e-02
1.919475755088631e-02
2.708512281783666e-02
3.742117902235954e-02
5.072760395943529e-02
6.746987515284592e-02
8.828144487280297e-02
1.145267528071416e-01
1.483769936206787e-01
1.908118070689622e-01
2.421452990347646e-01
3.037013916709037e-01
3.765368950457015e-01
4.601227955567004e-01
5.515779718779673e-01
6.445856128539157e-01
7.567753589480499e-01
1.000000000000000e+00
1.000000000000000e+00
1.000000000000000e+00
1.000000000000000e+00
1.000000000000000e+00
1.000000000000000e+00
1.000000000000000e+00
1.000000000000000e+00
1.000000000000000e+00
1.000000000000000e+00
1.000000000000000e+00
###8.000000000000002e+00
5.294847538944894e-08
-5.107008495425951e-07
-1.625007224921914e-07
-5.556117705209144e-08
-1.162763292283682e-07
-3.065832954977369e-08
4.362589563447974e-08
1.415350001545138e-08
1.370812894277810e-07
4.543162505468589e-07
3.210834373502950e-07
4.337840243734897e-07
9.421266985675763e-08
3.647941898306456e-07
3.961289397339325e-07
3.342227160382301e-07
3.669160995743860e-07
3.409646130666245e-07
3.745349869020185e-07
3.573401529680521e-07
3.510853701655815e-07
3.992599693515550e-07
4.197922241108769e-07
4.166522414790328e-07
4.536312303446266e-07
4.673902785266579e-07
4.923455477203049e-07
5.391469766175742e-07
5.841592639779926e-07
5.870442823389751e-07
6.519573685352669e-07
6.771889535581116e-07
7.523741131694739e-07
8.275330592865392e-07
9.434892053749972e-07
1.065760756334846e-06
1.216127991403671e-06
1.373886861918512e-06
1.628652555636238e-06
1.925291592024667e-06
2.293706305091686e-06
2.701594737561062e-06
3.238496639168595e-06
3.894652511790367e-06
4.637130606502254e-06
5.614100183410200e-06
6.743652068061181e-06
8.074160039878918e-06
9.658915414453612e-06
1.154270066097691e-05
1.371174529498891e-05
1.631262530228376e-05
1.957928507337343e-05
2.440207236340634e-05
3.175042233320649e-05
3.966710488294359e-05
4.563943437597568e-05
4.676468216457939e-05
3.669612070481530e-05
1.734369883110507e-05
9.682491976042180e-06
4.078292075527634e-05
1.713810659057990e-04
4.461092446441280e-04
8.733065572761125e-04
1.360048675957760e-03
1.883620265251322e-03
2.475728867865931e-03
3.156380181112701e-03
4.400869696060639e-03
6.582845417587958e-03
9.902143356369870e-03
1.460168187835893e-02
2.100076885623248e-02
2.949225137190694e-02
4.056977592389981e-02
5.476607093330864e-02
7.258380415529558e-02
9.462359535741113e-02
1.222469025564634e-01
1.575479535074995e-01
2.014105799484576e-01
2.539302221419956e-01
3.162955932923645e-01
3.890568474062929e-01
4.713110839513165e-01
5.600064943370189e-01
6.493170218806945e-01
7.588829653503536e-01
1.000000000000000e+00
1.000000000000000e+00
1.000000000000000e+00
1.000000000000000e+00
1.000000000000000e+00
1.000000000000000e+00
1.000000000000000e+00
1.000000000000000e+00
1.000000000000000e+00
1.000000000000000e+00
1.000000000000000e+00
###8.400000000000002e+00
8.073374910276772e-08
-5.045530151143246e-07
-1.287006002460985e-07
-5.521852991968166e-08
-1.107196409458892e-07
-1.278573456752431e-08
-2.201220151939555e-07
-2.444430541970381e-09
1.435000398863674e-07
4.780738234722344e-07
3.525552435432737e-07
4.518093931166492e-07
7.162737649108322e-08
3.930051918243113e-07
4.190217865459615e-07
3.490754273266290e-07
4.059102361912512e-07
3.689871367964255e-07
4.032128902579190e-07
3.850196335224154e-07
4.000185009830082e-07
4.314867813764241e-07
4.717990193330327e-07
4.685315523634433e-07
4.988881938702245e-07
5.172054089581710e-07
5.490594357613546e-07
5.810143293082657e-07
6.330422314112032e-07
6.589444811153239e-07
7.220872771868581e-07
7.625736318388286e-07
8.375706170790030e-07
9.243347354928918e-07
1.048603925129660e-06
1.187485000358664e-06
1.352066987411345e-06
1.531200122385785e-06
1.798999514948396e-06
2.132050641321210e-06
2.529871343379880e-06
2.980863850060490e-06
3.563763271233153e-06
4.277401462253409e-06
5.095316379765905e-06
6.149372546646034e-06
7.378769843419863e-06
8.821936639811622e-06
1.055316144173480e-05
1.260602824028494e-05
1.496926162755817e-05
1.781064048223780e-05
2.135281794888313e-05
2.639881411572482e-05
3.376501009234789e-05
4.174299297551037e-05
4.800750919862834e-05
5.001837022292530e-05
4.249471086893996e-05
2.785143995850060e-05
2.633797380514113e-05
6.406080209383716e-05
1.973438589627233e-04
4.685888058410154e-04
8.887305852774096e-04
1.384329698264552e-03
1.943503794483565e-03
2.612747638704689e-03
3.443795260173610e-03
4.880024777703392e-03
7.291510053145673e-03
1.090928016660818e-02
1.598969957683287e-02
2.288077261033569e-02
3.198912506193171e-02
4.381810103237603e-02
5.891455403067561e-02
7.778995602287658e-02
1.010475538013557e-01
1.300438449026743e-01
1.667389260085644e-01
2.119826733059333e-01
2.656727456210934e-01
3.287303493990656e-01
4.013889661606961e-01
4.823871217499558e-01
5.684568159494799e-01
6.545376069298144e-01
7.616077493285947e-01
1.000000000000000e+00
1.000000000000000e+00
1.000000000000000e+00
1.000000000000000e+00
1.000000000000000e+00
1.000000000000000e+00
1.000000000000000e+00
1.000000000000000e+00
1.000000000000000e+00
1.000000000000000e+00
1.000000000000000e+00
###8.800000000000002e+00
2.424675037799630e-07
-4.594458231325721e-07
-1.169742544551108e-07
-1.628078238354476e-07
-1.330992804696788e-07
-4.547385127477835e-08
-2.099926080667788e-07
-5.184270821462408e-08
1.232251607776030e-07
4.793364552300116e-07
3.570058797034598e-07
4.910543247567967e-07
9.156471423825074e-08
4.090964030064799e-07
4.365358512624789e-07
3.904466193150126e-07
4.314565631120008e-07
3.930350584524671e-07
4.305027702116789e-07
4.143920896118340e-07
4.316881346075837e-07
4.673690070840810e-07
5.065273172072500e-07
5.115317987873093e-07
5.320006118439301e-07
5.652548111661195e-07
5.942528720070604e-07
6.371540029211994e-07
6.946929267403526e-07
7.230472017951525e-07
7.909661526603521e-07
8.420678311046882e-07
9.238610078041131e-07
1.018787760009856e-06
1.158435920629851e-06
1.309133240306784e-06
1.491589620825358e-06
1.691149619504935e-06
1.984152839839514e-06
2.341435830333860e-06
2.774692021470790e-06
3.265094898591599e-06
3.911241093053741e-06
4.670227511185950e-06
5.567339908405022e-06
6.706353017885835e-06
8.038351144604669e-06
9.609931597644541e-06
1.150417964163796e-05
1.373287374544013e-05
1.630917279441572e-05
1.942864269789624e-05
2.329236958592126e-05
2.860866453166543e-05
3.612489789590701e-05
4.432870149915109e-05
5.118757757947149e-05
5.444842842276687e-05
4.981478996959861e-05
4.038732362696039e-05
4.588391214877437e-05
9.069709545592538e-05
2.285944055602633e-04
4.999250794215671e-04
9.191209343932968e-04
1.429572760992349e-03
2.031542883545635e-03
2.783377772856458e-03
3.766395670334445e-03
5.399186967551306e-03
8.050049868290683e-03
1.197550096929944e-02
1.745145255139953e-02
2.484119064315414e-02
3.457410333945205e-02
4.716166797760671e-02
6.316438376991970e-02
8.310824761478955e-02
1.075798744422543e-01
1.378874643116457e-01
1.759819308772458e-01
2.225335183999170e-01
2.773257421125805e-01
3.410317134072122e-01
4.135451953172352e-01
4.932674487026740e-01
5.768621265235438e-01
6.599777759225204e-01
7.644011065667798e-01
1.000000000000000e+00
1.000000000000000e+00
1.000000000000000e+00
1.000000000000000e+00
1.000000000000000e+00
1.000000000000000e+00
1.000000000000000e+00
1.000000000000000e+00
1.000000000000000e+00
1.000000000000000e+00
1.000000000000000e+00
###9.200000000000003e+00
3.140775489976045e-07
-3.891446697837901e-07
-1.800331136622779e-07
-1.989957428629474e-07
-1.360734489940169e-07
-5.853950994189557e-08
-2.205893889267018e-07
-6.809067265357288e-09
1.893627242457978e-07
4.854134141213707e-07
3.660811411178977e-07
5.542926808226133e-07
1.283261411751278e-07
4.181767998114186e-07
4.532132860419551e-07
4.152434423030834e-07
4.377984460956846e-07
4.184350339280870e-07
4.568430574525750e-07
4.460833930799820e-07
4.776926155294193e-07
5.018388783656972e-07
5.500491336153941e-07
5.473857421588977e-07
5.934417729910545e-07
6.181142311232450e-07
6.573248197405750e-07
7.025969524535663e-07
7.594974102239952e-07
7.974003422868931e-07
8.681447303092253e-07
9.260481117292198e-07
1.020393907879144e-06
1.128564797980872e-06
1.277870568955631e-06
1.443870300041744e-06
1.638188202557858e-06
1.872759018412979e-06
2.182554240660635e-06
2.569048902255929e-06
3.034225816440439e-06
3.565144670267293e-06
4.267421531958091e-06
5.088783275314002e-06
6.070848155238728e-06
7.293311299067928e-06
8.744856879472006e-06
1.044938413503358e-05
1.251004583263399e-05
1.493193916648899e-05
1.776169395217960e-05
2.116942634427963e-05
2.540312778111652e-05
3.107286816350022e-05
3.887434706864483e-05
4.751446409606412e-05
5.525367655297421e-05
6.013998797232716e-05
5.878616186857966e-05
5.503152570233020e-05
6.762666174661220e-05
1.211160305520073e-04
2.658307087179434e-04
5.408232136970892e-04
9.645564460577862e-04
1.495817485939521e-03
2.146889320701268e-03
2.987963548009252e-03
4.128100585057973e-03
5.962934716419899e-03
8.861459813472847e-03
1.310536625727899e-02
1.898591699427608e-02
2.688822931524491e-02
3.725335267438502e-02
5.060768951000316e-02
6.751929996330214e-02
8.852362079815312e-02
1.141914832116890e-01
1.458292138495213e-01
1.852466027066368e-01
2.330647712780145e-01
2.889022931059452e-01
3.531577697225483e-01
4.255679237272808e-01
5.040755171208529e-01
5.854287004885285e-01
6.654730703908757e-01
7.670049529370684e-01
1.000000000000000e+00
1.000000000000000e+00
1.000000000000000e+00
1.000000000000000e+00
1.000000000000000e+00
1.000000000000000e+00
1.000000000000000e+00
1.000000000000000e+00
1.000000000000000e+00
1.000000000000000e+00
1.000000000000000e+00
###9.600000000000003e+00
3.662128537802705e-07
-3.914353280104754e-07
-1.366059249353073e-07
-1.917863682836842e-07
-1.339780567799932e-07
-8.991050656461985e-08
-1.654240743777278e-07
-1.552252417928641e-08
1.998208864912246e-07
4.762408507316036e-07
3.771059941203157e-07
5.567007553611294e-07
1.187846361882683e-07
4.303788321714559e-07
4.690621936539494e-07
4.457872747218812e-07
4.602751279490655e-07
4.504543078031243e-07
4.921272229156618e-07
4.786232197085671e-07
5.260037702855830e-07
5.446206124284681e-07
5.772936071652008e-07
5.911886441506887e-07
6.416180768331271e-07
6.706837411457883e-07
7.164662672648422e-07
7.656354879018874e-07
8.265242517962012e-07
8.639455244031663e-07
9.495340145027265e-07
1.015244972680045e-06
1.119248399070209e-06
1.243511125530874e-06
1.400807436145233e-06
1.581673130128004e-06
1.791133526180942e-06
2.053493802067897e-06
2.389112121551035e-06
2.806607679409714e-06
3.316000026603714e-06
3.889829077676499e-06
4.648806165237479e-06
5.536499229589105e-06
6.591968916159496e-06
7.918072306052433e-06
9.484206521892247e-06
1.134125396769223e-05
1.358957607459667e-05
1.622445447935291e-05
1.932881684377846e-05
2.306554159110193e-05
2.773203938177942e-05
3.386532071564838e-05
4.209831942621323e-05
5.141331340950106e-05
6.027182006274753e-05
6.725666904092183e-05
6.958670061747943e-05
7.198559996679480e-05
9.268311091145554e-05
1.560115386943676e-04
3.095634918540240e-04
5.920761883052415e-04
1.026162089895486e-03
1.584376169258851e-03
2.290724971823836e-03
3.228353130653186e-03
4.527850740090903e-03
6.571721323178909e-03
9.726250037977452e-03
1.429905096786738e-02
2.059102393248216e-02
2.901790601399328e-02
4.003135170168174e-02
5.416027740539681e-02
7.197783759129828e-02
9.405023953952386e-02
1.209192520136954e-01
1.538501578921914e-01
1.945715200676522e-01
2.435936736309212e-01
3.004082641999551e-01
3.652264201966650e-01
4.373945979937542e-01
5.147605664501195e-01
5.940770330135646e-01
6.713676551043530e-01
7.701770644030967e-01
1.000000000000000e+00
1.000000000000000e+00
1.000000000000000e+00
1.000000000000000e+00
1.000000000000000e+00
1.000000000000000e+00
1.000000000000000e+00
1.000000000000000e+00
1.000000000000000e+00
1.000000000000000e+00
1.000000000000000e+00
###1.000000000000000e+01
6.058964409109281e-07
-3.146639612101252e-07
-7.399598514305330e-08
-2.769252952036140e-07
-1.405832489590752e-07
-1.318598615215480e-07
-1.256131215072306e-07
-2.582236595657081e-09
2.316423390426285e-07
4.666827998253743e-07
3.851038292421994e-07
6.082139433377148e-07
1.468189222518846e-07
4.586026291496782e-07
4.920370274108177e-07
4.665370415201682e-07
4.746012995400656e-07
4.807626375999433e-07
5.143519738013514e-07
5.221708700226295e-07
5.668804890320360e-07
5.860195989984458e-07
6.221238543340224e-07
6.396639441961356e-07
6.937721232835860e-07
7.257651916708349e-07
7.772834355774632e-07
8.192559489583633e-07
8.980515754936785e-07
9.462664194563329e-07
1.034170031213073e-06
1.115694173834257e-06
1.224326069375453e-06
1.357923837953370e-06
1.532180461885552e-06
1.729262982860227e-06
1.963517551417736e-06
2.243406497748945e-06
2.606358602270282e-06
3.062594931761460e-06
3.604083212966980e-06
4.236619520714581e-06
5.049752569667629e-06
6.012646578724575e-06
7.129955013055475e-06
8.585499577237824e-06
1.029310840113511e-05
1.229824315550924e-05
1.473495703702809e-05
1.761178601432917e-05
2.103058662352933e-05
2.515493677296622e-05
3.030880702937544e-05
3.702130097243465e-05
4.584011796358447e-05
5.607555318140260e-05
6.661016863289389e-05
7.623673540860616e-05
8.248596834423326e-05
9.174859625311508e-05
1.214951784411192e-04
1.959044813834521e-04
3.606503863899297e-04
6.547237333085233e-04
1.104153654538256e-03
1.696026256057689e-03
2.464378838885155e-03
3.505533888403301e-03
4.968994846059878e-03
7.226485526762865e-03
1.064952754133127e-02
1.556038540531115e-02
2.227773819218524e-02
3.123906928706188e-02
4.290298615925927e-02
5.781744452352981e-02
7.655570038709623e-02
9.969831920537185e-02
1.277419576112951e-01
1.619584493867413e-01
2.039249445655220e-01
2.541442767995418e-01
3.118638413157209e-01
3.771717642066573e-01
4.491008926476420e-01
5.254470053839311e-01
6.026824441813423e-01
6.772702883201946e-01
7.736942629234957e-01
1.000000000000000e+00
1.000000000000000e+00
1.000000000000000e+00
1.000000000000000e+00
1.000000000000000e+00
1.000000000000000e+00
1.000000000000000e+00
1.000000000000000e+00
1.000000000000000e+00
1.000000000000000e+00
1.000000000000000e+00
###1.040000000000000e+01
5.810373402529547e-07
-2.750471673143814e-07
-7.732593445923956e-08
-2.602852094738588e-07
-1.366304739049560e-07
-1.057443927665895e-07
-1.116740130003302e-07
-1.599934084747096e-08
3.464316410196674e-07
4.552399605681777e-07
3.960002316778094e-07
6.037371076977011e-07
1.817962129606434e-07
4.654610010706535e-07
5.047816049232389e-07
4.646315087927268e-07
5.001360157788903e-07
5.203107904036977e-07
5.424581443505344e-07
5.566908553126051e-07
6.033932346635061e-07
6.276926254127042e-07
6.658284306683196e-07
6.867633869503344e-07
7.443021325488723e-07
7.855692941566573e-07
8.365520567179393e-07
8.877662938592432e-07
9.743170754869166e-07
1.028929087274558e-06
1.119912784340305e-06
1.216041816202553e-06
1.336725163941416e-06
1.477334207595334e-06
1.671122364738976e-06
1.884787515034667e-06
2.137858448145765e-06
2.448978556241083e-06
2.831255660347256e-06
3.331400263513257e-06
3.908054797663803e-06
4.595664407387917e-06
5.472876659462371e-06
6.512562851240653e-06
7.691807782589892e-06
9.284983139110415e-06
1.113684200101186e-05
1.331812612490037e-05
1.597091471924781e-05
1.913716723120157e-05
2.288109744813201e-05
2.745762259028879e-05
3.318039575500328e-05
4.056475345595542e-05
5.019691874979191e-05
6.157006140848689e-05
7.393646327470930e-05
8.652507540088924e-05
9.770818895204396e-05
1.145806608486732e-04
1.543769184631234e-04
2.412305146227308e-04
4.199345349348774e-04
7.294522598739837e-04
1.200024766061079e-03
1.830964525679514e-03
2.668701794889867e-03
3.820782948070693e-03
5.453648913758772e-03
7.934126074421359e-03
1.163042923339565e-02
1.689323350958985e-02
2.404708495247633e-02
3.355784210680104e-02
4.588878224885051e-02
6.157162160721098e-02
8.125332681929197e-02
1.054342793503943e-01
1.346788566191336e-01
1.701581756488557e-01
2.133820962828847e-01
2.646926376395575e-01
3.232610981724117e-01
3.890181960503508e-01
4.607361192434993e-01
5.360202551084073e-01
6.114780470140392e-01
6.834675476132316e-01
7.770798189537856e-01
1.000000000000000e+00
1.000000000000000e+00
1.000000000000000e+00
1.000000000000000e+00
1.000000000000000e+00
1.000000000000000e+00
1.000000000000000e+00
1.000000000000000e+00
1.000000000000000e+00
1.000000000000000e+00
1.000000000000000e+00
###1.080000000000000e+01
5.953155100093645e-07
-2.652097567235984e-07
-6.092538228951875e-08
-2.678887134182111e-07
-5.755602798599509e-08
-9.456134622264455e-08
-1.204885516007214e-07
1.035042483470585e-09
3.575554059612022e-07
4.285318753389888e-07
4.248654273160523e-07
6.905567591487097e-07
2.210817804740557e-07
4.898181558151877e-07
5.196808501966521e-07
4.827610468046027e-07
4.542533036947804e-07
5.564922411569300e-07
5.800690513793542e-07
5.999381448811687e-07
6.495052489180825e-07
6.705819245213716e-07
7.166062253294460e-07
7.459735291639640e-07
8.049860153220510e-07
8.630272055296629e-07
9.113368072942337e-07
9.714889422485284e-07
1.064847958432130e-06
1.136300678401190e-06
1.223516544947562e-06
1.335945656300306e-06
1.464120640091012e-06
1.616894732588065e-06
1.825536147138982e-06
2.057137213089069e-06
2.328322489964054e-06
2.673954992585245e-06
3.086835075791219e-06
3.622023413866788e-06
4.244789661320336e-06
4.990739763369393e-06
5.930865153165879e-06
7.050212203277569e-06
8.305011777834761e-06
1.004835143775595e-05
1.204820930399000e-05
1.442406873953836e-05
1.731488028520516e-05
2.078460318206566e-05
2.490901992501270e-05
3.000810665278828e-05
3.637133803041522e-05
4.458954547619588e-05
5.523205459092463e-05
6.802059284294192e-05
8.256819749303253e-05
9.860385390521827e-05
1.153409503469300e-04
1.406490018228142e-04
1.916994483673950e-04
2.925071642008591e-04
4.878556728537603e-04
8.168152950799216e-04
1.314168753245040e-03
1.991135019482513e-03
2.905082765356609e-03
4.174443707413334e-03
5.984042146455750e-03
8.693230173632492e-03
1.267647202100127e-02
1.829975902372783e-02
2.590460849238041e-02
3.596912684073179e-02
4.897061450264013e-02
6.545273597298856e-02
8.605778626007417e-02
1.113256355424992e-01
1.417384987405429e-01
1.784422151845438e-01
2.228897968628674e-01
2.752778582179257e-01
3.346502654200079e-01
4.008318150481983e-01
4.722352618273692e-01
5.464858536042623e-01
6.202382032344288e-01
6.893599949328980e-01
7.804475841615052e-01
1.000000000000000e+00
1.000000000000000e+00
1.000000000000000e+00
1.000000000000000e+00
1.000000000000000e+00
1.000000000000000e+00
1.000000000000000e+00
1.000000000000000e+00
1.000000000000000e+00
1.000000000000000e+00
1.000000000000000e+00
###1.120000000000000e+01
5.367131376170061e-07
-1.394166428495984e-07
-1.062119177249447e-07
-2.273697935211819e-07
-6.250091507836482e-08
-1.146865689590778e-07
-1.243612625814295e-07
2.043088536835466e-08
3.445475975283242e-07
4.257915600235202e-07
4.117993586921435e-07
7.207774362716630e-07
2.493965395406643e-07
5.018966197249686e-07
5.341766524762689e-07
5.040489433320659e-07
4.818318743960008e-07
5.783348810072557e-07
6.072533190489598e-07
6.358297203280920e-07
6.983127985022697e-07
7.110983440375977e-07
7.584376028570890e-07
7.962953249307652e-07
8.574805364989077e-07
9.232300679438381e-07
9.888684066906778e-07
1.046589346779420e-06
1.144770104511238e-06
1.246973578339004e-06
1.324496041573741e-06
1.443738948585969e-06
1.587943009662813e-06
1.751447840501573e-06
1.977438122629190e-06
2.232189924733860e-06
2.518959683297654e-06
2.897421743134757e-06
3.347985009160268e-06
3.916323288262766e-06
4.588236882585177e-06
5.396717406704616e-06
6.405740238837986e-06
7.617973709792466e-06
8.982863148300267e-06
1.084727674132279e-05
1.301634013970183e-05
1.560924567740522e-05
1.875730883770849e-05
2.256316250630118e-05
2.714045566060549e-05
3.281309136950808e-05
3.993419464291715e-05
4.911388979285790e-05
6.098228268915529e-05
7.552004518151089e-05
9.268439073649833e-05
1.126648176617121e-04
1.357204224986166e-04
1.703350865464309e-04
2.337284037978154e-04
3.506131743945966e-04
5.650491179644986e-04
9.173589616008633e-04
1.447163424994048e-03
2.176864645359761e-03
3.173763286836990e-03
4.569078117369872e-03
6.560222245935991e-03
9.507466486101167e-03
1.378841779657657e-02
1.977649270496093e-02
2.784658434477906e-02
3.848136984122609e-02
5.216849235185063e-02
6.946293246925556e-02
9.100065703672969e-02
1.173372663350050e-01
1.489229324376720e-01
1.868350340538253e-01
2.324680880554890e-01
2.858949272970735e-01
3.460327891485273e-01
4.125576278307480e-01
4.837378895881354e-01
5.569265431702463e-01
6.289893008421538e-01
6.954569142231890e-01
7.842400455353518e-01
1.000000000000000e+00
1.000000000000000e+00
1.000000000000000e+00
1.000000000000000e+00
1.000000000000000e+00
1.000000000000000e+00
1.000000000000000e+00
1.000000000000000e+00
1.000000000000000e+00
1.000000000000000e+00
1.000000000000000e+00
###1.160000000000000e+01
5.495868956311526e-07
-8.825776646508240e-08
-6.662292194574079e-08
-2.000705381200468e-07
-5.301732389888485e-08
-1.142942534726095e-07
-1.154908780442013e-07
2.598874739239179e-08
3.224277336075302e-07
4.239207812874483e-07
4.241161379930886e-07
7.091996049173023e-07
2.688031428010579e-07
5.106687845487499e-07
5.522273974606151e-07
5.066500250083510e-07
4.953813625464971e-07
6.015107759109733e-07
6.371004983311137e-07
6.702893803038496e-07
7.333212765770814e-07
7.536967512376034e-07
8.066701449793390e-07
8.503674357267217e-07
9.145834932732109e-07
9.849645337155420e-07
1.059259730949345e-06
1.123364376986017e-06
1.225768738396541e-06
1.338001414049736e-06
1.430293037404439e-06
1.561171115592001e-06
1.712958826316175e-06
1.896007849521632e-06
2.139634384261039e-06
2.414193659021661e-06
2.729233279054129e-06
3.134876846296675e-06
3.621082257337236e-06
4.230068595630462e-06
4.957526849411342e-06
5.823158931000429e-06
6.912281648156248e-06
8.215303404740031e-06
9.685208922063727e-06
1.170957489524995e-05
1.405975924059112e-05
1.688404276212939e-05
2.033180172355230e-05
2.451537684814274e-05
2.959315375455036e-05
3.591130269566220e-05
4.390203894549735e-05
5.420667919514129e-05
6.753557298188642e-05
8.418804068005549e-05
1.043945039757358e-04
1.289040366387701e-04
1.590292046132472e-04
2.038557897611155e-04
2.811030816836400e-04
4.159149777619403e-04
6.524337368965984e-04
1.032194346156001e-03
1.599965679219528e-03
2.388817169929835e-03
3.476342386170478e-03
5.004720161517187e-03
7.186023131696428e-03
1.037898325850167e-02
1.496666054572467e-02
2.133523680324594e-02
2.988405994966759e-02
4.109361751935736e-02
5.547965325251555e-02
7.359662797943893e-02
9.607834008788460e-02
1.234757856766412e-01
1.562230253971362e-01
1.953379288245632e-01
2.420794558328888e-01
2.965299101612525e-01
3.574130481690529e-01
4.242214314286125e-01
4.951195753484745e-01
5.673723435203601e-01
6.376947469835812e-01
7.017449511373643e-01
7.877115503804226e-01
1.000000000000000e+00
1.000000000000000e+00
1.000000000000000e+00
1.000000000000000e+00
1.000000000000000e+00
1.000000000000000e+00
1.000000000000000e+00
1.000000000000000e+00
1.000000000000000e+00
1.000000000000000e+00
1.000000000000000e+00
###1.200000000000001e+01
5.782304334886835e-07
-1.192459193212723e-07
2.231473668325092e-08
-2.126172890963476e-07
-2.767077659895656e-08
-9.170875687538414e-08
-1.006371378855693e-07
2.404393868572160e-08
3.179446165869958e-07
4.170498013075258e-07
4.293080255105391e-07
7.005455591039693e-07
2.984362248757978e-07
5.347531812923902e-07
5.652077950700928e-07
5.190093794438718e-07
5.267308946100778e-07
6.269091345867665e-07
6.673682689741942e-07
7.058646346970240e-07
7.864414837166203e-07
7.991251034131870e-07
8.497241306955816e-07
9.071351007428224e-07
9.748731528721650e-07
1.032845564626939e-06
1.136124348621823e-06
1.203577377426276e-06
1.313476344177606e-06
1.436719127078687e-06
1.540935983870867e-06
1.684351149069325e-06
1.850480417731482e-06
2.048109579653887e-06
2.310264270457227e-06
2.608378265426522e-06
2.951679084385999e-06
3.388703031020374e-06
3.911937274280119e-06
4.566129787362428e-06
5.348517319667931e-06
6.282919187069323e-06
7.450968247917571e-06
8.856875033016519e-06
1.047160555378089e-05
1.263987808463207e-05
1.518240737161933e-05
1.826700047779371e-05
2.204260898147641e-05
2.665321027829415e-05
3.229478889999648e-05
3.935792903198178e-05
4.833503980730931e-05
5.994019194839622e-05
7.502006091176352e-05
9.408857553101453e-05
1.178625363853211e-04
1.475838635293043e-04
1.855983921329592e-04
2.416598625974592e-04
3.341776991531318e-04
4.891736299831260e-04
7.504915630326754e-04
1.162142382406549e-03
1.773485934951563e-03
2.627974610721242e-03
3.813271034589389e-03
5.483717349501656e-03
7.862425821539972e-03
1.130842055487864e-02
1.621501755523028e-02
2.297621466611448e-02
3.201373206707288e-02
4.381283105710431e-02
5.890780177697031e-02
7.784974345550748e-02
1.012874214582265e-01
1.297461369699447e-01
1.636510994930499e-01
2.039719296270779e-01
2.518250122219329e-01
3.072018206499130e-01
3.687932940480336e-01
4.358714556841943e-01
5.064606229787645e-01
5.777509284934448e-01
6.463780036951459e-01
7.080027079544291e-01
7.915884851690946e-01
1.000000000000000e+00
1.000000000000000e+00
1.000000000000000e+00
1.000000000000000e+00
1.000000000000000e+00
1.000000000000000e+00
1.000000000000000e+00
1.000000000000000e+00
1.000000000000000e+00
1.000000000000000e+00
1.000000000000000e+00
###1.240000000000001e+01
5.515870151858210e-07
-1.882927257714116e-07
1.530857228648089e-07
-2.219530055685098e-07
-2.306004498492745e-08
-1.015234547141535e-07
-1.184993970808247e-07
2.470343097615477e-08
3.189743304887114e-07
4.145700027536336e-07
4.331458895043487e-07
6.888867904312935e-07
3.229406151842656e-07
5.456082945184980e-07
5.679456453465575e-07
5.382465645312290e-07
5.463041033224032e-07
6.521326165839081e-07
6.987771048148226e-07
7.451089018327166e-07
8.242527797610285e-07
8.446410275937745e-07
9.038584259156372e-07
9.573659243618304e-07
1.035639134393645e-06
1.101805495114663e-06
1.208409731274408e-06
1.295229095652140e-06
1.408158353217535e-06
1.538451808560999e-06
1.654528782109859e-06
1.810515576760182e-06
1.991654283524912e-06
2.209435040173699e-06
2.490127715542760e-06
2.812133113827977e-06
3.185874862965670e-06
3.660220970638377e-06
4.225426472668293e-06
4.923761573094877e-06
5.763021865509929e-06
6.770708130519505e-06
8.025826857028474e-06
9.542743519174148e-06
1.130415728963196e-05
1.363308047539695e-05
1.640198346010893e-05
1.976969933457347e-05
2.391187937620066e-05
2.900387322816662e-05
3.528248588246023e-05
4.317096153500850e-05
5.329403039770601e-05
6.639090327378512e-05
8.349811520930536e-05
1.053675536239626e-04
1.332076255108224e-04
1.688329754511311e-04
2.156383014925765e-04
2.841762905661408e-04
3.933362009309054e-04
5.707407261937572e-04
8.597306400847112e-04
1.307817436583458e-03
1.968423661019245e-03
2.896089730072572e-03
4.186621052473026e-03
6.006537969066921e-03
8.591175708723298e-03
1.229941093287171e-02
1.753669978255760e-02
2.470380638825988e-02
3.424035371293486e-02
4.664400919116367e-02
6.246344415318184e-02
8.224151773714192e-02
1.066261374507119e-01
1.361666799713362e-01
1.712259646912886e-01
2.127127425339828e-01
2.616554341571841e-01
3.179292449371686e-01
3.801650535791057e-01
4.475086279922304e-01
5.177636510673276e-01
5.881530388132669e-01
6.550746399027990e-01
7.143245457223374e-01
7.954970883833669e-01
1.000000000000000e+00
1.000000000000000e+00
1.000000000000000e+00
1.000000000000000e+00
1.000000000000000e+00
1.000000000000000e+00
1.000000000000000e+00
1.000000000000000e+00
1.000000000000000e+00
1.000000000000000e+00
1.000000000000000e+00
###1.280000000000001e+01
7.234941384191850e-07
-1.878973876081158e-07
1.362688065613100e-07
-1.867806434340715e-07
4.894064323922324e-08
-9.497478271816789e-08
-1.293900824315415e-07
4.400547773248084e-08
3.308388768140946e-07
4.147976384576242e-07
4.513548554504604e-07
6.839393860095904e-07
3.442426979178051e-07
5.192234154155233e-07
5.816221307516727e-07
5.551832944899009e-07
5.295395281649636e-07
6.857147109769571e-07
7.288020459810998e-07
7.794472005229055e-07
8.611769851135626e-07
8.897479721713977e-07
9.534317970911290e-07
1.014465739753331e-06
1.098120857525553e-06
1.172887091058314e-06
1.283478590692495e-06
1.381463311308085e-06
1.503762003569425e-06
1.643180693802808e-06
1.774156026079389e-06
1.943748352031404e-06
2.140600674750584e-06
2.379135848617980e-06
2.680781077346537e-06
3.028944478765335e-06
3.429397452724778e-06
3.942212018639169e-06
4.550665551051371e-06
5.312648765255579e-06
6.200643023660555e-06
7.291584953535253e-06
8.647332507084992e-06
1.028840859975002e-05
1.219911096211099e-05
1.470988544687305e-05
1.772936273819415e-05
2.139844064107097e-05
2.595081637258877e-05
3.158252469571765e-05
3.858219968635098e-05
4.742872366738594e-05
5.883251696754453e-05
7.363680458069915e-05
9.302621457550530e-05
1.181921473110812e-04
1.506183781455932e-04
1.929332537435440e-04
2.495420861745682e-04
3.317022780810506e-04
4.594173532423910e-04
6.610301329803994e-04
9.816179028684321e-04
1.470434144417699e-03
2.186972146029414e-03
3.193523603867911e-03
4.597923818370328e-03
6.575142022958529e-03
9.375084576860553e-03
1.335781983625133e-02
1.893557882708856e-02
2.651953285533943e-02
3.656950290856482e-02
4.959533549803798e-02
6.614413011171368e-02
8.676766660982477e-02
1.121152345825539e-01
1.427044192909611e-01
1.789362302925939e-01
2.215719569913533e-01
2.715779986964236e-01
3.287497713852309e-01
3.915849855860293e-01
4.590919743190772e-01
5.290197025615155e-01
5.985255297551617e-01
6.637661885878962e-01
7.206014577961610e-01
7.995796761524494e-01
1.000000000000000e+00
1.000000000000000e+00
1.000000000000000e+00
1.000000000000000e+00
1.000000000000000e+00
1.000000000000000e+00
1.000000000000000e+00
1.000000000000000e+00
1.000000000000000e+00
1.000000000000000e+00
1.000000000000000e+00
###1.320000000000001e+01
7.020437587772381e-07
-2.037854177539805e-07
2.001760623491300e-07
-1.936075954917911e-07
6.594146313081878e-08
-8.101321995233150e-08
-1.367586643991559e-07
6.330826873336610e-08
3.303065278063873e-07
4.163966127703930e-07
4.660672676936073e-07
7.009447011984587e-07
4.079927970031898e-07
5.345305149389287e-07
5.979973604946897e-07
5.792037837799883e-07
5.623551574319728e-07
7.128300741051159e-07
7.620903517915748e-07
8.129181754495340e-07
9.011464447232448e-07
9.385408701660305e-07
1.007185826624387e-06
1.072602738758641e-06
1.165932887908403e-06
1.272735665792458e-06
1.364740592779722e-06
1.473001304533070e-06
1.598615846230858e-06
1.755424375910927e-06
1.903111181591451e-06
2.089175649140914e-06
2.301185439148201e-06
2.559527718451683e-06
2.883192725443392e-06
3.261507732615752e-06
3.696355482854841e-06
4.246648923036157e-06
4.899789859439476e-06
5.715578358851590e-06
6.672930949625600e-06
7.848498517325946e-06
9.309497870423545e-06
1.107748827561918e-05
1.316680817734014e-05
1.587605703629559e-05
1.916474620687187e-05
2.318048071724232e-05
2.818858918195794e-05
3.441362149582688e-05
4.223701064617368e-05
5.215086198521435e-05
6.500020667657044e-05
8.175242444492753e-05
1.037823085738761e-04
1.326472607855012e-04
1.702812499000694e-04
2.200923827878581e-04
2.874622006200020e-04
3.845924592508778e-04
5.326919327920248e-04
7.612552719800707e-04
1.116639372836823e-03
1.650876256113546e-03
2.428565293453936e-03
3.522034812090072e-03
5.048023064683086e-03
7.191571356785978e-03
1.021414888501841e-02
1.448151134415756e-02
2.041217112208888e-02
2.842876074531567e-02
3.900656444468679e-02
5.266419976202796e-02
6.995634170804015e-02
9.143979599485164e-02
1.177581949940808e-01
1.494220470922598e-01
1.867895887794054e-01
2.305652915162479e-01
2.816047926317751e-01
3.396368921209623e-01
4.030509664108956e-01
4.707061953232714e-01
5.403007052376184e-01
6.088124623816437e-01
6.725639570898959e-01
7.273008967955851e-01
8.037613390831359e-01
1.000000000000000e+00
1.000000000000000e+00
1.000000000000000e+00
1.000000000000000e+00
1.000000000000000e+00
1.000000000000000e+00
1.000000000000000e+00
1.000000000000000e+00
1.000000000000000e+00
1.000000000000000e+00
1.000000000000000e+00
###1.360000000000001e+01
6.845738429702579e-07
7.028819827430880e-07
1.809937645092632e-07
-2.195574333553497e-07
7.486094283231836e-08
-5.894366816761917e-08
-1.196087473403044e-07
9.100495053081675e-08
3.399594318667802e-07
4.168077138525350e-07
4.864360507338437e-07
7.070712529439436e-07
4.333117066113417e-07
5.525439946165810e-07
6.243117334512392e-07
6.080522236393524e-07
5.995717790362161e-07
7.438915886679227e-07
8.059974935924813e-07
8.559986439262591e-07
9.465824001843568e-07
9.920462728927970e-07
1.065897454719681e-06
1.130073365175889e-06
1.238801657939735e-06
1.352384288318715e-06
1.457947270851581e-06
1.572940876987264e-06
1.709731195843958e-06
1.880268045822990e-06
2.040884942411188e-06
2.242791456201631e-06
2.475228622509596e-06
2.756853562489232e-06
3.101130738026261e-06
3.510080463917369e-06
3.981780088751117e-06
4.573050258326913e-06
5.280389325100985e-06
6.149736800907403e-06
7.183180663129859e-06
8.447135885851676e-06
1.003247619579428e-05
1.193556787812892e-05
1.421232449791897e-05
1.714199645673110e-05
2.072816003538182e-05
2.512670744920462e-05
3.063087043752227e-05
3.754468221376886e-05
4.626655888995096e-05
5.740170500571219e-05
7.187540069396127e-05
9.085811588162803e-05
1.158705152695709e-04
1.489504626252335e-04
1.924842112938293e-04
2.505389923993414e-04
3.297175806016909e-04
4.432698100237590e-04
6.138393799299157e-04
8.717631598231025e-04
1.265736176773367e-03
1.850178215478546e-03
2.695258846318900e-03
3.882674516935824e-03
5.538491217233897e-03
7.857635607524406e-03
1.111248629745892e-02
1.567791167362532e-02
2.197161923972541e-02
3.043040096961313e-02
4.155163091940782e-02
5.585470326449223e-02
7.390993613030353e-02
9.626099965199912e-02
1.235561741581913e-01
1.562982017495674e-01
1.947923468365536e-01
2.396690068568393e-01
2.917512681829904e-01
3.506024641941340e-01
4.145521822319159e-01
4.823105003519899e-01
5.514581974822899e-01
6.191111229634557e-01
6.813129826093163e-01
7.340186869113869e-01
8.079461513593381e-01
1.000000000000000e+00
1.000000000000000e+00
1.000000000000000e+00
1.000000000000000e+00
1.000000000000000e+00
1.000000000000000e+00
1.000000000000000e+00
1.000000000000000e+00
1.000000000000000e+00
1.000000000000000e+00
1.000000000000000e+00
###1.400000000000001e+01
6.774047825652970e-07
6.073441737578144e-07
1.878612493160461e-07
-2.397598180997351e-07
4.027146960725805e-08
-3.909256329489539e-08
-4.499565960856882e-08
1.337255851572547e-07
3.812636170712222e-07
4.597716801420544e-07
5.237399408642475e-07
7.340931704839960e-07
4.830038742620250e-07
6.011596475283152e-07
6.700539780206675e-07
6.614877965181386e-07
6.615825873731560e-07
7.998695726356074e-07
8.684860960408461e-07
9.255186835482071e-07
1.018518293149488e-06
1.072268142569811e-06
1.152228949851245e-06
1.225257514825044e-06
1.340155751625796e-06
1.461526745119634e-06
1.580553909987465e-06
1.703764981965165e-06
1.850355959303797e-06
2.035551622224910e-06
2.213776713126398e-06
2.434101766872141e-06
2.685297374153996e-06
2.991676728132100e-06
3.364502885463683e-06
3.802987284555291e-06
4.313036009435285e-06
4.948465686797135e-06
5.713012708172907e-06
6.644791265575247e-06
7.760451536380672e-06
9.124077016845647e-06
1.082988048626225e-05
1.288889453816846e-05
1.537430123899494e-05
1.854983826480353e-05
2.245190792141759e-05
2.726557279339952e-05
3.332870486712342e-05
4.102001799093022e-05
5.073749176027752e-05
6.323154812631601e-05
7.954946829857506e-05
1.010182356465015e-04
1.293995781313380e-04
1.671960243404911e-04
2.172522436315435e-04
2.845825208397103e-04
3.767821519265960e-04
5.083202461611468e-04
7.032785991367248e-04
9.935157984558387e-04
1.429433743307316e-03
2.068624709212759e-03
2.987737470203107e-03
4.276626645877859e-03
6.070330551864159e-03
8.574576034527931e-03
1.207205975749425e-02
1.694394564176374e-02
2.361475698161655e-02
3.253395989605423e-02
4.421330618230437e-02
5.917317748690920e-02
7.800011500755780e-02
1.012266514476123e-01
1.295094752434736e-01
1.633342834667038e-01
2.029531597108030e-01
2.489312101555334e-01
3.020316139889024e-01
3.616509561504120e-01
4.260980105043576e-01
4.939173313662555e-01
5.626761895610314e-01
6.294127421405723e-01
6.900896523608731e-01
7.406739290798231e-01
8.123522826980912e-01
1.000000000000000e+00
1.000000000000000e+00
1.000000000000000e+00
1.000000000000000e+00
1.000000000000000e+00
1.000000000000000e+00
1.000000000000000e+00
1.000000000000000e+00
1.000000000000000e+00
1.000000000000000e+00
1.000000000000000e+00
###1.440000000000001e+01
6.895357964807514e-07
6.226041046753064e-07
2.085989665716384e-07
-2.243887743679411e-07
8.371823002067406e-08
-1.885730876200252e-08
4.432885591020591e-09
1.773223194678652e-07
4.080228610748697e-07
5.126024669521722e-07
5.595952024145548e-07
7.670862188739701e-07
5.368991783956635e-07
6.518642343176846e-07
7.214268772352042e-07
7.189837156701938e-07
7.246109361290394e-07
8.638981738875612e-07
9.378016169907271e-07
1.001086898834265e-06
1.098306882943548e-06
1.160210071405414e-06
1.246843319285144e-06
1.328840966369815e-06
1.450924275585997e-06
1.581053719528332e-06
1.710478685756477e-06
1.846747236061018e-06
2.006580254583004e-06
2.205805223365974e-06
2.399716775275334e-06
2.640180051785105e-06
2.913476153647562e-06
3.246756459028404e-06
3.646659359932111e-06
4.120003313809071e-06
4.673624432050544e-06
5.355380876181530e-06
6.178475975100356e-06
7.180968410569822e-06
8.385070909495522e-06
9.856393176394017e-06
1.169555321388954e-05
1.392682464612812e-05
1.664307649103606e-05
2.008653937845151e-05
2.433881442439415e-05
2.961302703595072e-05
3.630029507976888e-05
4.485166731307240e-05
5.567773545215848e-05
6.968857450870175e-05
8.807563497838800e-05
1.123162750923397e-04
1.444773025435827e-04
1.875660190231535e-04
2.448994548791728e-04
3.224561926822512e-04
4.290107815490743e-04
5.802433274522803e-04
8.015541642379064e-04
1.126899758097947e-03
1.608725774215913e-03
2.308059809578301e-03
3.307088025622327e-03
4.705627228091297e-03
6.645868127211795e-03
9.346765296390969e-03
1.309524236164494e-02
1.828586888928505e-02
2.534800727178014e-02
3.474623671854966e-02
4.699160367175455e-02
6.262534167242478e-02
8.223127859925988e-02
1.063587411492220e-01
1.356262749304875e-01
1.705355293400098e-01
2.112720807197519e-01
2.583540519371769e-01
3.124258748834085e-01
3.727736528677605e-01
4.377033941812092e-01
5.055725767273838e-01
5.739267127506876e-01
6.396674592501117e-01
6.989034430176509e-01
7.473563815672994e-01
8.167124586376990e-01
1.000000000000000e+00
1.000000000000000e+00
1.000000000000000e+00
1.000000000000000e+00
1.000000000000000e+00
1.000000000000000e+00
1.000000000000000e+00
1.000000000000000e+00
1.000000000000000e+00
1.000000000000000e+00
1.000000000000000e+00
###1.480000000000001e+01
7.907453234842639e-07
6.256513136978438e-07
1.891719619064435e-07
-2.093001272500821e-07
1.165985517865506e-07
4.839708821791797e-08
3.993825113092469e-08
2.182158613936374e-07
4.169651456459739e-07
5.525477206278029e-07
6.074250700623482e-07
7.998936957054216e-07
5.927616139931133e-07
6.973634938230639e-07
7.759390127100409e-07
7.837248425122155e-07
7.941747678582857e-07
9.323774127803885e-07
1.009972243471393e-06
1.081093542109536e-06
1.183249173089560e-06
1.253522857557061e-06
1.347404225753081e-06
1.439364579370979e-06
1.569205182461911e-06
1.708527365660875e-06
1.849812680459269e-06
1.999257058045974e-06
2.173232400160619e-06
2.386742206379322e-06
2.599201509648083e-06
2.860830095122079e-06
3.158390630532204e-06
3.518948090996297e-06
3.947781377191930e-06
4.459937543807536e-06
5.058279220970219e-06
5.792586048092135e-06
6.687781769750657e-06
7.757411108714617e-06
9.058633184316689e-06
1.064948126181177e-05
1.263205575197003e-05
1.505224347571653e-05
1.801239870986536e-05
2.174578612805399e-05
2.639955819390965e-05
3.218604010671068e-05
3.958557371527364e-05
4.904798052754642e-05
6.114678049308550e-05
7.685111437168485e-05
9.753424826044813e-05
1.249152643934680e-04
1.612812536669151e-04
2.102526020533261e-04
2.755976683760514e-04
3.645026483597952e-04
4.867179715385468e-04
6.592658598123435e-04
9.093376721369220e-04
1.272746810994620e-03
1.804385748055229e-03
2.569172459640633e-03
3.654625930160775e-03
5.170719183037606e-03
7.266355674741490e-03
1.017102890459933e-02
1.418333338430622e-02
1.970449735703993e-02
2.717524641881943e-02
3.705964108651129e-02
4.988731108416928e-02
6.621406808492747e-02
8.660881821222728e-02
1.116472393659165e-01
1.419207070869971e-01
1.779080274293222e-01
2.197633423493075e-01
2.679223789861309e-01
3.229486804150205e-01
3.840072618246558e-01
4.493166617512320e-01
5.172141410257662e-01
5.851586058867322e-01
6.500151598405844e-01
7.077068591097686e-01
7.541755959459304e-01
8.208976611050001e-01
1.000000000000000e+00
1.000000000000000e+00
1.000000000000000e+00
1.000000000000000e+00
1.000000000000000e+00
1.000000000000000e+00
1.000000000000000e+00
1.000000000000000e+00
1.000000000000000e+00
1.000000000000000e+00
1.000000000000000e+00
###1.520000000000001e+01
8.359602462895203e-07
6.022765459182891e-07
2.116463856939826e-07
-1.887342480443899e-07
1.449218045465677e-07
8.701395963032518e-08
8.441905943993539e-08
2.655381047280575e-07
4.512069097754451e-07
5.950518429385352e-07
6.447331400615561e-07
8.338043536471303e-07
6.454291966951441e-07
7.495354828969374e-07
8.315053302566225e-07
8.445830668007623e-07
8.637551256068477e-07
1.000886582026379e-06
1.084346861135527e-06
1.162440830295342e-06
1.269673400212518e-06
1.349210197559864e-06
1.451026851134227e-06
1.553201020418301e-06
1.691500579552023e-06
1.839962907980090e-06
1.993326319318760e-06
2.156992845161263e-06
2.345988035073682e-06
2.575042873380380e-06
2.807225283976775e-06
3.092497341454983e-06
3.414553573383872e-06
3.804556179367547e-06
4.267225237673731e-06
4.818459981190534e-06
5.464526943558897e-06
6.255562751476701e-06
7.218763801455715e-06
8.371688687879229e-06
9.776622115143601e-06
1.149795482816038e-05
1.363603721470520e-05
1.625887579544283e-05
1.948639604469005e-05
2.355071798150196e-05
2.864680085373766e-05
3.501628587332046e-05
4.319956528798353e-05
5.368638595401450e-05
6.718544490789281e-05
8.476212236525962e-05
1.079984791567589e-04
1.389651265635599e-04
1.799079976495385e-04
2.353662895181804e-04
3.096314745266157e-04
4.108927361600046e-04
5.501615199629260e-04
7.458534774796042e-04
1.027152685989916e-03
1.431992985920815e-03
2.017513885281106e-03
2.853262495618196e-03
4.032069530064386e-03
5.673187115945416e-03
7.933399677623861e-03
1.105379936358751e-02
1.533819621968313e-02
2.120686870754331e-02
2.909530145027312e-02
3.948400372316704e-02
5.291545336682658e-02
6.994466405138877e-02
9.114851001274797e-02
1.171073349421961e-01
1.483885963715321e-01
1.854534527562225e-01
2.284178415239518e-01
2.776408684496359e-01
3.335798503999334e-01
3.953362042216100e-01
4.610258735405849e-01
5.289341300366200e-01
5.963785898899874e-01
6.602896636057235e-01
7.165706009214836e-01
7.610128216645807e-01
8.254167239756953e-01
1.000000000000000e+00
1.000000000000000e+00
1.000000000000000e+00
1.000000000000000e+00
1.000000000000000e+00
1.000000000000000e+00
1.000000000000000e+00
1.000000000000000e+00
1.000000000000000e+00
1.000000000000000e+00
1.000000000000000e+00
###1.560000000000001e+01
8.724100300926444e-07
1.694040167382316e-07
2.273266247169946e-07
-1.504275686014229e-07
1.550893409125966e-07
1.547614082835919e-07
1.258779047063335e-07
2.946799387875968e-07
4.467103426592132e-07
6.441809754790902e-07
6.791903689531728e-07
8.830200980799627e-07
6.945395641189567e-07
7.988339101176847e-07
8.825835820196277e-07
9.037886754099740e-07
9.309579199271752e-07
1.067879343247958e-06
1.157490982545237e-06
1.243759533693632e-06
1.355800296388949e-06
1.446561193214020e-06
1.555406565576205e-06
1.668287494885511e-06
1.815965654944283e-06
1.975582889869072e-06
2.141788429789693e-06
2.320513630416083e-06
2.527231339500529e-06
2.771872763960570e-06
3.026933817655729e-06
3.334583963174488e-06
3.693177925177791e-06
4.105954265307754e-06
4.604628868683377e-06
5.198004557525608e-06
5.894359218061298e-06
6.746878208176006e-06
7.785217588079384e-06
9.028122704367696e-06
1.054385109366928e-05
1.240723821531507e-05
1.471474050692325e-05
1.756112291214769e-05
2.104248555416156e-05
2.551028609127427e-05
3.109493706134926e-05
3.810780279664694e-05
4.716127603651475e-05
5.878351311536632e-05
7.379951306420355e-05
9.349824490973155e-05
1.195650567414692e-04
1.544696706490334e-04
2.005452262615658e-04
2.630959976001463e-04
3.472222527245035e-04
4.620656245881459e-04
6.198978163279993e-04
8.406461957739048e-04
1.155880962106565e-03
1.605181222724761e-03
2.249131785456522e-03
3.161334998726728e-03
4.440795283665253e-03
6.214527221117544e-03
8.648821913887340e-03
1.199466302152751e-02
1.656407542976428e-02
2.279155644733941e-02
3.111513248811346e-02
4.202348502468418e-02
5.606949290694180e-02
7.382157857818285e-02
9.584986044736085e-02
1.227392132414109e-01
1.550392070110581e-01
1.931757885406039e-01
2.372498940287852e-01
2.875263961389504e-01
3.443407703058159e-01
4.067658079523025e-01
4.727996963810436e-01
5.406878008007662e-01
6.076510378021583e-01
6.705271377495934e-01
7.254168545739054e-01
7.678810959508900e-01
8.301730637266117e-01
1.000000000000000e+00
1.000000000000000e+00
1.000000000000000e+00
1.000000000000000e+00
1.000000000000000e+00
1.000000000000000e+00
1.000000000000000e+00
1.000000000000000e+00
1.000000000000000e+00
1.000000000000000e+00
1.000000000000000e+00
