# NLO BK equation solver 0.0-dev build  (build Nov 18 2025 11:57:20)
# Initial condition: MV model, Q_s0^2 = 0.0880192 GeV^2, \gamma = 4.40265, coefficient of E inside Log is 1, x0=0.01, \Lambda_QCD = 0.241 GeV
# # LO Kernel RC:  Balitsky. NLO Kernel RC:  smallest dipole
# Nc=3, Nf=4
# Using RungeKutta method in K1
# Resumming double log
# Resumming single log, K_sub=0.65 resum rc: smallest
# BK K1 integration relative accuracy: 0.02# NLO BK as^2 terms: MC integration method: Vegas, points=1000000
# Kinematical constraint: none
# Target kinematical constraint: disabled

###1.000000000000000e-05
###1.160836920850890e+00
###100
###1.000000000000000e+00
###0.000000000000000e+00
6.864036536975912e-49
2.522745280644889e-48
9.270606305398865e-48
3.406296062442882e-47
1.251395857346154e-46
4.596672840030756e-46
1.688213922822164e-45
6.199329831350278e-45
2.276112441177310e-44
8.355503823549926e-44
3.066759517516097e-43
1.125415960104038e-42
4.129245753465954e-42
1.514783866237226e-41
5.555853346991074e-41
2.037364973891508e-40
7.469689717558079e-40
2.738101616660138e-39
1.003476810776277e-38
3.676827867642082e-38
1.346929051516486e-37
4.933086951429585e-37
1.806310836574250e-36
6.612455681527128e-36
2.420061441596739e-35
8.854824362701702e-35
3.239066781172901e-34
1.184520349111116e-33
4.330558648162507e-33
1.582778015961897e-32
5.783177078505489e-32
2.112413153022737e-31
7.713516193811050e-31
2.815672348814011e-30
1.027454966409009e-29
3.747908124217769e-29
1.366641959720933e-28
4.981431339450721e-28
1.815017084737171e-27
6.610399445345159e-27
2.406511787013790e-26
8.756974690467045e-26
3.185063650687479e-25
1.157901846869897e-24
4.207326723996756e-24
1.527961416857089e-23
5.546008306768226e-23
2.011872513084395e-22
7.293929282491706e-22
2.642728939253655e-21
9.568899651982181e-21
3.462402223106039e-20
1.251948682252231e-19
4.523514002447745e-19
1.633173300436114e-18
5.891714919493644e-18
2.123685892691277e-17
7.648281178661628e-17
2.751999898955918e-16
9.893052342794197e-16
3.553010228097955e-15
1.274778607056139e-14
4.569140806383679e-14
1.636014053799628e-13
5.851753862018305e-13
2.090878213911435e-12
7.463050789375924e-12
2.661064937137147e-11
9.478914491608235e-11
3.373228555310358e-10
1.199348568890644e-09
4.260844037831545e-09
1.512673174573755e-08
5.367275715845161e-08
1.903680002829344e-07
6.750701894373851e-07
2.393942439418201e-06
8.491666834208684e-06
3.013648178351591e-05
1.070351211244214e-04
3.805227361003416e-04
1.354137047795301e-03
4.820495376476996e-03
1.711477115341609e-02
5.992587625755075e-02
1.988419462860943e-01
5.493987051380992e-01
9.434849169637948e-01
9.999689806618040e-01
1.000000000000000e+00
1.000000000000000e+00
1.000000000000000e+00
1.000000000000000e+00
1.000000000000000e+00
1.000000000000000e+00
1.000000000000000e+00
1.000000000000000e+00
1.000000000000000e+00
1.000000000000000e+00
1.000000000000000e+00
###4.000000000000000e-01
6.252591654848956e-09
-1.001177877980355e-09
1.179554893035328e-10
-1.447250686744234e-11
5.914614941252547e-10
-5.625988167144628e-10
-1.664854074211335e-10
1.082691413421309e-09
-5.708360243410729e-11
1.551289976329529e-09
3.702843275973350e-11
-1.681777301258135e-10
3.044739970076212e-11
-3.855585578136315e-11
4.465076497490861e-10
9.603285448987185e-11
2.354917476578351e-11
7.874507089735481e-11
2.823159319680464e-11
-4.344422705024765e-11
3.878041581862456e-11
6.918575867378681e-11
2.834971344567642e-11
4.533943242350229e-11
9.195456788541575e-11
7.918767337601443e-11
1.095619366759116e-10
1.353432680039345e-10
1.530570642605333e-10
2.297092972737482e-10
2.531080920198667e-10
3.040745576340421e-10
3.225428245422387e-10
5.744008513343001e-10
7.620895796356225e-10
9.835521852419105e-10
1.331751809853807e-09
1.783568813996795e-09
2.455048801602505e-09
3.133962227393558e-09
4.209965197872584e-09
5.531278541341896e-09
7.310623910253479e-09
9.721937562659154e-09
1.275386135021543e-08
1.682409452917802e-08
2.204814567887352e-08
2.894361252246478e-08
3.783524562246537e-08
4.941690803689798e-08
6.443838490787248e-08
8.410615038551572e-08
1.095416952784395e-07
1.425629379445308e-07
1.863919819576490e-07
2.438326714445152e-07
3.194440336925950e-07
4.219445031525677e-07
5.622017392349969e-07
7.594278797752322e-07
1.036411254642919e-06
1.432456586025040e-06
2.038668455492637e-06
2.948843365851615e-06
4.327445739812809e-06
6.519153724904320e-06
9.105414285745702e-06
1.537221137247773e-05
2.390184168897391e-05
3.505470659019599e-05
5.843151561709306e-05
9.116803710351809e-05
1.419798932587200e-04
2.200100111369930e-04
3.408067999862606e-04
5.272595261755432e-04
8.156114158785350e-04
1.264021672141877e-03
1.971107947479908e-03
3.131876266587740e-03
5.174909784050675e-03
8.997688078780170e-03
1.697433287382082e-02
3.596059589546388e-02
8.637856720528006e-02
2.234001599352565e-01
5.332225545981087e-01
8.759580592529729e-01
9.589324988037644e-01
1.000000000000000e+00
1.000000000000000e+00
1.000000000000000e+00
1.000000000000000e+00
1.000000000000000e+00
1.000000000000000e+00
1.000000000000000e+00
1.000000000000000e+00
1.000000000000000e+00
1.000000000000000e+00
1.000000000000000e+00
###8.000000000000000e-01
7.178270134013276e-09
3.738793009000363e-09
-1.914843089597878e-10
-8.216340294965806e-10
2.967627095663016e-09
-5.320954040148892e-09
4.122147785103359e-09
1.757538747744912e-09
-3.973922530716464e-11
8.896017959851912e-10
3.973990233950951e-10
1.599560780363955e-10
-5.531294025587727e-10
2.137266340278171e-10
-6.423975547900590e-10
9.341337586293927e-10
4.105616668635719e-10
8.490315714235844e-10
3.211472714506147e-10
3.058995279396455e-10
2.765560420262474e-10
1.499677054942108e-10
6.938437017694467e-11
7.226271687721114e-10
4.969466129383263e-10
6.095327824041682e-10
7.919579438976689e-10
6.622482988249116e-10
6.943681137303611e-10
9.821297366050581e-10
9.640919566502330e-10
1.350213929922133e-09
1.498798778811173e-09
1.840041745654721e-09
2.381621165545626e-09
3.372651001951072e-09
3.673807570357249e-09
5.218569964942813e-09
6.871351635979750e-09
9.004875595572493e-09
1.173811312041761e-08
1.520829491826532e-08
1.963344441313935e-08
2.578944482897002e-08
3.341690546396743e-08
4.326727801062001e-08
5.560770839740994e-08
7.187933533308716e-08
9.155018457077696e-08
1.163125388578785e-07
1.466294194778813e-07
1.853423596954871e-07
2.315639740664882e-07
2.867033358345416e-07
3.561532693473227e-07
4.374631055041908e-07
5.384867862135558e-07
6.610142166140519e-07
8.223904664469048e-07
9.743453210677104e-07
1.334301602815646e-06
1.791334028689387e-06
2.521291474831622e-06
3.895744036827546e-06
6.098871518621025e-06
1.003770217975952e-05
1.623684213265359e-05
2.864027861124629e-05
4.839137533452466e-05
7.746555402283917e-05
1.315555263796332e-04
2.115591367429522e-04
3.335802337918933e-04
5.198379444361114e-04
8.010392582890396e-04
1.225685454975814e-03
1.864840498608202e-03
2.824894442282999e-03
4.275300855655838e-03
6.566016305573032e-03
1.038358761001860e-02
1.694327559155767e-02
2.900081529656575e-02
5.366945362730019e-02
1.098667471475572e-01
2.438387034128628e-01
5.194378087967108e-01
8.202282385473789e-01
9.216463184081078e-01
1.000000000000000e+00
1.000000000000000e+00
1.000000000000000e+00
1.000000000000000e+00
1.000000000000000e+00
1.000000000000000e+00
1.000000000000000e+00
1.000000000000000e+00
1.000000000000000e+00
1.000000000000000e+00
1.000000000000000e+00
###1.200000000000000e+00
1.668583862328663e-08
8.103942766177138e-10
-2.816751486329357e-10
-7.073426889127366e-09
3.156777918519351e-09
-7.467399834320261e-09
3.412165318486494e-09
-1.069807994555714e-08
-8.493014111700570e-11
7.276226006400854e-10
-2.456224929832724e-09
8.264756971563349e-10
7.934767488078804e-10
3.235713344953653e-09
1.731723446637100e-09
-1.273731402095559e-09
1.582812631825612e-09
2.028233713372057e-09
2.161906919551754e-09
1.265313592719911e-09
1.941229491143429e-09
5.777555246689217e-09
1.990804999861645e-09
2.613040475378863e-09
1.861094762204678e-09
2.553960085002049e-09
2.806376716774600e-09
2.492611202203428e-09
4.268654072242453e-09
3.664312742629239e-09
1.662010324989507e-09
4.420335607053130e-09
4.502927830318111e-09
4.697995290728376e-09
7.066086560937495e-09
9.302204647332056e-09
9.530468931652809e-09
1.399941625701394e-08
1.629679237787418e-08
1.983418359131787e-08
2.543686192785554e-08
3.338556255051056e-08
4.247129118378873e-08
5.412432329427702e-08
6.840243343986626e-08
8.641137733792294e-08
1.089033922737477e-07
1.374166357381627e-07
1.703958056281841e-07
2.092976049372115e-07
2.523989317440963e-07
3.054664044501660e-07
3.480735118168357e-07
3.908980987248202e-07
4.505106776458837e-07
4.788916501279102e-07
4.826845675657608e-07
4.421836545513864e-07
3.422120333099080e-07
1.351846097074021e-07
-7.710327723310235e-08
-3.002655006036259e-07
-5.243554400594272e-07
1.242622336958220e-07
1.764385570619197e-06
5.937764945610576e-06
1.467197028178932e-05
3.323342302063873e-05
6.617885965062025e-05
1.197977471312357e-04
2.138032193736194e-04
3.571173242234699e-04
5.743061758211491e-04
8.990600649518301e-04
1.382902185634190e-03
2.098469580161410e-03
3.156287273599131e-03
4.699695610209568e-03
6.958068348971738e-03
1.043145292209728e-02
1.603356950333428e-02
2.524159948590878e-02
4.102913819151348e-02
7.053403557609267e-02
1.310818908855981e-01
2.612735716164848e-01
5.080011771665799e-01
7.743103445392111e-01
8.883167669047461e-01
1.000000000000000e+00
1.000000000000000e+00
1.000000000000000e+00
1.000000000000000e+00
1.000000000000000e+00
1.000000000000000e+00
1.000000000000000e+00
1.000000000000000e+00
1.000000000000000e+00
1.000000000000000e+00
1.000000000000000e+00
###1.600000000000000e+00
3.246727062575213e-08
3.307308019422256e-09
1.858878647650144e-08
1.075726568440660e-08
-1.803796366532063e-08
-9.830192772404495e-09
8.694650465719829e-10
-8.450564236405803e-09
4.683299256435724e-09
4.166326642763907e-09
1.302408225815724e-10
2.544160880651476e-09
-1.007604589043648e-08
1.867392155372710e-11
4.716174835002096e-09
7.057426121079761e-09
6.798195166820552e-09
4.696203311068978e-09
1.339698345104917e-09
5.450868667856183e-09
5.138624432577038e-09
1.073596781681199e-08
1.087426721727655e-08
6.478009698640032e-09
8.241715102302408e-09
6.338922505000646e-09
5.764739854622965e-09
6.329756969899645e-09
9.564475177512966e-09
8.167073952899423e-09
6.168215317307991e-09
9.066920131076293e-09
9.900500937946772e-09
1.163087824690884e-08
1.506814721967637e-08
1.772002350320850e-08
2.006176731896440e-08
2.436549110895348e-08
3.244875077416899e-08
3.891442150282389e-08
4.930834889721148e-08
6.423571992060003e-08
8.081095082733285e-08
9.983991237965148e-08
1.236754675224362e-07
1.543285872972517e-07
1.913405134252910e-07
2.347354956477074e-07
2.870401004294868e-07
3.343859192848431e-07
3.886308689763120e-07
4.455476856092162e-07
4.738651693997124e-07
4.826291326321289e-07
4.667121259618710e-07
3.574981389601497e-07
1.183393370611342e-07
-3.240590674063340e-07
-1.073688826606459e-06
-2.162165252695046e-06
-3.740558117211479e-06
-5.709404229151679e-06
-8.263214211380322e-06
-1.007476124444053e-05
-1.060786495813518e-05
-6.388554254325495e-06
6.267926032015032e-06
2.903180579368513e-05
7.511269918510191e-05
1.580702539237913e-04
3.024551727784785e-04
5.263845572821160e-04
8.628084441582669e-04
1.359046055408030e-03
2.092022911690155e-03
3.153526508399872e-03
4.692513995941304e-03
6.886143791063865e-03
1.002483123507843e-02
1.471851042021446e-02
2.213945679368953e-02
3.393821978462747e-02
5.313067444939520e-02
8.678978411368460e-02
1.506360916477471e-01
2.766329819180391e-01
4.989685640640646e-01
7.367472862168715e-01
8.592010712585264e-01
1.000000000000000e+00
1.000000000000000e+00
1.000000000000000e+00
1.000000000000000e+00
1.000000000000000e+00
1.000000000000000e+00
1.000000000000000e+00
1.000000000000000e+00
1.000000000000000e+00
1.000000000000000e+00
1.000000000000000e+00
###2.000000000000000e+00
4.707402730764377e-08
-1.526722221970722e-08
1.751944223465155e-08
1.246325552859856e-08
-5.917070580667296e-08
-3.013233905969811e-09
1.946272200517357e-08
1.129657262299527e-08
6.990026502326788e-09
5.378935932824588e-09
7.839615856068846e-09
-1.353288592529165e-09
-1.748510340782572e-09
9.333063884516337e-09
5.664857359842178e-09
9.028331310936628e-09
1.014773729804691e-08
1.123496814850630e-08
1.872306994454412e-09
8.645362534369418e-09
5.731400361623276e-09
1.474286184939953e-08
1.463628892595862e-08
4.239366183467847e-09
9.069853559042819e-09
1.173013530126595e-08
1.399908497237581e-08
1.072060146712742e-08
1.349052420883038e-08
1.121700241309017e-08
1.160005632676919e-08
1.387773685837433e-08
1.696773539456415e-08
1.907251781859957e-08
2.332706887621840e-08
2.753287129725870e-08
3.427113631601169e-08
4.141474419921702e-08
5.538829314401184e-08
6.570761385990273e-08
8.239114691928731e-08
1.067873264180685e-07
1.317262102626825e-07
1.626257236942120e-07
1.990877952778403e-07
2.472479440794065e-07
3.015327686196862e-07
3.642911633481046e-07
4.350688964240779e-07
5.014686754655201e-07
5.632547119334283e-07
6.137972873998760e-07
6.323666843241217e-07
5.665571564324255e-07
4.672616153348921e-07
1.898989852904448e-07
-5.774447399843760e-07
-1.722810719793318e-06
-3.560109161451907e-06
-6.139538296576619e-06
-9.896384285448221e-06
-1.481622485267058e-05
-2.118999972023541e-05
-2.731699573057813e-05
-3.243702253327828e-05
-3.111658194040460e-05
-1.445908937437822e-05
2.813371281317876e-05
8.759754820219484e-05
1.962259822684949e-04
4.007564711308423e-04
7.214716184777741e-04
1.202844330906005e-03
1.905528870845426e-03
2.926805957300381e-03
4.386954181410269e-03
6.467827757921920e-03
9.384549025574599e-03
1.346565696012942e-02
1.944644353271698e-02
2.871232152606956e-02
4.301978743498870e-02
6.537914634067615e-02
1.026271502672076e-01
1.688914830732418e-01
2.905533160570979e-01
4.922534039153335e-01
7.064386344083072e-01
8.342965525295282e-01
1.000000000000000e+00
1.000000000000000e+00
1.000000000000000e+00
1.000000000000000e+00
1.000000000000000e+00
1.000000000000000e+00
1.000000000000000e+00
1.000000000000000e+00
1.000000000000000e+00
1.000000000000000e+00
1.000000000000000e+00
###2.400000000000000e+00
5.191436590967813e-08
-7.738699189005714e-08
4.339026066622413e-08
5.220907312587511e-08
2.214232768683205e-08
7.592354790353140e-08
3.544036568594124e-08
2.497273902372718e-08
2.218073305204211e-08
2.340770833575507e-08
2.832372086457090e-08
3.941544636854723e-08
2.786799403736396e-08
2.151505646653907e-08
1.405968023881383e-08
1.041533295036948e-08
2.193831683097374e-08
2.718105986386375e-08
1.284183806708293e-08
1.972695240582493e-08
1.719377404856007e-08
2.174355315403092e-08
2.211568432866168e-08
1.845130539310114e-08
2.059331247545661e-08
2.287303813988358e-08
2.538139582536139e-08
2.109812478944139e-08
2.637938910817058e-08
2.559431253984196e-08
2.700222131093743e-08
3.104956559647393e-08
3.438824108173739e-08
4.124167099696646e-08
4.478599666778311e-08
5.392028110695237e-08
6.084098267345705e-08
7.695631556562005e-08
9.439291619515314e-08
1.109523078930106e-07
1.351732584568416e-07
1.759665845720687e-07
2.080717467492773e-07
2.533493455841086e-07
3.095049510159359e-07
3.784910013031234e-07
4.565401004152552e-07
5.420510317378451e-07
6.327112209453452e-07
7.113511447165129e-07
7.783804489155865e-07
8.324903834990774e-07
7.984204809237366e-07
7.006731795083996e-07
4.622318584222623e-07
-2.324601935740302e-07
-1.637794588559251e-06
-3.751073606209589e-06
-7.049999581121673e-06
-1.171532877818127e-05
-1.842788078613532e-05
-2.747749462514523e-05
-3.944998512939437e-05
-5.161735859682082e-05
-6.277941591434875e-05
-6.550299011594299e-05
-4.737832232233511e-05
3.594718543627510e-05
1.097671138917895e-04
2.403328121441107e-04
5.133709898873135e-04
9.456310576036553e-04
1.597470306742146e-03
2.536353450881183e-03
3.876752520030105e-03
5.795561327183490e-03
8.473445548556910e-03
1.217230380852009e-02
1.741002930666396e-02
2.456410645285264e-02
3.569599873647328e-02
5.244666936519897e-02
7.775866537665724e-02
1.181738474268169e-01
1.862616397572188e-01
3.036555625487411e-01
4.878197710006458e-01
6.823741025358547e-01
8.135920314773993e-01
1.000000000000000e+00
1.000000000000000e+00
1.000000000000000e+00
1.000000000000000e+00
1.000000000000000e+00
1.000000000000000e+00
1.000000000000000e+00
1.000000000000000e+00
1.000000000000000e+00
1.000000000000000e+00
1.000000000000000e+00
###2.800000000000000e+00
1.254213679381822e-09
-5.400028842726214e-08
5.913751281437640e-08
1.135363583766758e-07
2.270150948110674e-08
1.393854315438315e-07
1.760840983489196e-08
7.759485905145400e-08
2.830184131180723e-08
7.399677204538887e-08
6.422604119394929e-08
7.596492456187062e-08
6.293876185191733e-08
3.560321332864762e-08
4.531064962760973e-08
5.554339654484416e-08
5.194911410055364e-08
6.280250322333218e-08
5.334430829059698e-08
5.521152227888909e-08
5.021432258339510e-08
5.912147843382780e-08
6.382491566249630e-08
5.558399730509865e-08
6.131824999931029e-08
6.193150061594669e-08
6.537975387719321e-08
6.042846445181668e-08
6.615402043767929e-08
6.972741724982431e-08
7.224783230010917e-08
7.904589309370636e-08
8.390573841511133e-08
9.135144017690711e-08
8.369674915381259e-08
1.130746400910200e-07
1.225066671727477e-07
1.456681882193718e-07
1.708302845133975e-07
1.954504951084287e-07
2.314937781388965e-07
2.888400554452547e-07
3.178858304259728e-07
3.980802367294137e-07
4.716755869198515e-07
5.720952154634386e-07
6.741918799838931e-07
7.897399127599592e-07
8.943871085736393e-07
9.954436234729573e-07
1.060414070581175e-06
1.107688437642484e-06
1.044568941414142e-06
9.374866792739701e-07
6.014655636688628e-07
-8.131053230254024e-07
-3.008585230886702e-06
-6.310677124504671e-06
-1.143135689302172e-05
-1.871458552870010e-05
-2.915641336408907e-05
-4.340222185357675e-05
-6.181438757150384e-05
-8.170236070470002e-05
-1.010922508073063e-04
-1.089473242078269e-04
-8.720371094474119e-05
4.446457202269753e-05
1.347100758300778e-04
2.883673200679744e-04
6.414856588174505e-04
1.200836519694269e-03
2.042878139795019e-03
3.249505611236124e-03
4.959356950891075e-03
7.362654296102265e-03
1.069614486766260e-02
1.523806339132926e-02
2.150062767859413e-02
3.005735366556800e-02
4.306253808982060e-02
6.222458431063834e-02
9.028576755743173e-02
1.335063581136802e-01
2.029250462511556e-01
3.162260315543775e-01
4.855136377154449e-01
6.638968034642548e-01
7.966244290777589e-01
1.000000000000000e+00
1.000000000000000e+00
1.000000000000000e+00
1.000000000000000e+00
1.000000000000000e+00
1.000000000000000e+00
1.000000000000000e+00
1.000000000000000e+00
1.000000000000000e+00
1.000000000000000e+00
1.000000000000000e+00
###3.200000000000000e+00
1.611217256787336e-07
-1.294630084980100e-07
1.102251010095998e-07
1.176991426005453e-07
2.346676695369954e-08
1.753264607784508e-07
4.741645186681139e-08
1.101518324430816e-07
9.921355817069253e-08
-3.490893754663745e-07
1.429286552419458e-07
1.174551659109554e-07
1.468998522165148e-07
7.529209357169188e-08
8.000387797085360e-08
9.220787017371787e-08
9.103767699548904e-08
1.023521003253792e-07
8.641090093937230e-08
9.046550369358447e-08
8.657193407603688e-08
9.232533486437045e-08
1.071679415416068e-07
9.961372156085466e-08
1.140283278786801e-07
1.047431755448721e-07
1.082170958791622e-07
1.051489647435587e-07
1.112741127290733e-07
1.222596751694913e-07
1.239080060284943e-07
1.286800032073715e-07
1.398566164811911e-07
1.477912073981369e-07
1.462779165172116e-07
1.772086730054764e-07
1.934548933241291e-07
2.234059388605922e-07
2.596475408685178e-07
2.965441380178176e-07
3.441996209775204e-07
4.104076577647253e-07
4.636122351549866e-07
5.672230429716096e-07
6.649505720456139e-07
7.961054588544043e-07
9.119743268232869e-07
1.066671991468412e-06
1.197175777278556e-06
1.329249943766826e-06
1.404190518438341e-06
1.426458298163499e-06
1.313394105983120e-06
1.232693119422974e-06
7.940903760618315e-07
-1.442963242866544e-06
-4.639493265615110e-06
-9.303624151443075e-06
-1.657390967007373e-05
-2.692434354811358e-05
-4.171687905599067e-05
-6.186156136677550e-05
-8.780184263013374e-05
-1.167209369031942e-04
-1.451794390440132e-04
-1.589347440784566e-04
-1.321089932594845e-04
6.111406560194506e-05
1.689452850640943e-04
3.475971651884801e-04
7.890390172179516e-04
1.489349636177134e-03
2.541259284285611e-03
4.046583759741580e-03
6.151284332555137e-03
9.086184366217404e-03
1.311932292601666e-02
1.854724013531541e-02
2.588084818360759e-02
3.589112569648814e-02
5.075914102866206e-02
7.226459320654788e-02
1.029666180089849e-01
1.486508643355846e-01
2.190635643395347e-01
3.285252703879180e-01
4.853222623629274e-01
6.499278667841675e-01
7.832947241976220e-01
1.000000000000000e+00
1.000000000000000e+00
1.000000000000000e+00
1.000000000000000e+00
1.000000000000000e+00
1.000000000000000e+00
1.000000000000000e+00
1.000000000000000e+00
1.000000000000000e+00
1.000000000000000e+00
1.000000000000000e+00
###3.600000000000000e+00
3.576165883821088e-08
-9.667745021547228e-08
1.386178378062310e-07
1.695804516908010e-07
1.636253808561270e-08
-1.530967028407919e-08
1.272457210402899e-07
1.528226096714604e-07
-3.976635183601960e-07
-2.555817190786291e-07
2.207952211922603e-07
1.552554697242065e-07
2.375817315120694e-07
1.258914040696794e-07
2.029753906938634e-07
2.014688267916313e-07
1.641970975406626e-07
1.734887723739980e-07
1.581046242872310e-07
1.637680032967895e-07
1.647608490328725e-07
1.643965410048531e-07
1.826625724889411e-07
1.811214105328831e-07
1.913212129816508e-07
1.866187648184092e-07
1.856733997423163e-07
1.913640126258268e-07
2.008957885087904e-07
2.093460644285181e-07
2.128578991356626e-07
2.230668118181767e-07
2.352724644479514e-07
2.476772513502124e-07
2.565247954177050e-07
2.922195045567242e-07
3.144554601183530e-07
3.513039118504348e-07
4.007931099722989e-07
4.477063790188670e-07
5.138850563350819e-07
5.951547667221545e-07
6.743894859626963e-07
8.017025135942457e-07
9.326235786441474e-07
1.089158098967089e-06
1.248064936006162e-06
1.443647052669630e-06
1.613391563063217e-06
1.779002823228152e-06
1.884305573523331e-06
1.905996312779249e-06
1.719725288634065e-06
1.724258338506707e-06
1.234959168988168e-06
-2.035080320987408e-06
-6.362840850400004e-06
-1.251641152717428e-05
-2.210002854116953e-05
-3.586314151359557e-05
-5.523934307448419e-05
-8.184507191561124e-05
-1.162889092871801e-04
-1.540256452948782e-04
-1.916040495511553e-04
-2.103545210796157e-04
-1.724336270461233e-04
1.124529418871790e-04
2.365640622089296e-04
4.306620838936648e-04
9.672555184053085e-04
1.820935471224177e-03
3.101806972458029e-03
4.919771067220148e-03
7.457053092819261e-03
1.095177954505098e-02
1.572582921789066e-02
2.207230218506240e-02
3.052844506635121e-02
4.201180320489838e-02
5.876035966787826e-02
8.250800063903342e-02
1.156840490699942e-01
1.635777520039015e-01
2.347463637318865e-01
3.407086404731495e-01
4.867208108887416e-01
6.397405867494508e-01
7.725505435192125e-01
1.000000000000000e+00
1.000000000000000e+00
1.000000000000000e+00
1.000000000000000e+00
1.000000000000000e+00
1.000000000000000e+00
1.000000000000000e+00
1.000000000000000e+00
1.000000000000000e+00
1.000000000000000e+00
1.000000000000000e+00
###4.000000000000000e+00
-6.084950586007688e-08
-3.620458003293583e-08
1.729993989639951e-07
1.925577903203265e-07
8.004180759561492e-09
4.985413408212904e-08
1.028775740629114e-07
1.267868520230173e-07
-3.105018536969958e-07
-1.792865213624345e-07
2.606582661023855e-07
2.203420719668523e-07
3.074116904533258e-07
1.773906978446510e-07
2.523207307306819e-07
2.676436904942958e-07
2.164157859335954e-07
2.335761388699705e-07
2.185796639570244e-07
2.183030019401499e-07
2.056360838385402e-07
2.414978247243010e-07
2.500924669614049e-07
2.529481155883590e-07
2.694413853146604e-07
2.630847919811390e-07
2.659462249142485e-07
2.701197317793899e-07
2.849801581414204e-07
3.022101345609145e-07
2.997785387439467e-07
3.203764766499398e-07
3.274628491959919e-07
3.469236809955847e-07
3.668810088355989e-07
4.081917408633092e-07
4.350528683708596e-07
4.871768099678510e-07
5.461997517890343e-07
5.999447260665480e-07
6.933225801650067e-07
7.951109253222513e-07
9.045174641091664e-07
1.058501419539005e-06
1.224483260876114e-06
1.423410330392399e-06
1.631107581257515e-06
1.861582396631598e-06
2.092963407834188e-06
2.303055889433465e-06
2.457890315734672e-06
2.511709729860995e-06
2.349661431712668e-06
2.645459741117978e-06
2.405759217399199e-06
-2.304187597126444e-06
-7.676088190965441e-06
-1.532436196723243e-05
-2.734849383840207e-05
-4.440416133716383e-05
-6.845856728072837e-05
-1.009177806421506e-04
-1.429990777532174e-04
-1.887430803707226e-04
-2.328031531879721e-04
-2.501193410727923e-04
-1.839143419904326e-04
2.847095811974412e-04
4.028790831129584e-04
5.714000796261447e-04
1.202101576045471e-03
2.215223585909300e-03
3.739229341557485e-03
5.899156991029989e-03
8.883457602690676e-03
1.296937327881997e-02
1.850681160266231e-02
2.580617333940911e-02
3.542774753078225e-02
4.841390775827756e-02
6.699119347962491e-02
9.292449808270613e-02
1.284423590702308e-01
1.782917574242372e-01
2.501236948186653e-01
3.527544996759804e-01
4.895806744078302e-01
6.327857425236266e-01
7.649197364093318e-01
1.000000000000000e+00
1.000000000000000e+00
1.000000000000000e+00
1.000000000000000e+00
1.000000000000000e+00
1.000000000000000e+00
1.000000000000000e+00
1.000000000000000e+00
1.000000000000000e+00
1.000000000000000e+00
1.000000000000000e+00
###4.399999999999999e+00
-1.272871111549173e-08
5.804914671916602e-08
1.509446059948400e-07
1.865697733874530e-07
5.841941868520405e-08
5.698565091521938e-08
4.318244782698272e-08
1.354583995785221e-07
-2.827163582465729e-07
-1.404129156479459e-07
2.725520041043984e-07
2.425111265486760e-07
3.255927821052252e-07
2.014792473890213e-07
2.786007843445571e-07
2.976044273886436e-07
2.776881535920968e-07
2.638088999118542e-07
2.475419833770570e-07
2.531298862062500e-07
2.426779663784982e-07
2.765568414015274e-07
2.862633908028462e-07
2.881559629138544e-07
3.097665112453044e-07
3.068794798056838e-07
3.096022694915040e-07
3.155501997566167e-07
3.346098172796137e-07
3.511752845510081e-07
3.556326760097755e-07
3.750822371830947e-07
3.930103007829043e-07
4.154381883822244e-07
4.427596479291547e-07
4.884537593133346e-07
5.291005512438242e-07
5.955512495189301e-07
6.641252972280924e-07
7.376946443723053e-07
8.565848538814944e-07
9.762136076491876e-07
1.119013047342736e-06
1.305842702517413e-06
1.518391047772238e-06
1.771586064431597e-06
2.039827247807169e-06
2.339114664862702e-06
2.650059357403957e-06
2.960188906347574e-06
3.218570335928836e-06
3.403654764939475e-06
3.448375482527782e-06
4.584860103426213e-06
5.159516535414523e-06
-1.262628353144542e-06
-7.572325405070426e-06
-1.634113052515557e-05
-3.006303824631593e-05
-4.942995712492364e-05
-7.664045462778277e-05
-1.127705768758767e-04
-1.585241320061291e-04
-2.062198118688271e-04
-2.452030264401032e-04
-2.383252939485673e-04
-8.651326145316263e-05
8.873809261509339e-04
9.249454120396173e-04
8.857161424927814e-04
1.579663674033103e-03
2.748065602956418e-03
4.520869593305021e-03
7.027511514706203e-03
1.047650126836901e-02
1.518716451822604e-02
2.150978712821257e-02
2.980043392910241e-02
4.059479202427412e-02
5.505199613148060e-02
7.545286546492042e-02
1.034855956634941e-01
1.412016539429851e-01
1.928983585849650e-01
2.651948796265270e-01
3.647873881930191e-01
4.937789157735069e-01
6.284562593785048e-01
7.592152835588515e-01
1.000000000000000e+00
1.000000000000000e+00
1.000000000000000e+00
1.000000000000000e+00
1.000000000000000e+00
1.000000000000000e+00
1.000000000000000e+00
1.000000000000000e+00
1.000000000000000e+00
1.000000000000000e+00
1.000000000000000e+00
###4.800000000000000e+00
-7.931341954250634e-09
5.379750965522209e-08
8.224098540334187e-08
1.640027781976755e-07
8.576038291192043e-08
6.332532040323466e-08
3.042788803692342e-08
1.889202581660517e-07
-2.559697891980981e-07
-1.285583858328973e-07
3.039139461595231e-07
2.554531550208363e-07
5.538712490619784e-07
2.548894891216857e-07
2.997850165794317e-07
3.124086111814625e-07
2.741152207047518e-07
2.851407022806190e-07
2.753681172562962e-07
2.864625723576476e-07
2.767701854777479e-07
3.104958637890560e-07
3.207372871270546e-07
3.271440304607165e-07
3.539164280377870e-07
3.514713434544331e-07
3.567636383001998e-07
3.608588169770724e-07
3.946824289422739e-07
4.039803313271290e-07
4.185334453692447e-07
4.409136333617168e-07
4.595455580622221e-07
4.875382974772103e-07
5.238916379373625e-07
5.755559777204382e-07
6.221076383099349e-07
7.073482012072169e-07
7.887475539931462e-07
8.833157225753804e-07
1.024124119596193e-06
1.173766823267415e-06
1.346084444916285e-06
1.574066893954963e-06
1.831189724805078e-06
2.141659117914078e-06
2.474400859656677e-06
2.852901621961062e-06
3.252961302945075e-06
3.667308466780974e-06
4.025559612122032e-06
4.357953500230616e-06
4.657354481433480e-06
6.713212565493727e-06
8.263635981055844e-06
2.541143730635944e-07
-7.208812480455309e-06
-1.722224399603728e-05
-3.298437247105631e-05
-5.436997079401311e-05
-8.456964403085032e-05
-1.241642824476976e-04
-1.732628766705825e-04
-2.215861955049392e-04
-2.526137672126550e-04
-2.131595280744845e-04
8.108965933845705e-05
1.288416290643683e-03
1.267094720570894e-03
1.188687169166955e-03
1.969454588560786e-03
3.317657700980518e-03
5.354278342535510e-03
8.228530711582050e-03
1.217068267926133e-02
1.752010473553933e-02
2.465073749711294e-02
3.393870568914486e-02
4.593291403951393e-02
6.187383787576115e-02
8.405434566913880e-02
1.141423288714464e-01
1.539044886009329e-01
2.072459115232642e-01
2.798019377888052e-01
3.767780337322867e-01
4.988596736366632e-01
6.264401758950807e-01
7.554271251763983e-01
1.000000000000000e+00
1.000000000000000e+00
1.000000000000000e+00
1.000000000000000e+00
1.000000000000000e+00
1.000000000000000e+00
1.000000000000000e+00
1.000000000000000e+00
1.000000000000000e+00
1.000000000000000e+00
1.000000000000000e+00
###5.200000000000000e+00
5.243379969042533e-08
6.665019837526726e-08
1.198934120856019e-07
2.823941822183780e-07
1.264273480592698e-07
5.598755431969627e-08
4.268011259336975e-08
1.850121531124036e-07
-2.137033195170151e-07
-1.853423225603158e-07
2.624276071808766e-07
2.548258913788150e-07
5.546637431008473e-07
2.830825198002396e-07
3.235947475230591e-07
3.311509882384017e-07
3.021411588331899e-07
3.179569983540457e-07
3.638789507140465e-07
3.300592427875605e-07
3.133490800236679e-07
3.480472115606622e-07
3.615078900302463e-07
3.664255465269516e-07
3.888702015532827e-07
3.956628067528226e-07
4.044035064444123e-07
4.161604452567135e-07
4.441218524624014e-07
4.603521990191424e-07
4.793954474170502e-07
5.087087744316353e-07
5.353353897110810e-07
5.647035533524733e-07
6.079281221505260e-07
6.687763034947086e-07
7.310450902345464e-07
8.305526954574271e-07
9.236844843021296e-07
1.033231717217333e-06
1.200511859047939e-06
1.378095269407113e-06
1.589540920803428e-06
1.870003415675853e-06
2.169028467094780e-06
2.535946124036985e-06
2.940233109044344e-06
3.387325192876061e-06
3.890102415014660e-06
4.392906757145538e-06
4.866200892741383e-06
5.310167888790882e-06
5.755310133098309e-06
7.681101135889205e-06
9.608019262819863e-06
2.802918229802238e-06
-6.057651557357119e-06
-1.698010437802549e-05
-3.387824472606587e-05
-5.663271084917198e-05
-8.858514562658718e-05
-1.294572112359618e-04
-1.778488612049562e-04
-2.197227237154483e-04
-2.282647218372663e-04
-1.134565490695292e-04
6.219417238279062e-04
1.661345278242952e-03
1.434180861858575e-03
1.491909723210495e-03
2.392758103256889e-03
3.941815444427966e-03
6.254200584738219e-03
9.511698123779996e-03
1.396625227558951e-02
1.997275050199259e-02
2.792637396576785e-02
3.822207881380011e-02
5.143882939546913e-02
6.882509910856499e-02
9.276491679896993e-02
1.248042622498343e-01
1.664918131753614e-01
2.213839006489140e-01
2.940863240502228e-01
3.886296150477592e-01
5.047244994405630e-01
6.261494893357725e-01
7.530697825757274e-01
1.000000000000000e+00
1.000000000000000e+00
1.000000000000000e+00
1.000000000000000e+00
1.000000000000000e+00
1.000000000000000e+00
1.000000000000000e+00
1.000000000000000e+00
1.000000000000000e+00
1.000000000000000e+00
1.000000000000000e+00
###5.600000000000001e+00
1.046428140596945e-07
3.917697825645828e-07
1.325737349916200e-07
3.102060393045153e-07
7.616418984621034e-08
4.161019971751755e-08
5.438527232653660e-08
1.788934017946403e-07
-1.868804860632954e-07
-1.572420397349998e-07
2.756237249476820e-07
2.859878019790658e-07
5.865549091540150e-07
3.158769379515399e-07
3.622653262565319e-07
3.451563867453672e-07
3.263276129139958e-07
3.229473159860763e-07
3.877489551217906e-07
3.629293899749483e-07
3.559641920753171e-07
3.828955141809627e-07
4.018971226284654e-07
4.073257268576953e-07
4.315440785133433e-07
4.408975049966059e-07
4.571487784239384e-07
4.746800653760184e-07
4.861250679797632e-07
5.240451428718466e-07
5.495232652220384e-07
5.834543900198891e-07
6.174394548328743e-07
6.527492683268036e-07
7.068555403308884e-07
7.735148129153238e-07
8.476862534043533e-07
9.620707694319445e-07
1.073973885762498e-06
1.206762016682710e-06
1.398110023596974e-06
1.604529574068901e-06
1.854059841567706e-06
2.191088878956359e-06
2.540810578434424e-06
2.978689303209932e-06
3.465332027936848e-06
3.990848603588005e-06
4.633942531690356e-06
5.277202124913067e-06
5.931339999306037e-06
6.577194487228416e-06
7.332733325808389e-06
9.537290797458106e-06
1.360914220126930e-05
9.648683106434575e-06
-2.868582575602263e-06
-1.488980867243570e-05
-3.278716547096367e-05
-5.660079711323499e-05
-8.908125431774064e-05
-1.296235532451220e-04
-1.749315292389901e-04
-2.051522524350316e-04
-1.795245628514879e-04
6.181210790274341e-05
1.107859036853140e-03
1.957468762029145e-03
1.654025714392601e-03
1.836834079466703e-03
2.868762840300528e-03
4.625421994136536e-03
7.231501801147891e-03
1.088947320914467e-02
1.586416346239589e-02
2.253945055943295e-02
3.133193710368284e-02
4.265056991720731e-02
5.709044855653802e-02
7.595128576326103e-02
1.015903529890469e-01
1.355347295340686e-01
1.789892192580561e-01
2.353094211847406e-01
3.080580110697675e-01
4.004647012169774e-01
5.113613572467645e-01
6.269890677005158e-01
7.518194787204028e-01
1.000000000000000e+00
1.000000000000000e+00
1.000000000000000e+00
1.000000000000000e+00
1.000000000000000e+00
1.000000000000000e+00
1.000000000000000e+00
1.000000000000000e+00
1.000000000000000e+00
1.000000000000000e+00
1.000000000000000e+00
###6.000000000000001e+00
9.245103137439856e-08
4.022866911494682e-07
2.302566428023980e-07
3.334074643249748e-07
7.718959893803784e-08
5.971799257479385e-08
1.184171427318911e-07
2.126634285652885e-07
-1.936006045137966e-07
-1.235569669690187e-07
2.578966758073649e-07
3.217456851471760e-07
6.011234905176124e-07
3.424331118320815e-07
3.950099979418658e-07
3.823253102722943e-07
3.629251416837881e-07
3.607804713665046e-07
4.264115365220070e-07
3.787216084864518e-07
3.967364008441913e-07
4.288109892103286e-07
4.446590837611931e-07
4.568309894536930e-07
4.795444194508943e-07
4.950482109916672e-07
5.259755433762983e-07
5.325238265371419e-07
5.488792156635761e-07
5.898823826956588e-07
6.255102147085774e-07
6.617353028711479e-07
7.067226999193775e-07
7.450270754723826e-07
8.078508854344712e-07
8.882849608140061e-07
9.828254427931717e-07
1.101625666119038e-06
1.237172494469841e-06
1.393420337298010e-06
1.609913607783306e-06
1.859626081905937e-06
2.146762403783238e-06
2.536783056766941e-06
2.953819213306443e-06
3.466810546381625e-06
4.048936472492461e-06
4.686385234199609e-06
5.461273744217773e-06
6.281321654977541e-06
7.146610515744208e-06
8.073744075718558e-06
9.240555588716597e-06
1.198258803121484e-05
1.854342330996184e-05
1.831921664825018e-05
2.436953757396704e-06
-1.124363118004872e-05
-3.000235348117651e-05
-5.415850900435090e-05
-8.647783715452689e-05
-1.249538483811702e-04
-1.636896472140321e-04
-1.739782449281833e-04
-8.852759783561775e-05
4.897811514478160e-04
1.404636030318741e-03
1.968937138677477e-03
1.834031921431819e-03
2.162161140608317e-03
3.351505324867732e-03
5.331091050948035e-03
8.247486582393142e-03
1.231760869880584e-02
1.782655513528296e-02
2.518445720432796e-02
3.483648467060101e-02
4.718655796401632e-02
6.285384174111699e-02
8.317203616070869e-02
1.104639482109443e-01
1.462404846023528e-01
1.914174672723852e-01
2.489133278609832e-01
3.217095648056353e-01
4.120727663243634e-01
5.182815560369576e-01
6.291083383004330e-01
7.517503353344150e-01
1.000000000000000e+00
1.000000000000000e+00
1.000000000000000e+00
1.000000000000000e+00
1.000000000000000e+00
1.000000000000000e+00
1.000000000000000e+00
1.000000000000000e+00
1.000000000000000e+00
1.000000000000000e+00
1.000000000000000e+00
###6.400000000000001e+00
1.345363544214996e-07
5.117280028361791e-07
2.814173495050246e-07
5.340264942862599e-07
7.416746950345496e-08
6.623475067209469e-08
1.288242859767209e-07
2.358700031311691e-07
-1.759089987810328e-07
-9.720844560298374e-08
1.860924543545138e-07
3.419655085041963e-07
6.311218058808636e-07
3.924003189783406e-07
4.279174706147525e-07
4.057951345399504e-07
3.986997711080260e-07
3.956079638376109e-07
4.633516391586483e-07
4.211757771933608e-07
4.405489877968808e-07
4.749613368940256e-07
4.922140507920139e-07
5.083810716925693e-07
5.369072341062030e-07
5.531554158596657e-07
5.889424803279312e-07
5.986839517408678e-07
6.180165490932673e-07
6.660496099324971e-07
7.098473557675115e-07
7.492482142996598e-07
8.018110533009095e-07
8.485117306884053e-07
9.250547818387935e-07
1.017437686168133e-06
1.124890416070525e-06
1.258558750164151e-06
1.421378206853665e-06
1.604274277101461e-06
1.843343224131597e-06
2.133038766232833e-06
2.468416865814206e-06
2.909343701291013e-06
3.397343207454716e-06
3.998409435978943e-06
4.675874912028902e-06
5.445040026784571e-06
6.370828788993534e-06
7.350084537757258e-06
8.446453354210409e-06
9.650617468312967e-06
1.119171998866436e-05
1.431389200599029e-05
2.093151909376862e-05
2.456423233378119e-05
1.384974709403723e-05
-4.732726746514406e-06
-2.430760581629484e-05
-4.743261396765463e-05
-7.799576188209211e-05
-1.112217398498038e-04
-1.374147614048143e-04
-1.138663555924075e-04
9.635969006547962e-05
9.129825892294966e-04
1.662121191570559e-03
2.055293229868829e-03
2.055870222124808e-03
2.538617799921280e-03
3.895154333834667e-03
6.109545057576891e-03
9.344803241567962e-03
1.384179153064132e-02
1.990150853634792e-02
2.794659438584152e-02
3.845762839247061e-02
5.185020677522836e-02
6.874244949635884e-02
9.049081737988132e-02
1.194107145327843e-01
1.569245230419449e-01
2.036542871220377e-01
2.622500118428867e-01
3.351692194416935e-01
4.237536929059783e-01
5.260001797560686e-01
6.318801849855177e-01
7.521958032714652e-01
1.000000000000000e+00
1.000000000000000e+00
1.000000000000000e+00
1.000000000000000e+00
1.000000000000000e+00
1.000000000000000e+00
1.000000000000000e+00
1.000000000000000e+00
1.000000000000000e+00
1.000000000000000e+00
1.000000000000000e+00
###6.800000000000002e+00
-2.454492153766596e-07
3.724428798234755e-07
2.566200276585750e-07
5.533277054317740e-07
8.463719409938432e-08
1.810364673967303e-07
1.431732030753526e-07
2.533420824793379e-07
-1.060215057818295e-07
-5.204647024976571e-08
2.275137512827555e-07
3.679821876741940e-07
5.612195639646864e-07
4.180140136586531e-07
4.831902708067856e-07
4.475786886306919e-07
4.349791164235233e-07
4.249175391767380e-07
5.022355317440748e-07
4.621249143495747e-07
4.805340743884830e-07
5.219752044061508e-07
5.606739736310147e-07
5.649405753458658e-07
5.939971458787702e-07
6.182181465327880e-07
6.551603285665167e-07
6.689928740698745e-07
6.921577411224902e-07
7.515185090977836e-07
8.019852170701940e-07
8.441240963613684e-07
9.062666119450998e-07
9.604925115463244e-07
1.048900597085248e-06
1.153240771254078e-06
1.273722496238328e-06
1.430476281170798e-06
1.612220769817277e-06
1.829976362533914e-06
2.104445779084189e-06
2.432372906324685e-06
2.820616022648430e-06
3.321736739474352e-06
3.885294240941883e-06
4.583695105901632e-06
5.369924760109963e-06
6.288811253337703e-06
7.399695243379516e-06
8.615274542957266e-06
9.995878716767527e-06
1.159078156369852e-05
1.365066873326029e-05
1.735565748433477e-05
2.454456521356374e-05
3.185517435664864e-05
2.745167733179791e-05
7.022787196603797e-06
-1.362086631366577e-05
-3.472905243365833e-05
-6.014982651846671e-05
-8.247556057702797e-05
-8.374649245516941e-05
7.955784600359488e-06
5.815409458901333e-04
1.279866649944538e-03
1.747338118451289e-03
2.160697952093966e-03
2.294308190141768e-03
2.946562276111222e-03
4.482289602852876e-03
6.944454542946624e-03
1.050629970911028e-02
1.544461924985564e-02
2.206654241618290e-02
3.081443017940323e-02
4.219230634147641e-02
5.662732258512649e-02
7.474666966713854e-02
9.792138881338522e-02
1.284271550425173e-01
1.675375954072355e-01
2.157643478787830e-01
2.753882890072158e-01
3.483915830618409e-01
4.352559712753744e-01
5.338272077417372e-01
6.352587431111917e-01
7.533200799233983e-01
1.000000000000000e+00
1.000000000000000e+00
1.000000000000000e+00
1.000000000000000e+00
1.000000000000000e+00
1.000000000000000e+00
1.000000000000000e+00
1.000000000000000e+00
1.000000000000000e+00
1.000000000000000e+00
1.000000000000000e+00
###7.200000000000002e+00
-2.636425619540943e-07
5.397863747693568e-07
3.324194402659682e-07
5.511940827856729e-07
1.137125598971280e-07
2.006942786657190e-07
1.592593290700560e-07
2.918967698628224e-07
-7.893144649702323e-08
-1.672681093530522e-08
2.570849406420217e-07
4.008385876593239e-07
5.853693260050438e-07
4.727620948550574e-07
4.489229303767954e-07
5.028725454466205e-07
4.793246905485588e-07
4.713483634994893e-07
5.478505543052868e-07
5.205818117430550e-07
5.404816377129069e-07
5.518377406266330e-07
6.079150573105116e-07
6.268615408722545e-07
6.647468943709958e-07
6.894024395236378e-07
7.339274934723180e-07
7.524536453835548e-07
7.865529122789915e-07
8.430095899708996e-07
9.024454565075193e-07
9.506583219171276e-07
1.020596450920365e-06
1.090711594722329e-06
1.193233779823837e-06
1.304514267484781e-06
1.444312099204366e-06
1.617684176330838e-06
1.817949230083666e-06
2.069519360770820e-06
2.373841266769423e-06
2.749515389119281e-06
3.187771251049493e-06
3.754380710574031e-06
4.376140022231369e-06
5.181745765625673e-06
6.070688585115495e-06
7.123839434924835e-06
8.392339700569259e-06
9.811607189983010e-06
1.144442138667105e-05
1.334476797489451e-05
1.581672271353369e-05
1.992225272067930e-05
2.744609776801686e-05
3.537314762680483e-05
3.867383556699554e-05
2.727065611612921e-05
-2.581427126808913e-06
-2.425808219018438e-05
-4.680323379136303e-05
-6.078223957804835e-05
-3.872003895451554e-05
1.690960790304624e-04
6.924367229669860e-04
1.272044023883267e-03
1.757201972375203e-03
2.209503663429454e-03
2.503396788610693e-03
3.330165854731276e-03
5.062084878085770e-03
7.781653149675543e-03
1.168902771384620e-02
1.707668543947495e-02
2.427066182743228e-02
3.372860761797281e-02
4.599037362707851e-02
6.146675542293394e-02
8.080617134141665e-02
1.053842317740253e-01
1.374321055284824e-01
1.781152245963222e-01
2.277718378430687e-01
2.882741638464348e-01
3.612765390395783e-01
4.465502663873812e-01
5.418130350115522e-01
6.393983845063286e-01
7.548794039631932e-01
1.000000000000000e+00
1.000000000000000e+00
1.000000000000000e+00
1.000000000000000e+00
1.000000000000000e+00
1.000000000000000e+00
1.000000000000000e+00
1.000000000000000e+00
1.000000000000000e+00
1.000000000000000e+00
1.000000000000000e+00
###7.600000000000002e+00
-3.411082382739958e-07
5.832354724288096e-07
3.914847777185647e-07
6.205419042572041e-07
1.645872116725121e-07
3.760191380012702e-08
1.966547026197728e-07
4.016012443913405e-07
3.692350579000340e-08
1.257877570867724e-07
3.634546741212784e-07
5.235642657086538e-07
6.961872286026672e-07
5.795578855510832e-07
5.666825419215683e-07
6.113637728880070e-07
5.913740501225707e-07
5.928727504117425e-07
6.697616330059574e-07
6.487978738747802e-07
6.684716314323290e-07
6.853058562321177e-07
7.585803632553552e-07
7.660394967359605e-07
7.979136148843492e-07
8.417745951763203e-07
8.899409910812657e-07
9.152603098196139e-07
9.587140826575426e-07
1.023754198039034e-06
1.090996624748543e-06
1.149535957813070e-06
1.228200863792041e-06
1.314121407661459e-06
1.427468350880624e-06
1.554328428997744e-06
1.713750633011616e-06
1.908114727628958e-06
2.138696467763007e-06
2.422128660706172e-06
2.774052571818827e-06
3.188462927271756e-06
3.681841218040795e-06
4.315134642808217e-06
5.013437099241507e-06
5.919242565017653e-06
6.945314454459745e-06
8.155198307515344e-06
9.616018093781355e-06
1.127166832433910e-05
1.323005801309744e-05
1.550842490406850e-05
1.849620908555245e-05
2.317736851180478e-05
3.102163419674863e-05
3.998639552821476e-05
4.653512023204310e-05
4.460813434136849e-05
2.079992408574520e-05
-4.769234596841509e-06
-2.104758779193419e-05
-1.757163906873711e-05
6.628357181553400e-05
3.951209072883129e-04
8.448528371569242e-04
1.320573983557433e-03
1.812329125521410e-03
2.314956172729531e-03
2.761279012499183e-03
3.765671160428513e-03
5.701848353200318e-03
8.690887325596778e-03
1.295608094625181e-02
1.880385927680214e-02
2.657931199513427e-02
3.676054093751023e-02
4.990506356145372e-02
6.641966095390846e-02
8.698388511116627e-02
1.129649186749909e-01
1.464840730269660e-01
1.886538828082562e-01
2.396872092925083e-01
3.010271744994837e-01
3.738978985135674e-01
4.577996956521622e-01
5.501287958195042e-01
6.438500256644074e-01
7.569867429649835e-01
1.000000000000000e+00
1.000000000000000e+00
1.000000000000000e+00
1.000000000000000e+00
1.000000000000000e+00
1.000000000000000e+00
1.000000000000000e+00
1.000000000000000e+00
1.000000000000000e+00
1.000000000000000e+00
1.000000000000000e+00
###8.000000000000002e+00
-3.344701240950915e-07
6.772917884334539e-07
1.718604705591824e-07
6.664010604399652e-07
1.910965847582176e-07
1.009874729752803e-08
2.326854284771322e-07
4.297872948283725e-07
5.962061352116896e-08
1.844150813510867e-07
3.976728203791900e-07
5.626512916436710e-07
7.392803558867957e-07
6.166372658179836e-07
6.215361180564475e-07
6.531033227565437e-07
6.441628058102334e-07
6.423047146711372e-07
7.331608509793230e-07
7.090657946933874e-07
7.396868107519272e-07
7.589273284509547e-07
8.317661621199446e-07
8.431185023467378e-07
8.878758914015901e-07
9.343338153102123e-07
9.850149873384303e-07
1.022157816458760e-06
1.069828247051907e-06
1.140422394548671e-06
1.217673855395821e-06
1.289472137999308e-06
1.376567175402652e-06
1.474067795497642e-06
1.609257272969091e-06
1.746605994078053e-06
1.926574990759876e-06
2.143110847401157e-06
2.405456033951787e-06
2.717324356763341e-06
3.108126438322542e-06
3.564486323264798e-06
4.117534360892266e-06
4.816125799698761e-06
5.593087620533402e-06
6.598709399602366e-06
7.711053145499614e-06
9.103377411599711e-06
1.074210669474896e-05
1.261854421025017e-05
1.486187171121059e-05
1.749881416972004e-05
2.089230736328275e-05
2.601036147604766e-05
3.414783023992574e-05
4.359565988838691e-05
5.141691345872713e-05
5.421917200651922e-05
4.241333694011091e-05
2.246644844500085e-05
5.719335990739350e-06
3.216737169083526e-05
1.515305600227087e-04
4.527838097930997e-04
8.658875485146799e-04
1.339530518613349e-03
1.856170643670864e-03
2.424654047997759e-03
3.026901622324864e-03
4.216172662099844e-03
6.366162998273416e-03
9.636189657615809e-03
1.426563708224402e-02
2.058688637207438e-02
2.894902579821034e-02
3.986895724794396e-02
5.389861155574076e-02
7.147421802387416e-02
9.326102980001716e-02
1.205799858939699e-01
1.555805020856761e-01
1.991557916999495e-01
2.514158679286866e-01
3.135542401752846e-01
3.863303876125657e-01
4.688134884285899e-01
5.584590588606869e-01
6.486434963722020e-01
7.590516952540602e-01
1.000000000000000e+00
1.000000000000000e+00
1.000000000000000e+00
1.000000000000000e+00
1.000000000000000e+00
1.000000000000000e+00
1.000000000000000e+00
1.000000000000000e+00
1.000000000000000e+00
1.000000000000000e+00
1.000000000000000e+00
###8.400000000000002e+00
-2.481775617132782e-06
2.045681896241151e-07
1.971577029146216e-07
6.940051756384152e-07
1.145003733090073e-07
5.070646624726461e-08
2.559564663043039e-07
4.268983118109660e-07
1.049580733344891e-07
2.881829955161722e-07
4.913553505531499e-07
4.413593325389809e-07
7.359726905339088e-07
6.626222723181868e-07
6.621205654745625e-07
6.984287012985995e-07
6.969064481796420e-07
7.052644734906885e-07
8.036081997536854e-07
7.778937825048159e-07
8.111357819247064e-07
8.388653027325991e-07
9.091531759933508e-07
9.323505212217845e-07
1.000997581397695e-06
1.016910875372663e-06
1.087905688518195e-06
1.133753948821733e-06
1.193448060118856e-06
1.274218231357794e-06
1.356685766267496e-06
1.438441393589680e-06
1.533441485713024e-06
1.646938233238721e-06
1.798392964894739e-06
1.956522802002277e-06
2.150065363943198e-06
2.391906503231810e-06
2.683751207146650e-06
3.027773453023311e-06
3.456300364221574e-06
3.959029814942097e-06
4.569176575166868e-06
5.328099822533099e-06
6.185692863326464e-06
7.281646239652752e-06
8.484679234454931e-06
1.002107201378839e-05
1.181240405989913e-05
1.385529561279436e-05
1.630950433235935e-05
1.921872756859859e-05
2.290418983566199e-05
2.823373845825430e-05
3.643216930316921e-05
4.583047990874697e-05
5.384648444606929e-05
5.725322318771427e-05
4.809926569091424e-05
3.269373902320341e-05
2.261442236452970e-05
5.575837964708110e-05
1.792214068803797e-04
4.717920484024837e-04
8.794364721369511e-04
1.361600718051913e-03
1.911754065944103e-03
2.555149347584635e-03
3.312935053204748e-03
4.692419169217091e-03
7.065714541109931e-03
1.062685436599899e-02
1.563804703540037e-02
2.243480943754087e-02
3.140024240774112e-02
4.307106123200614e-02
5.798619066065699e-02
7.660612754162699e-02
9.960277708118560e-02
1.282771255193065e-01
1.646837715994877e-01
2.096416870980061e-01
2.630616558985205e-01
3.259077768331637e-01
3.986140934648947e-01
4.797196190946204e-01
5.667889358633854e-01
6.540101832837267e-01
7.614732732992673e-01
1.000000000000000e+00
1.000000000000000e+00
1.000000000000000e+00
1.000000000000000e+00
1.000000000000000e+00
1.000000000000000e+00
1.000000000000000e+00
1.000000000000000e+00
1.000000000000000e+00
1.000000000000000e+00
1.000000000000000e+00
###8.800000000000002e+00
-2.555679341557301e-06
2.052479633542221e-07
1.568749711625080e-07
8.199819674080620e-07
1.337546025582480e-07
6.842358831709097e-08
2.748493984120457e-07
4.313977303553202e-07
1.298261947064235e-07
3.001614895468378e-07
5.107850491373829e-07
5.332774948126902e-07
7.480563486310710e-07
6.699739241826431e-07
6.881735330599302e-07
7.272327208850839e-07
7.448306856355061e-07
7.420356732517690e-07
8.421720143870705e-07
8.227483758707891e-07
8.631956237843655e-07
8.965324809125132e-07
9.693212174249361e-07
1.000466184379822e-06
1.073205553526313e-06
1.097418455698145e-06
1.174368706534211e-06
1.227022949422492e-06
1.296981833222130e-06
1.389073307531936e-06
1.479268177662911e-06
1.568278057028157e-06
1.686530986693132e-06
1.806682207194334e-06
1.977888255178706e-06
2.153990863550834e-06
2.369441058522802e-06
2.634631212156338e-06
2.960702728073848e-06
3.334385860413074e-06
3.801615827810329e-06
4.354165762053559e-06
5.017583787301250e-06
5.849105160487774e-06
6.789170375008044e-06
7.974367210373617e-06
9.278028494165648e-06
1.097363646870880e-05
1.293634173818321e-05
1.517262365880053e-05
1.785789806824522e-05
2.106267010050148e-05
2.507123483796449e-05
3.070574984946206e-05
3.906889353874848e-05
4.860388299173098e-05
5.696795703949979e-05
6.154084795044526e-05
5.691525553726573e-05
4.485209140358219e-05
4.205006684576239e-05
8.267221207049132e-05
2.114031648461078e-04
5.001581685281020e-04
9.073411373164104e-04
1.404135788877058e-03
1.994559987807734e-03
2.718633250175097e-03
3.633228763660288e-03
5.205463476804623e-03
7.814425790398630e-03
1.167975372861776e-02
1.707419356850953e-02
2.436520566866643e-02
3.394773700596170e-02
4.636693923577661e-02
6.217031923137021e-02
8.184830330564527e-02
1.060662398932853e-01
1.360728768688828e-01
1.738148752769773e-01
2.200911847434815e-01
2.746133368083476e-01
3.381239304832068e-01
4.107165236547826e-01
4.905891968043942e-01
5.752497598054013e-01
6.593457633542190e-01
7.642375035889569e-01
1.000000000000000e+00
1.000000000000000e+00
1.000000000000000e+00
1.000000000000000e+00
1.000000000000000e+00
1.000000000000000e+00
1.000000000000000e+00
1.000000000000000e+00
1.000000000000000e+00
1.000000000000000e+00
1.000000000000000e+00
###9.200000000000003e+00
-2.486180869734551e-06
1.569086527194008e-07
1.649894769747883e-07
8.786221113653979e-07
-8.839911280631568e-09
7.660103732241802e-08
3.147944946885615e-07
4.744193825355616e-07
1.779644122099781e-07
3.583270576743372e-07
5.663362020902691e-07
4.902050601279690e-07
8.203375936921519e-07
7.168859048688982e-07
7.377193481921271e-07
7.852345265266917e-07
8.039985352766507e-07
8.076854745364323e-07
9.086720434340777e-07
8.974488277160557e-07
9.423104815546221e-07
9.817017370793233e-07
1.062113315108979e-06
1.100003262352589e-06
1.172890334201014e-06
1.206555565014018e-06
1.288883621160066e-06
1.351243753200464e-06
1.432414423645312e-06
1.538578288710221e-06
1.633940340253194e-06
1.738744290463651e-06
1.869601057513012e-06
2.007252759472500e-06
2.193383459851069e-06
2.392208035109937e-06
2.629912974649425e-06
2.926583184808423e-06
3.279379222485880e-06
3.689173248083869e-06
4.200536360011095e-06
4.806056916579525e-06
5.534654914803814e-06
6.429808938849992e-06
7.462638696121815e-06
8.738637824971108e-06
1.016335236753500e-05
1.199744530896457e-05
1.413258282239514e-05
1.659928305394499e-05
1.952614008232879e-05
2.306021020859171e-05
2.744918521213057e-05
3.345317513761571e-05
4.212756905484868e-05
5.203049728664524e-05
6.116253422831571e-05
6.706886581082218e-05
6.591897261694739e-05
5.885804399728801e-05
6.416818412119362e-05
1.132221613546415e-04
2.492248691007522e-04
5.380742693883845e-04
9.506722544363221e-04
1.467763347376427e-03
2.104749799067132e-03
2.917170330240800e-03
3.989250083689523e-03
5.761716364278272e-03
8.612993427157704e-03
1.278978847011792e-02
1.857895398547018e-02
2.638007692515635e-02
3.658739843714234e-02
4.976357827542684e-02
6.645789724597233e-02
8.720132429933866e-02
1.126042960173453e-01
1.439348630635915e-01
1.830042564860112e-01
2.305722038907451e-01
2.861162355125484e-01
3.501820597438550e-01
4.226394134646013e-01
5.015155855853214e-01
5.837249799507193e-01
6.650038532781004e-01
7.671704978594072e-01
1.000000000000000e+00
1.000000000000000e+00
1.000000000000000e+00
1.000000000000000e+00
1.000000000000000e+00
1.000000000000000e+00
1.000000000000000e+00
1.000000000000000e+00
1.000000000000000e+00
1.000000000000000e+00
1.000000000000000e+00
###9.600000000000003e+00
-2.473415217953360e-06
1.581668004849139e-07
1.984181795762570e-07
9.699575583800063e-07
-2.740512633433846e-09
1.062774746820934e-07
3.259630946509162e-07
4.944119311574397e-07
2.005079057677276e-07
3.828420055972175e-07
5.984799714826575e-07
5.090422291322200e-07
8.480266473132694e-07
7.560769986490903e-07
7.819655370041579e-07
8.643110965065487e-07
8.469069480617289e-07
8.681381956424096e-07
9.667365357316006e-07
9.591015303879355e-07
1.016580949815521e-06
1.062720348394967e-06
1.146334642953425e-06
1.201792081143365e-06
1.271042454233953e-06
1.317209355982073e-06
1.402494608033228e-06
1.476322497617706e-06
1.567958879963200e-06
1.683052077146630e-06
1.790385956327872e-06
1.909495098357371e-06
2.056332624010319e-06
2.210276947938764e-06
2.412467197660222e-06
2.633608471908319e-06
2.903530571710383e-06
3.232185692969404e-06
3.607818122555077e-06
4.060364442829691e-06
4.616206951610337e-06
5.278575420459597e-06
6.073008895003939e-06
7.046988661941566e-06
8.166415339240317e-06
9.557329394846280e-06
1.107457195242301e-05
1.309456294980864e-05
1.544630683506033e-05
1.812488497872449e-05
2.134936671291345e-05
2.523043104405770e-05
3.008341003975601e-05
3.654319612081189e-05
4.564953086114786e-05
5.617170932318419e-05
6.633957461451059e-05
7.398866469363428e-05
7.640255852178446e-05
7.562779204700010e-05
8.954132207774676e-05
1.481339269840103e-04
2.937879749690287e-04
5.869701574203194e-04
1.009787822922893e-03
1.553549657720847e-03
2.243764257917922e-03
3.150988550944404e-03
4.384179841892125e-03
6.362707275806455e-03
9.466773861367839e-03
1.396516454465319e-02
2.016733785840721e-02
2.847560470725454e-02
3.932088731968625e-02
5.326558273339456e-02
7.086720508451219e-02
9.266105554608141e-02
1.192703292602578e-01
1.518624511957220e-01
1.922521188091397e-01
2.409897516043443e-01
2.975041518008927e-01
3.621882801750809e-01
4.344543311391058e-01
5.122393943391562e-01
5.921725200390008e-01
6.703758382772075e-01
7.701261319451722e-01
1.000000000000000e+00
1.000000000000000e+00
1.000000000000000e+00
1.000000000000000e+00
1.000000000000000e+00
1.000000000000000e+00
1.000000000000000e+00
1.000000000000000e+00
1.000000000000000e+00
1.000000000000000e+00
1.000000000000000e+00
###1.000000000000000e+01
-2.689483539390563e-06
1.314344454081700e-07
1.845762640719186e-07
1.005477026727184e-06
-2.742771583282975e-08
1.067699042252810e-07
4.310794280441220e-07
5.664791075196414e-07
2.672851338508277e-07
4.314352068671041e-07
6.447724631721193e-07
5.615691318133818e-07
8.712548180570791e-07
8.066885288867044e-07
8.409015824147212e-07
9.292672347385620e-07
9.127075264994018e-07
9.514265995803161e-07
1.062485017630882e-06
1.040998003965768e-06
1.105040936492600e-06
1.158280804858663e-06
1.244770364730828e-06
1.312778750137588e-06
1.384362338038823e-06
1.443689483162161e-06
1.509794315512489e-06
1.618661725789098e-06
1.719793455122988e-06
1.848113630446834e-06
1.969864680551873e-06
2.101692842681135e-06
2.258243645268022e-06
2.439573760745893e-06
2.659021224784051e-06
2.906818065144010e-06
3.200698111238989e-06
3.567810559929906e-06
3.972339194937077e-06
4.470407303249786e-06
5.074367687985986e-06
5.793127167129351e-06
6.660944129891579e-06
7.715139433882216e-06
8.931445125009636e-06
1.044534776936210e-05
1.208948836092823e-05
1.429462347791284e-05
1.685940480723972e-05
1.978858449551099e-05
2.333114442216314e-05
2.761954083399971e-05
3.297795996701469e-05
4.001315707625051e-05
4.971085056299986e-05
6.106736180526166e-05
7.247793812303110e-05
8.248858695345473e-05
8.922623061685659e-05
9.521252706737680e-05
1.183172910634707e-04
1.879190821825997e-04
3.452699009119743e-04
6.470514176198074e-04
1.085390039171285e-03
1.661197635131421e-03
2.412284961342676e-03
3.420624835426065e-03
4.819510510807337e-03
7.010170266673414e-03
1.037452096107390e-02
1.520600742678943e-02
2.182498810305605e-02
3.065606950584642e-02
4.214698584339359e-02
5.686353984777281e-02
7.538768383146588e-02
9.823542342178837e-02
1.260196724588404e-01
1.598744187633429e-01
2.015024362486368e-01
2.514483031194504e-01
3.089017316107752e-01
3.740428199459016e-01
4.461182106088801e-01
5.228739364514031e-01
6.008353830230960e-01
6.759924974626544e-01
7.734361477094593e-01
1.000000000000000e+00
1.000000000000000e+00
1.000000000000000e+00
1.000000000000000e+00
1.000000000000000e+00
1.000000000000000e+00
1.000000000000000e+00
1.000000000000000e+00
1.000000000000000e+00
1.000000000000000e+00
1.000000000000000e+00
###1.040000000000000e+01
-2.682922094428757e-06
1.423545652241438e-07
2.111409755585497e-07
1.014942084569524e-06
-1.560685402122612e-07
1.345924522622140e-07
4.097949286418251e-07
5.091393392597166e-07
3.474303659525982e-07
4.953510732560101e-07
1.030849610102275e-06
5.969077534688244e-07
9.323744800537033e-07
8.693550889383800e-07
8.804901018864662e-07
9.915254950871436e-07
9.951472207482767e-07
1.037604884807102e-06
1.151047910577749e-06
1.141058492732431e-06
1.209245153159810e-06
1.271399778507745e-06
1.367858575365671e-06
1.437943409074728e-06
1.518051087682355e-06
1.583502105095747e-06
1.664701954825266e-06
1.782706041653132e-06
1.895092078024326e-06
2.033966430839734e-06
2.174281885277260e-06
2.323110827085952e-06
2.494246692085028e-06
2.694720532069406e-06
2.942165970146624e-06
3.210585047878244e-06
3.534458694356845e-06
3.933710642145967e-06
4.379351200480578e-06
4.922757230925608e-06
5.582692540181669e-06
6.363913522674106e-06
7.303661358527531e-06
8.445327866276854e-06
9.772644754033599e-06
1.140507647349776e-05
1.321529144497438e-05
1.560474145702169e-05
1.838950593633229e-05
2.159207010532338e-05
2.552314444400116e-05
3.020393861131142e-05
3.619601083433661e-05
4.386204406825737e-05
5.435956366375415e-05
6.681559745752192e-05
7.988755026658767e-05
9.276046945631838e-05
1.041033248165995e-04
1.176904542915078e-04
1.511498092433053e-04
2.331406343643872e-04
4.045490867815821e-04
7.186251178438783e-04
1.177930123364337e-03
1.792748259482876e-03
2.610675580194370e-03
3.726639388312311e-03
5.295572899427380e-03
7.705798357355088e-03
1.133880975275762e-02
1.651463938570302e-02
2.356268796964143e-02
3.293116001920213e-02
4.507780532124716e-02
6.057812315146088e-02
8.000426640836195e-02
1.039382196610032e-01
1.328959175834802e-01
1.679805290676133e-01
2.108558104830296e-01
2.619134565509679e-01
3.202302650544060e-01
3.858097317719703e-01
4.576940964546924e-01
5.333723945488340e-01
6.094829804685565e-01
6.817943711335007e-01
7.768457094761915e-01
1.000000000000000e+00
1.000000000000000e+00
1.000000000000000e+00
1.000000000000000e+00
1.000000000000000e+00
1.000000000000000e+00
1.000000000000000e+00
1.000000000000000e+00
1.000000000000000e+00
1.000000000000000e+00
1.000000000000000e+00
###1.080000000000000e+01
-2.843184781275192e-06
3.706653076504262e-07
2.886130017649534e-07
1.068567354481965e-06
-1.472362923627886e-08
2.225956700233532e-07
4.827580833741752e-07
5.730527791264408e-07
4.303395543327806e-07
5.923811594197747e-07
1.080988872428594e-06
6.750598358200980e-07
9.981748624969258e-07
9.460093078268102e-07
9.645504341202577e-07
1.074109481847276e-06
1.098317757801134e-06
1.136859680179116e-06
1.250761785930981e-06
1.253725761707223e-06
1.328726242668368e-06
1.397692042291188e-06
1.499743214576744e-06
1.579014026748779e-06
1.668777926861175e-06
1.745194824383105e-06
1.838645585658055e-06
1.967384378143655e-06
2.095060664203097e-06
2.246412955030077e-06
2.401457181275280e-06
2.567313935951335e-06
2.759394717273449e-06
2.988489560282287e-06
3.250251952481387e-06
3.556771396830979e-06
3.906763510303453e-06
4.338471710123281e-06
4.827907111256973e-06
5.422249795154087e-06
6.136523831213269e-06
6.987884412409906e-06
8.005994343578964e-06
9.241391029812491e-06
1.068810229111833e-05
1.245844751957893e-05
1.433512008614008e-05
1.703151829094991e-05
2.007469403239555e-05
2.356466739623021e-05
2.791449735087136e-05
3.313384644481286e-05
3.977037371332891e-05
4.826371767957761e-05
5.971537128218316e-05
7.360021537178718e-05
8.869965746480040e-05
1.047886926036951e-04
1.215454294938526e-04
1.434915908322324e-04
1.882303382520611e-04
2.843618476086219e-04
4.720422215246577e-04
8.031653616136082e-04
1.288617505493883e-03
1.948669782134049e-03
2.839998674042272e-03
4.072329393103848e-03
5.815266882145302e-03
8.453516741154424e-03
1.236908901446122e-02
1.789676072127788e-02
2.538890365367688e-02
3.530265363627036e-02
4.811824792913039e-02
6.440331188326176e-02
8.475186199772966e-02
1.097457794416331e-01
1.398675768921892e-01
1.762050441751837e-01
2.202705554086354e-01
2.723981101872183e-01
3.315770995493919e-01
3.975351879694069e-01
4.692432728490430e-01
5.438853592018635e-01
6.180567400989744e-01
6.877959298300704e-01
7.801869938687384e-01
1.000000000000000e+00
1.000000000000000e+00
1.000000000000000e+00
1.000000000000000e+00
1.000000000000000e+00
1.000000000000000e+00
1.000000000000000e+00
1.000000000000000e+00
1.000000000000000e+00
1.000000000000000e+00
1.000000000000000e+00
###1.120000000000000e+01
-2.804501711268118e-06
3.524148711413573e-07
3.249819505880892e-07
1.075098884293640e-06
8.169147215229440e-09
2.582989831308787e-07
5.469525632572475e-07
6.515469765110630e-07
4.980983466382671e-07
6.050705172330652e-07
1.121273631884735e-06
7.460474476468823e-07
1.045043094675942e-06
1.011710371735794e-06
1.049302998885745e-06
1.150876098497060e-06
1.182836254950604e-06
1.229320460709216e-06
1.344467852917222e-06
1.361433284246632e-06
1.441737005605482e-06
1.520655248870897e-06
1.627895076714847e-06
1.717164484834606e-06
1.817216517523086e-06
1.905895142037775e-06
2.011682711903300e-06
2.151639796077054e-06
2.293263426980584e-06
2.458754410995132e-06
2.640467258783192e-06
2.815618066957145e-06
3.029154173245675e-06
3.281934541628077e-06
3.577829237445452e-06
3.907112396524722e-06
4.290628304207942e-06
4.774810230237468e-06
5.297311940594000e-06
5.945133566651410e-06
6.727904790247635e-06
7.643232003075947e-06
8.749282629064729e-06
1.008690577488412e-05
1.165621491836576e-05
1.358075250444250e-05
1.561412076416160e-05
1.856137557741586e-05
2.188085583212678e-05
2.572519827409078e-05
3.053812492603897e-05
3.637957991858632e-05
4.377054015812556e-05
5.320447879096778e-05
6.577672327927744e-05
8.135763392424219e-05
9.903954184910601e-05
1.189067880954772e-04
1.417189522621150e-04
1.728562654762331e-04
2.301307101423308e-04
3.420907515715790e-04
5.487832755319726e-04
9.007355867319190e-04
1.417866733223994e-03
2.129744581084599e-03
3.101901890888842e-03
4.458209591162139e-03
6.381936309860731e-03
9.255740067039612e-03
1.346285850060225e-02
1.935324907703419e-02
2.730010275865648e-02
3.777589659157223e-02
5.126706810329146e-02
6.834640717393317e-02
8.962870777462564e-02
1.156790260983145e-01
1.469632189419861e-01
1.845141079946051e-01
2.297632660730289e-01
2.828976163383781e-01
3.428800956838609e-01
4.092048966103064e-01
4.805835714559112e-01
5.542697728659750e-01
6.267978034121804e-01
6.940467098608291e-01
7.838466844527882e-01
1.000000000000000e+00
1.000000000000000e+00
1.000000000000000e+00
1.000000000000000e+00
1.000000000000000e+00
1.000000000000000e+00
1.000000000000000e+00
1.000000000000000e+00
1.000000000000000e+00
1.000000000000000e+00
1.000000000000000e+00
###1.160000000000000e+01
-2.465229486001911e-06
3.839638227807129e-07
4.108953114612665e-07
1.087824021220146e-06
2.625472834701068e-08
2.802700116274458e-07
5.953491172558661e-07
6.567494114607466e-07
5.570997509286712e-07
6.631180742287983e-07
1.159127575405506e-06
8.122208803173139e-07
1.083942155114449e-06
1.075499992003705e-06
1.118408784073640e-06
1.224789398993798e-06
1.264805157886473e-06
1.319460642166838e-06
1.435955579907577e-06
1.466737640788942e-06
1.557007601467396e-06
1.642369589927246e-06
1.775131308600083e-06
1.855951420365644e-06
1.965554714213176e-06
2.068765378149397e-06
2.188457894116072e-06
2.340435133704886e-06
2.497093062345272e-06
2.677423782080994e-06
2.877487680673907e-06
3.074828019926767e-06
3.311237740556778e-06
3.588948335770655e-06
3.910204759813191e-06
4.273829439596700e-06
4.695795967648143e-06
5.217666820185052e-06
5.798821775690297e-06
6.498152741693453e-06
7.346330210527581e-06
8.339625752088744e-06
9.541399101460382e-06
1.098490490275056e-05
1.269780752537543e-05
1.477654572146762e-05
1.701960451500178e-05
2.021802548359048e-05
2.385135522245304e-05
2.809648869551782e-05
3.343461530932488e-05
3.995970281535620e-05
4.820733181633481e-05
5.879131065056537e-05
7.277759025923492e-05
9.037913064422201e-05
1.109393019813309e-04
1.352716096706767e-04
1.649436569883761e-04
2.062483676570905e-04
2.773176968532429e-04
4.066930320534808e-04
6.354683946540047e-04
1.012691365859717e-03
1.566930427404162e-03
2.336888294514310e-03
3.396371016234898e-03
4.883526410034685e-03
6.996953606140554e-03
1.011306358228434e-02
1.462156356993273e-02
2.088478307211703e-02
2.929983601529523e-02
4.034821991059656e-02
5.452647424276528e-02
7.241513819285660e-02
9.463706359881249e-02
1.217337749074445e-01
1.541792960566328e-01
1.929356592822079e-01
2.393274582646529e-01
2.934556582786511e-01
3.541445620722307e-01
4.208328840028831e-01
4.919175388471260e-01
5.646057726245420e-01
6.354957786427456e-01
7.002802384383998e-01
7.874234789099019e-01
1.000000000000000e+00
1.000000000000000e+00
1.000000000000000e+00
1.000000000000000e+00
1.000000000000000e+00
1.000000000000000e+00
1.000000000000000e+00
1.000000000000000e+00
1.000000000000000e+00
1.000000000000000e+00
1.000000000000000e+00
###1.200000000000001e+01
-2.817775739239284e-06
3.952801391886805e-07
3.358439379831092e-07
1.089611676705050e-06
1.088226310185322e-07
5.356394509155987e-08
5.817069926554961e-07
7.107945884486690e-07
5.623530193713950e-07
7.109699643517747e-07
1.181178883478553e-06
8.593451915746107e-07
1.119550479146301e-06
1.124517883749984e-06
1.173069141177165e-06
1.298360823486931e-06
1.334078078420263e-06
1.396468838856776e-06
1.519977143577525e-06
1.559241242628176e-06
1.657599327584626e-06
1.753095190193428e-06
1.892287317305681e-06
1.986612521926759e-06
2.106529825133958e-06
2.223649577501638e-06
2.357927777169896e-06
2.522893264332634e-06
2.697501669043146e-06
2.894063557072632e-06
3.115414130302319e-06
3.333215244555887e-06
3.593177931325782e-06
3.898396163332707e-06
4.248350583823298e-06
4.646318461533784e-06
5.107436461681592e-06
5.674258713542302e-06
6.307727078528558e-06
7.069866783390416e-06
7.987532699148012e-06
9.063545190174235e-06
1.036813827216542e-05
1.192925445355453e-05
1.378967161840066e-05
1.604434363207875e-05
1.854237654074170e-05
2.199111086427353e-05
2.596694793047065e-05
3.069975508435970e-05
3.660981648622169e-05
4.390909391448584e-05
5.316679612554584e-05
6.505940869003424e-05
8.073393957061710e-05
1.006320626779248e-04
1.246722742377974e-04
1.541080358365689e-04
1.913822892397443e-04
2.438496841022507e-04
3.301876783077685e-04
4.792181337489368e-04
7.326878279328130e-04
1.139723067899921e-03
1.736447844011540e-03
2.569942697431184e-03
3.725647004528407e-03
5.351521306376159e-03
7.661996472145657e-03
1.102752363874591e-02
1.584797328084840e-02
2.249795474073739e-02
3.139459787193813e-02
4.302740719136283e-02
5.790449167417008e-02
7.662157447109827e-02
9.976833783844698e-02
1.279199603529597e-01
1.615152407829348e-01
2.014587657519707e-01
2.489835648758357e-01
3.040400029950664e-01
3.654203320478695e-01
4.324269516691953e-01
5.032105556820059e-01
5.749129409062789e-01
6.443247760703562e-01
7.067645823472054e-01
7.913738945508791e-01
1.000000000000000e+00
1.000000000000000e+00
1.000000000000000e+00
1.000000000000000e+00
1.000000000000000e+00
1.000000000000000e+00
1.000000000000000e+00
1.000000000000000e+00
1.000000000000000e+00
1.000000000000000e+00
1.000000000000000e+00
###1.240000000000001e+01
-2.647421683082562e-06
3.966124137384359e-07
3.456606097336709e-07
1.082630654265701e-06
1.253635199695442e-07
8.813128985243064e-08
5.798977955999645e-07
7.280179890588858e-07
5.897751604852292e-07
7.029157632130300e-07
1.194963497850669e-06
8.989874258639538e-07
1.144997361357221e-06
1.168894309344581e-06
1.226671718681827e-06
1.353452937674225e-06
1.401835922360118e-06
1.470857531610066e-06
1.598527041134659e-06
1.650517660614689e-06
1.757393884255423e-06
1.864600862782669e-06
2.009898084884852e-06
2.117756381867330e-06
2.250830579486182e-06
2.381015967995699e-06
2.529664287981431e-06
2.708196060128236e-06
2.903826465230702e-06
3.116234996240260e-06
3.358303382973812e-06
3.599844383023879e-06
3.890449575501932e-06
4.220223300985335e-06
4.602025337189800e-06
5.037559122548310e-06
5.551276579180368e-06
6.153143925943750e-06
6.848464722777148e-06
7.672611915606172e-06
8.668065716605472e-06
9.832789494128189e-06
1.124795549195875e-05
1.293494988253495e-05
1.496892915464005e-05
1.740945211063431e-05
2.017390213427088e-05
2.391564786008624e-05
2.828745235406839e-05
3.353191569988866e-05
4.007881589122096e-05
4.820113840384503e-05
5.866863784680090e-05
7.203773736180128e-05
8.973463994387040e-05
1.122638766631179e-04
1.403887655430751e-04
1.755887666733790e-04
2.213247721648532e-04
2.861528346461253e-04
3.890936029299127e-04
5.598258496483118e-04
8.407001282981180e-04
1.282281227883766e-03
1.927095702393710e-03
2.831987247527271e-03
4.090685475008209e-03
5.863521536845693e-03
8.377436674663090e-03
1.200413032920294e-02
1.714777565285871e-02
2.419528137439580e-02
3.358331349463023e-02
4.581811204892464e-02
6.140803949625714e-02
8.094879396523531e-02
1.050465397904774e-01
1.342629189184309e-01
1.690022416960044e-01
2.101128527611630e-01
2.587133823446003e-01
3.146875459024195e-01
3.767547371321324e-01
4.439692324305130e-01
5.144545852566744e-01
5.852550624154039e-01
6.528937690078653e-01
7.130680925191075e-01
7.950374512380362e-01
1.000000000000000e+00
1.000000000000000e+00
1.000000000000000e+00
1.000000000000000e+00
1.000000000000000e+00
1.000000000000000e+00
1.000000000000000e+00
1.000000000000000e+00
1.000000000000000e+00
1.000000000000000e+00
1.000000000000000e+00
###1.280000000000001e+01
-2.594514520307730e-06
4.565038437239355e-07
3.103773626261683e-07
1.090134699666784e-06
1.419546992130722e-07
1.148003001817544e-07
6.186170941598621e-07
7.703079921534798e-07
6.175389251369101e-07
7.408892305271533e-07
1.212813217246248e-06
9.490271142686003e-07
1.177541082439017e-06
1.202796593958909e-06
1.280232669758342e-06
1.410386968067510e-06
1.469034077218367e-06
1.547436638369788e-06
1.680027220697830e-06
1.744963541353941e-06
1.860787099977950e-06
1.978899527386613e-06
2.132813098342923e-06
2.254598401995551e-06
2.400452357137267e-06
2.545957616529693e-06
2.710952164383331e-06
2.905184460258535e-06
3.118905583493511e-06
3.352787453640368e-06
3.616373153022906e-06
3.881544040497196e-06
4.199398844370335e-06
4.561805538058983e-06
4.979316899148052e-06
5.454467914363739e-06
6.020141676552837e-06
6.668989624703412e-06
7.426390364556993e-06
8.319341115977000e-06
9.393661948606842e-06
1.065682470718869e-05
1.219606826074351e-05
1.402195780580642e-05
1.622753679293524e-05
1.888599214804638e-05
2.194663191134784e-05
2.600462267046291e-05
3.079651834489706e-05
3.663724476149336e-05
4.391004949209401e-05
5.303264935848826e-05
6.478010435343678e-05
7.988475629700428e-05
9.986349167278944e-05
1.255440884677595e-04
1.581896451660275e-04
1.998618143691375e-04
2.550279071444369e-04
3.333775727388399e-04
4.548288768441530e-04
6.494760488793731e-04
9.609330885080227e-04
1.441532711780650e-03
2.140780616417531e-03
3.122968618885428e-03
4.492655746183929e-03
6.421111267585509e-03
9.146308634845271e-03
1.304397240584016e-02
1.852220366852754e-02
2.598075365152102e-02
3.587436665421217e-02
4.871944629882463e-02
6.502441634402076e-02
8.541184500016746e-02
1.104563505818209e-01
1.407322189780074e-01
1.766241007991660e-01
2.188659083413880e-01
2.685265618140002e-01
3.254045417195103e-01
3.881198455308169e-01
4.555208902280758e-01
5.256872753625657e-01
5.955164345500146e-01
6.616656657229344e-01
7.194681012735326e-01
7.990370683783351e-01
1.000000000000000e+00
1.000000000000000e+00
1.000000000000000e+00
1.000000000000000e+00
1.000000000000000e+00
1.000000000000000e+00
1.000000000000000e+00
1.000000000000000e+00
1.000000000000000e+00
1.000000000000000e+00
1.000000000000000e+00
###1.320000000000001e+01
-2.635525871526917e-06
4.769219849019181e-07
3.044696735612310e-07
1.082101219975132e-06
1.651464130614386e-07
1.239139702083604e-07
6.262510009466659e-07
7.891383740768742e-07
6.413839927562579e-07
7.739617809413702e-07
1.230842319611744e-06
9.903173068246651e-07
1.216388619691284e-06
1.250616668772668e-06
1.336545454290324e-06
1.469635967327753e-06
1.540367956519294e-06
1.626295923935457e-06
1.765118156345787e-06
1.843167294559828e-06
1.968578572535036e-06
2.098838513862675e-06
2.261606302807814e-06
2.397839681667536e-06
2.557151223458506e-06
2.718971739559177e-06
2.902465491826576e-06
3.112875632524520e-06
3.345933856172328e-06
3.600767121653239e-06
3.887996345899873e-06
4.181383064444431e-06
4.529095322811138e-06
4.923616305263551e-06
5.378643176178283e-06
5.899040033082726e-06
6.511535200718114e-06
7.218828171588774e-06
8.040005726541600e-06
9.010582111731288e-06
1.017183526140448e-05
1.154309016019269e-05
1.320943176459238e-05
1.519047147993999e-05
1.759026823241678e-05
2.048053881931972e-05
2.386117706454506e-05
2.828123766226166e-05
3.356388064871003e-05
4.004006779266931e-05
4.813853938390453e-05
5.835713510885872e-05
7.151254572006663e-05
8.866734819306083e-05
1.111958954797230e-04
1.404952955056129e-04
1.782497614022186e-04
2.271826278984738e-04
2.928612200096537e-04
3.860118620777857e-04
5.275599133414101e-04
7.487138533810549e-04
1.094076156668962e-03
1.618171954531067e-03
2.377550624215731e-03
3.444334808106701e-03
4.932881175686432e-03
7.025484248722195e-03
9.972364996387888e-03
1.415093022894409e-02
1.997321292026828e-02
2.785600804922203e-02
3.827260768753064e-02
5.173436646380332e-02
6.877972572664220e-02
9.002206258948854e-02
1.160205941091826e-01
1.473579293874535e-01
1.843807891380781e-01
2.277530233531387e-01
2.784682851150965e-01
3.362108579298396e-01
3.994580967921596e-01
4.670688858622259e-01
5.368847220959585e-01
6.057483189020778e-01
6.702798859667300e-01
7.258891531778651e-01
8.031355260433217e-01
1.000000000000000e+00
1.000000000000000e+00
1.000000000000000e+00
1.000000000000000e+00
1.000000000000000e+00
1.000000000000000e+00
1.000000000000000e+00
1.000000000000000e+00
1.000000000000000e+00
1.000000000000000e+00
1.000000000000000e+00
###1.360000000000001e+01
-2.628761776853840e-06
4.025365634758076e-07
2.793217100903412e-07
1.109521303085396e-06
2.390824102906420e-07
1.109380851538383e-07
6.444460756455302e-07
8.074518370974183e-07
6.665110889004418e-07
8.058489194974828e-07
1.262376529537333e-06
1.032178557811629e-06
1.255756749448037e-06
1.299897334454974e-06
1.393371469368793e-06
1.530693160483799e-06
1.613753683723353e-06
1.704196553725695e-06
1.853889505186279e-06
1.944736341609274e-06
2.080802386271042e-06
2.223587726904983e-06
2.396255746314575e-06
2.545322903389175e-06
2.721473991736815e-06
2.900697471845489e-06
3.102236654238466e-06
3.331952854735123e-06
3.585254726545643e-06
3.863104201861390e-06
4.174642374863504e-06
4.498871160218347e-06
4.878226459349352e-06
5.308690091730031e-06
5.803107201857715e-06
6.370051811567577e-06
7.034587486825440e-06
7.802138207811971e-06
8.698159423760840e-06
9.746250724813903e-06
1.100509732075857e-05
1.249159232636882e-05
1.429476884064739e-05
1.645058411302979e-05
1.905710484811336e-05
2.221085001801164e-05
2.593528788447938e-05
3.075270505981099e-05
3.653376976770171e-05
4.376035647046316e-05
5.281200348629182e-05
6.425561645839705e-05
7.902022232079379e-05
9.838677835622064e-05
1.238615837400443e-04
1.572996425621305e-04
2.007173180690712e-04
2.578507857053812e-04
3.351613276119415e-04
4.445114199893960e-04
6.079871012504818e-04
8.580457871162858e-04
1.240993037775074e-03
1.813542145947504e-03
2.638587518417329e-03
3.798173295621984e-03
5.412817295205079e-03
7.678766450265741e-03
1.085531130469598e-02
1.532434674794119e-02
2.150513217220630e-02
2.982741442604528e-02
4.077890953614044e-02
5.487526637742311e-02
7.267282156460438e-02
9.476644875628872e-02
1.217354902474164e-01
1.541457731886274e-01
1.922913235667415e-01
2.367854572587733e-01
2.885254191840803e-01
3.470867919399572e-01
4.108921244148997e-01
4.786017848166862e-01
5.480588532528172e-01
6.159847327506709e-01
6.790214584634187e-01
7.323814717109799e-01
8.072249082401211e-01
1.000000000000000e+00
1.000000000000000e+00
1.000000000000000e+00
1.000000000000000e+00
1.000000000000000e+00
1.000000000000000e+00
1.000000000000000e+00
1.000000000000000e+00
1.000000000000000e+00
1.000000000000000e+00
1.000000000000000e+00
###1.400000000000001e+01
-2.827274126404397e-06
5.817411432589891e-08
3.159349044297959e-07
1.107563814174742e-06
2.781350622055519e-07
1.317086472455187e-07
6.520744652321858e-07
8.406519715998516e-07
6.990480445533119e-07
8.394273882621115e-07
1.280649043087001e-06
1.063106578320996e-06
1.286777071269607e-06
1.350612289112454e-06
1.449702676894587e-06
1.593225968175544e-06
1.692201197913764e-06
1.793444309549960e-06
1.945457506955115e-06
2.051132980509779e-06
2.195922676776774e-06
2.351256169995294e-06
2.535460035836709e-06
2.700724127260060e-06
2.891651775590722e-06
3.090284386208772e-06
3.310168871180052e-06
3.560044769293745e-06
3.835525562213120e-06
4.138390598429151e-06
4.469522736358609e-06
4.834237678125365e-06
5.245697840731082e-06
5.715221136743983e-06
6.252122184349329e-06
6.873108123968957e-06
7.589004140756594e-06
8.423554692630426e-06
9.391382615304295e-06
1.053199184716612e-05
1.189232443825753e-05
1.351132053190311e-05
1.546449841555977e-05
1.780088478664532e-05
2.064115248861200e-05
2.408142848149430e-05
2.818131906386381e-05
3.344766121881540e-05
3.983558328832937e-05
4.784029905315625e-05
5.793801318439048e-05
7.076933683627422e-05
8.738686333335246e-05
1.092206655738668e-04
1.380147170120924e-04
1.760674742468301e-04
2.258069580741017e-04
2.920664552008223e-04
3.821868066504767e-04
5.091630892805209e-04
6.966123297921826e-04
9.782033119908637e-04
1.402119729715653e-03
2.028194839428993e-03
2.925453347405958e-03
4.184107688314907e-03
5.934196421318516e-03
8.382837841638364e-03
1.179932058966358e-02
1.657055647476435e-02
2.312155608446102e-02
3.189526326975102e-02
4.339573134863519e-02
5.814188927815037e-02
7.670440181983441e-02
9.967338671849313e-02
1.276048870229533e-01
1.610803792048351e-01
2.003586240099419e-01
2.459397087851058e-01
2.987058712155168e-01
3.580425668748274e-01
4.223389517721587e-01
4.901374664549552e-01
5.592267067811975e-01
6.262272477145835e-01
6.877003815005051e-01
7.388978980096887e-01
8.115008514624816e-01
1.000000000000000e+00
1.000000000000000e+00
1.000000000000000e+00
1.000000000000000e+00
1.000000000000000e+00
1.000000000000000e+00
1.000000000000000e+00
1.000000000000000e+00
1.000000000000000e+00
1.000000000000000e+00
1.000000000000000e+00
###1.440000000000001e+01
-2.835322094068116e-06
-3.230195622716908e-08
2.956961694602873e-07
1.116679110992556e-06
4.450917759702642e-07
1.490230319442499e-07
6.742800567839627e-07
8.611502711919932e-07
7.312994739983706e-07
8.783586578092076e-07
1.289867375196564e-06
1.109453788890389e-06
1.331308138598560e-06
1.415367334424536e-06
1.512195118901694e-06
1.662451584558006e-06
1.771077778595167e-06
1.883578901368925e-06
2.043568242630466e-06
2.163110763941670e-06
2.320061398431328e-06
2.488330469550926e-06
2.684122080340455e-06
2.867098022678468e-06
3.074399989818439e-06
3.292282143648681e-06
3.531173595537616e-06
3.801629632972319e-06
4.103705161322300e-06
4.432321646543139e-06
4.793257052884729e-06
5.190940097525472e-06
5.639497481975017e-06
6.150129533611732e-06
6.733383465846827e-06
7.419621367164023e-06
8.186056337258346e-06
9.087901106985377e-06
1.013852203352153e-05
1.137539944296582e-05
1.285016502130382e-05
1.460528961994372e-05
1.671991252533523e-05
1.925962092340841e-05
2.234987091864095e-05
2.611322604464015e-05
3.062196600017751e-05
3.639853673553357e-05
4.344520888595404e-05
5.232928737709182e-05
6.357918962382335e-05
7.796836683230194e-05
9.663373878139403e-05
1.212431054380780e-04
1.537586635177413e-04
1.969771524018935e-04
2.538306197147398e-04
3.300974979514526e-04
4.342531801070943e-04
5.805258230138966e-04
7.941594240384143e-04
1.110341493504534e-03
1.578990452393763e-03
2.263244202759062e-03
3.238895533217530e-03
4.604544129728064e-03
6.498450677567807e-03
9.137918534776140e-03
1.280455660726211e-02
1.788906108694821e-02
2.482424247679593e-02
3.406402817157160e-02
4.612883922192972e-02
6.153953972128328e-02
8.087335168660512e-02
1.047319280295241e-01
1.336466550930362e-01
1.681930819572890e-01
2.085756160365368e-01
2.552658341935840e-01
3.089807168046244e-01
3.690799257095080e-01
4.338522017508481e-01
5.017254831597281e-01
5.703957849018313e-01
6.364348322825552e-01
6.964257418849499e-01
7.455877926319461e-01
8.156278983459371e-01
1.000000000000000e+00
1.000000000000000e+00
1.000000000000000e+00
1.000000000000000e+00
1.000000000000000e+00
1.000000000000000e+00
1.000000000000000e+00
1.000000000000000e+00
1.000000000000000e+00
1.000000000000000e+00
1.000000000000000e+00
###1.480000000000001e+01
-2.805721212364501e-06
-5.272146855681942e-08
2.405538146469831e-07
1.370892098655633e-06
4.632515975390671e-07
1.734512641530104e-07
7.070887719180109e-07
9.017306646058380e-07
7.747424185739566e-07
9.016230551485146e-07
1.323841763269610e-06
1.163808043194073e-06
1.387015966867940e-06
1.552807666151290e-06
1.586310429562070e-06
1.743703777240746e-06
1.861899776062049e-06
1.985022736304585e-06
2.155903259773173e-06
2.287973857956858e-06
2.457726919044878e-06
2.640163447387472e-06
2.849697871410725e-06
3.050245297387078e-06
3.273390807140545e-06
3.513214726867148e-06
3.768560856133099e-06
4.068152607394511e-06
4.395487393798063e-06
4.752367441647136e-06
5.145434694904255e-06
5.583056069700207e-06
6.065499031593064e-06
6.621213477103268e-06
7.256455823463742e-06
7.997471209886724e-06
8.832877165439538e-06
9.807901967140507e-06
1.094673237493202e-05
1.229046586266978e-05
1.388464663845576e-05
1.579231528807609e-05
1.808099688320799e-05
2.083959699381139e-05
2.419068202486940e-05
2.831503994657642e-05
3.327821568717965e-05
3.962981982158574e-05
4.739040862081885e-05
5.725886328923788e-05
6.977056812251036e-05
8.589511167566632e-05
1.068680786717730e-04
1.345600323184541e-04
1.712390296935841e-04
2.201407612101180e-04
2.849584853206861e-04
3.722770048727546e-04
4.917723427325512e-04
6.590203112228039e-04
9.010964798986541e-04
1.254230574222112e-03
1.771913421571088e-03
2.519787647112717e-03
3.580269267718622e-03
5.060469391003013e-03
7.107190730693995e-03
9.947475535599779e-03
1.387417260339163e-02
1.928391290287139e-02
2.661823845959152e-02
3.633798329011872e-02
4.898063357295948e-02
6.507560382180033e-02
8.518902502832328e-02
1.099450273359187e-01
1.398529432136809e-01
1.754621293453264e-01
2.169595105978955e-01
2.647306040169575e-01
3.193762789956688e-01
3.802007268953477e-01
4.454262026163154e-01
5.133101347813896e-01
5.815534399396725e-01
6.466156141212114e-01
7.051787216630452e-01
7.523594976739463e-01
8.200795152045804e-01
1.000000000000000e+00
1.000000000000000e+00
1.000000000000000e+00
1.000000000000000e+00
1.000000000000000e+00
1.000000000000000e+00
1.000000000000000e+00
1.000000000000000e+00
1.000000000000000e+00
1.000000000000000e+00
1.000000000000000e+00
###1.520000000000001e+01
-2.788202476468174e-06
-4.781358589935766e-08
2.590786502303358e-07
1.368264060009368e-06
4.868161301617843e-07
2.095691650185898e-07
7.567234660117782e-07
9.556537275136717e-07
8.226783081650930e-07
9.519490005661838e-07
1.355346354497862e-06
1.231974738701539e-06
1.447417618652089e-06
1.616870942187220e-06
1.660337221705645e-06
1.829009643605932e-06
1.958109277833672e-06
2.093236688253953e-06
2.273441187529592e-06
2.420305204368580e-06
2.608203980100776e-06
2.800710600464839e-06
3.025015190069028e-06
3.244166399913664e-06
3.486424205218323e-06
3.748302980873190e-06
4.026608720651364e-06
4.350586906118841e-06
4.705061263855412e-06
5.092332569738898e-06
5.519740438214599e-06
5.996208674379829e-06
6.519888258734355e-06
7.124617090127735e-06
7.812656494490759e-06
8.614384887254581e-06
9.521223537839414e-06
1.057836275478180e-05
1.181456808530825e-05
1.325494032168349e-05
1.499452743472157e-05
1.706813323283311e-05
1.955253972945960e-05
2.255618243246033e-05
2.620960565203694e-05
3.069879317594118e-05
3.616321781682534e-05
4.314179557403964e-05
5.172140800957082e-05
6.267509368054400e-05
7.659134758794656e-05
9.461411373949258e-05
1.181490111945896e-04
1.492913823657022e-04
1.906432725378757e-04
2.458120610363634e-04
3.194355765735303e-04
4.188776454123128e-04
5.551464190429962e-04
7.452188449082357e-04
1.017831899132087e-03
1.411366922401752e-03
1.982127702729184e-03
2.798730088970102e-03
3.950820179643803e-03
5.553507575231643e-03
7.761624671555094e-03
1.081356968896715e-02
1.501190452344802e-02
2.076120922352972e-02
2.850587003463936e-02
3.872121984994810e-02
5.195869482273195e-02
6.874335071223586e-02
8.966376695850471e-02
1.153273222120735e-01
1.462285260039409e-01
1.829152263578476e-01
2.255023295861080e-01
2.743373882952686e-01
3.299113368159582e-01
3.914423293891766e-01
4.570482664735672e-01
5.249696549480263e-01
5.927087710043462e-01
6.568502572311077e-01
7.138483746995523e-01
7.592550829238144e-01
8.245544679823731e-01
1.000000000000000e+00
1.000000000000000e+00
1.000000000000000e+00
1.000000000000000e+00
1.000000000000000e+00
1.000000000000000e+00
1.000000000000000e+00
1.000000000000000e+00
1.000000000000000e+00
1.000000000000000e+00
1.000000000000000e+00
###1.560000000000001e+01
-2.842156289051295e-06
-7.278012462615626e-09
2.787625714918570e-07
1.362316221707592e-06
5.123172643566749e-07
2.388049773367484e-07
7.918888178624469e-07
9.926158965628717e-07
8.714539301028772e-07
1.004076118247918e-06
1.401245424059041e-06
1.292959030532438e-06
1.513883531738665e-06
1.683809382605302e-06
1.755497104316277e-06
1.917993360107318e-06
2.057880276603314e-06
2.205514780037455e-06
2.395867953097467e-06
2.557962873911004e-06
2.759843465743193e-06
2.968395187465469e-06
3.208583297946954e-06
3.447188660033055e-06
3.709840390624671e-06
3.994432572366761e-06
4.298123687772613e-06
4.648479667692788e-06
5.031706628164633e-06
5.451240274013613e-06
5.915251582701022e-06
6.431902016377350e-06
7.001787434554948e-06
7.659593618119348e-06
8.404121862983700e-06
9.270478665528527e-06
1.025534671011187e-05
1.139908950878055e-05
1.273882437952619e-05
1.421187244583767e-05
1.618575229726157e-05
1.843537004421094e-05
2.113152700788013e-05
2.439195129207101e-05
2.838920686731284e-05
3.328099126312714e-05
3.929921179897634e-05
4.700178777135273e-05
5.645116166879897e-05
6.858277119536877e-05
8.410545100851970e-05
1.042413789245954e-04
1.306051868611044e-04
1.655561492540736e-04
2.120244843499243e-04
2.743134194196391e-04
3.575550715194163e-04
4.702914037539591e-04
6.248057789442107e-04
8.395258764792065e-04
1.145300638578507e-03
1.582550814329018e-03
2.210415333898141e-03
3.101571310440555e-03
4.352242271974459e-03
6.085530149717861e-03
8.465146882312750e-03
1.173784413745331e-02
1.622014330921816e-02
2.231920617844540e-02
3.049162680956081e-02
4.121960030352562e-02
5.505886141243056e-02
7.256108294429527e-02
9.429350240063751e-02
1.208785984994449e-01
1.527963175496845e-01
1.905521956076326e-01
2.342266598699445e-01
2.841001505960701e-01
3.405777998816220e-01
4.027622574665484e-01
4.687238734799652e-01
5.366622389693962e-01
6.038918250652281e-01
6.670520425892293e-01
7.225747096885757e-01
7.662247100149137e-01
8.290697143200564e-01
1.000000000000000e+00
1.000000000000000e+00
1.000000000000000e+00
1.000000000000000e+00
1.000000000000000e+00
1.000000000000000e+00
1.000000000000000e+00
1.000000000000000e+00
1.000000000000000e+00
1.000000000000000e+00
1.000000000000000e+00
