# NLO BK equation solver 0.0-dev build  (build Nov 18 2025 11:57:20)
# Initial condition: MV model, Q_s0^2 = 0.0896175 GeV^2, \gamma = 4.37275, coefficient of E inside Log is 1, x0=0.01, \Lambda_QCD = 0.241 GeV
# # LO Kernel RC:  Balitsky. NLO Kernel RC:  smallest dipole
# Nc=3, Nf=4
# Using RungeKutta method in K1
# Resumming double log
# Resumming single log, K_sub=0.65 resum rc: smallest
# BK K1 integration relative accuracy: 0.02# NLO BK as^2 terms: MC integration method: Vegas, points=1000000
# Kinematical constraint: none
# Target kinematical constraint: disabled

###1.000000000000000e-05
###1.160836920850890e+00
###100
###1.000000000000000e+00
###0.000000000000000e+00
1.589785493591051e-48
5.791068805098372e-48
2.109210089252340e-47
7.681047902198984e-47
2.796785589566425e-46
1.018203145363731e-45
3.706335218862100e-45
1.348926670381617e-44
4.908668346078591e-44
1.785948777985694e-43
6.496844282731499e-43
2.362991639093313e-42
8.593027967074727e-42
3.124298674428076e-41
1.135740274257186e-40
4.127845822645393e-40
1.499973455545267e-39
5.449503708021353e-39
1.979434388299411e-38
7.188420067926026e-38
2.609944358744189e-37
9.473962869306528e-37
3.438205054742578e-36
1.247465204307706e-35
4.524998481399659e-35
1.640961440846350e-34
5.949284068553484e-34
2.156322474283041e-33
7.813425709926139e-33
2.830374816583008e-32
1.024983352185139e-31
3.710697600770088e-31
1.342936492468871e-30
4.858604799897973e-30
1.757189639579524e-29
6.352887337864272e-29
2.295954871302503e-28
8.294479244463296e-28
2.995312043572392e-27
1.081223404215279e-26
3.901234956711807e-26
1.407001588055527e-25
5.072067074211962e-25
1.827532034099682e-24
6.581514914324003e-24
2.368963656347525e-23
8.522223216107980e-23
3.064073832214418e-22
1.100998421450352e-21
3.953703960166173e-21
1.418861180369137e-20
5.088406558284315e-20
1.823547970464458e-19
6.530297747535004e-19
2.336768528229877e-18
8.355097599260714e-18
2.984877169375942e-17
1.065433645089026e-16
3.799595408802187e-16
1.353772309811250e-15
4.818791735598567e-15
1.713573925299415e-14
6.087360186119460e-14
2.160269166434691e-13
7.658315722146865e-13
2.712078981366647e-12
9.594367994432257e-12
3.390641135661398e-11
1.197047375526133e-10
4.222064664541868e-10
1.487821783589436e-09
5.238748009245948e-09
1.843331122029290e-08
6.482440437795044e-08
2.278793419851288e-07
8.009147989218583e-07
2.814993985518524e-06
9.896533364876225e-06
3.481032364938130e-05
1.225366050019439e-04
4.317563824409731e-04
1.522725537579483e-03
5.371475008702720e-03
1.888983612665607e-02
6.542285040313478e-02
2.138289201806732e-01
5.757331844713254e-01
9.532461671383742e-01
9.999827499194338e-01
1.000000000000000e+00
1.000000000000000e+00
1.000000000000000e+00
1.000000000000000e+00
1.000000000000000e+00
1.000000000000000e+00
1.000000000000000e+00
1.000000000000000e+00
1.000000000000000e+00
1.000000000000000e+00
1.000000000000000e+00
###4.000000000000000e-01
4.332584553152625e-10
1.332778546206606e-10
-1.302098522665257e-10
7.451179265946535e-10
1.099837033239650e-11
-7.956433749383202e-11
1.254286145451028e-10
-9.282066080137912e-12
-7.946867699534122e-11
6.215338472649704e-11
3.272011329028516e-12
4.672134106587905e-11
1.816747916006850e-10
2.260016823776626e-11
5.600049558881059e-11
-1.810826095031557e-12
1.468083881627573e-11
2.693188085956296e-11
5.168058886614073e-11
1.244191541409275e-10
-1.227974283176407e-10
-3.924864106211209e-11
2.134039812388637e-11
4.872307798814476e-11
6.800134708167808e-11
1.336733356350809e-10
1.029555012490536e-10
1.063820237567625e-10
-6.879433377881802e-12
1.781291882782671e-10
2.350673979947019e-10
2.533670735130865e-10
3.949875787682448e-10
5.829734172250124e-10
7.030491922692960e-10
8.035608278182797e-10
1.235727305228602e-09
1.627973905263203e-09
2.232923346399356e-09
2.980111117199686e-09
3.871681876395305e-09
5.176752815438831e-09
6.914087655101696e-09
9.153296752544820e-09
1.202616606587828e-08
1.586175836067255e-08
2.071264264932658e-08
2.727311959369140e-08
3.562237619614791e-08
4.673326802740314e-08
6.102999506255245e-08
7.980651712205494e-08
1.040209613115117e-07
1.365956168080935e-07
1.788929797061496e-07
2.350379699321989e-07
3.099525080296850e-07
4.134378170297641e-07
5.572168138992786e-07
7.587434694332986e-07
1.044463702631711e-06
1.466700919349679e-06
2.087288867358227e-06
3.036795135075454e-06
4.380657984176938e-06
6.716394615811537e-06
1.021874768403205e-05
1.570724025606810e-05
2.431820645114002e-05
3.785963511091035e-05
5.890361977128189e-05
9.147297078337125e-05
1.422221069981129e-04
2.199431535101706e-04
3.401126399364715e-04
5.263291309540765e-04
8.154361582821324e-04
1.265716832350342e-03
1.980488053444781e-03
3.158489902901200e-03
5.242387968955794e-03
9.182671488121486e-03
1.752813546903247e-02
3.764196113586666e-02
9.134164677391972e-02
2.365813719659569e-01
5.566654557478513e-01
8.883827155777569e-01
9.621915525691560e-01
1.000000000000000e+00
1.000000000000000e+00
1.000000000000000e+00
1.000000000000000e+00
1.000000000000000e+00
1.000000000000000e+00
1.000000000000000e+00
1.000000000000000e+00
1.000000000000000e+00
1.000000000000000e+00
1.000000000000000e+00
###8.000000000000000e-01
4.959736485460064e-10
6.749360527469007e-10
-4.495719758038350e-10
2.471073795628328e-09
-6.230500592383887e-09
1.956998839294997e-09
3.050279993418407e-10
-1.823992370600691e-09
3.659432378752153e-10
-3.963982762809288e-10
-1.000778190548589e-10
9.651800137391788e-10
1.230222001491115e-10
1.312333294720366e-10
-1.200665816347756e-09
-7.560524023542711e-10
2.342584699600235e-10
2.915900669787612e-10
3.505983636193871e-10
4.332056423458412e-10
2.230145636742376e-11
1.270884512590161e-10
2.443519136603856e-10
-1.057817842003681e-10
2.933265476686116e-10
1.781678174905170e-10
3.452875493022566e-10
-4.047925082988830e-10
5.973233902754129e-10
7.997869275010552e-10
9.095993091517882e-10
1.102165774178269e-09
1.215561138115864e-09
1.869048011670517e-09
1.826804682956117e-09
2.838548640883835e-09
3.526763877409936e-09
4.641955097930538e-09
6.191687844698318e-09
8.175680216096505e-09
1.096373851260509e-08
1.386708096386877e-08
1.798752761851586e-08
2.365114088811831e-08
3.058425650955928e-08
3.954136347287614e-08
5.088562577791281e-08
6.567984504056928e-08
8.405628996866108e-08
1.077797897449422e-07
1.369602893329748e-07
1.739615773224914e-07
2.186992090037901e-07
2.768396401008007e-07
3.478794791730633e-07
4.364725706015931e-07
5.500831865742684e-07
7.012291905302032e-07
8.966825948931643e-07
1.173884278026213e-06
1.574998277015127e-06
2.179273486982017e-06
3.135422017359296e-06
4.717525839698426e-06
7.210092093196704e-06
1.160185013065781e-05
1.892211100714456e-05
3.110353270975650e-05
5.096527846944769e-05
8.320265805072451e-05
1.336659601448713e-04
2.114946754000504e-04
3.314555479571563e-04
5.136075171358341e-04
7.898756196221670e-04
1.208843368550468e-03
1.843827247196956e-03
2.800662754914749e-03
4.257132964176392e-03
6.567650827622587e-03
1.042116350002801e-02
1.709209433617410e-02
2.950168819062775e-02
5.522660665467718e-02
1.143861703776840e-01
2.555877059371670e-01
5.405190184233396e-01
8.343924777790738e-01
9.274959943237451e-01
1.000000000000000e+00
1.000000000000000e+00
1.000000000000000e+00
1.000000000000000e+00
1.000000000000000e+00
1.000000000000000e+00
1.000000000000000e+00
1.000000000000000e+00
1.000000000000000e+00
1.000000000000000e+00
1.000000000000000e+00
###1.200000000000000e+00
-3.065397832682944e-09
-4.589906772827017e-10
-3.018268572550828e-09
1.531941500320390e-09
-6.149122798052154e-09
-4.302552966361808e-09
-9.883472889835620e-10
-1.488721647728329e-09
1.316947574379930e-09
3.032700415033583e-10
-5.399702289894274e-11
1.373535268327824e-09
1.296339712423706e-09
7.738017597799779e-10
-1.408565576462168e-09
-6.777313641463550e-10
-4.443935550089842e-10
7.657619815081397e-10
1.806540010500080e-09
-8.139110412391957e-10
9.065752469330281e-10
-1.625859287854413e-10
8.744119587249690e-10
7.226532215736959e-10
-7.590550490667277e-12
1.017221940197000e-09
1.244463403355096e-09
9.027159904540473e-10
2.930761792296280e-09
1.517663270263374e-09
2.304887293364712e-09
2.731582881248758e-09
3.510850963105063e-09
4.548223430878811e-09
4.765663486121769e-09
6.684314824610597e-09
8.076472171376493e-09
1.017811318001592e-08
1.292465298099848e-08
1.732118566917990e-08
2.228689959671337e-08
2.930484089410268e-08
3.692082984571582e-08
4.731524774949207e-08
6.005430405057616e-08
7.660394870113614e-08
9.764210899055199e-08
1.232758106878249e-07
1.527457941705041e-07
1.899922188265793e-07
2.336504598948549e-07
2.742946099706188e-07
3.382154090082591e-07
4.006768614310213e-07
4.662464597424372e-07
5.275754619933991e-07
5.898536839129281e-07
6.379948784835132e-07
6.680924323385423e-07
7.298317497028849e-07
7.858413809910313e-07
9.804036545582878e-07
1.489839648907232e-06
2.744538141460336e-06
5.305001668685117e-06
1.082117455532872e-05
2.131453309761371e-05
4.032506360710211e-05
7.372197384840102e-05
1.299736014786331e-04
2.190072367361922e-04
3.567010265440825e-04
5.665273659463372e-04
8.823252972307020e-04
1.353467216832325e-03
2.052070938379794e-03
3.091758674017055e-03
4.616694607870828e-03
6.874486208076156e-03
1.035638433019721e-02
1.596999971157766e-02
2.528588708609877e-02
4.140066863317667e-02
7.189734702842533e-02
1.351818604131594e-01
2.718184014781589e-01
5.271086525709755e-01
7.894015334887565e-01
8.960677445636349e-01
1.000000000000000e+00
1.000000000000000e+00
1.000000000000000e+00
1.000000000000000e+00
1.000000000000000e+00
1.000000000000000e+00
1.000000000000000e+00
1.000000000000000e+00
1.000000000000000e+00
1.000000000000000e+00
1.000000000000000e+00
###1.600000000000000e+00
2.807728643241820e-08
-4.936064556646863e-09
1.610795561255422e-09
1.840836598158748e-09
-1.929647050493645e-09
8.194571222485091e-09
2.289466327683268e-09
-1.608599086797339e-09
-7.827822130693867e-09
1.948481012554712e-10
2.095802671276325e-08
5.399647543759751e-09
7.085262568395304e-09
1.586601692893102e-08
-6.504124005980977e-10
3.448698458353185e-09
6.314387919841235e-09
1.027224685151212e-08
1.188904121940100e-08
1.016480279821522e-08
5.389993338827797e-09
3.484817569126849e-09
5.162186499711875e-09
3.471592432622884e-09
4.052381841890964e-09
3.216345416466733e-09
6.830698073039382e-09
5.189254291547788e-09
7.107475235419132e-09
6.819042978498975e-09
6.879371152819484e-09
7.857718112045968e-09
1.343684874975406e-08
1.243517623145286e-08
1.256585599802865e-08
1.506247969035559e-08
1.821704757426915e-08
2.214175532377623e-08
2.789681343560105e-08
3.333937653846723e-08
4.283898022444152e-08
5.591395350040923e-08
6.813516839830126e-08
8.675170124839341e-08
1.063031604443411e-07
1.341264340570490e-07
1.691223576274289e-07
2.072574623795742e-07
2.484803454665664e-07
3.029368644207624e-07
3.541510268833159e-07
3.978120891620459e-07
4.620583532868839e-07
4.948958537557780e-07
5.038579962733009e-07
4.468338999492651e-07
3.327559747497936e-07
8.871670436212572e-08
-3.850714979378389e-07
-9.920056000747026e-07
-1.911583168257211e-06
-2.992109696204212e-06
-4.060456503173994e-06
-4.480070980868140e-06
-3.393224481481679e-06
2.476588157212750e-06
1.472700640958323e-05
4.027967083315199e-05
8.892490916265078e-05
1.736718951774897e-04
3.115066541598194e-04
5.253166529990874e-04
8.481122538523008e-04
1.325775846706185e-03
2.030963602677172e-03
3.059162046089785e-03
4.564281784638519e-03
6.720160622129366e-03
9.835852733477880e-03
1.453214583719775e-02
2.193864280621543e-02
3.379480347878228e-02
5.330977891221354e-02
8.788855285220577e-02
1.542616122808587e-01
2.860873857245812e-01
5.162320689581319e-01
7.521777492730715e-01
8.681209636130773e-01
1.000000000000000e+00
1.000000000000000e+00
1.000000000000000e+00
1.000000000000000e+00
1.000000000000000e+00
1.000000000000000e+00
1.000000000000000e+00
1.000000000000000e+00
1.000000000000000e+00
1.000000000000000e+00
1.000000000000000e+00
###2.000000000000000e+00
5.145215446023478e-08
-1.272337637620214e-08
-3.362365796271494e-09
1.086158105709340e-09
-7.499728686072620e-09
-1.212708703252569e-08
1.807151046937554e-09
5.208728966476218e-09
-8.249216634845800e-09
-2.167179433635837e-08
1.926986110232243e-08
6.370147506821001e-09
2.536568791706038e-08
1.632925769607822e-08
6.419822548845436e-10
1.375718400005949e-08
9.079758567099009e-09
1.390391428180925e-08
1.172270078114437e-08
1.322055981205459e-08
7.616996557543299e-09
4.812903590662445e-09
7.008425187791826e-09
4.836706817969305e-09
5.523676110710505e-09
3.961590339010215e-09
1.013815126849232e-08
5.800175834447620e-09
1.040668744571858e-08
7.815386732597903e-09
1.160079294881447e-08
1.076073510042714e-08
1.794770941243289e-08
1.941412296803427e-08
1.934609517087590e-08
2.589320255177744e-08
2.873320357304543e-08
3.872773782309751e-08
4.365089849070164e-08
5.672877245696903e-08
7.106697937870345e-08
8.962773590815691e-08
1.101784412159388e-07
1.395781221094091e-07
1.699671625108707e-07
2.130058305284325e-07
2.619271717827327e-07
3.177641811474165e-07
4.015425802986015e-07
4.417843708047419e-07
5.045221480920400e-07
5.533017008047694e-07
5.895903843790059e-07
5.681475884342492e-07
4.767277510745076e-07
2.503964140550037e-07
-1.518951680303096e-07
-1.012583691672942e-06
-2.311106439303652e-06
-4.137640472242113e-06
-6.752713799414722e-06
-1.010359248000639e-05
-1.410744628470413e-05
-1.778902678301585e-05
-1.961116957213007e-05
-1.453301841258385e-05
4.503657148578651e-06
3.525696921087595e-05
9.778293612882953e-05
2.155028576353954e-04
4.118869439946900e-04
7.183680933882210e-04
1.177513491086385e-03
1.847557815346876e-03
2.824579273475558e-03
4.233581655116043e-03
6.254341242350197e-03
9.105794090905197e-03
1.313891840978910e-02
1.908381302342843e-02
2.830975012878823e-02
4.262241828770191e-02
6.528839899710115e-02
1.033853453859336e-01
1.720033194971707e-01
2.990193865698233e-01
5.078253921429563e-01
7.215984030470051e-01
8.439239452899800e-01
1.000000000000000e+00
1.000000000000000e+00
1.000000000000000e+00
1.000000000000000e+00
1.000000000000000e+00
1.000000000000000e+00
1.000000000000000e+00
1.000000000000000e+00
1.000000000000000e+00
1.000000000000000e+00
1.000000000000000e+00
###2.400000000000000e+00
1.273420456561289e-08
-6.189127960234331e-09
6.565808332375315e-09
3.969258184204912e-08
-2.093922044819339e-08
-1.198291843499756e-08
-1.062624501788103e-08
3.661338890085980e-08
-3.013122992082038e-08
-2.951518727392971e-08
1.272040965917520e-08
1.376834682305076e-08
3.871906001080622e-08
2.143440500418314e-08
-5.957498633947205e-09
1.521257704773011e-08
1.058503879183934e-08
1.303939106600591e-08
1.517242449034907e-08
1.455901756461650e-08
1.173742374476182e-08
1.241897391530692e-08
2.049735082154537e-10
1.148299413067349e-08
1.339973334221303e-08
8.292667322988560e-09
1.808196532459328e-08
1.301064972595364e-08
1.660862451706335e-08
1.706977635811626e-08
1.783390551179660e-08
1.783518070520066e-08
2.557772164900588e-08
3.015533698770945e-08
3.017239493523139e-08
3.711634761405619e-08
4.375939704986730e-08
5.576848093386011e-08
6.646834961119027e-08
8.625081503671721e-08
1.088739001156412e-07
1.360242670777533e-07
1.653190787163439e-07
2.109900048660297e-07
2.575685902616926e-07
3.192424163978102e-07
3.859459166740582e-07
4.667564002591701e-07
5.635146448605635e-07
6.252844346557651e-07
6.953243866516339e-07
7.463032209513931e-07
7.430204812943858e-07
6.565003516948762e-07
4.455546342712213e-07
-8.983813668816727e-09
-9.598402097840397e-07
-2.617975871385513e-06
-5.077741503927699e-06
-8.585886490527380e-06
-1.360477403538284e-05
-2.019417213289800e-05
-2.821333304740367e-05
-3.637386134431952e-05
-4.242338243540057e-05
-3.936500330495417e-05
-1.388131183778998e-05
5.533898081571272e-05
1.315099078952392e-04
2.682006969853867e-04
5.306657761008790e-04
9.414536676089293e-04
1.558611147934999e-03
2.454227864233601e-03
3.737051326533904e-03
5.570272392899416e-03
8.161781680015500e-03
1.176174545702171e-02
1.676690291520842e-02
2.401227672492729e-02
3.504067262194799e-02
5.178287168836881e-02
7.733033929174493e-02
1.185270523621500e-01
1.887779232372594e-01
3.111145556683080e-01
5.017682310535224e-01
6.968932678932185e-01
8.233988506579091e-01
1.000000000000000e+00
1.000000000000000e+00
1.000000000000000e+00
1.000000000000000e+00
1.000000000000000e+00
1.000000000000000e+00
1.000000000000000e+00
1.000000000000000e+00
1.000000000000000e+00
1.000000000000000e+00
1.000000000000000e+00
###2.800000000000000e+00
-5.906291910850135e-07
1.599692948895959e-07
-4.483938171460955e-10
2.652277667970364e-08
-1.994992036073591e-08
2.374559734499642e-09
-1.351903181804399e-08
4.221770351225470e-08
-2.280941767285882e-08
-3.620113349854911e-08
2.264324688716359e-08
3.601450318664953e-08
4.901054394012242e-08
9.310940066049003e-09
-2.106751310567997e-08
2.751884378733243e-08
1.825687802505356e-08
3.029025767070257e-08
2.471281883232492e-08
2.420953040502217e-08
2.261193454764668e-08
2.718333592137921e-08
1.343838462208601e-08
2.372431536483313e-08
2.647501281672311e-08
1.807035551865737e-08
2.951118313763541e-08
2.477580084589853e-08
2.719270934482666e-08
4.282307376084547e-08
3.129694549464784e-08
3.232578950733145e-08
4.248104940303299e-08
5.108313695903106e-08
5.285237479932899e-08
6.069924723411565e-08
7.308907148235770e-08
8.825053291715139e-08
1.111811614959551e-07
1.294324781528610e-07
1.571491739611876e-07
2.019170459140486e-07
2.451081400133101e-07
3.081969840125616e-07
3.743382735481755e-07
4.560092268769818e-07
5.504545678015082e-07
6.499119467776934e-07
7.742726199905558e-07
8.621191158030730e-07
9.460612680750816e-07
1.008807387379900e-06
9.849249273648817e-07
9.416317266468773e-07
6.631663765120847e-07
-3.208832360679818e-07
-1.871056938231011e-06
-4.481675100900596e-06
-8.366539912794863e-06
-1.398529734043557e-05
-2.173639857592144e-05
-3.213423318095057e-05
-4.496246394762508e-05
-5.954274099490632e-05
-6.876078450097193e-05
-6.630957351706239e-05
-2.791993784281876e-05
1.252145958120720e-04
2.091313782073723e-04
3.435543643728629e-04
6.767268011777695e-04
1.205556753611036e-03
1.999539459542642e-03
3.145344434983998e-03
4.773353353077750e-03
7.070139014806917e-03
1.027506955057373e-02
1.468289692182862e-02
2.070480283960512e-02
2.929321405745540e-02
4.212983638974625e-02
6.122190649987206e-02
8.946899479677356e-02
1.333623481982391e-01
2.048336941543029e-01
3.226519446731757e-01
4.978585312708342e-01
6.773694197689684e-01
8.063805078804364e-01
1.000000000000000e+00
1.000000000000000e+00
1.000000000000000e+00
1.000000000000000e+00
1.000000000000000e+00
1.000000000000000e+00
1.000000000000000e+00
1.000000000000000e+00
1.000000000000000e+00
1.000000000000000e+00
1.000000000000000e+00
###3.200000000000000e+00
-6.828730715848213e-07
1.672706054869726e-07
2.428123762226224e-08
1.207289885290897e-08
-2.633646946526656e-08
-2.223658676636316e-08
-9.732989858950170e-09
5.792332326814573e-08
5.185970809017154e-09
-1.987074606898555e-08
3.244353934900737e-08
5.055547154198770e-08
4.819391375315395e-08
-6.086580184162671e-09
8.071249123881181e-09
6.023035226799541e-08
4.985247033982504e-08
4.847018404881638e-08
3.879037696410056e-08
4.107364139285995e-08
4.237475810421338e-08
3.282652767158660e-08
2.601370572105040e-08
4.785388974776080e-08
4.300887451287630e-08
3.581776021016475e-08
4.710134688572071e-08
4.672103354263068e-08
5.937571327634389e-08
5.933213497918504e-08
5.208259947320899e-08
5.995321760736638e-08
6.781414290210503e-08
8.221987905433341e-08
8.100969111465564e-08
9.403516072483033e-08
1.096894688834092e-07
1.295283596803307e-07
1.623170788516475e-07
1.932913387037667e-07
2.323482362437649e-07
2.884439441396773e-07
3.474665994361309e-07
4.264226480922720e-07
5.240877969898258e-07
6.338594889876015e-07
7.642955606070748e-07
9.006892542703549e-07
1.049887509436543e-06
1.187765426361744e-06
1.297208912219901e-06
1.374117405167721e-06
1.377520064896331e-06
1.466827649965967e-06
1.235146342326226e-06
-4.014077779028878e-07
-2.604715221491663e-06
-6.205740116713575e-06
-1.153277167531565e-05
-1.913017271226581e-05
-2.985237186200229e-05
-4.426591997443563e-05
-6.123119520276900e-05
-8.030964339968194e-05
-9.149717834703813e-05
-8.338384293788037e-05
-1.413883178385125e-05
3.281144204057607e-04
3.961751994550121e-04
4.745739149855053e-04
8.768155168052943e-04
1.531897631470378e-03
2.520557849998120e-03
3.940064792272715e-03
5.942799954214509e-03
8.740396424495053e-03
1.261308272472710e-02
1.785750086098168e-02
2.494255084344283e-02
3.490156119068714e-02
4.955528910070074e-02
7.091832251608031e-02
1.017228884095845e-01
1.480245828690195e-01
2.203243983235157e-01
3.339857972318624e-01
4.959963421724295e-01
6.623573181372474e-01
7.924973579441389e-01
1.000000000000000e+00
1.000000000000000e+00
1.000000000000000e+00
1.000000000000000e+00
1.000000000000000e+00
1.000000000000000e+00
1.000000000000000e+00
1.000000000000000e+00
1.000000000000000e+00
1.000000000000000e+00
1.000000000000000e+00
###3.600000000000000e+00
-6.757846981490936e-07
9.786450949095249e-08
3.111480350712016e-08
2.279675029640527e-08
-4.047019830880078e-08
-2.383293639550855e-08
-2.155632597441144e-08
3.745792065764489e-09
1.590481671449166e-08
-1.602271912174819e-08
1.185018783277509e-07
6.888844702333771e-08
7.694414447329881e-08
9.794860158024453e-09
4.638523128336364e-08
7.172661530625310e-08
6.624601446434060e-08
6.641004987693713e-08
5.560528679184808e-08
5.807980539284407e-08
6.283199910452029e-08
4.914143302335010e-08
1.860329922747280e-08
6.756951138577927e-08
6.420457004145354e-08
5.642711332110359e-08
6.977251979478725e-08
6.980288286516606e-08
8.238493756975150e-08
7.978698503232330e-08
7.976348673701671e-08
8.251983657511371e-08
9.851417809913888e-08
1.142890461646868e-07
1.182609713458345e-07
1.313570932961155e-07
1.597991013549604e-07
1.811445872449448e-07
2.233051725766322e-07
2.641610749332711e-07
3.167173809487961e-07
3.763498018585453e-07
4.677726730052126e-07
5.716859554173587e-07
6.867836297789679e-07
8.432640034814468e-07
1.007972011524305e-06
1.189111753314722e-06
1.390474934220438e-06
1.577304444669080e-06
1.725592107377628e-06
1.760294855716149e-06
1.913089016278135e-06
2.342242989762835e-06
2.397283281175719e-06
-3.773791722078000e-07
-3.246268179004178e-06
-7.893284385947138e-06
-1.472792417821470e-05
-2.452588328611387e-05
-3.823998589370098e-05
-5.653699405444026e-05
-7.784111866113142e-05
-1.004596058450596e-04
-1.118269465998296e-04
-9.129503519095872e-05
4.751382638634120e-05
5.316347251194229e-04
5.693447082558441e-04
6.298752174002670e-04
1.107090615997932e-03
1.906838322933219e-03
3.104496695712387e-03
4.820381499039434e-03
7.230688405116302e-03
1.056043507684386e-02
1.512574820697989e-02
2.126061142083220e-02
2.943725964912662e-02
4.079322150112835e-02
5.724933521361436e-02
8.081557529396848e-02
1.140201822647317e-01
1.624581536069492e-01
2.353308949425358e-01
3.451231892708272e-01
4.959463052366129e-01
6.511122386082582e-01
7.815118663787515e-01
1.000000000000000e+00
1.000000000000000e+00
1.000000000000000e+00
1.000000000000000e+00
1.000000000000000e+00
1.000000000000000e+00
1.000000000000000e+00
1.000000000000000e+00
1.000000000000000e+00
1.000000000000000e+00
1.000000000000000e+00
###4.000000000000000e+00
-6.709100158496291e-07
8.614604051263790e-08
9.604665688172425e-08
5.717423414511478e-08
-3.987799642604522e-08
1.156733148643343e-08
-5.758928900044982e-08
6.816966832525001e-09
2.548550732198466e-08
4.229091988980730e-09
1.643840443567975e-07
1.973111324307979e-08
1.110064934056326e-07
2.707744644774733e-08
6.382702762798493e-08
8.799323354861715e-08
7.564357412155070e-08
7.936898744301069e-08
7.060459477155944e-08
7.486590208104436e-08
7.933623835745889e-08
7.003909230951907e-08
3.886199910027670e-08
8.575882143440218e-08
8.215215604390586e-08
9.021071376880391e-08
9.040292611493337e-08
9.312084784503051e-08
1.048071672384657e-07
1.071197117041619e-07
1.030333902221567e-07
1.112226921862011e-07
1.315907241417049e-07
1.404676943898748e-07
1.560600057141444e-07
1.796285252623999e-07
2.125054255666439e-07
2.351216137597903e-07
2.867594626337041e-07
3.420949519971224e-07
4.037264052099680e-07
4.861304355274480e-07
6.016778176650853e-07
7.343229860345640e-07
8.826884313841055e-07
1.074072914338072e-06
1.285522411362357e-06
1.517002446075259e-06
1.764443816626731e-06
2.012883555652497e-06
2.171390335643922e-06
2.276435903915186e-06
2.584840765716838e-06
3.605008907438405e-06
4.201052610987384e-06
2.955158948412987e-08
-3.809602890492998e-06
-9.649291788289049e-06
-1.823084875280430e-05
-3.051835870743342e-05
-4.741609030576504e-05
-6.982630361709321e-05
-9.568298376093373e-05
-1.219610632974829e-04
-1.312849207888897e-04
-8.998281474416087e-05
1.978466380076795e-04
6.255648569128396e-04
6.118306229626098e-04
7.613955085501050e-04
1.335093340557139e-03
2.297428503604087e-03
3.723377353264660e-03
5.761934744968587e-03
8.604619009786591e-03
1.249114928058681e-02
1.779100125361719e-02
2.483752784616059e-02
3.412607094151039e-02
4.692302894366899e-02
6.515069742813707e-02
9.087146928448030e-02
1.263373073446231e-01
1.767022965174061e-01
2.500231784205169e-01
3.561795358883291e-01
4.973569698403679e-01
6.428838908791046e-01
7.728746168196582e-01
1.000000000000000e+00
1.000000000000000e+00
1.000000000000000e+00
1.000000000000000e+00
1.000000000000000e+00
1.000000000000000e+00
1.000000000000000e+00
1.000000000000000e+00
1.000000000000000e+00
1.000000000000000e+00
1.000000000000000e+00
###4.399999999999999e+00
-7.198005903913735e-07
5.237294890644191e-08
3.539886558066221e-07
7.654554783197133e-08
-3.561469022810193e-08
5.495982865436717e-08
-1.753547803172650e-08
4.654250087649986e-08
5.691430731882008e-08
2.661674909706460e-08
1.696634884436866e-07
3.546158402972666e-08
1.438010055762633e-07
2.376746993373609e-07
9.630658096345846e-08
1.363024845117446e-07
1.101551387893991e-07
1.206518121832021e-07
1.155606998301518e-07
1.108593721404363e-07
1.134120565610756e-07
1.127788733133130e-07
8.307029350111734e-08
1.302850874755535e-07
1.205733322553105e-07
1.271906837070855e-07
1.282611899480773e-07
1.245806627032688e-07
1.491097679456777e-07
1.518278975063042e-07
1.522378218418237e-07
1.633893263993647e-07
1.866544671892973e-07
2.013427461076760e-07
2.202587676812676e-07
2.480043915353964e-07
2.897571161614050e-07
3.177087676494693e-07
3.823814556652532e-07
4.508684155545581e-07
5.327273497825594e-07
6.360567424624071e-07
7.846442374770598e-07
9.424580836110292e-07
1.118820323179638e-06
1.369386001535153e-06
1.633646994691291e-06
1.932977124375738e-06
2.258791240311269e-06
2.570790138219445e-06
2.830882924273618e-06
2.994408131341024e-06
3.380355114942245e-06
4.352897696720010e-06
5.086314729387714e-06
1.466188019724567e-06
-3.201437321884482e-06
-9.637594140065395e-06
-1.916942111910698e-05
-3.266261780642544e-05
-5.079664798060351e-05
-7.437333426895079e-05
-9.975543814632857e-05
-1.205317882555682e-04
-1.098365284069667e-04
-3.929316626809935e-07
6.844005588675344e-04
1.003178297817588e-03
7.933773898144189e-04
9.990970361937813e-04
1.666397397633369e-03
2.799574414607234e-03
4.467180874208228e-03
6.840640937861516e-03
1.013094489361480e-02
1.461172186632373e-02
2.065393088758256e-02
2.863933017952388e-02
3.910425861847711e-02
5.329755217315597e-02
7.330775804335359e-02
1.011140356331438e-01
1.386351270155578e-01
1.907958761699960e-01
2.644142553650018e-01
3.673071307526735e-01
5.002813374621626e-01
6.371026326233706e-01
7.664764434793525e-01
1.000000000000000e+00
1.000000000000000e+00
1.000000000000000e+00
1.000000000000000e+00
1.000000000000000e+00
1.000000000000000e+00
1.000000000000000e+00
1.000000000000000e+00
1.000000000000000e+00
1.000000000000000e+00
1.000000000000000e+00
###4.800000000000000e+00
-6.895030796032336e-07
4.782786759802987e-08
3.837432472341079e-07
8.791730132130376e-08
-1.193855142363078e-08
1.906403238756551e-07
1.356861524611985e-07
7.429335648061827e-08
1.005992341275896e-07
4.383884987128373e-08
1.866702928583664e-07
1.641013271675336e-07
1.913669149804298e-07
2.524013194791479e-07
1.120280843163783e-07
1.625664000106794e-07
1.880393992942970e-07
1.403784759125255e-07
1.719097723877253e-07
1.625163574649542e-07
1.542045263399662e-07
1.548513716551432e-07
1.330925954712960e-07
1.711419250238484e-07
1.624607990244750e-07
1.740816844069247e-07
1.701056498377993e-07
1.773103164175979e-07
2.039192017069064e-07
2.017915059341785e-07
2.087902861929080e-07
2.230330301889207e-07
2.414499078897744e-07
2.660141000918297e-07
2.970944310466533e-07
3.248208547524466e-07
3.781367044600538e-07
4.153019931218895e-07
4.903797654625345e-07
5.757438826998979e-07
6.806365837528412e-07
7.995818749953997e-07
9.782257781634063e-07
1.166050773233397e-06
1.373681407757255e-06
1.675810826965466e-06
1.996250321276138e-06
2.347830271027484e-06
2.750584600345033e-06
3.119676403551643e-06
3.455179001536979e-06
3.659593120652395e-06
4.130717679215580e-06
5.063357432058130e-06
6.444123377666425e-06
3.714044040216667e-06
-2.984141372291741e-06
-1.060609997658597e-05
-2.178325306519552e-05
-3.754520843599067e-05
-5.824227049029195e-05
-8.493056247218596e-05
-1.126687347739693e-04
-1.319815223949123e-04
-1.059227563169073e-04
1.041298027822403e-04
7.681427639380998e-04
1.004170495284134e-03
8.753465006079235e-04
1.167968004531137e-03
1.964888455891118e-03
3.281011904703176e-03
5.211039446783350e-03
7.941153502518592e-03
1.170830286217958e-02
1.679332714066116e-02
2.361605902418904e-02
3.255911612518676e-02
4.420081018628010e-02
5.981702137675653e-02
8.156134009431658e-02
1.113449770899666e-01
1.508632762422117e-01
2.046356580412635e-01
2.784135880547765e-01
3.784106772762063e-01
5.041928901439611e-01
6.338561961075592e-01
7.619156727930103e-01
1.000000000000000e+00
1.000000000000000e+00
1.000000000000000e+00
1.000000000000000e+00
1.000000000000000e+00
1.000000000000000e+00
1.000000000000000e+00
1.000000000000000e+00
1.000000000000000e+00
1.000000000000000e+00
1.000000000000000e+00
###5.200000000000000e+00
-8.107938056584706e-07
5.891067939573711e-08
3.167535686873472e-07
9.150932415506205e-08
2.097081821909556e-09
1.867226365581981e-07
1.602577365407373e-07
9.548221720843882e-08
1.396875096357875e-07
8.940609038512972e-08
2.144511576958433e-07
2.266637028449459e-07
2.062695023005712e-07
2.733649706319407e-07
1.455609777091126e-07
1.738630805686424e-07
2.177680160859358e-07
1.723623924008330e-07
2.018057498623803e-07
1.919353318257682e-07
1.854092401696376e-07
1.907061968744799e-07
1.757345576600768e-07
2.214422243646359e-07
2.020251900509098e-07
2.117631358287501e-07
2.079479512088847e-07
2.212191887431308e-07
2.488034281046628e-07
2.461424304783319e-07
2.589464974201933e-07
2.715993520364321e-07
3.013410249274218e-07
3.276906967241434e-07
3.669122076510142e-07
4.025746170739417e-07
4.640720629288508e-07
5.124507529684345e-07
6.190843129560411e-07
7.060704175051548e-07
8.295712477249377e-07
9.830130651141731e-07
1.190248466382063e-06
1.418756434960655e-06
1.674224891086331e-06
2.028606961065389e-06
2.426866452189752e-06
2.869814681638232e-06
3.369107450780782e-06
3.869605776105495e-06
4.329528866545208e-06
4.747935566761624e-06
5.483034185379188e-06
6.742929079063708e-06
9.958165885499486e-06
9.343514031659811e-06
-2.575995432966443e-07
-8.803654529805767e-06
-2.070330009653929e-05
-3.714793459891273e-05
-5.811377908006479e-05
-8.397189182979045e-05
-1.072272746824805e-04
-1.110726088473867e-04
-3.359034214517966e-05
4.879876243939552e-04
1.040021468827579e-03
1.072230896549699e-03
1.029782288979632e-03
1.410824414756032e-03
2.335873301617834e-03
3.846206626963759e-03
6.047163511125293e-03
9.153312588792045e-03
1.340401684183232e-02
1.911421549627567e-02
2.672988363510852e-02
3.665593968316126e-02
4.947571443536069e-02
6.651341924843980e-02
8.994460262428225e-02
1.216445877121500e-01
1.630672788289509e-01
2.182523560889786e-01
2.920076567050198e-01
3.895719424935910e-01
5.090193858994816e-01
6.323862947401796e-01
7.589894699252041e-01
1.000000000000000e+00
1.000000000000000e+00
1.000000000000000e+00
1.000000000000000e+00
1.000000000000000e+00
1.000000000000000e+00
1.000000000000000e+00
1.000000000000000e+00
1.000000000000000e+00
1.000000000000000e+00
1.000000000000000e+00
###5.600000000000001e+00
-8.129347326010461e-07
-1.199510676016777e-07
3.277497442717783e-07
8.250992883405626e-08
2.336554154542165e-08
2.089022019875445e-07
1.874538879128123e-07
1.231161673077764e-07
7.522004578324618e-08
7.908103530927386e-08
2.106683427914683e-07
2.309596202173327e-07
2.179526325561425e-07
3.026044985641924e-07
1.680303430218696e-07
1.685585612151028e-07
2.358568146697014e-07
1.966096827231198e-07
2.245660177036780e-07
2.145119709376831e-07
2.101701039924988e-07
2.153432061833132e-07
2.067883563135467e-07
2.488048560173798e-07
2.277441663071425e-07
2.437254961411031e-07
2.399303095606283e-07
2.564014907089093e-07
2.787935275719610e-07
2.868509937631892e-07
3.053389803581393e-07
3.136901042176625e-07
3.501584874028153e-07
3.856166962546780e-07
4.269560120988229e-07
4.727872221599973e-07
5.465512528491390e-07
6.043677460296577e-07
7.256185219820551e-07
8.329795435601873e-07
9.756987878475500e-07
1.152953075009081e-06
1.393168308567453e-06
1.655454483269472e-06
1.959083488648533e-06
2.368595568544547e-06
2.832761437925833e-06
3.346027993636981e-06
3.924835313090097e-06
4.528432431996713e-06
5.090909954741559e-06
5.628398666684893e-06
6.455747543602999e-06
7.802305482618557e-06
1.083480297857590e-05
1.104540153238944e-05
2.426803308431196e-06
-7.758654085550978e-06
-2.078839943556973e-05
-3.831822938966211e-05
-5.993971152914431e-05
-8.541174027086940e-05
-1.048159537699319e-04
-9.283771915598047e-05
5.968708243925357e-05
6.649103868299644e-04
1.111609257386976e-03
1.117755118668905e-03
1.162935199742990e-03
1.651498560643922e-03
2.719665893339639e-03
4.433241548423986e-03
6.923269243424568e-03
1.041218377067166e-02
1.516241721293042e-02
2.152568197115637e-02
2.995121841639836e-02
4.086342381661628e-02
5.485918396728211e-02
7.332389375120348e-02
9.842838402991261e-02
1.319543312856735e-01
1.751665985567347e-01
2.316246809537084e-01
3.054373162896113e-01
4.005254833090682e-01
5.145875343956949e-01
6.322522873925515e-01
7.567810508496996e-01
1.000000000000000e+00
1.000000000000000e+00
1.000000000000000e+00
1.000000000000000e+00
1.000000000000000e+00
1.000000000000000e+00
1.000000000000000e+00
1.000000000000000e+00
1.000000000000000e+00
1.000000000000000e+00
1.000000000000000e+00
###6.000000000000001e+00
-1.097262147274316e-06
-1.364755697260802e-07
3.378035844860723e-07
7.766145165865003e-08
7.250251526003377e-08
2.433620749749695e-07
2.284634640052419e-07
1.509811597500703e-07
1.430040675579193e-07
1.397129372356304e-07
3.105594641883656e-07
2.741266720688193e-07
2.685848721195509e-07
3.424889173184051e-07
2.228324681050912e-07
2.329217780806443e-07
3.357518347780169e-07
2.548031177577741e-07
2.779223636153508e-07
2.715502554488414e-07
2.718491511581748e-07
2.778003103690389e-07
2.071093647063586e-07
3.388888333868302e-07
3.053198232948647e-07
3.208561883615446e-07
3.041329077314318e-07
3.200292433209844e-07
3.576764969536961e-07
3.680062606662191e-07
3.890799169728629e-07
4.037826149230902e-07
4.475829451732997e-07
4.837390301193664e-07
5.324985691213804e-07
5.891670030424057e-07
6.794177918073688e-07
7.489193213731996e-07
8.835890563242713e-07
1.014103454698896e-06
1.181607958762203e-06
1.386947022205030e-06
1.646813181524597e-06
1.960875915646518e-06
2.325844257255042e-06
2.796000584818803e-06
3.339082545257078e-06
3.946262473877995e-06
4.633424351424183e-06
5.357029665161578e-06
6.080092830543695e-06
6.759178568400214e-06
7.817427450857535e-06
9.385859511408772e-06
1.250914628382616e-05
1.488526497027144e-05
9.035383086471478e-06
-4.113005898578925e-06
-1.798400587423234e-05
-3.558027169759380e-05
-5.621708097635496e-05
-7.811103024587538e-05
-8.659359863166937e-05
-3.985844512684903e-05
3.181255381923637e-04
8.407103549568110e-04
1.117980025514902e-03
1.181284937763232e-03
1.317544846326158e-03
1.920624276538148e-03
3.143626746663825e-03
5.071921196474553e-03
7.861770326551018e-03
1.175129483863681e-02
1.701616580643695e-02
2.403485746865724e-02
3.327331966957097e-02
4.518700487629827e-02
6.038561146196113e-02
8.025510366620038e-02
1.069895619510056e-01
1.422608578670012e-01
1.871189847174559e-01
2.447339831729167e-01
3.186087903804216e-01
4.116041281582140e-01
5.207826425825723e-01
6.331276647999300e-01
7.556757444942067e-01
1.000000000000000e+00
1.000000000000000e+00
1.000000000000000e+00
1.000000000000000e+00
1.000000000000000e+00
1.000000000000000e+00
1.000000000000000e+00
1.000000000000000e+00
1.000000000000000e+00
1.000000000000000e+00
1.000000000000000e+00
###6.400000000000001e+00
-1.067545175548025e-06
-1.680679663009263e-07
3.399955889643626e-07
9.563094937108119e-08
5.230336174687797e-08
2.178008316834655e-07
3.508923561335298e-07
1.297220873126391e-07
5.998254136605382e-08
1.557749904963789e-07
3.210667043140555e-07
2.797753457274461e-07
2.948936031677278e-07
3.581895835012236e-07
2.376378012339507e-07
2.695427657712423e-07
3.534645714084351e-07
2.919772502745712e-07
3.097115315293463e-07
3.024884331474812e-07
3.014629840646528e-07
3.119543846948339e-07
2.520066936274428e-07
3.793563359773317e-07
3.477207076618088e-07
3.594187959672476e-07
3.479276332412735e-07
3.721269118071508e-07
4.285143372103106e-07
4.191249741874203e-07
4.467727024188099e-07
4.690125038876608e-07
5.160570411851827e-07
5.588722211786913e-07
6.121909306282558e-07
6.805973098399956e-07
7.811520924142937e-07
8.713774764862404e-07
1.017423593743761e-06
1.174007082225189e-06
1.367915477215319e-06
1.602388759349850e-06
1.902424714495523e-06
2.266675247845496e-06
2.694641056964551e-06
3.226763374537404e-06
3.868283037700129e-06
4.587556864461806e-06
5.394463319781594e-06
6.270415587680270e-06
7.198020280528221e-06
8.136636370224380e-06
9.491085843992635e-06
1.141791788093448e-05
1.490979722839832e-05
1.898387546799002e-05
1.642434676987672e-05
2.659522045547540e-06
-1.191521840937675e-05
-2.825028947735047e-05
-4.556280109099680e-05
-5.920508777966986e-05
-4.598544160459261e-05
8.819832922897490e-05
6.010680993271095e-04
1.008785433579653e-03
1.173674524475024e-03
1.280775642446916e-03
1.513409717469523e-03
2.236076844657828e-03
3.619117597639477e-03
5.773922234282418e-03
8.873886035499365e-03
1.317041851348572e-02
1.896659490304923e-02
2.665251943108422e-02
3.674423043969153e-02
4.964166906930229e-02
6.606326122854669e-02
8.729972413679135e-02
1.156441711035037e-01
1.525456800831945e-01
1.989825064540342e-01
2.576829981480675e-01
3.315640885423625e-01
4.224882543770693e-01
5.274724754749790e-01
6.350599383511603e-01
7.555075356770770e-01
1.000000000000000e+00
1.000000000000000e+00
1.000000000000000e+00
1.000000000000000e+00
1.000000000000000e+00
1.000000000000000e+00
1.000000000000000e+00
1.000000000000000e+00
1.000000000000000e+00
1.000000000000000e+00
1.000000000000000e+00
###6.800000000000002e+00
-1.043222179912992e-06
-1.624939508012046e-07
3.361260884147182e-07
1.023447257697942e-07
5.608909967533936e-08
2.296524663808997e-07
3.387039700763407e-07
1.196404567249479e-07
1.126785841462814e-07
1.890524795220605e-07
3.286351297190117e-07
2.937335621265445e-07
3.078970884685178e-07
3.749574740896153e-07
2.570501846276448e-07
3.236461114839837e-07
3.728585697752406e-07
3.305051512379750e-07
3.345328170843943e-07
3.339249799173211e-07
3.389259662476884e-07
3.507317199053655e-07
2.941541965371048e-07
3.880742749332567e-07
3.914201060316607e-07
4.027933112900767e-07
3.954446460808070e-07
4.343268364956480e-07
4.816387256584165e-07
4.780857257115957e-07
5.104844394936671e-07
5.359751629066948e-07
5.922007731881854e-07
6.393527197067714e-07
6.994045863580339e-07
7.804018220967290e-07
8.933151257456568e-07
9.978884545116357e-07
1.162873029675149e-06
1.336662411488233e-06
1.572642709284741e-06
1.838180664913105e-06
2.181704226527068e-06
2.595479887471054e-06
3.088185613692577e-06
3.696545173494612e-06
4.424733741717189e-06
5.264701155495771e-06
6.222879311123501e-06
7.276247174770641e-06
8.434823779811303e-06
9.664531559606129e-06
1.134876796786035e-05
1.368379369488196e-05
1.759683118707842e-05
2.225412043961967e-05
2.366969102738096e-05
1.506087207786803e-05
-2.060190913505487e-06
-1.613163442562277e-05
-2.763585048457949e-05
-2.682635109001646e-05
2.977180392554640e-05
3.603431674852997e-04
7.939118770389764e-04
1.044289414758996e-03
1.225074223116608e-03
1.386656052589108e-03
1.724635101539846e-03
2.575673411071177e-03
4.130376982169622e-03
6.520811746412359e-03
9.941910605293276e-03
1.465720321770247e-02
2.099625578640170e-02
2.936754255299417e-02
4.030182191153451e-02
5.421853863715440e-02
7.184160788409531e-02
9.444670760089625e-02
1.243115911451274e-01
1.628285974054142e-01
2.107097444828135e-01
2.704691334894777e-01
3.442444419707489e-01
4.333156705451042e-01
5.345011057249699e-01
6.376625013197710e-01
7.562894155610026e-01
1.000000000000000e+00
1.000000000000000e+00
1.000000000000000e+00
1.000000000000000e+00
1.000000000000000e+00
1.000000000000000e+00
1.000000000000000e+00
1.000000000000000e+00
1.000000000000000e+00
1.000000000000000e+00
1.000000000000000e+00
###7.200000000000002e+00
-1.037143460385220e-06
-1.179155447344397e-07
3.147506950778527e-07
8.669033529467592e-08
4.973577381186864e-07
4.406545615730188e-07
3.478880013175999e-07
1.534929698578666e-07
1.693587103553286e-07
2.911162399763553e-07
3.436659707689122e-07
3.097912239848901e-07
3.057695944696559e-07
4.036724340730028e-07
2.897913791624474e-07
3.557967203035264e-07
4.089427321696559e-07
3.526139778022067e-07
3.636874507112469e-07
3.654395935864671e-07
3.700435270570244e-07
3.830818161066441e-07
3.352747921426788e-07
4.245932800258875e-07
4.356776380183969e-07
4.511416404132033e-07
4.455676838974059e-07
4.858240831953948e-07
5.391523031901520e-07
5.381440477242781e-07
5.872209662435837e-07
6.031138981083005e-07
6.670648920564157e-07
7.243247893969504e-07
7.921681419607037e-07
8.863051991115467e-07
1.008748672636738e-06
1.131727801194509e-06
1.312974643969718e-06
1.515808123327898e-06
1.778314753173389e-06
2.078177105841902e-06
2.462839554315163e-06
2.930053738976947e-06
3.480529187619265e-06
4.166234735517051e-06
4.981920141789663e-06
5.936667329232548e-06
7.029431508706294e-06
8.241842745977437e-06
9.616652578407757e-06
1.110407292591617e-05
1.306332826982471e-05
1.575334482658171e-05
1.995822721730136e-05
2.511101080621601e-05
2.859874364305882e-05
2.505475801475410e-05
1.005918825082820e-05
-4.555891217737533e-06
-1.026620796614239e-05
8.470565628942118e-06
1.481549196387164e-04
4.434480201012925e-04
7.902904910866580e-04
1.044938221702430e-03
1.251795287722666e-03
1.485169166166064e-03
1.934797729297045e-03
2.925395081940054e-03
4.660756623531043e-03
7.297626888324632e-03
1.105142015127675e-02
1.619780715726922e-02
2.308745967990655e-02
3.215612655331877e-02
4.392929187005268e-02
5.886895345114741e-02
7.766996906356441e-02
1.016462712534240e-01
1.330035310860993e-01
1.730941876413972e-01
2.223393366798292e-01
2.830102125133320e-01
3.567214863490100e-01
4.441135366579530e-01
5.419724443954633e-01
6.410932041884474e-01
7.572266296478838e-01
1.000000000000000e+00
1.000000000000000e+00
1.000000000000000e+00
1.000000000000000e+00
1.000000000000000e+00
1.000000000000000e+00
1.000000000000000e+00
1.000000000000000e+00
1.000000000000000e+00
1.000000000000000e+00
1.000000000000000e+00
###7.600000000000002e+00
-1.078783289876026e-06
-1.655421785387122e-07
2.769555239361035e-07
1.435799560825427e-07
4.774832493381297e-07
4.426435025598341e-07
3.325905053872886e-07
1.602203461823278e-07
1.865545492689467e-07
3.160384035470431e-07
3.466355904249448e-07
3.243263990631447e-07
3.278263190402515e-07
4.108563847576352e-07
3.307661428466962e-07
3.917803577010759e-07
4.368035605600391e-07
3.902907240318465e-07
3.952514786410377e-07
4.094512393955511e-07
3.994895613359454e-07
4.180036243869793e-07
3.752072006550704e-07
4.803128639164403e-07
4.846762137264446e-07
4.939593596573387e-07
5.000980353978327e-07
5.455432384359828e-07
6.010893881540383e-07
6.041188844277497e-07
6.584022969335067e-07
6.817063694912881e-07
7.497835205684049e-07
8.155521668165193e-07
8.945173466869653e-07
1.000670775249885e-06
1.135369363562394e-06
1.276768368979635e-06
1.473400137798256e-06
1.701119911596490e-06
1.988900709844031e-06
2.326507652277840e-06
2.752108776480772e-06
3.266373642042325e-06
3.879747486051220e-06
4.635347113840258e-06
5.529552119845597e-06
6.578722908484055e-06
7.791877002065784e-06
9.168165536082833e-06
1.068525481682519e-05
1.236787038783797e-05
1.452303581828346e-05
1.740396193338852e-05
2.167309447501359e-05
2.693502618761840e-05
3.074713000566315e-05
3.008413417292265e-05
1.950441809584581e-05
4.396454484369769e-06
2.521222669626806e-06
3.777973373575922e-05
1.714297639052556e-04
4.400960959132886e-04
7.728886460978034e-04
1.037137824827849e-03
1.282903397722635e-03
1.592467001750303e-03
2.157448583949783e-03
3.293070443433756e-03
5.217589221993854e-03
8.112123827653151e-03
1.220625134766810e-02
1.779713625304728e-02
2.524917533920081e-02
3.502578459290719e-02
4.764310913423317e-02
6.361065650246217e-02
8.360507054739004e-02
1.089152788491244e-01
1.417412459657398e-01
1.832986400724808e-01
2.338746075037484e-01
2.953785708174732e-01
3.689759813637341e-01
4.547749700052165e-01
5.494535368038791e-01
6.448786377209538e-01
7.587163626121046e-01
1.000000000000000e+00
1.000000000000000e+00
1.000000000000000e+00
1.000000000000000e+00
1.000000000000000e+00
1.000000000000000e+00
1.000000000000000e+00
1.000000000000000e+00
1.000000000000000e+00
1.000000000000000e+00
1.000000000000000e+00
###8.000000000000002e+00
-1.067229392792050e-06
-1.153640661814660e-07
2.269488542665083e-07
1.374859325218205e-07
4.619877831584057e-07
4.286564509587329e-07
2.485966926525419e-07
1.851883942489718e-07
2.599657978742649e-07
3.416970316879782e-07
3.642274302589647e-07
3.386673613127257e-07
3.812863871372819e-07
4.349993713663197e-07
3.426412303616355e-07
4.197849006917572e-07
4.927317331631605e-07
4.206931751221489e-07
4.261885152996533e-07
4.598743792211280e-07
4.383824482268127e-07
4.607460278384723e-07
4.266683170319941e-07
5.241096462474476e-07
5.324238435557058e-07
5.544020260387256e-07
5.569445849044009e-07
6.087279318540232e-07
6.633069212012290e-07
6.738755811529494e-07
7.179256183149551e-07
7.681032861975467e-07
8.379123291346331e-07
9.131982648403228e-07
1.005358470549536e-06
1.117279407836258e-06
1.266426818117920e-06
1.428329134703119e-06
1.644801524835695e-06
1.895461965877928e-06
2.214233550474719e-06
2.584676870182901e-06
3.052133754407137e-06
3.617081411224829e-06
4.287783338855672e-06
5.107082259277075e-06
6.089007171104474e-06
7.228928797272529e-06
8.550462089378046e-06
1.005286087918753e-05
1.171579260286988e-05
1.356565216282418e-05
1.588771321346738e-05
1.887607740126310e-05
2.317606919526902e-05
2.832234003038991e-05
3.214751186590625e-05
3.192770859112085e-05
2.304125932070380e-05
1.099423089543805e-05
1.254369646043999e-05
5.103969300205909e-05
1.819924322658048e-04
4.389632644104242e-04
7.621749750422168e-04
1.042942236235422e-03
1.331177587220619e-03
1.721376350445995e-03
2.404695544507448e-03
3.692044661355272e-03
5.815884079665236e-03
8.975229837677453e-03
1.342283687310496e-02
1.946396216539183e-02
2.749502820971376e-02
3.798867386236392e-02
5.145061606988536e-02
6.846037584056874e-02
8.962070492585122e-02
1.162818052958969e-01
1.505355069341814e-01
1.935161729438992e-01
2.453175840182079e-01
3.075652440522272e-01
3.810680585752846e-01
4.652878943869601e-01
5.570677473791860e-01
6.493137460199920e-01
7.606065473626928e-01
1.000000000000000e+00
1.000000000000000e+00
1.000000000000000e+00
1.000000000000000e+00
1.000000000000000e+00
1.000000000000000e+00
1.000000000000000e+00
1.000000000000000e+00
1.000000000000000e+00
1.000000000000000e+00
1.000000000000000e+00
###8.400000000000002e+00
-1.013296182867128e-06
-1.004582844804196e-07
1.960437780832171e-07
1.447982955536001e-07
4.622373172718220e-07
4.652729934688263e-07
2.344609739947756e-07
1.902755301236895e-07
3.123970028418345e-07
3.503629192928275e-07
3.894153779533678e-07
3.889535945658297e-07
4.129879903586749e-07
4.544752570520582e-07
3.777596273480126e-07
4.462456832858757e-07
5.187791458706688e-07
4.547549968392397e-07
4.647048289690717e-07
4.966513356449257e-07
4.808837106104923e-07
5.077626743374980e-07
4.783903021300822e-07
5.692175172460548e-07
5.857521237316846e-07
6.125521714472331e-07
6.198278452441378e-07
6.768383223433140e-07
7.316968204549385e-07
7.496538104023263e-07
7.994964023314484e-07
8.556805557549805e-07
9.334862775479165e-07
1.016968282292471e-06
1.120444166309871e-06
1.246018083463908e-06
1.411444111839935e-06
1.593519427199422e-06
1.826488857119475e-06
2.105981282689342e-06
2.450077771858596e-06
2.860765656718632e-06
3.369787629637408e-06
3.989248215761863e-06
4.719559727820942e-06
5.608249068251842e-06
6.673566811330747e-06
7.910107747109773e-06
9.347468234659112e-06
1.098410235531794e-05
1.281088819472836e-05
1.482698607565938e-05
1.735550816341492e-05
2.053142033024307e-05
2.491338383250024e-05
3.006925899900044e-05
3.409312582551875e-05
3.458505622555335e-05
2.770421024240688e-05
1.900647564354631e-05
2.460411375389910e-05
6.683015555564129e-05
1.971503225008408e-04
4.462068938021812e-04
7.648457140178383e-04
1.067379498823623e-03
1.401210794386256e-03
1.875017434689938e-03
2.681552405856712e-03
4.128801278931159e-03
6.459964200450732e-03
9.895454672326453e-03
1.470514499664712e-02
2.120996086341960e-02
2.982020111566230e-02
4.103207905107963e-02
5.535813615847201e-02
7.340131744844403e-02
9.574545267348063e-02
1.237123379836993e-01
1.593391214007593e-01
2.036760697246583e-01
2.566505643205769e-01
3.196361555766011e-01
3.929413510334355e-01
4.758422747445053e-01
5.649469345357814e-01
6.540124985399193e-01
7.627850276015358e-01
1.000000000000000e+00
1.000000000000000e+00
1.000000000000000e+00
1.000000000000000e+00
1.000000000000000e+00
1.000000000000000e+00
1.000000000000000e+00
1.000000000000000e+00
1.000000000000000e+00
1.000000000000000e+00
1.000000000000000e+00
###8.800000000000002e+00
-1.073938342575717e-06
-9.676585145053253e-08
2.620534542650204e-07
1.636576148530746e-07
5.122623700447859e-07
4.877647025081517e-07
5.810073683652966e-07
1.927495816744621e-07
3.322735674396429e-07
3.239288461484702e-07
3.939468559603127e-07
3.885846314642658e-07
4.522874660333442e-07
4.674373354382107e-07
4.022340932349620e-07
4.580687890855926e-07
5.474228594931427e-07
4.914432749695019e-07
5.037108215867340e-07
5.441428373765285e-07
5.245675206004387e-07
5.570638319047662e-07
5.301635767137706e-07
6.213649720517985e-07
6.412328293559718e-07
6.723830668210918e-07
6.864803696269010e-07
7.467244828071979e-07
8.081089631210717e-07
8.357005853709790e-07
9.063378787373922e-07
9.511059255274937e-07
1.046236941057227e-06
1.129599289527017e-06
1.247539774937961e-06
1.386969243425742e-06
1.569852472993956e-06
1.771784296700762e-06
2.021731884437321e-06
2.340661745271677e-06
2.705686429097097e-06
3.158884666591139e-06
3.706231818394300e-06
4.377772227611354e-06
5.176855141002418e-06
6.140243768593460e-06
7.295127345085113e-06
8.637414034926173e-06
1.019426576201104e-05
1.197742740527559e-05
1.398244187188593e-05
1.620581839228066e-05
1.896071646653214e-05
2.234378093856379e-05
2.694871222734173e-05
3.228729231749292e-05
3.673171822833392e-05
3.821869445808382e-05
3.359352051082805e-05
2.863556200431193e-05
3.872736822740978e-05
8.576059456584062e-05
2.172528414105891e-04
4.622867490017967e-04
7.818216508593669e-04
1.109726343018090e-03
1.494955829372144e-03
2.055431971313903e-03
2.990451611937988e-03
4.604048340824199e-03
7.149463010195333e-03
1.087197551311797e-02
1.605039175468282e-02
2.302757241214950e-02
3.223630291270407e-02
4.417565526635039e-02
5.937897251821159e-02
7.843694727773200e-02
1.019398515118945e-01
1.312219582932188e-01
1.681840150846318e-01
2.138275029196067e-01
2.679206740982265e-01
3.315146252446488e-01
4.046748858029283e-01
4.863250235937814e-01
5.729548879311317e-01
6.590282763907448e-01
7.654527911682262e-01
1.000000000000000e+00
1.000000000000000e+00
1.000000000000000e+00
1.000000000000000e+00
1.000000000000000e+00
1.000000000000000e+00
1.000000000000000e+00
1.000000000000000e+00
1.000000000000000e+00
1.000000000000000e+00
1.000000000000000e+00
###9.200000000000003e+00
-1.089905102566768e-06
-3.675843204177971e-08
3.604959446609106e-07
1.734508558845897e-07
4.600789707063180e-07
4.859712839398213e-07
5.111333406653883e-07
2.662060604043436e-07
3.581351816429257e-07
3.537737162551703e-07
3.281303831159696e-07
4.130028182830733e-07
4.707931489760208e-07
4.946021124676545e-07
4.373308601502087e-07
4.901505317484107e-07
5.759987508137485e-07
5.315425436281472e-07
5.444503626755760e-07
5.846958040878104e-07
5.704072824614396e-07
6.103204184835504e-07
5.911509820909178e-07
6.758259187190454e-07
6.918566774828477e-07
7.403072877793590e-07
7.572020613605727e-07
8.233651254638712e-07
8.903284199871447e-07
9.242826766371126e-07
1.001124362271286e-06
1.055971299575750e-06
1.154690611364687e-06
1.252873527358233e-06
1.385322911358224e-06
1.536702553131817e-06
1.736880541720804e-06
1.958515344410383e-06
2.232761788519790e-06
2.578036127632049e-06
2.977393369407257e-06
3.472168739429354e-06
4.069997492991186e-06
4.793337859678034e-06
5.661887600598563e-06
6.699052269350054e-06
7.955504241539820e-06
9.410338096193482e-06
1.110361580250866e-05
1.304175854772272e-05
1.524352742592440e-05
1.769768185561861e-05
2.073157398362460e-05
2.442275956914541e-05
2.931167867183204e-05
3.501046039228756e-05
4.012874296829173e-05
4.303253379345185e-05
4.085866576178179e-05
4.004441073100942e-05
5.537286415825677e-05
1.082789375051624e-04
2.430380785785242e-04
4.878373094809663e-04
8.132508040637170e-04
1.171140472320713e-03
1.612111811275415e-03
2.264921075028413e-03
3.332937788961236e-03
5.118681772523706e-03
7.888742917281288e-03
1.190674072730320e-02
1.746375766557505e-02
2.492847471842907e-02
3.473843050093875e-02
4.741354755702806e-02
6.348894822050589e-02
8.357053425914343e-02
1.082370998989149e-01
1.388002162038938e-01
1.770908677651902e-01
2.239735810226943e-01
2.790995576209411e-01
3.432869073578805e-01
4.162845627364736e-01
4.966910464542887e-01
5.810037031962243e-01
6.642142063393788e-01
7.680939640411554e-01
1.000000000000000e+00
1.000000000000000e+00
1.000000000000000e+00
1.000000000000000e+00
1.000000000000000e+00
1.000000000000000e+00
1.000000000000000e+00
1.000000000000000e+00
1.000000000000000e+00
1.000000000000000e+00
1.000000000000000e+00
###9.600000000000003e+00
-1.094121827704316e-06
5.898364441315189e-07
3.771769957309518e-07
1.927835417429198e-07
4.096076723804916e-07
5.031238535416770e-07
5.155153053108453e-07
2.968941789043171e-07
4.250265171863447e-07
3.736340441056479e-07
3.496032837126832e-07
4.391644726151842e-07
4.918855840191990e-07
5.277539034151728e-07
4.562959028888188e-07
5.249922935064867e-07
6.053959813366185e-07
5.312310231611137e-07
5.961831655169519e-07
6.316612149634774e-07
6.231494914910585e-07
6.723589134063615e-07
6.641091159957060e-07
7.374528760341194e-07
7.664654666877175e-07
8.113527823348061e-07
8.059010690600542e-07
9.057545268817551e-07
9.768826011485594e-07
1.027842060021735e-06
1.107581040421596e-06
1.171167712778998e-06
1.276941802172967e-06
1.387644478376107e-06
1.539117550681883e-06
1.700215692927352e-06
1.916827179180885e-06
2.163240803141092e-06
2.464852938729885e-06
2.839152876346998e-06
3.264062249394030e-06
3.810314961432537e-06
4.463723974708869e-06
5.241350800939713e-06
6.180493240289016e-06
7.297580655187852e-06
8.661341610845386e-06
1.023850448810249e-05
1.207778325461946e-05
1.419722183473986e-05
1.660947797870416e-05
1.935728453327677e-05
2.270251659573216e-05
2.676831596750441e-05
3.206757974807806e-05
3.833702115326537e-05
4.427128874565468e-05
4.888423090429686e-05
4.974221670604637e-05
5.359958286231782e-05
7.501104817723952e-05
1.348766049621493e-04
2.753244441654820e-04
5.238912698970007e-04
8.599357750555515e-04
1.250804164526687e-03
1.754217238685710e-03
2.503725795828976e-03
3.709986551344783e-03
5.676739257164117e-03
8.681116464951186e-03
1.300289530248166e-02
1.894723710680237e-02
2.690788393200112e-02
3.733915429629009e-02
5.074628813746916e-02
6.771060314600952e-02
8.881095291204535e-02
1.146468026050083e-01
1.464433366001231e-01
1.860453496712458e-01
2.341024458389594e-01
2.902242278292629e-01
3.549414485918641e-01
4.277311504376973e-01
5.069235336121946e-01
5.891852884816410e-01
6.694984600357490e-01
7.710160508189623e-01
1.000000000000000e+00
1.000000000000000e+00
1.000000000000000e+00
1.000000000000000e+00
1.000000000000000e+00
1.000000000000000e+00
1.000000000000000e+00
1.000000000000000e+00
1.000000000000000e+00
1.000000000000000e+00
1.000000000000000e+00
###1.000000000000000e+01
-1.070677802985654e-06
5.096856524995818e-07
4.676650485486441e-07
4.021683518784285e-07
4.618449225808737e-07
4.840641173570322e-07
5.288131626506607e-07
3.253243109328151e-07
4.949011672391969e-07
4.453370106340087e-07
3.852916716118643e-07
4.632391084004956e-07
5.157310580469538e-07
6.040861465856485e-07
4.796331777087888e-07
5.745612785828692e-07
6.467045631676877e-07
5.870536494114220e-07
6.447802692154884e-07
6.822227409292491e-07
6.627377150861939e-07
7.302539766161037e-07
7.243677334086641e-07
8.035262258664562e-07
8.386719145178689e-07
8.882384524941232e-07
8.954206598732609e-07
9.940985309939996e-07
1.071092989961566e-06
1.134155824696517e-06
1.218952144918787e-06
1.294309741186330e-06
1.409428818090301e-06
1.533240741227538e-06
1.700409547569192e-06
1.877155816438490e-06
2.111626894888910e-06
2.381184522867022e-06
2.708609623750880e-06
3.114512209750548e-06
3.583415122160135e-06
4.171618259711592e-06
4.877429540405856e-06
5.713426255385859e-06
6.735486458946441e-06
7.947150283303446e-06
9.427340929232129e-06
1.112999333093478e-05
1.313228854246595e-05
1.545803670337473e-05
1.810644158377992e-05
2.117342146518892e-05
2.491269399093057e-05
2.945321713666614e-05
3.529537036555421e-05
4.230550176781120e-05
4.942067194542199e-05
5.602071519218763e-05
6.037301126106908e-05
6.957413954742359e-05
9.778433266377878e-05
1.661433730516878e-04
3.143298321712077e-04
5.702973886475414e-04
9.224975100803419e-04
1.351224312460383e-03
1.921625290396618e-03
2.774179319421785e-03
4.124277435097968e-03
6.277590179365000e-03
9.525544673118129e-03
1.416278250835212e-02
2.050883553450267e-02
2.897161008794868e-02
4.002130487560346e-02
5.417805166952582e-02
7.202970697332615e-02
9.415702647142256e-02
1.211571218380376e-01
1.541923751361181e-01
1.950285299218051e-01
2.442612968167910e-01
3.013139344847615e-01
3.665575974731188e-01
4.391018487236775e-01
5.172595531105105e-01
5.974241887983641e-01
6.749053090057282e-01
7.741346349753453e-01
1.000000000000000e+00
1.000000000000000e+00
1.000000000000000e+00
1.000000000000000e+00
1.000000000000000e+00
1.000000000000000e+00
1.000000000000000e+00
1.000000000000000e+00
1.000000000000000e+00
1.000000000000000e+00
1.000000000000000e+00
###1.040000000000000e+01
-1.004887657438991e-06
5.371352092103664e-07
4.947049685946249e-07
4.096833796819910e-07
4.557550330943722e-07
5.269489656475881e-07
5.384766664745448e-07
2.690928903993473e-07
5.182507554707732e-07
4.548927600157294e-07
4.213119761791635e-07
4.946787648145549e-07
5.782302311404397e-07
6.344002204630701e-07
5.189701553138094e-07
5.822839287320551e-07
6.797323171243323e-07
6.378158178794395e-07
6.957703330489508e-07
7.253465898890993e-07
7.370180014419634e-07
7.932950979479261e-07
7.961943903358713e-07
8.750842281233778e-07
9.167876977436659e-07
9.714465413010487e-07
9.868488399452979e-07
1.091173497421096e-06
1.179436100477436e-06
1.248708675928534e-06
1.339286836600926e-06
1.424840117892261e-06
1.554080401608297e-06
1.690495889398112e-06
1.876005266129743e-06
2.071906225868651e-06
2.323598781211886e-06
2.617785606357518e-06
2.979604641853607e-06
3.417103509639524e-06
3.931375586033291e-06
4.565913957367875e-06
5.319948602653257e-06
6.229261554674230e-06
7.334891064995800e-06
8.640797336813753e-06
1.023995148748905e-05
1.208580245055163e-05
1.427428857542999e-05
1.682084428768526e-05
1.975579013610321e-05
2.318749723705421e-05
2.735158359259287e-05
3.248429621516468e-05
3.905119660982644e-05
4.702560627210927e-05
5.566178300129203e-05
6.465000613611634e-05
7.290389176145684e-05
8.812702478133147e-05
1.243288457016046e-04
2.021511408133457e-04
3.607132200228909e-04
6.282259944062256e-04
1.001187694177615e-03
1.472970940123490e-03
2.115568171869447e-03
3.076552763252369e-03
4.575591007724027e-03
6.925917959260942e-03
1.042646568611624e-02
1.538862855630423e-02
2.214150567844543e-02
3.112640066594751e-02
4.280771439577143e-02
5.771479413068586e-02
7.646566226467461e-02
9.962714375078588e-02
1.277599788305651e-01
1.620373731560886e-01
2.041030444171014e-01
2.544340076257310e-01
3.123798194883725e-01
3.780086191867859e-01
4.503533435704060e-01
5.274531827944363e-01
6.056019158702332e-01
6.804784307037510e-01
7.772353098125786e-01
1.000000000000000e+00
1.000000000000000e+00
1.000000000000000e+00
1.000000000000000e+00
1.000000000000000e+00
1.000000000000000e+00
1.000000000000000e+00
1.000000000000000e+00
1.000000000000000e+00
1.000000000000000e+00
1.000000000000000e+00
###1.080000000000000e+01
-1.174602553326155e-06
4.743372413041968e-07
7.947995232669785e-08
4.167646527894190e-07
4.645733714524687e-07
5.310469273585003e-07
5.366041334644611e-07
3.220548775631771e-07
5.257287409331706e-07
4.715814358111204e-07
3.329784335443997e-07
5.224444731568832e-07
6.061897439018091e-07
6.667135106748728e-07
6.192287581350953e-07
6.272565330832490e-07
7.274538408295998e-07
6.952087340181124e-07
7.486401854861359e-07
7.825377019253723e-07
8.016133007412647e-07
8.590919778933401e-07
8.758413755787130e-07
9.500283605263522e-07
9.988299285990071e-07
1.058838077124232e-06
1.085353194835008e-06
1.193724038598230e-06
1.285942680493021e-06
1.366823917656893e-06
1.467432292744852e-06
1.566276559085038e-06
1.709645211736602e-06
1.857621672372830e-06
2.060077187919027e-06
2.277996006517187e-06
2.547805639535249e-06
2.870991642913126e-06
3.262754980039878e-06
3.733759379616150e-06
4.299947007601681e-06
4.979527707065096e-06
5.793349338050237e-06
6.784504330835771e-06
7.969935271759373e-06
9.384539309302959e-06
1.110558093852584e-05
1.311845284282864e-05
1.550700905789061e-05
1.830653633936049e-05
2.156632235792449e-05
2.541506925892118e-05
3.006491068197877e-05
3.588847561502879e-05
4.335458174940426e-05
5.253933586573757e-05
6.299171692701382e-05
7.485191417416091e-05
8.772779299833522e-05
1.094779107047854e-04
1.547396382464221e-04
2.440248729652159e-04
4.152285452222163e-04
6.981349261386043e-04
1.096769336691361e-03
1.616917474678741e-03
2.337038083553301e-03
3.412856359113649e-03
5.067731631443595e-03
7.624069181232360e-03
1.138578015094707e-02
1.668194723070225e-02
2.385675423300006e-02
3.336833584949275e-02
4.568625341849161e-02
6.136358530142167e-02
8.101301029135806e-02
1.052068069968128e-01
1.344752907715917e-01
1.699763124903399e-01
2.132304540901184e-01
2.646208281776871e-01
3.233757296523215e-01
3.894245409699790e-01
4.615059152776235e-01
5.375543823470984e-01
6.138512747758804e-01
6.860039735985834e-01
7.802676153874417e-01
1.000000000000000e+00
1.000000000000000e+00
1.000000000000000e+00
1.000000000000000e+00
1.000000000000000e+00
1.000000000000000e+00
1.000000000000000e+00
1.000000000000000e+00
1.000000000000000e+00
1.000000000000000e+00
1.000000000000000e+00
###1.120000000000000e+01
-1.201883240781731e-06
4.710975799420264e-07
4.314838705982599e-08
4.029386243721896e-07
4.770120922837700e-07
5.556618050812942e-07
2.443483600120864e-07
3.324561170012146e-07
5.392148713299315e-07
4.961197105191737e-07
3.686770931590224e-07
5.566008902861631e-07
6.264998277988250e-07
6.889416578043671e-07
6.575932428893886e-07
6.689008772775127e-07
7.742271704887141e-07
7.424875718085261e-07
7.994771062987484e-07
8.408219593095277e-07
8.645408799419972e-07
9.250345084300106e-07
9.503587637107487e-07
1.027225145703259e-06
1.082529087902582e-06
1.148830905887029e-06
1.186732325111105e-06
1.298220234747732e-06
1.406704398415207e-06
1.491367879167947e-06
1.604213196718918e-06
1.714834922067911e-06
1.870132557361564e-06
2.034679788980096e-06
2.253163603462302e-06
2.501221784022147e-06
2.787822126901050e-06
3.143725016379176e-06
3.560550263326626e-06
4.072662317864765e-06
4.685906947271826e-06
5.415651715060630e-06
6.299548270343029e-06
7.354445161311444e-06
8.648944932686249e-06
1.017620545134235e-05
1.204524493270762e-05
1.422755973798750e-05
1.684121574779847e-05
1.993201355029526e-05
2.355057982016036e-05
2.786726256109243e-05
3.315961790877943e-05
3.979140851789015e-05
4.832013423632647e-05
5.894729234388973e-05
7.155972551758377e-05
8.675298028727827e-05
1.049291916003697e-04
1.341824719278929e-04
1.895443406143788e-04
2.917936666339332e-04
4.785453014814881e-04
7.804719580297919e-04
1.209774770079303e-03
1.783650876709081e-03
2.587259871791521e-03
3.783312145213289e-03
5.603029439535966e-03
8.372060180036420e-03
1.240480343937617e-02
1.804366746576764e-02
2.565686222455361e-02
3.569937824161022e-02
4.866906552286292e-02
6.511947680257577e-02
8.567607176565906e-02
1.108885605964467e-01
1.413046557895361e-01
1.780016653301497e-01
2.224164178715115e-01
2.748258455824010e-01
3.343747258063640e-01
4.007772672064052e-01
4.726064280111810e-01
5.476365554313246e-01
6.222432625166318e-01
6.919345896826508e-01
7.835474961601374e-01
1.000000000000000e+00
1.000000000000000e+00
1.000000000000000e+00
1.000000000000000e+00
1.000000000000000e+00
1.000000000000000e+00
1.000000000000000e+00
1.000000000000000e+00
1.000000000000000e+00
1.000000000000000e+00
1.000000000000000e+00
###1.160000000000000e+01
-1.204181431521386e-06
4.881163504164371e-07
3.614764938059265e-08
4.002983252097414e-07
4.763202530647334e-07
5.635021643044474e-07
2.796108944644081e-07
3.609295189974701e-07
5.740856008876778e-07
5.164327019031877e-07
4.109372314877914e-07
6.074718736075296e-07
6.608577683691903e-07
7.264733062612560e-07
7.057648695160608e-07
7.240981303311634e-07
7.970645647729134e-07
8.026651536904863e-07
8.632638256895588e-07
9.082588718143456e-07
9.388787637926431e-07
1.018095762203247e-06
1.036372375843328e-06
1.114267631158640e-06
1.178258298888433e-06
1.244590066946898e-06
1.293853705354624e-06
1.410174505012929e-06
1.533462049304258e-06
1.635608342494829e-06
1.760837746237479e-06
1.880594825143288e-06
2.050725077272708e-06
2.232831255168501e-06
2.468607117997185e-06
2.738588413617378e-06
3.049616951205428e-06
3.437655299348944e-06
3.890637241493582e-06
4.442085811473492e-06
5.102501592660374e-06
5.881266183646558e-06
6.840562682380002e-06
7.976716470957974e-06
9.376950910789197e-06
1.101934698498362e-05
1.304899004166898e-05
1.542710868635707e-05
1.829746895702143e-05
2.170923193071636e-05
2.574766252281576e-05
3.059123850131538e-05
3.658516527003282e-05
4.418862740515988e-05
5.398209572153907e-05
6.633445708924843e-05
8.155983122637194e-05
1.005976192004892e-04
1.246514956425961e-04
1.623453703171112e-04
2.290467457182728e-04
3.463704181691302e-04
5.511707564855581e-04
8.764060318341472e-04
1.341568159048811e-03
1.974614705390324e-03
2.867378008606731e-03
4.189771959947855e-03
6.181663253934120e-03
9.171470220353048e-03
1.348397805406854e-02
1.948095476750478e-02
2.754252728855011e-02
3.812753646160832e-02
5.176054363534939e-02
6.899250223841245e-02
9.045244358168707e-02
1.166917489039490e-01
1.482365738377678e-01
1.860893291813010e-01
2.316819216155415e-01
2.850431437593033e-01
3.453514462854755e-01
4.120585442377682e-01
4.836534477411294e-01
5.578109791786996e-01
6.306282587771420e-01
6.979612800500132e-01
7.871353221663442e-01
1.000000000000000e+00
1.000000000000000e+00
1.000000000000000e+00
1.000000000000000e+00
1.000000000000000e+00
1.000000000000000e+00
1.000000000000000e+00
1.000000000000000e+00
1.000000000000000e+00
1.000000000000000e+00
1.000000000000000e+00
###1.200000000000001e+01
-1.234960929636956e-06
5.103429128321899e-07
1.698738887463777e-08
4.773010417581127e-07
4.937262878410200e-07
5.705127716569592e-07
2.680933866346378e-07
3.985939574265872e-07
5.997005171651663e-07
5.243835388937760e-07
4.506800424248229e-07
6.306198141444038e-07
6.918391633361431e-07
7.688318523098168e-07
7.383567946357501e-07
7.741915557183531e-07
8.484745922067060e-07
8.633379195829698e-07
9.275707695225781e-07
9.745118328768209e-07
1.007681508384786e-06
1.092678181385665e-06
1.121325958477966e-06
1.203721381918861e-06
1.273655284756647e-06
1.347909587017006e-06
1.415127864736586e-06
1.532206251056282e-06
1.662286609783088e-06
1.777464954947821e-06
1.915791700090851e-06
2.052651418168565e-06
2.236016460908726e-06
2.436450808243518e-06
2.691742039678758e-06
2.984127363943007e-06
3.324711046780890e-06
3.745684479076188e-06
4.233428614065117e-06
4.829184654566828e-06
5.543551195320481e-06
6.386655409191948e-06
7.424894402676644e-06
8.650767310059233e-06
1.016386543209053e-05
1.194669831073149e-05
1.414457900646073e-05
1.674414601393606e-05
1.989392586838680e-05
2.366183807874356e-05
2.817963457244867e-05
3.364200036294032e-05
4.045063708430549e-05
4.916470741933338e-05
6.043821424895633e-05
7.487157484072837e-05
9.312023258221449e-05
1.165610551012593e-04
1.472436038017577e-04
1.944091622942824e-04
2.737712721308906e-04
4.078719687956236e-04
6.337612183075845e-04
9.861377934513675e-04
1.491953699494753e-03
2.190076808542120e-03
3.177788168999177e-03
4.634099057834145e-03
6.806955745873981e-03
1.002584055079375e-02
1.462806925158974e-02
2.099296359046089e-02
2.951238836724603e-02
4.065786919368724e-02
5.496431644089970e-02
7.299301009437206e-02
9.536259861188937e-02
1.226370245903782e-01
1.553108637039093e-01
1.943119332367678e-01
2.410118163957362e-01
2.953425281114496e-01
3.563186112289135e-01
4.233487229215510e-01
4.946683711456695e-01
5.678845524979779e-01
6.388487808157527e-01
7.039525494056220e-01
7.906521654643119e-01
1.000000000000000e+00
1.000000000000000e+00
1.000000000000000e+00
1.000000000000000e+00
1.000000000000000e+00
1.000000000000000e+00
1.000000000000000e+00
1.000000000000000e+00
1.000000000000000e+00
1.000000000000000e+00
1.000000000000000e+00
###1.240000000000001e+01
-1.204677143594047e-06
4.745464328112294e-07
5.460697524366346e-09
3.793401544960323e-07
4.870361836024198e-07
5.620271909213645e-07
3.448944401055391e-07
4.506593269302259e-07
6.658911840637487e-07
5.738899265127401e-07
5.196148356458190e-07
6.879307835497467e-07
7.426540402804459e-07
8.228182809685979e-07
8.011322524900848e-07
8.369952623825107e-07
9.185667599473069e-07
9.619315564127674e-07
1.004844455069860e-06
1.059682278418423e-06
1.100228300337050e-06
1.190067618442232e-06
1.227067255230655e-06
1.314699324958096e-06
1.392627671035379e-06
1.475863949227693e-06
1.553332305495799e-06
1.683892584176659e-06
1.818897274937621e-06
1.947373816597000e-06
2.100817704912153e-06
2.256585366074655e-06
2.453363347304472e-06
2.674274870596424e-06
2.950048346207710e-06
3.266851173663600e-06
3.636536690203676e-06
4.096604390110638e-06
4.624051231551138e-06
5.272695701669946e-06
6.035852484367623e-06
6.953015078018924e-06
8.069469736894691e-06
9.402675315634933e-06
1.103658132079681e-05
1.295926111511517e-05
1.535211782263706e-05
1.820254837263172e-05
2.165725938799220e-05
2.581586929255965e-05
3.083962039124843e-05
3.703898426625716e-05
4.476049214897861e-05
5.477015848527638e-05
6.776483030339913e-05
8.461885036426003e-05
1.063115955673294e-04
1.347907823620744e-04
1.729810420757941e-04
2.305607673085439e-04
3.239762413513863e-04
4.769350084248855e-04
7.268150443646756e-04
1.110297020832533e-03
1.662227288511878e-03
2.430542920608639e-03
3.519546678098899e-03
5.117470757717000e-03
7.476537078107528e-03
1.093637701780710e-02
1.584301326781386e-02
2.258153435581916e-02
3.157720527950086e-02
4.329128113528859e-02
5.827946656258889e-02
7.711283878543629e-02
1.004001089772788e-01
1.287049885409047e-01
1.625013406619052e-01
2.026613055689398e-01
2.504185959354315e-01
3.057117627310981e-01
3.673426175681714e-01
4.346015539064713e-01
5.056625362556527e-01
5.778561343204546e-01
6.471689915476712e-01
7.100007964770074e-01
7.941821860022639e-01
1.000000000000000e+00
1.000000000000000e+00
1.000000000000000e+00
1.000000000000000e+00
1.000000000000000e+00
1.000000000000000e+00
1.000000000000000e+00
1.000000000000000e+00
1.000000000000000e+00
1.000000000000000e+00
1.000000000000000e+00
###1.280000000000001e+01
-1.214522644050621e-06
4.695753377821676e-07
4.518648459457291e-08
3.839792282561137e-07
4.961577703773259e-07
5.780301216850139e-07
3.562045785607876e-07
4.597740937049741e-07
6.835515520150851e-07
5.903769506428907e-07
5.509005402023070e-07
7.139807440938836e-07
7.735011947713641e-07
8.552767925019564e-07
8.411195805251766e-07
8.840050529391512e-07
9.663820883456983e-07
1.014165596473494e-06
1.067379424383891e-06
1.124227927971227e-06
1.170520210814079e-06
1.267137832161678e-06
1.312619043860757e-06
1.405944760579850e-06
1.494209403903602e-06
1.589475884915769e-06
1.674361873728755e-06
1.813001518658625e-06
1.958732090356260e-06
2.099675555324641e-06
2.268805942863146e-06
2.441766466790352e-06
2.657146040042341e-06
2.900042546933165e-06
3.198025191056164e-06
3.543184836573913e-06
3.944983073946604e-06
4.438507216155653e-06
5.012782291326845e-06
5.709134118385798e-06
6.535464342910703e-06
7.528741226326346e-06
8.730129018877900e-06
1.017433260559402e-05
1.194568779517370e-05
1.404163644100779e-05
1.664462515502056e-05
1.975544340559265e-05
2.355586347451092e-05
2.818098265173800e-05
3.380333147479655e-05
4.082621326223171e-05
4.962397319280687e-05
6.109209325940990e-05
7.606534317102300e-05
9.567972338406008e-05
1.213374680682803e-04
1.554895248031253e-04
2.019863230186230e-04
2.711794807661883e-04
3.803313968833836e-04
5.542317678613370e-04
8.311740574111946e-04
1.250509407970244e-03
1.853512100984246e-03
2.697925155737880e-03
3.895598224079306e-03
5.641376719620154e-03
8.197457463577522e-03
1.190607613496539e-02
1.712625287994404e-02
2.425395403589997e-02
3.373350128000466e-02
4.603223281301962e-02
6.171859956720969e-02
8.135691931378489e-02
1.055688417125215e-01
1.349151906434517e-01
1.698193861086968e-01
2.111196716681176e-01
2.599276111900345e-01
3.161132312442407e-01
3.783983455636210e-01
4.458514893592240e-01
5.166051592403516e-01
5.878490449813473e-01
6.555898951910489e-01
7.161302141445425e-01
7.979362585834803e-01
1.000000000000000e+00
1.000000000000000e+00
1.000000000000000e+00
1.000000000000000e+00
1.000000000000000e+00
1.000000000000000e+00
1.000000000000000e+00
1.000000000000000e+00
1.000000000000000e+00
1.000000000000000e+00
1.000000000000000e+00
###1.320000000000001e+01
-1.231682564945722e-06
4.279755472570343e-07
8.324147816750497e-08
3.748745092913935e-07
5.049847591932483e-07
6.305787312502171e-07
4.898949293281372e-07
4.807237402301089e-07
6.981023697911327e-07
6.148884982556120e-07
6.015073813683331e-07
7.402929757793061e-07
8.097256008919210e-07
8.987790568845015e-07
8.746435889368963e-07
9.264871955725830e-07
1.018686750128946e-06
1.067902459931705e-06
1.127632161920463e-06
1.190724580971848e-06
1.247240067368299e-06
1.347124572187879e-06
1.401711353871260e-06
1.501714797243775e-06
1.599012635164592e-06
1.703329978710820e-06
1.801456916219346e-06
1.963001094154335e-06
2.095812860746898e-06
2.265123667516520e-06
2.449714944890336e-06
2.644766921304555e-06
2.873074516919296e-06
3.145747481471019e-06
3.462602307050299e-06
3.835567830158606e-06
4.271952809498296e-06
4.805134376560045e-06
5.423810952927530e-06
6.177268343235828e-06
7.070589146241631e-06
8.143008837783690e-06
9.443033768916402e-06
1.100329374909519e-05
1.292350264815454e-05
1.520631947471647e-05
1.803937838009851e-05
2.145285680575323e-05
2.563711077585202e-05
3.077403211237612e-05
3.709245966021860e-05
4.501564051071313e-05
5.506910025106578e-05
6.819655851152992e-05
8.544311361257376e-05
1.082184865701188e-04
1.384064157648963e-04
1.788981480470406e-04
2.346677264400007e-04
3.167149889959622e-04
4.432627212048477e-04
6.402258633631823e-04
9.474942838568769e-04
1.406650643711532e-03
2.066463742083647e-03
2.993189452100935e-03
4.306563987348635e-03
6.208232247252689e-03
8.968743918429261e-03
1.293626831202823e-02
1.848382069995772e-02
2.601338387089758e-02
3.598673040520600e-02
4.888127541080029e-02
6.528084764475763e-02
8.573534001111376e-02
1.108819176094496e-01
1.412620689809271e-01
1.772769952924150e-01
2.196977809385676e-01
2.695227999818526e-01
3.265747082488664e-01
3.894748540394124e-01
4.571516208465314e-01
5.275421367777074e-01
5.978386414433597e-01
6.640457962518991e-01
7.224513235328625e-01
8.018165587783769e-01
1.000000000000000e+00
1.000000000000000e+00
1.000000000000000e+00
1.000000000000000e+00
1.000000000000000e+00
1.000000000000000e+00
1.000000000000000e+00
1.000000000000000e+00
1.000000000000000e+00
1.000000000000000e+00
1.000000000000000e+00
###1.360000000000001e+01
-1.243219459579695e-06
4.344651177833815e-07
1.279841526867191e-07
3.480718241585388e-07
4.916609100786276e-07
6.224522843730943e-07
5.145220040697275e-07
4.925119744901986e-07
7.144705772330187e-07
5.978646473961294e-07
6.318409476363163e-07
7.688529854325010e-07
8.414924251062030e-07
9.308189304098496e-07
9.021554939749874e-07
9.744684303110021e-07
1.069896564977730e-06
1.125067442917548e-06
1.190008224929654e-06
1.260589340415895e-06
1.323760100828459e-06
1.430244693628442e-06
1.495521467595012e-06
1.602928784095202e-06
1.709569506764607e-06
1.824022645111606e-06
1.935562147506306e-06
2.106130494152567e-06
2.257427562032349e-06
2.437963435313026e-06
2.638377387302197e-06
2.853542979268536e-06
3.102958454099990e-06
3.400644805787337e-06
3.743974268530231e-06
4.148107427166441e-06
4.621508780234365e-06
5.196848856226054e-06
5.866087412590441e-06
6.680893777503518e-06
7.659422484014697e-06
8.801391116507405e-06
1.021167168081135e-05
1.190163816139573e-05
1.397897324008900e-05
1.647000432973891e-05
1.955670715910539e-05
2.330395837775415e-05
2.792603960428549e-05
3.363340875388676e-05
4.072086486203677e-05
4.969721762807665e-05
6.113736060929417e-05
7.614992337527871e-05
9.598437476402399e-05
1.223479691496083e-04
1.576048777456097e-04
2.052576580765525e-04
2.712026657460152e-04
3.674594722922805e-04
5.131464715393747e-04
7.355466691228235e-04
1.076318506782874e-03
1.579704098454130e-03
2.301890530856219e-03
3.316996713502187e-03
4.753252481534780e-03
6.819645645751230e-03
9.794782764263116e-03
1.403127186831680e-02
1.991706192656079e-02
2.786223883209906e-02
3.834002335130508e-02
5.184492583851770e-02
6.896667773004481e-02
9.024457054317529e-02
1.163314946336671e-01
1.477493541217801e-01
1.848610107771653e-01
2.283894614070856e-01
2.792572545958892e-01
3.371011168972500e-01
4.005727502155929e-01
4.684307901707350e-01
5.384742870670446e-01
6.078180876662682e-01
6.725536770050180e-01
7.287541759507936e-01
8.057712615450052e-01
1.000000000000000e+00
1.000000000000000e+00
1.000000000000000e+00
1.000000000000000e+00
1.000000000000000e+00
1.000000000000000e+00
1.000000000000000e+00
1.000000000000000e+00
1.000000000000000e+00
1.000000000000000e+00
1.000000000000000e+00
###1.400000000000001e+01
-1.197313960356488e-06
4.757567118751571e-07
1.310225096770951e-07
3.494246966949624e-07
5.056431482603352e-07
6.384738345450026e-07
5.096279442779116e-07
5.208892249381481e-07
7.329842581988303e-07
6.253822654508219e-07
6.629727908759586e-07
7.983447356671460e-07
8.746031917365554e-07
9.719624759697025e-07
9.411702276613739e-07
1.024519624233763e-06
1.117807024071906e-06
1.183740738110898e-06
1.256055482360452e-06
1.334000692405694e-06
1.405989523790416e-06
1.517908029345023e-06
1.594262593858263e-06
1.709799869544164e-06
1.826461170370936e-06
1.952143132339731e-06
2.078042332423297e-06
2.258212719269309e-06
2.424495735551081e-06
2.621931601710172e-06
2.839656489233785e-06
3.075829207882210e-06
3.349167640147968e-06
3.670685380227730e-06
4.042838474149888e-06
4.482910432091351e-06
4.995525985667084e-06
5.616035459844225e-06
6.346163493086684e-06
7.217890947129762e-06
8.271865292780772e-06
9.509979836404503e-06
1.103081917598480e-05
1.287020569145054e-05
1.512191370651811e-05
1.783673043544175e-05
2.120774770007618e-05
2.532720479946133e-05
3.043315050771125e-05
3.678979245597831e-05
4.474537658530210e-05
5.487239940090017e-05
6.791351373707487e-05
8.504117055259836e-05
1.078111037126289e-04
1.382126585839701e-04
1.791314176165431e-04
2.347381027240705e-04
3.120298842280208e-04
4.238189892680664e-04
5.905631529485299e-04
8.410537585698245e-04
1.218596699217347e-03
1.771064040677665e-03
2.560788966824421e-03
3.671447659925949e-03
5.237200937468016e-03
7.476810622471387e-03
1.067492415739467e-02
1.519095042014277e-02
2.142708473030597e-02
2.979920212451856e-02
4.079731641496459e-02
5.492907808604807e-02
7.278070086162029e-02
9.490164092793253e-02
1.219271468191503e-01
1.543876791724300e-01
1.926080352987942e-01
2.372154511482396e-01
2.891006934009123e-01
3.477251748639950e-01
4.117171663800993e-01
4.797031036543164e-01
5.493729171834272e-01
6.177343842885982e-01
6.810426151222467e-01
7.351445189994393e-01
8.097137766790196e-01
1.000000000000000e+00
1.000000000000000e+00
1.000000000000000e+00
1.000000000000000e+00
1.000000000000000e+00
1.000000000000000e+00
1.000000000000000e+00
1.000000000000000e+00
1.000000000000000e+00
1.000000000000000e+00
1.000000000000000e+00
###1.440000000000001e+01
-1.229880377793738e-06
4.348891883466540e-07
1.260469236097443e-07
3.224215231674906e-07
5.119523651050921e-07
6.474544025732354e-07
5.363355945572180e-07
5.415056434782622e-07
7.494437226682948e-07
6.514648860992852e-07
6.944724177186708e-07
8.286929282025467e-07
9.111069077513115e-07
1.007640098444246e-06
9.886330971040400e-07
1.075639589801900e-06
1.174474236892629e-06
1.245586826494905e-06
1.324885461160894e-06
1.410059752631145e-06
1.491427121911557e-06
1.609227406995975e-06
1.697700691684724e-06
1.821231275119191e-06
1.948544407597339e-06
2.085828214817122e-06
2.225947745421636e-06
2.417258400829955e-06
2.600887053368925e-06
2.815681275666915e-06
3.051923095201227e-06
3.311001888909531e-06
3.609072727985855e-06
3.956575410924672e-06
4.362414998414918e-06
4.837629278711383e-06
5.393380125433521e-06
6.063989717285345e-06
6.851214137617345e-06
7.793062933661769e-06
8.928640034332687e-06
1.026976978460245e-05
1.191612074209431e-05
1.390765343045297e-05
1.635552819958818e-05
1.932108391217767e-05
2.301132273308387e-05
2.754062986945081e-05
3.319360986555378e-05
4.026452939851186e-05
4.920235666552277e-05
6.062654255860662e-05
7.544639415391721e-05
9.500904666967156e-05
1.209928901147280e-04
1.559426484812266e-04
2.031846113442674e-04
2.676793048304489e-04
3.573783693439965e-04
4.860822438999103e-04
6.757926172068424e-04
9.572609429734281e-04
1.375000434870976e-03
1.981419387124405e-03
2.844456255375459e-03
4.056823614661050e-03
5.760097541669952e-03
8.180828723804113e-03
1.161170847726737e-02
1.642079737946127e-02
2.301721231034746e-02
3.182985127538258e-02
4.336549659740991e-02
5.813958228416034e-02
7.672347141189932e-02
9.970616879260075e-02
1.276788003528667e-01
1.611797509395543e-01
2.004994640793036e-01
2.461726084201631e-01
2.990122302183660e-01
3.584396072172757e-01
4.229111784826032e-01
4.909585638813179e-01
5.602659319107520e-01
6.276179102910997e-01
6.895164564273276e-01
7.414224959680761e-01
8.136779668668139e-01
1.000000000000000e+00
1.000000000000000e+00
1.000000000000000e+00
1.000000000000000e+00
1.000000000000000e+00
1.000000000000000e+00
1.000000000000000e+00
1.000000000000000e+00
1.000000000000000e+00
1.000000000000000e+00
1.000000000000000e+00
###1.480000000000001e+01
-1.227797637101024e-06
2.883979441976896e-07
9.661052528346069e-08
3.364134635911083e-07
5.207760161104299e-07
6.583543436757017e-07
5.776898579396389e-07
5.644584578166686e-07
7.717971387796616e-07
6.843698657976704e-07
7.307277025396346e-07
8.622839800680400e-07
9.483485905711562e-07
1.046915925547890e-06
1.039450414307389e-06
1.130520802452076e-06
1.233459519668363e-06
1.315726925085973e-06
1.398515893339589e-06
1.483433116734285e-06
1.581927334915337e-06
1.706969139491822e-06
1.813154746912068e-06
1.940292376746047e-06
2.078943574138225e-06
2.228609496037171e-06
2.384039181390812e-06
2.588085940561332e-06
2.790113631257765e-06
3.022666986028859e-06
3.278796084794212e-06
3.561828346942325e-06
3.886607316345563e-06
4.263290986266327e-06
4.703262543690225e-06
5.219968388171513e-06
5.816469274598503e-06
6.544207799651857e-06
7.389123433329418e-06
8.408585147967108e-06
9.635149134553782e-06
1.109155960975026e-05
1.287347608944766e-05
1.503197765172161e-05
1.769533595991572e-05
2.093846276312383e-05
2.497982268054132e-05
2.995538249948139e-05
3.622164241729751e-05
4.410335913252523e-05
5.412071134992944e-05
6.698762129689928e-05
8.378763525468177e-05
1.061093522658973e-04
1.356896451670503e-04
1.757167745708769e-04
2.299807640093398e-04
3.042086010618374e-04
4.075114779628843e-04
5.548462248138663e-04
7.695443438139819e-04
1.084451998830295e-03
1.546250058337586e-03
2.211329128987340e-03
3.153717620234944e-03
4.474779094920771e-03
6.323604571454830e-03
8.934599762891224e-03
1.260897067587776e-02
1.772177232984428e-02
2.469230991123445e-02
3.395923231946250e-02
4.604483371082136e-02
6.147105582343602e-02
8.081131380924132e-02
1.046559322295138e-01
1.335905947343874e-01
1.681304286911851e-01
2.085439055364056e-01
2.552906240948432e-01
3.090396439141690e-01
3.692170944329905e-01
4.341569636622301e-01
5.022438466885043e-01
5.711580277477050e-01
6.376152658345796e-01
6.980855260271640e-01
7.478798665691154e-01
8.180302516070416e-01
1.000000000000000e+00
1.000000000000000e+00
1.000000000000000e+00
1.000000000000000e+00
1.000000000000000e+00
1.000000000000000e+00
1.000000000000000e+00
1.000000000000000e+00
1.000000000000000e+00
1.000000000000000e+00
1.000000000000000e+00
###1.520000000000001e+01
-1.264982487185315e-06
3.182369387887706e-07
1.886590935819770e-07
3.256939493640558e-07
5.290259675513101e-07
6.653003626121171e-07
5.897623028795425e-07
5.881135113940883e-07
7.886272511121336e-07
7.043140488055157e-07
7.644749423327667e-07
8.959963657433547e-07
9.832373523780962e-07
1.089993633821081e-06
1.086983447781647e-06
1.185945933184944e-06
1.291834768891492e-06
1.382673268442799e-06
1.472069388315256e-06
1.565732194597504e-06
1.673234334185525e-06
1.806171220915277e-06
1.923830779756595e-06
2.062840136318815e-06
2.212679444051602e-06
2.375597678283197e-06
2.546608943288037e-06
2.764915045578757e-06
2.985936136946289e-06
3.239392540546251e-06
3.515557034068722e-06
3.823623828324928e-06
4.177365639872416e-06
4.585794513056851e-06
5.062498170237527e-06
5.620879174955686e-06
6.265976671575792e-06
7.051283020034191e-06
7.964683125080725e-06
9.064401316187652e-06
1.039172306340890e-05
1.196597911918705e-05
1.390730923364039e-05
1.624587061807599e-05
1.914145612954333e-05
2.267972414838590e-05
2.711761832333939e-05
3.260990953561130e-05
3.954497861048252e-05
4.833208676795460e-05
5.954627333682654e-05
7.402598060986136e-05
9.303746366146589e-05
1.184210744113121e-04
1.520035901618568e-04
1.977929809136569e-04
2.596954544099378e-04
3.446672979708006e-04
4.628471968158933e-04
6.304854692651978e-04
8.725413402069056e-04
1.223601998411366e-03
1.733400124244241e-03
2.462203014327195e-03
3.489900768685997e-03
4.926896178455049e-03
6.928826797592597e-03
9.739821177278941e-03
1.366844208489663e-02
1.909673918577383e-02
2.645369623358990e-02
3.619083839897935e-02
4.883873764497515e-02
6.493263814814891e-02
8.504010584573810e-02
1.097626180798868e-01
1.396668236430596e-01
1.752448958744424e-01
2.167388029452855e-01
2.645437923392138e-01
3.192170243382422e-01
3.800892373245288e-01
4.454317253834575e-01
5.135661359181461e-01
5.820293117619942e-01
6.475672109074375e-01
7.065841335536194e-01
7.545392322515181e-01
8.224300910749106e-01
1.000000000000000e+00
1.000000000000000e+00
1.000000000000000e+00
1.000000000000000e+00
1.000000000000000e+00
1.000000000000000e+00
1.000000000000000e+00
1.000000000000000e+00
1.000000000000000e+00
1.000000000000000e+00
1.000000000000000e+00
###1.560000000000001e+01
-1.233730742756148e-06
3.331226962713532e-07
1.661316599784745e-07
3.362589192349506e-07
5.372139490297231e-07
6.777103472021039e-07
6.036364729417035e-07
5.400569669562814e-07
8.128168316720161e-07
7.310147897739481e-07
8.517142671960690e-07
9.274093197590085e-07
1.019477924523300e-06
1.129233530408246e-06
1.137837895494875e-06
1.241580944568459e-06
1.352242150545829e-06
1.450646096384908e-06
1.548388667521625e-06
1.651290329423085e-06
1.768230729571320e-06
1.909876729737127e-06
2.039307987038416e-06
2.189976059327890e-06
2.353211173720775e-06
2.529901642749620e-06
2.717278543361037e-06
2.951216666064734e-06
3.191738973198893e-06
3.466402127623145e-06
3.765830194849209e-06
4.101336868608736e-06
4.484876851847942e-06
4.927808733239141e-06
5.443512494427885e-06
6.046784432524926e-06
6.744924840361485e-06
7.592623854334327e-06
8.579042936638525e-06
9.766269876494558e-06
1.120100867155304e-05
1.290743972183473e-05
1.501241357830393e-05
1.755230750327023e-05
2.070776756908981e-05
2.458604884498775e-05
2.944466884954877e-05
3.550722926707329e-05
4.319170930616633e-05
5.296882224762026e-05
6.548469371406968e-05
8.180426636054302e-05
1.032840266587147e-04
1.320000098147313e-04
1.701037049316099e-04
2.222151021004832e-04
2.925945238516074e-04
3.893460578269254e-04
5.237891640675346e-04
7.134619898658405e-04
9.851459707504646e-04
1.375542016208846e-03
1.937449299001896e-03
2.734872286523062e-03
3.854168972289141e-03
5.414469655281392e-03
7.578114109582669e-03
1.059798436067565e-02
1.479253022389323e-02
2.054907868615604e-02
2.830510730108532e-02
3.852580556621187e-02
5.175607708828422e-02
6.852369254563032e-02
8.941689137072704e-02
1.150289340042310e-01
1.459002934034067e-01
1.825326941183883e-01
2.251059425398554e-01
2.739591476570276e-01
3.295037586477159e-01
3.910573903672650e-01
4.567866804671934e-01
5.249394264170715e-01
5.928928806071905e-01
6.575490650277660e-01
7.151419224659481e-01
7.613786898904128e-01
8.269349923461137e-01
1.000000000000000e+00
1.000000000000000e+00
1.000000000000000e+00
1.000000000000000e+00
1.000000000000000e+00
1.000000000000000e+00
1.000000000000000e+00
1.000000000000000e+00
1.000000000000000e+00
1.000000000000000e+00
1.000000000000000e+00
