# NLO BK equation solver 0.0-dev build  (build Nov 18 2025 11:57:20)
# Initial condition: MV model, Q_s0^2 = 0.0884764 GeV^2, \gamma = 4.39687, coefficient of E inside Log is 1, x0=0.01, \Lambda_QCD = 0.241 GeV
# # LO Kernel RC:  Balitsky. NLO Kernel RC:  smallest dipole
# Nc=3, Nf=4
# Using RungeKutta method in K1
# Resumming double log
# Resumming single log, K_sub=0.65 resum rc: smallest
# BK K1 integration relative accuracy: 0.02# NLO BK as^2 terms: MC integration method: Vegas, points=1000000
# Kinematical constraint: none
# Target kinematical constraint: disabled

###1.000000000000000e-05
###1.160836920850890e+00
###100
###1.000000000000000e+00
###0.000000000000000e+00
8.135667639697401e-49
2.984956556639688e-48
1.095024285756310e-47
4.016511418496483e-47
1.473032493234607e-46
5.401472996343317e-46
1.980373438118504e-45
7.259644581200978e-45
2.660818974193538e-44
9.750912493629992e-44
3.572755850315197e-43
1.308843400892450e-42
4.793981449870986e-42
1.755606943368407e-41
6.428037371484260e-41
2.353138316564941e-40
8.612558457247868e-40
3.151593403536348e-39
1.153025633874585e-38
4.217508056617945e-38
1.542333682040627e-37
5.639016869482128e-37
2.061237862190975e-36
7.532677925709780e-36
2.752098775932388e-35
1.005237257905118e-34
3.670789900982316e-34
1.340087488776806e-33
4.890863607645514e-33
1.784483913182188e-32
6.508937759515260e-32
2.373413956302298e-31
8.651631734945727e-31
3.152671681779750e-30
1.148445594755426e-29
4.182034075203926e-29
1.522314493608916e-28
5.539298651845940e-28
2.014801892294862e-27
7.325383004678985e-27
2.662205810271299e-26
9.670718210721613e-26
3.511347007917800e-25
1.274319656106039e-24
4.622361155236017e-24
1.675795517290361e-23
6.072117302901634e-23
2.198928432486797e-22
7.958352775427186e-22
2.878493540417203e-21
1.040460600981420e-20
3.758306176887141e-20
1.356601108958628e-19
4.893195638061285e-19
1.763599279825609e-18
6.351266945298823e-18
2.285387905239764e-17
8.216455149054309e-17
2.951345527258941e-16
1.059138978068662e-15
3.797257971297647e-15
1.360064208880139e-14
4.866426716209262e-14
1.739456916552101e-13
6.211031007474055e-13
2.215426697548170e-12
7.893980427368251e-12
2.809869312343241e-11
9.991719988448690e-11
3.549591843839740e-10
1.259879680133554e-09
4.468176175539845e-09
1.583546266318988e-08
5.609066092271181e-08
1.986010774703233e-07
7.030522190018444e-07
2.488876559291222e-06
8.813199489609864e-06
3.122367147234684e-05
1.107052362404604e-04
3.928905472894151e-04
1.395719790109662e-03
4.959717862173529e-03
1.757584294807835e-02
6.140088464627880e-02
2.030303535491244e-01
5.571898066821857e-01
9.466591805214316e-01
9.999743636946218e-01
1.000000000000000e+00
1.000000000000000e+00
1.000000000000000e+00
1.000000000000000e+00
1.000000000000000e+00
1.000000000000000e+00
1.000000000000000e+00
1.000000000000000e+00
1.000000000000000e+00
1.000000000000000e+00
1.000000000000000e+00
###4.000000000000000e-01
2.701477285678606e-10
1.283369831516536e-10
9.078798765294914e-10
1.439355465822352e-09
-3.326866355083784e-10
-8.684380564941752e-10
-1.667837534146444e-10
-6.791592230162790e-11
2.828772252808828e-11
2.178780335950035e-11
4.417610682357239e-11
6.259219882619588e-11
-4.929926547204502e-11
-5.449645013174006e-10
2.666758172098777e-11
-1.839096832844435e-10
1.927055907703598e-11
1.497228846162919e-10
-2.165064429415990e-13
-2.036298214421045e-11
9.210691218374120e-11
-1.646392586430465e-10
4.365015468869599e-11
3.644529405279736e-11
6.919774417025106e-11
-2.393349892525998e-11
9.486746900760569e-11
8.725199793478847e-11
1.374782943554491e-10
1.342082827332512e-10
2.240370337546082e-10
3.276554875541958e-10
4.504985332826478e-10
5.907363005980952e-10
7.865550175496788e-10
1.171350198571943e-09
1.376789629617620e-09
1.825218489753000e-09
2.415188539680902e-09
3.238131644100903e-09
4.323553533585113e-09
5.644457384808219e-09
7.506619910442122e-09
1.006839140369552e-08
1.312665732596870e-08
1.734631261521435e-08
2.273075149809086e-08
2.998240666700285e-08
3.916105426979601e-08
5.136391331558724e-08
6.688446067280769e-08
8.720680191115572e-08
1.137669652274693e-07
1.484852223085150e-07
1.929836898202567e-07
2.535906343054649e-07
3.331811146040228e-07
4.407299449405904e-07
5.860327275105415e-07
7.900290536649880e-07
1.079213747383731e-06
1.493792771408255e-06
2.105638309028646e-06
3.031094378741286e-06
4.444700265849828e-06
6.003366766677525e-06
1.016386167701479e-05
1.534542783066974e-05
2.435190905012543e-05
3.738071521403497e-05
5.948233328713203e-05
9.271034428832871e-05
1.444783621621503e-04
2.241670019414125e-04
3.468923209328022e-04
5.371567483158698e-04
8.322359756877562e-04
1.290424023091453e-03
2.015737011982306e-03
3.206817796375689e-03
5.302952079549354e-03
9.230206621344425e-03
1.742722710542762e-02
3.689649836368104e-02
8.842167629186447e-02
2.277061098917336e-01
5.394374421964692e-01
8.774877443511330e-01
9.584328028197882e-01
1.000000000000000e+00
1.000000000000000e+00
1.000000000000000e+00
1.000000000000000e+00
1.000000000000000e+00
1.000000000000000e+00
1.000000000000000e+00
1.000000000000000e+00
1.000000000000000e+00
1.000000000000000e+00
1.000000000000000e+00
###8.000000000000000e-01
1.845555519772205e-08
-8.485837239473014e-09
1.468664672168691e-09
-3.730465850164862e-08
3.484579810075023e-09
-9.179947776992862e-11
-2.116066044958501e-10
8.775482803664255e-09
4.787713055935345e-09
7.725700341258857e-10
9.059465763774448e-10
9.575831176603293e-10
5.048294846282166e-10
-7.230665360277213e-10
3.191089879278113e-10
1.178249416496409e-09
1.441959394209953e-10
4.394550236418957e-10
9.048442694600508e-10
7.713713464005855e-10
3.341540341077991e-10
5.041694178470269e-10
4.549138232051223e-11
3.953407337511416e-10
4.725495121717160e-10
1.802051958086583e-10
5.417009672593481e-10
8.479581781770953e-10
-3.511225833531088e-10
4.024847241859162e-10
9.498204898648422e-10
1.116005925922823e-09
1.672308589588906e-09
1.692696194774699e-09
2.790854416589176e-09
3.284360691357411e-09
3.976025522476135e-09
5.298650095700421e-09
6.763523186833293e-09
8.633201210881079e-09
1.199502899682027e-08
1.608993189962482e-08
2.062634495723570e-08
2.688706024172041e-08
3.422506790384139e-08
4.480397942051482e-08
5.760264915759661e-08
7.395324602280654e-08
9.510893520903993e-08
1.204750374201599e-07
1.523962383211886e-07
1.905869855937856e-07
2.396575081888340e-07
2.974088140986833e-07
3.645455742167747e-07
4.489884778725599e-07
5.563240265311128e-07
6.825332895443128e-07
8.020497070456729e-07
1.062211896929877e-06
1.362364386334277e-06
1.815832416345889e-06
2.503114807402177e-06
3.877418510961010e-06
5.597042950904295e-06
9.504779602233510e-06
1.714872272104298e-05
2.877553680112833e-05
4.906766476453120e-05
8.140099038891828e-05
1.344293013190558e-04
2.155736441996957e-04
3.402256894238959e-04
5.302488163268044e-04
8.179884660635980e-04
1.250817543231084e-03
1.906412543922924e-03
2.890684951099428e-03
4.378292803912096e-03
6.727789313880279e-03
1.064266886213913e-02
1.737142512159323e-02
2.974482264103356e-02
5.500425385741611e-02
1.123228831822245e-01
2.481202988238004e-01
5.243765919338298e-01
8.205936255033572e-01
9.206839275089159e-01
1.000000000000000e+00
1.000000000000000e+00
1.000000000000000e+00
1.000000000000000e+00
1.000000000000000e+00
1.000000000000000e+00
1.000000000000000e+00
1.000000000000000e+00
1.000000000000000e+00
1.000000000000000e+00
1.000000000000000e+00
###1.200000000000000e+00
1.814750044667245e-08
-1.356864260539782e-08
8.857711020198095e-10
-3.887973203276570e-08
4.977352266405975e-09
-1.063906685361928e-08
3.940221518748707e-09
1.713028319747829e-08
5.525841131510186e-09
9.681453537526067e-09
4.610758664517355e-09
2.718800321004298e-09
8.602479034791620e-10
1.125264664079298e-11
4.819687136914803e-09
8.101753880484435e-09
-1.656300067020773e-10
3.515471385168198e-09
2.876912727629307e-09
5.395870816179211e-09
2.886331027711459e-09
3.972269014490639e-09
2.723726835207330e-09
3.022641331589152e-09
5.145782605385715e-09
2.849087377590286e-09
3.508678343548030e-09
2.980391021308300e-09
2.808837312925181e-09
3.788110506788868e-09
4.222756940132085e-09
4.810028379347583e-09
6.853994097084538e-09
6.520457252156134e-09
8.632387878412975e-09
9.213785744240888e-09
1.166410694629231e-08
1.370923195958369e-08
1.780986012450718e-08
2.164460144333171e-08
2.598240475655009e-08
3.418224293490882e-08
4.526117844428208e-08
5.560292321705746e-08
7.244130408736827e-08
9.032373378988821e-08
1.143089629309705e-07
1.421281368456070e-07
1.762667303342576e-07
2.165041312647850e-07
2.636782964617240e-07
3.163164441761566e-07
3.731487033990725e-07
4.260987440102704e-07
4.679725371666782e-07
4.998852239443078e-07
5.032721802770079e-07
4.460938647154318e-07
3.028205651097368e-07
1.659626593704448e-07
-1.129519812982368e-07
-4.885054580320383e-07
-6.758861193618656e-07
-3.298459403873584e-07
8.256360145068273e-07
4.912613459126469e-06
1.482305293556513e-05
3.274160454050475e-05
6.651763884122445e-05
1.238901017586819e-04
2.180823589248984e-04
3.637698371474906e-04
5.853040187978165e-04
9.185051972284220e-04
1.414109397027007e-03
2.147175004381596e-03
3.232368461518407e-03
4.813592230376624e-03
7.133529254247904e-03
1.068866207052996e-02
1.644441149789871e-02
2.588279804628523e-02
4.204735458240107e-02
7.220337459694115e-02
1.338457363323725e-01
2.654673279018199e-01
5.119612710412712e-01
7.738262510638828e-01
8.869042077850565e-01
1.000000000000000e+00
1.000000000000000e+00
1.000000000000000e+00
1.000000000000000e+00
1.000000000000000e+00
1.000000000000000e+00
1.000000000000000e+00
1.000000000000000e+00
1.000000000000000e+00
1.000000000000000e+00
1.000000000000000e+00
###1.600000000000000e+00
3.683531088868150e-09
-4.370749189521081e-10
2.081160926556772e-07
-2.879398028740029e-08
-5.140359170597122e-08
-2.081924804676024e-08
1.032327570095679e-08
2.656070812524825e-08
4.431379319234047e-08
1.988816825449673e-08
1.067918785204547e-08
4.600283405405578e-09
2.098154627936091e-08
5.231303016250806e-09
1.225072359372511e-08
1.926644459476844e-09
3.311363822056787e-08
1.029729936934925e-08
3.516546333629463e-09
1.140119209150106e-08
1.231944719889249e-09
7.843396068489059e-09
9.267419826191858e-09
9.778218933925331e-09
1.230502754662019e-08
1.026442840985497e-08
1.001411845450029e-08
1.216317066017385e-08
1.196486081302728e-08
1.165698425566927e-08
1.472885460404107e-08
1.240824930008489e-08
1.635999998746308e-08
1.592720003871190e-08
2.038313913505377e-08
2.170614349978067e-08
2.686648860509973e-08
3.036682017148329e-08
3.546204156339405e-08
4.547704621056185e-08
5.505019252019686e-08
6.816645723041841e-08
8.753262597060481e-08
1.064100534790002e-07
1.330490918242382e-07
1.587630913305032e-07
2.001528795042315e-07
2.424450375805753e-07
2.958841949074863e-07
3.485422824024518e-07
4.054849814225333e-07
4.629585368591317e-07
4.982937646938878e-07
5.181058061829866e-07
4.742492407211582e-07
3.744071172759110e-07
1.508460568014410e-07
-3.740016228636920e-07
-1.206805195623408e-06
-2.341860058193055e-06
-4.045295496827973e-06
-6.360756241517453e-06
-8.959041084633781e-06
-1.143915453472287e-05
-1.270188316055502e-05
-9.077619308625615e-06
4.081032363211506e-06
2.663548897188593e-05
7.316147200426403e-05
1.600345983815058e-04
3.070596771356149e-04
5.360721528578468e-04
8.818292728203307e-04
1.392368169134452e-03
2.140150399854546e-03
3.230812024301229e-03
4.813816405166119e-03
7.060410828784646e-03
1.028259311624482e-02
1.510444551431373e-02
2.270708909537457e-02
3.478569955312803e-02
5.443621422196106e-02
8.877364614030968e-02
1.535999842583147e-01
2.807085270751993e-01
5.021733037365914e-01
7.356994979384478e-01
8.572923836407607e-01
1.000000000000000e+00
1.000000000000000e+00
1.000000000000000e+00
1.000000000000000e+00
1.000000000000000e+00
1.000000000000000e+00
1.000000000000000e+00
1.000000000000000e+00
1.000000000000000e+00
1.000000000000000e+00
1.000000000000000e+00
###2.000000000000000e+00
2.735047228361912e-08
-6.051491997843904e-09
2.295269331632969e-07
5.011339353053794e-08
-3.840038167203988e-08
2.764016952067130e-08
6.448020498873473e-08
1.952790983809619e-08
8.360084280069842e-08
5.784142679706070e-08
4.542875432817741e-08
4.285354640795824e-08
5.048882496513781e-08
4.213928555600297e-08
4.723338874190774e-08
2.427577224333830e-08
8.306872729813589e-08
4.643842303579434e-08
3.065190331063372e-08
5.294067067114750e-08
3.234481980995096e-08
4.351709040115183e-08
4.529581079824330e-08
4.377853257929391e-08
4.919969211953544e-08
3.878501083819832e-08
4.809949596464537e-08
4.929987039364213e-08
5.143591906746002e-08
5.269284247346255e-08
5.636502459300700e-08
5.699384773681588e-08
6.418196630732721e-08
5.596538693561413e-08
6.686678638314490e-08
6.454897699854092e-08
8.133832068128883e-08
8.799563217139798e-08
9.616527654751053e-08
1.089617667846714e-07
1.353445821741277e-07
1.529781847178278e-07
1.805034842469052e-07
2.152511616465224e-07
2.404573785245520e-07
3.014445132156185e-07
3.534347134046633e-07
4.092799919005397e-07
4.883495965295123e-07
5.620385471751151e-07
6.119200804519799e-07
6.568111145730205e-07
6.601583082115930e-07
6.173587642350247e-07
4.882862182412234e-07
2.039983942073932e-07
-5.657819780203169e-07
-1.849913086626442e-06
-3.779673821464586e-06
-6.552204145396907e-06
-1.051326153296225e-05
-1.613358082568879e-05
-2.259683813143432e-05
-2.961692235360259e-05
-3.558787276467560e-05
-3.477518753328897e-05
-1.744497768959847e-05
3.702643554495107e-05
9.613872555707741e-05
2.004233224561574e-04
4.096749764570926e-04
7.364702008554446e-04
1.231944391231207e-03
1.956580042092692e-03
3.000539529751818e-03
4.505678523483638e-03
6.646585897543525e-03
9.638165549581537e-03
1.382316191903103e-02
1.996381583550669e-02
2.945076794996450e-02
4.409670975906008e-02
6.696156849999681e-02
1.049214379689027e-01
1.721177565709193e-01
2.945380102053037e-01
4.948299389443143e-01
7.050319114448527e-01
8.320364829012009e-01
1.000000000000000e+00
1.000000000000000e+00
1.000000000000000e+00
1.000000000000000e+00
1.000000000000000e+00
1.000000000000000e+00
1.000000000000000e+00
1.000000000000000e+00
1.000000000000000e+00
1.000000000000000e+00
1.000000000000000e+00
###2.400000000000000e+00
7.147464382209416e-09
1.654846951739766e-08
1.736057215086039e-07
1.242070875170506e-07
-2.950594653299473e-08
6.490414434113502e-08
8.655654427517007e-08
7.348580831751888e-08
1.163343935579477e-07
7.576657641910690e-08
6.315573878149959e-08
8.061313697975034e-08
7.103556504831177e-08
6.264189702776323e-08
6.947905482033077e-08
4.675990870294354e-08
9.932863865429892e-08
6.739507339324558e-08
5.409481088714817e-08
7.597185625407365e-08
6.381565546112406e-08
6.376719396998370e-08
6.985191933843374e-08
6.871997440101847e-08
7.427567681474336e-08
6.720854002862813e-08
7.588772504446568e-08
7.855329755444198e-08
8.317408600392583e-08
8.435688920499341e-08
8.840379136340674e-08
9.180488773909351e-08
9.933176779742922e-08
9.432677293140325e-08
9.594025407759820e-08
1.098320971016545e-07
1.303420359942674e-07
1.387377649374093e-07
1.577517263778868e-07
1.702484277173549e-07
2.115203203029264e-07
2.410365624554356e-07
2.868784726299614e-07
3.292971372025994e-07
3.757633526251073e-07
4.558580406814780e-07
5.338316826025874e-07
6.227893484012347e-07
7.203676725160713e-07
8.109841396588472e-07
8.692872785757529e-07
8.991830958378710e-07
8.551081949800550e-07
7.700732192227584e-07
5.324737796595429e-07
-1.817360844068146e-07
-1.662210834620052e-06
-3.926469511145439e-06
-7.356975101504646e-06
-1.235205700095686e-05
-1.943408435890569e-05
-2.922324285053638e-05
-4.216130072273887e-05
-5.548259455165306e-05
-6.731040464589325e-05
-7.053511951820249e-05
-4.963788386788824e-05
5.442814158809752e-05
1.261217224743076e-04
2.461482266093816e-04
5.264884088422818e-04
9.683132429077505e-04
1.637152521076735e-03
2.607198152604761e-03
3.992353153454890e-03
5.945815750418510e-03
8.721801384633717e-03
1.252566559109071e-02
1.773670474120653e-02
2.525035970454529e-02
3.662727111424303e-02
5.381114349863021e-02
7.964916802288982e-02
1.207649863782053e-01
1.896947836510741e-01
3.075668412068007e-01
4.900517068242257e-01
6.808406225881523e-01
8.112468717146284e-01
1.000000000000000e+00
1.000000000000000e+00
1.000000000000000e+00
1.000000000000000e+00
1.000000000000000e+00
1.000000000000000e+00
1.000000000000000e+00
1.000000000000000e+00
1.000000000000000e+00
1.000000000000000e+00
1.000000000000000e+00
###2.800000000000000e+00
3.650803516565216e-08
-1.652525816688530e-09
1.465461990750311e-07
1.433606209720642e-07
-1.473858823483067e-09
7.043688273330637e-08
1.388703764937522e-07
1.154951813240109e-07
1.617215263526293e-07
1.115470338234142e-07
1.033206877561608e-07
1.330705998426530e-07
1.036337611527944e-07
1.184092757567639e-07
1.078911188415104e-07
8.761172582627922e-08
1.158850384693755e-07
1.192193275453500e-07
1.073184755738858e-07
1.196911177750533e-07
1.151109701580956e-07
1.189159342692102e-07
1.291295111257220e-07
1.276779255716615e-07
1.232363344367655e-07
1.295304723230149e-07
1.294046487677663e-07
1.389849033628020e-07
1.414316340477012e-07
1.432566635584221e-07
1.483342681908688e-07
1.533664617977182e-07
1.656150248084297e-07
1.627448714071915e-07
1.685059048724459e-07
1.855832959944329e-07
2.116298721847851e-07
2.276347967223586e-07
2.534617463369710e-07
2.764980746528112e-07
3.317574269270607e-07
3.723866712646902e-07
4.360476304300691e-07
5.015388500249299e-07
5.731917673534515e-07
6.792561615558146e-07
7.892363869204017e-07
9.098154488729539e-07
1.017662370843143e-06
1.134321150772069e-06
1.211456046504493e-06
1.218269630157988e-06
1.131485483200519e-06
1.105259896527006e-06
7.676419256382834e-07
-6.758883578583113e-07
-2.985089354980085e-06
-6.507144171767980e-06
-1.183120009978299e-05
-1.948802716905169e-05
-3.045392416916736e-05
-4.549205909775367e-05
-6.509044523280595e-05
-8.621081492125578e-05
-1.057005659512923e-04
-1.133931853768450e-04
-8.582065657936853e-05
9.080804480835354e-05
1.731283743952963e-04
3.031172240933725e-04
6.628942280815010e-04
1.234041776992101e-03
2.099861955900159e-03
3.347352387639452e-03
5.109517956808073e-03
7.574007511167782e-03
1.102501264719792e-02
1.568579515099355e-02
2.198702282162845e-02
3.091879816819132e-02
4.421217828072098e-02
6.385040443072494e-02
9.246757605320531e-02
1.363435102277443e-01
2.065751709095371e-01
3.200855121270040e-01
4.875909833129153e-01
6.622469102740169e-01
7.944351434049640e-01
1.000000000000000e+00
1.000000000000000e+00
1.000000000000000e+00
1.000000000000000e+00
1.000000000000000e+00
1.000000000000000e+00
1.000000000000000e+00
1.000000000000000e+00
1.000000000000000e+00
1.000000000000000e+00
1.000000000000000e+00
###3.200000000000000e+00
3.691763420091473e-08
1.913359512453640e-07
3.106548655362996e-07
1.216709366479971e-07
-7.191347176466945e-08
8.643500434022786e-08
1.262299258970481e-07
1.850817934930181e-07
2.722089733353840e-07
1.349654219483472e-07
1.090062191119628e-07
1.619241552801359e-07
1.179538137594237e-07
1.326580919794516e-07
1.425804255193119e-07
1.244978880455974e-07
1.484152964623329e-07
1.455470281577673e-07
1.611597189178634e-07
1.593905628609544e-07
1.585108588479615e-07
1.616017955391351e-07
1.699139847282522e-07
1.735455474318966e-07
1.781850980533866e-07
1.739812084866798e-07
1.701592778684125e-07
1.896665440935758e-07
2.088945679579185e-07
1.976340690552727e-07
2.046912709393129e-07
2.157065603033859e-07
2.283541111598691e-07
2.311011526568341e-07
2.304412586002851e-07
2.672391341985797e-07
2.948207784662506e-07
3.222018972029696e-07
3.548603786607475e-07
3.909120506185684e-07
4.613080170897416e-07
5.185759830443063e-07
6.030707427780253e-07
6.932890371671444e-07
7.935158201982279e-07
9.355520279105970e-07
1.080296416431718e-06
1.236273973396564e-06
1.388888924857670e-06
1.543112233001053e-06
1.639511752329712e-06
1.655123656392046e-06
1.549476003775656e-06
1.614746891520518e-06
1.233894155231178e-06
-1.119982009414758e-06
-4.387728434456602e-06
-9.323853197608782e-06
-1.672470639565128e-05
-2.736583034019076e-05
-4.262759001640195e-05
-6.341616238945516e-05
-9.023617776023529e-05
-1.196750065072961e-04
-1.467480960047806e-04
-1.566781328394087e-04
-1.131023256286893e-04
1.869988481555422e-04
2.529469643201317e-04
3.921157666525124e-04
8.354582976886433e-04
1.549932523275686e-03
2.629061754045682e-03
4.176817491030265e-03
6.355326006291447e-03
9.369719186958917e-03
1.353718205930165e-02
1.910790254089425e-02
2.652861613861318e-02
3.692611906269976e-02
5.213295498683133e-02
7.415703545545042e-02
1.053656524336029e-01
1.517534182033810e-01
2.229301923138044e-01
3.323616026477264e-01
4.871892936386332e-01
6.482373743205720e-01
7.812821734687627e-01
1.000000000000000e+00
1.000000000000000e+00
1.000000000000000e+00
1.000000000000000e+00
1.000000000000000e+00
1.000000000000000e+00
1.000000000000000e+00
1.000000000000000e+00
1.000000000000000e+00
1.000000000000000e+00
1.000000000000000e+00
###3.600000000000000e+00
5.980448664449253e-09
1.693564814611193e-07
2.839010873570417e-07
1.425694822622685e-07
-4.660614085619329e-08
1.042471075657746e-07
1.485183023933022e-07
2.297074352088441e-07
3.025715440487563e-07
1.570978300247550e-07
1.526236070648427e-07
1.847762041180261e-07
1.421985132523895e-07
1.608550883685662e-07
1.788183035649574e-07
1.615496016902177e-07
1.659202226358514e-07
1.657280652851711e-07
1.720620649974220e-07
1.908417397182311e-07
1.960098182503072e-07
1.942930026783407e-07
2.052905390279699e-07
2.117161010749637e-07
2.179390750742753e-07
2.137249697462853e-07
2.122305429582836e-07
2.323138018127801e-07
2.546940789981674e-07
2.460543605900623e-07
2.535700147728634e-07
2.706943798865126e-07
2.860078365443293e-07
2.934255620874315e-07
3.010110445964925e-07
3.350519472722650e-07
3.775193813114339e-07
4.157435275098608e-07
4.646665185992739e-07
5.086644437937767e-07
5.919631905450634e-07
6.737881708975344e-07
7.829502994840647e-07
9.038960321140283e-07
1.040028787743510e-06
1.219449932713780e-06
1.413713096099159e-06
1.622037190363057e-06
1.832803628170413e-06
2.044877027242461e-06
2.191952835882469e-06
2.243761175306849e-06
2.183764971289779e-06
2.589271567040641e-06
2.446345516210495e-06
-1.017459675371858e-06
-5.234700027361162e-06
-1.150728716671986e-05
-2.118718663289732e-05
-3.444371844514969e-05
-5.354882414776043e-05
-7.936901137010237e-05
-1.124092496775780e-04
-1.481732678849158e-04
-1.780544595032473e-04
-1.800041805456467e-04
-1.025519364374489e-04
4.931534568456641e-04
5.265768691568049e-04
5.680881602059413e-04
1.087806657501151e-03
1.947369945788546e-03
3.256885352488042e-03
5.128253706284292e-03
7.745008436538437e-03
1.134590216202578e-02
1.626991287163074e-02
2.278006065624961e-02
3.139150715485839e-02
4.324469828638283e-02
6.040027948484168e-02
8.472519545853566e-02
1.184042867117749e-01
1.670050097867785e-01
2.388224774880682e-01
3.446031318579537e-01
4.884740923905028e-01
6.382929803380719e-01
7.711265562579261e-01
1.000000000000000e+00
1.000000000000000e+00
1.000000000000000e+00
1.000000000000000e+00
1.000000000000000e+00
1.000000000000000e+00
1.000000000000000e+00
1.000000000000000e+00
1.000000000000000e+00
1.000000000000000e+00
1.000000000000000e+00
###4.000000000000000e+00
4.501661695095367e-08
1.624421471206894e-07
3.276488144882033e-07
2.062942991469146e-07
-2.613473359845402e-08
9.204534206196268e-08
1.461893926796763e-07
2.431869643512218e-07
3.331005779804930e-07
2.523575729755333e-07
1.734547064836079e-07
1.931920062895270e-07
1.482030773359017e-07
1.804813325491031e-07
2.010152120337322e-07
1.824582649892393e-07
1.969786742186308e-07
2.047849489251229e-07
1.972572649486413e-07
2.319815273914743e-07
2.340141926610713e-07
2.348284970367113e-07
2.777224532367033e-07
2.532769671178522e-07
2.605322490217421e-07
2.576805759892417e-07
2.589982037932836e-07
2.850541701308071e-07
3.032584194433670e-07
2.984423459093476e-07
3.119070148358773e-07
3.305560381532387e-07
3.501630933325735e-07
3.637534066710073e-07
3.796865636233139e-07
4.250451883618273e-07
4.707025751085613e-07
5.169741860345808e-07
5.913484188842831e-07
6.466629559615596e-07
7.522410633885279e-07
8.545679294215803e-07
9.923487703599273e-07
1.145966211709162e-06
1.327044108239077e-06
1.561314879963280e-06
1.812615602708552e-06
2.083096863622578e-06
2.369679999181895e-06
2.659382845866911e-06
2.906368892495864e-06
3.045439713407024e-06
3.140881184243605e-06
4.080255376653919e-06
4.469595102586038e-06
-8.529286634411379e-08
-5.285472636548948e-06
-1.265561882109283e-05
-2.401473176192435e-05
-3.970657385832144e-05
-6.178812657137625e-05
-9.134982915373399e-05
-1.283624248109192e-04
-1.659034329324432e-04
-1.908346060468373e-04
-1.681287290096516e-04
2.931794503192604e-06
1.016184218434681e-03
9.789053624343488e-04
8.550310040476397e-04
1.435755186671737e-03
2.450013402425462e-03
4.003080664759552e-03
6.219630297982643e-03
9.291989605934097e-03
1.350442248244484e-02
1.921198967426946e-02
2.670294935500130e-02
3.651777047173724e-02
4.987201030401835e-02
6.893277940974205e-02
9.548204575416633e-02
1.315084191296006e-01
1.821000693614916e-01
2.543690331361252e-01
3.567496413058153e-01
4.913730447725589e-01
6.316655447833576e-01
7.635991633736529e-01
1.000000000000000e+00
1.000000000000000e+00
1.000000000000000e+00
1.000000000000000e+00
1.000000000000000e+00
1.000000000000000e+00
1.000000000000000e+00
1.000000000000000e+00
1.000000000000000e+00
1.000000000000000e+00
1.000000000000000e+00
###4.399999999999999e+00
6.702565474712240e-08
2.483095830486619e-07
2.161809907246722e-07
2.470951635464208e-07
1.485333844451154e-07
7.098726254590685e-08
1.696892984468259e-07
2.207403127832297e-07
3.762995258915665e-07
3.019309879748918e-07
2.058223714748915e-07
2.351926887832442e-07
1.633423097886148e-07
2.006791046342972e-07
2.256087261058618e-07
2.019143512430196e-07
2.221295218631299e-07
2.308593349056584e-07
2.238322328976931e-07
2.577268462858961e-07
2.604817364996482e-07
2.627120207203032e-07
3.061822752597765e-07
2.870090992859337e-07
2.943201832948577e-07
2.927845479591500e-07
2.995859185127704e-07
3.261053368963968e-07
3.462620600307311e-07
3.485374018696852e-07
3.659231207623073e-07
3.832679851789697e-07
4.118199093136373e-07
4.348983027426293e-07
4.572909554651087e-07
5.024239972617238e-07
5.607221672130282e-07
6.172840811271646e-07
7.014089150752671e-07
7.765731909031307e-07
9.060276444746128e-07
1.024598400228567e-06
1.197249747445785e-06
1.383587577021267e-06
1.608759673449190e-06
1.881512316963066e-06
2.183311476966323e-06
2.507364166861669e-06
2.854797270217992e-06
3.201784760452208e-06
3.499016917590336e-06
3.706643090462329e-06
3.880649947240007e-06
5.370342114770475e-06
6.298503287132288e-06
1.195531642323323e-07
-6.554638159656109e-06
-1.581088596309013e-05
-2.983690866401501e-05
-4.928507209740801e-05
-7.651335598535388e-05
-1.127612795641967e-04
-1.580739454890769e-04
-2.048416894228569e-04
-2.366946840139110e-04
-2.111191266106288e-04
1.988655872219512e-06
9.215668805004529e-04
9.572320125417652e-04
9.740272173526253e-04
1.678928491653384e-03
2.886066269917363e-03
4.706908359584559e-03
7.289896443305900e-03
1.085524844009048e-02
1.570009113607598e-02
2.221376620055040e-02
3.071660283517291e-02
4.176329322617470e-02
5.661962353737938e-02
7.754362828024497e-02
1.062175001246483e-01
1.444675588304758e-01
1.969035101151920e-01
2.694601972400354e-01
3.687763967071802e-01
4.957052751618429e-01
6.277144846252954e-01
7.581635996411141e-01
1.000000000000000e+00
1.000000000000000e+00
1.000000000000000e+00
1.000000000000000e+00
1.000000000000000e+00
1.000000000000000e+00
1.000000000000000e+00
1.000000000000000e+00
1.000000000000000e+00
1.000000000000000e+00
1.000000000000000e+00
###4.800000000000000e+00
7.692526062431094e-08
3.105743826743219e-07
2.037947994201026e-07
2.522044138333833e-07
1.602091697676231e-07
1.355143141777969e-07
1.557130875654797e-07
2.230471767352675e-07
4.068664085431163e-07
3.027906593645689e-07
2.431937632731172e-07
2.528671684395480e-07
1.665283666954514e-07
2.163821730158913e-07
2.423819373800468e-07
2.272140963680995e-07
2.203040564602214e-07
2.668316340731392e-07
2.412607935866717e-07
2.718528856247764e-07
2.777533350998676e-07
2.853024877992597e-07
3.310624642738162e-07
3.113191947095807e-07
3.189188764148703e-07
3.260736674129450e-07
3.412423395473685e-07
3.676319813763623e-07
3.879606500603499e-07
3.927168272981443e-07
4.121228434888668e-07
4.372213788075429e-07
4.682361310738314e-07
4.964496640241359e-07
5.247165361538794e-07
5.865931281367071e-07
6.503245378735653e-07
7.182921891765651e-07
8.174515591579693e-07
9.192792192216688e-07
1.060011041864148e-06
1.203990238910125e-06
1.407374908578997e-06
1.625429294892420e-06
1.891710937056129e-06
2.210858517908842e-06
2.540090839525190e-06
2.933920650188097e-06
3.340405666279220e-06
3.740274366484068e-06
4.058155822159119e-06
4.310158384578574e-06
4.503497352659530e-06
6.032025971578775e-06
7.000797138048670e-06
1.992637485747747e-07
-7.992802705510645e-06
-1.912713101213690e-05
-3.572258693075569e-05
-5.899099825108741e-05
-9.130844124576280e-05
-1.343761519961308e-04
-1.878333532246053e-04
-2.432699765019377e-04
-2.810280341172773e-04
-2.505182306610232e-04
1.623278642088347e-05
8.599330011044047e-04
9.560646739395841e-04
1.115170743427677e-03
1.952626332003732e-03
3.362885479565638e-03
5.470172096231726e-03
8.430529949536599e-03
1.250501875685016e-02
1.800799716446509e-02
2.535697472473351e-02
3.487622075941992e-02
4.717125100230747e-02
6.353568603163467e-02
8.626279058700644e-02
1.170028962218437e-01
1.573810838462043e-01
2.114031737325854e-01
2.842212939780180e-01
3.807952661084284e-01
5.010294310690629e-01
6.260872016924689e-01
7.545405074819171e-01
1.000000000000000e+00
1.000000000000000e+00
1.000000000000000e+00
1.000000000000000e+00
1.000000000000000e+00
1.000000000000000e+00
1.000000000000000e+00
1.000000000000000e+00
1.000000000000000e+00
1.000000000000000e+00
1.000000000000000e+00
###5.200000000000000e+00
2.492840974275921e-08
4.986579793617966e-07
2.230092163113689e-07
2.399590791594861e-07
2.051018949238049e-07
7.527640034415662e-08
1.234032470811157e-07
2.398663140056393e-07
4.443505295730860e-07
3.139289926021299e-07
2.421264843604191e-07
2.677890902876862e-07
1.875679883047817e-07
2.344407715732074e-07
2.573216941031855e-07
2.586049777280069e-07
2.459777307568222e-07
3.157958085031587e-07
2.666531477877243e-07
2.950808688442653e-07
2.994825793373326e-07
3.149546326816347e-07
3.538726965632386e-07
3.181543909042465e-07
3.557663441504591e-07
3.701454880777421e-07
3.816413409770563e-07
4.179847962086996e-07
4.254382011053764e-07
4.407959347870510e-07
4.636041084506950e-07
4.912370759573534e-07
5.207211895571716e-07
5.759550360086118e-07
6.033511283382651e-07
6.745288162201729e-07
7.525050568539560e-07
8.300097028617545e-07
9.386915005565427e-07
1.063666753440467e-06
1.228436992842725e-06
1.401960863516074e-06
1.630429937825638e-06
1.887096511947751e-06
2.194095183427098e-06
2.563715924044950e-06
2.950105056058341e-06
3.398646621137732e-06
3.862552237275700e-06
4.315881589483435e-06
4.681150189613889e-06
4.940479118031310e-06
5.120065449847294e-06
6.304659647801782e-06
6.976471140602822e-06
6.084410317456478e-07
-9.088587124682227e-06
-2.191899138476141e-05
-4.083274513749157e-05
-6.744026894788880e-05
-1.041845557067909e-04
-1.528777375691668e-04
-2.128357507200391e-04
-2.737261625195948e-04
-3.108614551352097e-04
-2.599974672759135e-04
1.441718832902923e-04
9.116315117304220e-04
9.924553911699783e-04
1.300856209125425e-03
2.278317262241419e-03
3.899395381398822e-03
6.299162515496682e-03
9.657969386357644e-03
1.426289361522248e-02
2.043468351133579e-02
2.863056042893916e-02
3.919710908121005e-02
5.274396342990410e-02
7.061720638084465e-02
9.507863728109425e-02
1.278135724713124e-01
1.701697577328636e-01
2.256411764217165e-01
2.986565517728531e-01
3.927972602515389e-01
5.070532583599584e-01
6.259414662468832e-01
7.525652377112955e-01
1.000000000000000e+00
1.000000000000000e+00
1.000000000000000e+00
1.000000000000000e+00
1.000000000000000e+00
1.000000000000000e+00
1.000000000000000e+00
1.000000000000000e+00
1.000000000000000e+00
1.000000000000000e+00
1.000000000000000e+00
###5.600000000000001e+00
1.283274568958308e-07
5.330622268173623e-07
1.876257394349170e-07
2.556951979754484e-07
1.923595421292773e-07
1.182719783493632e-07
1.870427007665608e-07
2.478482420438035e-07
4.406288080413370e-07
3.310958587985141e-07
2.783451973897630e-07
2.863714701694596e-07
2.079219212957613e-07
2.560888063223365e-07
2.874507714085612e-07
2.849596718455426e-07
2.716096601541862e-07
3.381959936783966e-07
3.109419896231738e-07
3.142933548403062e-07
3.324558211867190e-07
3.480768227031220e-07
3.776593338878717e-07
3.575145134604121e-07
3.937019942255351e-07
4.680046858523034e-07
4.293846148192352e-07
4.655103105564536e-07
4.786968546618705e-07
4.984425547045243e-07
5.254340067759051e-07
5.564892758219710e-07
5.955637885128333e-07
6.549786533114761e-07
6.919414870514163e-07
7.724067083747170e-07
8.625704928287146e-07
9.568598257276347e-07
1.083651845856612e-06
1.227515017086288e-06
1.418571342699418e-06
1.618525857172870e-06
1.891285930935438e-06
2.190241909182623e-06
2.553046069895604e-06
2.980870781419392e-06
3.452128063697332e-06
3.979736819644256e-06
4.549090970396294e-06
5.122126886900828e-06
5.595860735229152e-06
5.996385060110432e-06
6.360151386095904e-06
7.521746658999450e-06
8.899357821062631e-06
3.744776955705887e-06
-7.529966974185137e-06
-2.129199151014003e-05
-4.125806026609005e-05
-6.912200755352358e-05
-1.073510711580304e-04
-1.566904650337119e-04
-2.147983252296395e-04
-2.676361839261406e-04
-2.833342227094109e-04
-1.417784413383422e-04
7.649128958858458e-04
1.397971434087189e-03
1.242078661783428e-03
1.646054146138883e-03
2.749518420486573e-03
4.581014002439136e-03
7.281679762187166e-03
1.104930642358595e-02
1.618814233594723e-02
2.304055570558529e-02
3.209434982866781e-02
4.372025616599075e-02
5.852038522786354e-02
7.787768490259629e-02
1.040704022811842e-01
1.387164561134756e-01
1.828471376733274e-01
2.397071482392122e-01
3.128287006847286e-01
4.046661745277094e-01
5.139907947909191e-01
6.271107267036440e-01
7.518484826592738e-01
1.000000000000000e+00
1.000000000000000e+00
1.000000000000000e+00
1.000000000000000e+00
1.000000000000000e+00
1.000000000000000e+00
1.000000000000000e+00
1.000000000000000e+00
1.000000000000000e+00
1.000000000000000e+00
1.000000000000000e+00
###6.000000000000001e+00
3.608749221493150e-07
4.740307827103733e-07
1.974821335958614e-07
1.937852708480330e-07
1.669465723942924e-07
7.968611278488873e-08
2.132420234196218e-07
2.457209191326839e-07
4.581527938998541e-07
3.449728500338313e-07
2.801477108714053e-07
3.035593548083974e-07
2.296460268999385e-07
2.802238668323263e-07
3.063466194038470e-07
3.049094004850859e-07
2.919729927216027e-07
3.592922018190204e-07
3.396000895578070e-07
3.439073200672018e-07
3.730528703266084e-07
3.779805265930982e-07
4.127143098388023e-07
3.955110844608424e-07
4.361136989429793e-07
5.064611893987096e-07
4.768304617739402e-07
5.164455145972410e-07
5.241342223274471e-07
5.591290280934106e-07
5.880745596966683e-07
6.280403555917369e-07
6.752026753236208e-07
7.395753324549705e-07
7.899781638626279e-07
8.691234541392371e-07
9.842138878342808e-07
1.093493849084540e-06
1.239521518873788e-06
1.410182159018677e-06
1.623425417399877e-06
1.866940092692090e-06
2.183111707726421e-06
2.538650869409182e-06
2.967998394749648e-06
3.477967675953340e-06
4.048234430935764e-06
4.691439637462357e-06
5.417743478691765e-06
6.174132783770298e-06
6.886249381136506e-06
7.608951903032055e-06
8.411902752970984e-06
1.016204886245558e-05
1.440456597490157e-05
1.279744654959265e-05
-2.392673676201314e-06
-1.677125984144438e-05
-3.675600697427132e-05
-6.422180511675245e-05
-1.008079342241015e-04
-1.463296218151944e-04
-1.951437898795363e-04
-2.252275669066721e-04
-1.825942812249154e-04
1.814725014499806e-04
1.558722251647396e-03
1.963319761276045e-03
1.621810519199017e-03
2.099136971714756e-03
3.336147090962982e-03
5.383986280513771e-03
8.392840919623301e-03
1.258145721726016e-02
1.826246915402111e-02
2.581783140282806e-02
3.574397195329077e-02
4.842108797757430e-02
6.448097120891250e-02
8.529368611026224e-02
1.131825010087129e-01
1.496132694942394e-01
1.954811308865928e-01
2.535081400338739e-01
3.266838817040693e-01
4.165058476662162e-01
5.211303685486862e-01
6.296555805615210e-01
7.519307273712418e-01
1.000000000000000e+00
1.000000000000000e+00
1.000000000000000e+00
1.000000000000000e+00
1.000000000000000e+00
1.000000000000000e+00
1.000000000000000e+00
1.000000000000000e+00
1.000000000000000e+00
1.000000000000000e+00
1.000000000000000e+00
###6.400000000000001e+00
3.945203802531128e-07
5.301930290504461e-07
1.937591915671768e-07
2.415853542858263e-07
1.659046560762551e-07
1.126221905762252e-07
1.981509567864181e-07
2.262428795219474e-07
4.797815236646831e-07
3.542985024418164e-07
4.123470346557965e-07
3.336589001094595e-07
2.560131333510354e-07
3.021300532769878e-07
3.380739845225263e-07
3.345635299675973e-07
3.213564005943706e-07
3.945694598074393e-07
3.715892146711587e-07
3.737000445802486e-07
4.049366891571652e-07
3.978141974334148e-07
4.490377243986116e-07
4.362474162088419e-07
4.789703068072431e-07
5.503847834602678e-07
5.304562588287185e-07
5.699009940050068e-07
5.807786302080421e-07
6.222842941782879e-07
6.576622937112453e-07
7.037644310236053e-07
7.576479013895737e-07
8.334037465824162e-07
8.908247439006655e-07
9.845496851107713e-07
1.112347534323175e-06
1.240595992298239e-06
1.410251350908420e-06
1.611313038017891e-06
1.853240629570106e-06
2.142305573965423e-06
2.503962383256095e-06
2.920305668937704e-06
3.431471574193329e-06
4.029312407611130e-06
4.708655187957080e-06
5.502783771109629e-06
6.401744773034489e-06
7.394817926228582e-06
8.396634886372440e-06
9.510407019221252e-06
1.083825378375798e-05
1.329530299602249e-05
1.907810972936008e-05
2.084784020971437e-05
6.640804646611383e-06
-8.625870240594185e-06
-2.743682772211684e-05
-5.213409278296476e-05
-8.346623063859351e-05
-1.187533059099474e-04
-1.464124946244935e-04
-1.285745299689742e-04
4.973056023831157e-05
1.096354855823847e-03
2.223435258015422e-03
2.190136318412541e-03
1.989972963689269e-03
2.573244696575813e-03
3.971120243275189e-03
6.252862414634049e-03
9.583430458981374e-03
1.420756117438741e-02
2.045236656309079e-02
2.871591151214042e-02
3.951626193647055e-02
5.325271921849926e-02
7.057741721163989e-02
9.283349288200868e-02
1.223688692587828e-01
1.605348104672032e-01
2.079644015317041e-01
2.670940928801446e-01
3.402713316360543e-01
4.281833579127652e-01
5.289042852736401e-01
6.328393130764105e-01
7.524123471176791e-01
1.000000000000000e+00
1.000000000000000e+00
1.000000000000000e+00
1.000000000000000e+00
1.000000000000000e+00
1.000000000000000e+00
1.000000000000000e+00
1.000000000000000e+00
1.000000000000000e+00
1.000000000000000e+00
1.000000000000000e+00
###6.800000000000002e+00
3.412089959611030e-07
4.627187970424312e-07
1.546331257990046e-07
3.078159982144687e-07
1.594905816590772e-07
1.090619647792859e-07
2.201825372366785e-07
9.426552469009726e-08
4.893334287256659e-07
3.527710130234532e-07
4.283109231361421e-07
3.380714973405363e-07
2.827788892472397e-07
3.656685652029553e-07
3.675905492777388e-07
3.584288445386216e-07
3.514363759246757e-07
4.210635219038564e-07
4.066797386876055e-07
4.053898837153363e-07
4.427395341501194e-07
4.407207388684063e-07
4.296105398738483e-07
4.828147654388893e-07
5.298096826080871e-07
5.990113383953100e-07
5.873792272697117e-07
6.279913945491688e-07
6.440298978682218e-07
6.921030489341386e-07
7.402336339759674e-07
7.815992831808042e-07
8.533310131343566e-07
9.371936427856218e-07
1.000120089976551e-06
1.106846248503059e-06
1.251904985653481e-06
1.399572270340858e-06
1.591344880918833e-06
1.814190108552446e-06
2.097401526863526e-06
2.431834627055978e-06
2.838145145652159e-06
3.325790032616638e-06
3.901556285406114e-06
4.595351371749600e-06
5.392521810125930e-06
6.329825028446317e-06
7.414412165926743e-06
8.626575328876925e-06
9.918335391943607e-06
1.142578346173868e-05
1.327238613415504e-05
1.644510912752586e-05
2.289949068948942e-05
3.035959924699301e-05
2.351326307480202e-05
1.419440038511609e-06
-1.773946890796586e-05
-4.055691896882869e-05
-6.737087904648533e-05
-9.289991808667354e-05
-9.700163460097290e-05
-1.764946087658390e-05
4.897999463315009e-04
1.409980393109718e-03
2.218145729755501e-03
2.291895248937162e-03
2.252931454317454e-03
2.988826234974592e-03
4.571175882615185e-03
7.105237740079983e-03
1.077444805664266e-02
1.584632530711205e-02
2.266208940974850e-02
3.165648648759344e-02
4.333529631619148e-02
5.813107849577108e-02
7.671828201936960e-02
1.004303019096773e-01
1.315294613661264e-01
1.713742599593792e-01
2.203008887761471e-01
2.803973493628827e-01
3.535033159529154e-01
4.397576072910792e-01
5.369684083621894e-01
6.362751234798874e-01
7.535387364860308e-01
1.000000000000000e+00
1.000000000000000e+00
1.000000000000000e+00
1.000000000000000e+00
1.000000000000000e+00
1.000000000000000e+00
1.000000000000000e+00
1.000000000000000e+00
1.000000000000000e+00
1.000000000000000e+00
1.000000000000000e+00
###7.200000000000002e+00
4.852843242911456e-07
5.074899154656673e-07
1.582943510328589e-07
3.868125403336919e-07
1.718974116192726e-07
1.824754343444641e-07
2.188369669444661e-07
1.597021631054331e-08
4.892374054809159e-07
4.653315619604450e-07
4.562518530320443e-07
3.606975395575713e-07
3.113831879373475e-07
3.925733311702636e-07
3.981628977516907e-07
3.821197781670341e-07
3.860596900662497e-07
4.569614757183740e-07
4.303798579840342e-07
4.419270362087286e-07
4.793025017377156e-07
4.805630125677875e-07
4.706503106232910e-07
5.300707603746602e-07
5.803445667188205e-07
6.467269682736969e-07
6.417212888849393e-07
6.911152004508191e-07
7.109325417546735e-07
7.630215322263169e-07
8.171012077665730e-07
8.722581654234505e-07
9.504786812471262e-07
1.041669565492917e-06
1.118316799761915e-06
1.236745471325644e-06
1.397604425735495e-06
1.564460023439490e-06
1.784791444431389e-06
2.030949895018159e-06
2.341735131014893e-06
2.718649047033667e-06
3.173456399594474e-06
3.709800996851927e-06
4.356349419491333e-06
5.137435886923471e-06
6.036314824703881e-06
7.087551920121208e-06
8.304290106219882e-06
9.684076679776387e-06
1.117607197782597e-05
1.293999167883811e-05
1.509379055004558e-05
1.853138040071765e-05
2.505687990691656e-05
3.231003212366303e-05
3.015643974312421e-05
1.379149172728922e-05
-9.971644016596269e-06
-3.247763232691976e-05
-5.655012493400297e-05
-7.496483175925866e-05
-5.834280724923189e-05
1.067573358214931e-04
6.189421996927965e-04
1.421219659824230e-03
2.176006358521491e-03
2.349056442946396e-03
2.492872037483932e-03
3.391393064967238e-03
5.174896251281711e-03
7.973244025503352e-03
1.199686655545677e-02
1.752532707329549e-02
2.492704858852228e-02
3.465302262449724e-02
4.722403404332737e-02
6.309980809861429e-02
8.292607093574421e-02
1.080495414907894e-01
1.407094759132857e-01
1.821132440306768e-01
2.324214001007044e-01
2.934885098978637e-01
3.665291043125871e-01
4.511967297428413e-01
5.451731722435932e-01
6.406082577830551e-01
7.552053766304979e-01
1.000000000000000e+00
1.000000000000000e+00
1.000000000000000e+00
1.000000000000000e+00
1.000000000000000e+00
1.000000000000000e+00
1.000000000000000e+00
1.000000000000000e+00
1.000000000000000e+00
1.000000000000000e+00
1.000000000000000e+00
###7.600000000000002e+00
4.404595984274784e-07
4.861646668707594e-07
1.339137576631549e-07
4.500717738498808e-07
2.096615721182120e-07
1.926082000858979e-07
1.527042082017981e-07
3.348162955647603e-08
4.872956362073501e-07
4.589375857076879e-07
4.747365386234859e-07
3.722916855543575e-07
3.401999666768236e-07
4.222298939928795e-07
4.151524461796286e-07
4.191622747333264e-07
3.809611600125094e-07
5.039526528771730e-07
4.623025547445262e-07
4.920241522172965e-07
5.252766014067666e-07
5.236415665255944e-07
5.178668324844832e-07
5.770947047467183e-07
6.307082045576564e-07
7.026263671373952e-07
7.019657440117032e-07
7.562193128285816e-07
7.822430357015003e-07
8.390003206111245e-07
9.021185885856569e-07
9.656386574255884e-07
1.052769312969056e-06
1.152201076755399e-06
1.245267115829824e-06
1.376787538949846e-06
1.551029853579397e-06
1.737796102525529e-06
1.982381309323874e-06
2.262469886049595e-06
2.607960592124330e-06
3.029951875603448e-06
3.532387328442681e-06
4.136783216377529e-06
4.860806296519173e-06
5.735880377895820e-06
6.750277320454868e-06
7.938322131285779e-06
9.303161700494309e-06
1.091901171298191e-05
1.268512685178556e-05
1.480080524667525e-05
1.737833022849905e-05
2.131417100016662e-05
2.825407692328273e-05
3.617892517193831e-05
3.976467481460718e-05
3.167895100173932e-05
4.513015785821571e-06
-1.800601441693450e-05
-3.697730898867105e-05
-4.291804710911792e-05
1.130236324934013e-05
2.938766894441975e-04
7.615477669627091e-04
1.443556964709616e-03
2.173995836120762e-03
2.445083835687993e-03
2.768038248606808e-03
3.839281808853823e-03
5.831637934846793e-03
8.906534410935045e-03
1.329328814852449e-02
1.929094121217273e-02
2.729378721555155e-02
3.776419022492683e-02
5.123543043074968e-02
6.817280899619554e-02
8.925267160008582e-02
1.157466929675843e-01
1.499236460724113e-01
1.928444543676100e-01
2.444624480358733e-01
3.063169710266503e-01
3.792855487777868e-01
4.624889392564561e-01
5.535052664914708e-01
6.452148780579194e-01
7.571589873965878e-01
1.000000000000000e+00
1.000000000000000e+00
1.000000000000000e+00
1.000000000000000e+00
1.000000000000000e+00
1.000000000000000e+00
1.000000000000000e+00
1.000000000000000e+00
1.000000000000000e+00
1.000000000000000e+00
1.000000000000000e+00
###8.000000000000002e+00
4.432298044527222e-07
4.898331341232085e-07
3.686051066539032e-07
3.648271347550153e-07
1.477038173215694e-07
2.166966662577897e-07
1.642475516826040e-07
7.939549217458661e-08
4.385286494506057e-07
4.766904704160820e-07
4.194586126134154e-07
3.938343199906098e-07
3.613255265128434e-07
4.427526783454927e-07
4.388821478190394e-07
4.567040001001155e-07
4.005940020482232e-07
4.799665675441960e-07
4.821317975298296e-07
5.109377411019901e-07
5.621880806419262e-07
5.664225094737671e-07
5.753620420144985e-07
6.272827392602825e-07
6.858906372604319e-07
7.531896978960920e-07
7.726478587698859e-07
8.207595157851843e-07
8.584085425275810e-07
9.204217911819335e-07
9.918702569973886e-07
1.061913480379349e-06
1.158238869958292e-06
1.268727622657017e-06
1.375559074303579e-06
1.523340632968573e-06
1.714702483844022e-06
1.926107454976503e-06
2.194774218823067e-06
2.505438273227594e-06
2.893060866920671e-06
3.356791014191488e-06
3.917512783371001e-06
4.582909932284998e-06
5.389741302323160e-06
6.358779054250084e-06
7.488363540861621e-06
8.824798396378400e-06
1.037941687635596e-05
1.220278345248577e-05
1.426020608853546e-05
1.674168956831002e-05
1.976543863180289e-05
2.418453846821768e-05
3.151009978630705e-05
4.017477837844052e-05
4.543513193938973e-05
4.673316092566350e-05
3.157268120343838e-05
2.590761040061938e-06
-1.115270404038460e-05
2.591048537878228e-06
1.402792749944822e-04
4.052490927726464e-04
8.080894925861573e-04
1.465431613739050e-03
2.183249256933571e-03
2.566182539982818e-03
3.063431043434012e-03
4.315813439564400e-03
6.528376240207302e-03
9.886823973527734e-03
1.464977945809334e-02
2.112832720793261e-02
2.973359826893706e-02
4.095492625254042e-02
5.534365464567183e-02
7.335159346399751e-02
9.565624388740639e-02
1.235307022066352e-01
1.591630451690198e-01
2.035055093698238e-01
2.563666686593990e-01
3.189719209222322e-01
3.917641543409748e-01
4.736834937480482e-01
5.618007024453833e-01
6.503013194419720e-01
7.595081831966427e-01
1.000000000000000e+00
1.000000000000000e+00
1.000000000000000e+00
1.000000000000000e+00
1.000000000000000e+00
1.000000000000000e+00
1.000000000000000e+00
1.000000000000000e+00
1.000000000000000e+00
1.000000000000000e+00
1.000000000000000e+00
###8.400000000000002e+00
4.106758714913760e-07
4.676588766601219e-07
4.354546398009812e-07
3.579304511574444e-07
1.723079801036824e-07
2.201561200717468e-07
1.450147804485437e-07
9.569362977247842e-08
4.450311580277936e-07
5.035642556998956e-07
4.240141072551382e-07
4.038368956425600e-07
3.883907981908810e-07
4.587977293658914e-07
4.749993909586166e-07
5.311999144623592e-07
4.351700670966819e-07
5.092440013460962e-07
5.346200600669839e-07
5.485566537958056e-07
6.038450132655832e-07
6.270742782094825e-07
6.306954909138003e-07
6.862170466271066e-07
7.395275499597988e-07
8.192058797201931e-07
8.424478947305500e-07
8.909437977812700e-07
9.378021524685813e-07
1.009620905764784e-06
1.084015024155664e-06
1.172257271764515e-06
1.269106448003819e-06
1.391633718959794e-06
1.511548053818434e-06
1.677486026849486e-06
1.896040021159937e-06
2.122547862503156e-06
2.417203046231529e-06
2.750556660971434e-06
3.186007126346207e-06
3.692253615174320e-06
4.309726086211972e-06
5.034106573288982e-06
5.921232398621915e-06
6.983809509636967e-06
8.224852717283553e-06
9.687616378507781e-06
1.140183574375584e-05
1.341050787758463e-05
1.570466660259226e-05
1.846017502558204e-05
2.182727466939581e-05
2.655767363521114e-05
3.401260078356176e-05
4.278211706894608e-05
4.882416512672819e-05
5.140062962063534e-05
4.239979920179798e-05
2.196028454521035e-05
1.166051917950702e-05
4.318388544291464e-05
1.820595317401878e-04
4.377595342094948e-04
8.409130765679279e-04
1.484364600942953e-03
2.211435383002609e-03
2.704845643629810e-03
3.376742943176079e-03
4.816898090636867e-03
7.258603167416202e-03
1.091630761793536e-02
1.606187697807556e-02
2.303454473436269e-02
3.226431025487877e-02
4.423355423364946e-02
5.952903656781314e-02
7.861843471707289e-02
1.021490563048165e-01
1.313834942238025e-01
1.684158989680802e-01
2.141519542481717e-01
2.681681186981301e-01
3.314582136970882e-01
4.040624667918919e-01
4.847698796526849e-01
5.702756642760615e-01
6.553896428273264e-01
7.621844820163622e-01
1.000000000000000e+00
1.000000000000000e+00
1.000000000000000e+00
1.000000000000000e+00
1.000000000000000e+00
1.000000000000000e+00
1.000000000000000e+00
1.000000000000000e+00
1.000000000000000e+00
1.000000000000000e+00
1.000000000000000e+00
###8.800000000000002e+00
3.879174708402095e-07
5.550966666583348e-07
4.813580852682340e-07
4.040718419273433e-07
1.952079350299586e-07
4.281704408314702e-07
1.586059648055666e-07
9.960884529268363e-08
3.568736899273545e-07
5.148075998457291e-07
4.343203084849525e-07
3.849618337664053e-07
4.270188343168232e-07
4.816418887042251e-07
5.003883116487172e-07
5.593973020748843e-07
4.719155734831912e-07
5.422440843959028e-07
5.714551146997070e-07
5.808867154060340e-07
6.519461936334025e-07
6.780853934223074e-07
6.839134900182885e-07
7.427993706116256e-07
8.013086741057942e-07
8.819352998084092e-07
9.139366106104227e-07
9.665388723540225e-07
1.021851339084014e-06
1.101202958491288e-06
1.187738816996602e-06
1.280297689546661e-06
1.393198766725165e-06
1.525295271571689e-06
1.663348179502376e-06
1.843049787431298e-06
2.085419664501580e-06
2.332616224667597e-06
2.651449784474648e-06
3.016232293337250e-06
3.491641375481293e-06
4.049572497205887e-06
4.721117955574902e-06
5.507784252518857e-06
6.475325081532957e-06
7.625171904061150e-06
8.982968368224537e-06
1.057388399619228e-05
1.245112872960065e-05
1.463443536075291e-05
1.716799690185401e-05
2.020003619946178e-05
2.387690419906972e-05
2.893057347101146e-05
3.652902649962890e-05
4.540146022902311e-05
5.200415154465151e-05
5.566089896269928e-05
4.965519416119967e-05
3.479355888671158e-05
3.193890604531075e-05
7.166035382408567e-05
2.143932906816329e-04
4.731112734443880e-04
8.809611365210234e-04
1.521657611372684e-03
2.268112404123691e-03
2.874845893124014e-03
3.719410912742427e-03
5.354005523053985e-03
8.035104814551918e-03
1.199976503921337e-02
1.754459429248131e-02
2.502156650237066e-02
3.487862762114464e-02
4.761531407670733e-02
6.381934825300889e-02
8.397868625011271e-02
1.087295618763589e-01
1.393026479246521e-01
1.777014129691804e-01
2.247744884212900e-01
2.798680549009380e-01
3.437666797455661e-01
4.162532420737748e-01
4.957763695432044e-01
5.788266551149237e-01
6.608287320172297e-01
7.647974597839714e-01
1.000000000000000e+00
1.000000000000000e+00
1.000000000000000e+00
1.000000000000000e+00
1.000000000000000e+00
1.000000000000000e+00
1.000000000000000e+00
1.000000000000000e+00
1.000000000000000e+00
1.000000000000000e+00
1.000000000000000e+00
###9.200000000000003e+00
4.311809538732482e-07
5.691905761378327e-07
3.391055294919726e-07
4.690400756392163e-07
1.761696142075894e-07
4.343884451996562e-07
1.309067131144480e-07
1.041179746673893e-07
3.855248247119706e-07
5.257636383497387e-07
3.979547671336679e-07
5.015398352448024e-07
4.495573403585151e-07
5.029262770846024e-07
5.261896233632247e-07
5.845846886668226e-07
5.107060343742728e-07
5.800971027871293e-07
6.173312935045731e-07
6.281456407027381e-07
6.940807806135639e-07
7.265413022561890e-07
7.419194070811140e-07
8.021527521902953e-07
8.648558449521955e-07
9.486498296670271e-07
9.902436176424569e-07
1.048789717136861e-06
1.111870344535001e-06
1.199493361487497e-06
1.292785389061059e-06
1.399210030699441e-06
1.519253763415462e-06
1.670277471240251e-06
1.824425006245675e-06
2.027193232807518e-06
2.280270390915582e-06
2.555193191602851e-06
2.902788855559461e-06
3.301538087773464e-06
3.821108616382077e-06
4.424395245268592e-06
5.153218244980746e-06
6.012033972707810e-06
7.060377281305761e-06
8.317454558284280e-06
9.782561747095323e-06
1.152025985238508e-05
1.356497500267605e-05
1.595417575127825e-05
1.872625836733628e-05
2.207850824733079e-05
2.613076319128882e-05
3.157244901176598e-05
3.945860545427039e-05
4.864663511913053e-05
5.612156540359234e-05
6.127527627456229e-05
5.856407670738922e-05
4.979349002732335e-05
5.510230788489560e-05
1.048098011738990e-04
2.527683132517912e-04
5.178715219567812e-04
9.349653339425522e-04
1.581146343087915e-03
2.357656907901934e-03
3.078684908664661e-03
4.098040412112254e-03
5.935464203444180e-03
8.864262276093630e-03
1.315073881479401e-02
1.909892667659449e-02
2.709649687738779e-02
3.758929397660078e-02
5.110379195092533e-02
6.822423109524903e-02
8.947221825828891e-02
1.154321217341636e-01
1.473279283127124e-01
1.870519550921772e-01
2.353786193586531e-01
2.915448080709419e-01
3.559751451935244e-01
4.283331669367528e-01
5.066380659998411e-01
5.875405134712222e-01
6.665539536055511e-01
7.677247627850559e-01
1.000000000000000e+00
1.000000000000000e+00
1.000000000000000e+00
1.000000000000000e+00
1.000000000000000e+00
1.000000000000000e+00
1.000000000000000e+00
1.000000000000000e+00
1.000000000000000e+00
1.000000000000000e+00
1.000000000000000e+00
###9.600000000000003e+00
4.366031649770838e-07
4.136781857500349e-07
2.875643535828382e-07
4.811011372405976e-07
2.331705984809186e-07
7.300255754821369e-07
1.093998982692448e-07
1.541084934452614e-07
3.930036218684864e-07
5.311873878460445e-07
4.126718973294052e-07
5.221365036434504e-07
4.785743829137370e-07
5.314588759588640e-07
5.542570056645959e-07
6.123287326788930e-07
5.495316532839512e-07
6.180322288386976e-07
6.576207007838947e-07
6.746887886274753e-07
7.405635946098758e-07
7.785383596345744e-07
8.017401373263294e-07
8.646712142591482e-07
9.319394522859774e-07
1.019386486846176e-06
1.074911102128479e-06
1.134962761511094e-06
1.205291013738447e-06
1.300518844705304e-06
1.405432965782409e-06
1.524679011065445e-06
1.652282406627093e-06
1.821370748826780e-06
1.994776223209000e-06
2.216078531763776e-06
2.488575461025732e-06
2.792339329050251e-06
3.168882655602688e-06
3.608575169495129e-06
4.167543565492467e-06
4.828246027133636e-06
5.615106708822689e-06
6.549620959689051e-06
7.685885380485839e-06
9.050642992804537e-06
1.064304746452686e-05
1.253613495144527e-05
1.475596016328926e-05
1.738466487852470e-05
2.041369341360397e-05
2.413662584189437e-05
2.863343424931686e-05
3.453368242160652e-05
4.285932585353475e-05
5.260621123081068e-05
6.127465567167407e-05
6.827638141159462e-05
6.945436229030407e-05
6.729312522008201e-05
8.153346578934352e-05
1.416085531565388e-04
2.982327675059438e-04
5.729460858894627e-04
1.004221813563337e-03
1.664140770103780e-03
2.479824713558876e-03
3.318695176828511e-03
4.515436709992566e-03
6.560178398173301e-03
9.747430987934715e-03
1.436523827728304e-02
2.073101726820932e-02
2.925074589270819e-02
4.038996299483431e-02
5.469114987752043e-02
7.273059697045570e-02
9.507163697369814e-02
1.222408171643327e-01
1.554181366103919e-01
1.964540069884448e-01
2.459551726095780e-01
3.031063142109812e-01
3.681112620389958e-01
4.402506110736446e-01
5.174024396012759e-01
5.962594846217915e-01
6.721748845969799e-01
7.709577542594825e-01
1.000000000000000e+00
1.000000000000000e+00
1.000000000000000e+00
1.000000000000000e+00
1.000000000000000e+00
1.000000000000000e+00
1.000000000000000e+00
1.000000000000000e+00
1.000000000000000e+00
1.000000000000000e+00
1.000000000000000e+00
###1.000000000000000e+01
3.508708826374530e-07
6.262931968531918e-07
2.865012378154537e-07
4.957482789122481e-07
-6.316083483518797e-07
6.632290191564318e-07
2.012313125938310e-07
2.460010095488751e-07
4.598309743512193e-07
5.207404416392583e-07
4.594244402167703e-07
5.647461088809111e-07
5.278382828214351e-07
5.845440865055938e-07
6.002969379783802e-07
6.685386114426517e-07
6.118691759629605e-07
6.773127686066122e-07
7.231683597921089e-07
7.467762105398050e-07
8.166102657061503e-07
8.560345136737704e-07
8.893720808653362e-07
9.535817736853774e-07
1.016266209995667e-06
1.117919724560402e-06
1.182614460516801e-06
1.251266326701764e-06
1.331887136214740e-06
1.440444205381601e-06
1.551343688733166e-06
1.682574153404043e-06
1.825459895329677e-06
2.007021686891881e-06
2.200489017871845e-06
2.442835020965551e-06
2.739908216555432e-06
3.076390542414236e-06
3.483111866294257e-06
3.953102458486960e-06
4.564825300427912e-06
5.280386496726170e-06
6.142814823146440e-06
7.152695549623451e-06
8.377285456305511e-06
9.848642686420073e-06
1.159350761724375e-05
1.364183125479653e-05
1.607550073879147e-05
1.894517796583735e-05
2.227257242404664e-05
2.639056767283574e-05
3.135291077673845e-05
3.785699927024665e-05
4.681823722066051e-05
5.741603538651462e-05
6.755211833978036e-05
7.698240402109153e-05
8.248178350928025e-05
8.755000737493177e-05
1.115584236090827e-04
1.833844764160055e-04
3.509468155546033e-04
6.392925362680529e-04
1.089649763665509e-03
1.771275194460203e-03
2.635363498443267e-03
3.596690317889519e-03
4.972452803651439e-03
7.232986797924011e-03
1.068942617158013e-02
1.564815479548316e-02
2.244653830047230e-02
3.150420582548526e-02
4.330077536737899e-02
5.839012076224513e-02
7.735693347119718e-02
1.007738486585845e-01
1.291402234318096e-01
1.636223090160525e-01
2.059230901179846e-01
2.565312431681765e-01
3.145995888964442e-01
3.800853335753501e-01
4.520057938013992e-01
5.281163034423146e-01
6.049429011874563e-01
6.783091405585490e-01
7.743103600326228e-01
1.000000000000000e+00
1.000000000000000e+00
1.000000000000000e+00
1.000000000000000e+00
1.000000000000000e+00
1.000000000000000e+00
1.000000000000000e+00
1.000000000000000e+00
1.000000000000000e+00
1.000000000000000e+00
1.000000000000000e+00
###1.040000000000000e+01
1.445855738738084e-07
6.201130255590865e-07
3.395990550498124e-07
5.140681117238063e-07
-6.200153894536856e-07
7.282707366417193e-07
2.751890920137955e-07
3.248630211779644e-07
5.757322734168210e-07
6.345333991904809e-07
5.372615680656876e-07
6.658219604188932e-07
6.228637430375790e-07
6.721460313912238e-07
6.962674749491041e-07
7.637661930619027e-07
7.186273814924136e-07
7.826215464864258e-07
8.327776638319738e-07
8.618888451453698e-07
9.340574640390085e-07
9.798156963724492e-07
1.019939095472694e-06
1.079433288631642e-06
1.159311691759548e-06
1.264889648085058e-06
1.339289632870663e-06
1.418844599319326e-06
1.509707697566869e-06
1.631743791760399e-06
1.753956317389767e-06
1.894786713929466e-06
2.056953343399363e-06
2.256372829415185e-06
2.469049457170791e-06
2.735151380837802e-06
3.054049101629978e-06
3.430300881446891e-06
3.870927728413492e-06
4.371689804274272e-06
5.040443114403749e-06
5.822826312876126e-06
6.757279457181239e-06
7.855396168344749e-06
9.174311024305637e-06
1.077078938238919e-05
1.266616312029327e-05
1.489523184551367e-05
1.755012767434128e-05
2.066454047408199e-05
2.434857171335449e-05
2.888508976389440e-05
3.438699262902082e-05
4.164416302012298e-05
5.139544489712002e-05
6.301431870616913e-05
7.504277435987356e-05
8.743992215140622e-05
9.781651667011374e-05
1.109670686502033e-04
1.456899771066738e-04
2.306130073577769e-04
4.116892318084246e-04
7.172801122163114e-04
1.191757488308142e-03
1.903978543935831e-03
2.824700357498656e-03
3.912835037032662e-03
5.472505721157523e-03
7.957621961823799e-03
1.169160763336963e-02
1.700144367431078e-02
2.424753593805047e-02
3.385386327974906e-02
4.631729814743994e-02
6.219610233414200e-02
8.208761580878852e-02
1.065830379194569e-01
1.361515080660212e-01
1.718878384422709e-01
2.154074429718794e-01
2.671730328511229e-01
3.260706055254446e-01
3.919857010187313e-01
4.637120268727361e-01
5.386920379760346e-01
6.137096444866641e-01
6.844382844299141e-01
7.778648539935168e-01
1.000000000000000e+00
1.000000000000000e+00
1.000000000000000e+00
1.000000000000000e+00
1.000000000000000e+00
1.000000000000000e+00
1.000000000000000e+00
1.000000000000000e+00
1.000000000000000e+00
1.000000000000000e+00
1.000000000000000e+00
###1.080000000000000e+01
1.973640962812548e-07
5.447305005928781e-07
3.874882676765035e-07
5.532906416551728e-07
-5.962743767981633e-07
8.206152957743788e-07
3.612618099285260e-07
4.247992598773157e-07
6.905972711023239e-07
7.285091659952074e-07
6.488135626962323e-07
7.694391863221275e-07
7.461474334786818e-07
7.801763479059289e-07
8.321388521293213e-07
8.760958418956875e-07
8.416355609528127e-07
9.061059854624334e-07
9.601024900385163e-07
9.976838880607541e-07
1.071273404160721e-06
1.123594655795504e-06
1.171222901220202e-06
1.210294482164948e-06
1.305300008428540e-06
1.442758652013635e-06
1.521379403073461e-06
1.612404184109597e-06
1.719991093490723e-06
1.847975775815691e-06
1.984527084409161e-06
2.140739192911437e-06
2.324365881756095e-06
2.539947123094604e-06
2.780103116106330e-06
3.069787133230446e-06
3.420929423335996e-06
3.830373143235200e-06
4.311949716020475e-06
4.856992182435179e-06
5.576411096317706e-06
6.421431671394198e-06
7.435819045713178e-06
8.629961625984553e-06
1.005701213797698e-05
1.175693929629157e-05
1.384689584991203e-05
1.627401087077904e-05
1.918242086952164e-05
2.257922322588486e-05
2.665821354761316e-05
3.167798635606975e-05
3.782669480625683e-05
4.596111337221713e-05
5.669031949755272e-05
6.969653881435720e-05
8.400224324765561e-05
9.983397406783025e-05
1.157865935075560e-04
1.377117892385442e-04
1.844052695914781e-04
2.841548968557298e-04
4.815125635247707e-04
8.082077758991084e-04
1.311808210510066e-03
2.062344385603244e-03
3.049337775291476e-03
4.269310280432443e-03
6.017047508804823e-03
8.736127239809122e-03
1.275777401788843e-02
1.843174807036240e-02
2.612748975722199e-02
3.629801348219239e-02
4.944553633507591e-02
6.612410673751017e-02
8.696410742313461e-02
1.125325980419612e-01
1.432638061336562e-01
1.802527646228615e-01
2.249736776648947e-01
2.778056781554689e-01
3.374967492733545e-01
4.038619124905937e-01
4.752464096865314e-01
5.492561593941384e-01
6.224789896026424e-01
6.906112656830349e-01
7.814771311372768e-01
1.000000000000000e+00
1.000000000000000e+00
1.000000000000000e+00
1.000000000000000e+00
1.000000000000000e+00
1.000000000000000e+00
1.000000000000000e+00
1.000000000000000e+00
1.000000000000000e+00
1.000000000000000e+00
1.000000000000000e+00
###1.120000000000000e+01
1.578290180799546e-07
8.049525854435360e-07
4.638999635056307e-07
6.479745884574461e-07
-4.991691625019362e-07
8.769503014676923e-07
4.793635980709776e-07
5.468304879816897e-07
8.362286644638711e-07
8.591136301389601e-07
7.793832118996413e-07
9.043994603769893e-07
8.626538716201338e-07
9.076841733496310e-07
9.638221408733509e-07
1.010837007716327e-06
9.863386468963044e-07
1.052872600513143e-06
1.090571853541518e-06
1.157102865512380e-06
1.234072063167951e-06
1.293810759956835e-06
1.349644579971280e-06
1.396733652001190e-06
1.501844401057492e-06
1.644238071038015e-06
1.735318614307876e-06
1.838530210035829e-06
1.958721460354808e-06
2.099606985955760e-06
2.252377601820272e-06
2.425931253229865e-06
2.634629986847203e-06
2.865889697566564e-06
3.130951839334507e-06
3.451718462071396e-06
3.835884190145763e-06
4.273869493919042e-06
4.802265573113436e-06
5.377284800452313e-06
6.154270065919219e-06
7.071262653647155e-06
8.168178229024677e-06
9.460490594069462e-06
1.100653934716898e-05
1.282146087269916e-05
1.510617569891842e-05
1.775832871990636e-05
2.094527550372827e-05
2.469142970504773e-05
2.922554931622185e-05
3.482324576374775e-05
4.175505045053880e-05
5.083803091316388e-05
6.278089878314962e-05
7.755135256235253e-05
9.444414151663144e-05
1.143255958862330e-04
1.366820644458545e-04
1.681895087312929e-04
2.280693396837809e-04
3.441303533391826e-04
5.611693894946521e-04
9.126733381069231e-04
1.451091897405150e-03
2.247285039070047e-03
3.309453261983161e-03
4.666255744502238e-03
6.609420113208150e-03
9.567868763400496e-03
1.389070355451545e-02
1.993743675350769e-02
2.810279908108749e-02
3.884682647284558e-02
5.268672677357715e-02
7.017730351602409e-02
9.196056793157675e-02
1.185923561945844e-01
1.505039223544999e-01
1.887152284989902e-01
2.346486361415240e-01
2.884547500414890e-01
3.489333161759480e-01
4.156094355039693e-01
4.867902731814431e-01
5.597286452933549e-01
6.312246991552191e-01
6.967363015842724e-01
7.849275279350786e-01
1.000000000000000e+00
1.000000000000000e+00
1.000000000000000e+00
1.000000000000000e+00
1.000000000000000e+00
1.000000000000000e+00
1.000000000000000e+00
1.000000000000000e+00
1.000000000000000e+00
1.000000000000000e+00
1.000000000000000e+00
###1.160000000000000e+01
1.517447051944343e-07
1.068244410054858e-06
5.088466733606432e-07
6.954814490149657e-07
-3.725830908416168e-07
9.492558073603031e-07
6.089718916672789e-07
6.812338173995926e-07
9.985398451479691e-07
1.009307125952445e-06
9.301611098451072e-07
1.040983870705371e-06
1.011352253957697e-06
1.058160091009215e-06
1.116301759047059e-06
1.166592032266671e-06
1.152283515522907e-06
1.221912681316733e-06
1.266851451985597e-06
1.339086034515505e-06
1.421870888547165e-06
1.490008406648305e-06
1.555313850088362e-06
1.614161812781078e-06
1.727762016174334e-06
1.876504305139199e-06
1.981116623536672e-06
2.098407526012850e-06
2.233822748067604e-06
2.388828525298622e-06
2.559283195972186e-06
2.752063623882082e-06
2.980933761092494e-06
3.237290722164298e-06
3.530147795804279e-06
3.879605980269953e-06
4.298283456381470e-06
4.776968461266638e-06
5.355317307884164e-06
5.993132695748642e-06
6.829753660595929e-06
7.818844513614580e-06
9.011666915536607e-06
1.040632988821689e-05
1.208706707143540e-05
1.407015857616966e-05
1.653540562854342e-05
1.946120104613219e-05
2.279917383358666e-05
2.703341245421057e-05
3.211184578968820e-05
3.836668339439915e-05
4.622660750009917e-05
5.641089401276987e-05
6.978824003229314e-05
8.663039627638443e-05
1.065690409712299e-04
1.311326747974292e-04
1.606016085122113e-04
2.029448803161944e-04
2.770977041298338e-04
4.114354024923771e-04
6.509464779991917e-04
1.031640216939712e-03
1.610000230628955e-03
2.458885364209933e-03
3.605406439688430e-03
5.105599283518119e-03
7.248807202627173e-03
1.045835254260199e-02
1.509050243163274e-02
2.152427649100650e-02
3.016578907233657e-02
4.149379610264391e-02
5.604566712083483e-02
7.436248791660735e-02
9.708049258957244e-02
1.247881685495040e-01
1.578666687495463e-01
1.973131452057247e-01
2.443800908720154e-01
2.991968543027345e-01
3.603649538738756e-01
4.272804942323125e-01
4.982829759511295e-01
5.701587316781977e-01
6.399102024319971e-01
7.029726805223527e-01
7.887060678075506e-01
1.000000000000000e+00
1.000000000000000e+00
1.000000000000000e+00
1.000000000000000e+00
1.000000000000000e+00
1.000000000000000e+00
1.000000000000000e+00
1.000000000000000e+00
1.000000000000000e+00
1.000000000000000e+00
1.000000000000000e+00
###1.200000000000001e+01
2.578231412330166e-07
1.115780298472354e-06
4.801229974268975e-07
7.453698830800939e-07
-3.081335762240121e-07
1.031580857218572e-06
7.226611281442877e-07
8.369786402765185e-07
1.159536902165199e-06
1.206849496072400e-06
1.096056622255110e-06
1.202411599456626e-06
1.177890426825092e-06
1.229603698649981e-06
1.294051912398536e-06
1.342249965920775e-06
1.338169264494735e-06
1.410614947256812e-06
1.464970983377797e-06
1.559019060945768e-06
1.633915135287934e-06
1.709765172384528e-06
1.787052071582546e-06
1.858800989720655e-06
1.982259226270255e-06
2.139651685688718e-06
2.258328080717984e-06
2.391555851528657e-06
2.542987790503803e-06
2.715111203740221e-06
2.904599502784627e-06
3.119396247341698e-06
3.371721244489246e-06
3.654517230199798e-06
3.977567239939649e-06
4.360069989233571e-06
4.822307067284700e-06
5.341621274138955e-06
5.970905184045406e-06
6.671020421330511e-06
7.575494172142194e-06
8.649888711322184e-06
9.942612012387086e-06
1.145483237751341e-05
1.327768504908806e-05
1.545404188341677e-05
1.813325084501491e-05
2.132782688387248e-05
2.504332833946204e-05
2.965408623680902e-05
3.531887516423430e-05
4.234603733946852e-05
5.123760986780865e-05
6.256383266045677e-05
7.775061152930142e-05
9.716757772793445e-05
1.206967813214404e-04
1.504936680608256e-04
1.879448365769692e-04
2.420469348051764e-04
3.320372802549778e-04
4.870049915586701e-04
7.520300980974293e-04
1.165963609868376e-03
1.789747558249404e-03
2.700372057411396e-03
3.938859147556770e-03
5.589228946948468e-03
7.940638212421304e-03
1.140834931372939e-02
1.636225393135395e-02
2.319320147530353e-02
3.232806737213104e-02
4.425643914424635e-02
5.952417625234237e-02
7.867047222986427e-02
1.023430255646920e-01
1.311249763668743e-01
1.653693171790586e-01
2.060133396539339e-01
2.541970739211363e-01
3.099422912376011e-01
3.718112817937619e-01
4.389828470420870e-01
5.096922863989130e-01
5.805843629646080e-01
6.485877922980755e-01
7.093845117061088e-01
7.924727282842378e-01
1.000000000000000e+00
1.000000000000000e+00
1.000000000000000e+00
1.000000000000000e+00
1.000000000000000e+00
1.000000000000000e+00
1.000000000000000e+00
1.000000000000000e+00
1.000000000000000e+00
1.000000000000000e+00
1.000000000000000e+00
###1.240000000000001e+01
2.798725409165712e-07
1.184072260953145e-06
5.613300785698800e-07
8.775703212515409e-07
-2.469300662177404e-07
1.109088133619744e-06
8.853643987741312e-07
9.711369385180391e-07
1.362085109256010e-06
1.452222981416779e-06
1.282946852731601e-06
1.389997244791690e-06
1.372998941516207e-06
1.426939837587771e-06
1.491951510617654e-06
1.544224653151703e-06
1.552976252181025e-06
1.629466960897833e-06
1.692578836948975e-06
1.799484529837900e-06
1.878432645787856e-06
1.964847313255540e-06
2.053747695566059e-06
2.136680419541014e-06
2.271635022137560e-06
2.439575605081180e-06
2.575443318929668e-06
2.724659079197375e-06
2.895317573866277e-06
3.086005173332612e-06
3.296773525407098e-06
3.507588042791072e-06
3.813754306721190e-06
4.126336483345492e-06
4.482643191056587e-06
4.903005025779210e-06
5.404980801083340e-06
5.977727765096514e-06
6.667890486287533e-06
7.431879877347983e-06
8.409767247272104e-06
9.575846666596752e-06
1.097555666655226e-05
1.262359297281826e-05
1.460503016562763e-05
1.699790724253948e-05
1.985178419208900e-05
2.340179738064138e-05
2.750628237663932e-05
3.260358114712330e-05
3.890898102043559e-05
4.680677533333664e-05
5.685666134383500e-05
6.953200759467138e-05
8.685727271829742e-05
1.091172238733889e-04
1.368222230004642e-04
1.725953837310179e-04
2.189840458982101e-04
2.860908634935906e-04
3.934168195016779e-04
5.711945220950365e-04
8.647014060263823e-04
1.316315074195739e-03
1.991393850933394e-03
2.970603991516154e-03
4.310696966319005e-03
6.118990980318526e-03
8.686045521765676e-03
1.242016833459830e-02
1.770829545648916e-02
2.494932030387082e-02
3.459109530906303e-02
4.713211255692280e-02
6.311932573641647e-02
8.311979136055903e-02
1.077572217081540e-01
1.376069021945176e-01
1.730161314143186e-01
2.148302173697378e-01
2.641262193104116e-01
3.207592613475476e-01
3.832498002585263e-01
4.506679208594904e-01
5.210041143665597e-01
5.909544862415541e-01
6.573177622269845e-01
7.158107262111664e-01
7.963025315088860e-01
1.000000000000000e+00
1.000000000000000e+00
1.000000000000000e+00
1.000000000000000e+00
1.000000000000000e+00
1.000000000000000e+00
1.000000000000000e+00
1.000000000000000e+00
1.000000000000000e+00
1.000000000000000e+00
1.000000000000000e+00
###1.280000000000001e+01
5.216855339732653e-07
1.185615426995550e-06
6.115366771441331e-07
8.886162091329267e-07
-1.350739181503295e-07
1.104438091356424e-06
1.066766975891573e-06
1.082483819321333e-06
1.585667237734540e-06
1.661411948313035e-06
1.501257521621671e-06
1.598972088373285e-06
1.587035368771914e-06
1.644540332316714e-06
1.713975857287738e-06
1.772341646319392e-06
1.792515948406905e-06
1.839232821724123e-06
1.949129739978103e-06
2.063962706317699e-06
2.154656188748389e-06
2.253229099375849e-06
2.355399768975065e-06
2.454307675823676e-06
2.602615986137661e-06
2.782928018588430e-06
2.937190724426090e-06
3.105635818263484e-06
3.296670594066430e-06
3.509041975066491e-06
3.743942155115340e-06
3.984143415374392e-06
4.317660153746799e-06
4.663741358213093e-06
5.057036284543488e-06
5.517599940326724e-06
6.067822397817283e-06
6.682643414381081e-06
7.440805284099917e-06
8.287708714208071e-06
9.347943176375450e-06
1.061618213825828e-05
1.212228107466714e-05
1.391598142440441e-05
1.607714671962160e-05
1.869497403317987e-05
2.175326756211939e-05
2.572085815422015e-05
3.027058899032783e-05
3.593856920486848e-05
4.291828555041038e-05
5.182360721078761e-05
6.319273608016211e-05
7.759292099806285e-05
9.719626090839382e-05
1.227278019884559e-04
1.552403536211283e-04
1.977141999036617e-04
2.541555893019672e-04
3.354458827458202e-04
4.618221510550193e-04
6.647157592421783e-04
9.901900742972387e-04
1.483868381000862e-03
2.215380633448656e-03
3.272158753209917e-03
4.722158957298298e-03
6.695836050275589e-03
9.485035455833879e-03
1.349741254969951e-02
1.913050912919105e-02
2.679583882560685e-02
3.695650718359953e-02
5.012187246802377e-02
6.684792632297336e-02
8.769805282082339e-02
1.133198698651452e-01
1.442351435650734e-01
1.808023404919567e-01
2.237676135794884e-01
2.741452411293611e-01
3.316526989114749e-01
3.947325340101147e-01
4.623318374891720e-01
5.323149421092407e-01
6.013178101606910e-01
6.661248331264530e-01
7.222886241926549e-01
8.005107415119974e-01
1.000000000000000e+00
1.000000000000000e+00
1.000000000000000e+00
1.000000000000000e+00
1.000000000000000e+00
1.000000000000000e+00
1.000000000000000e+00
1.000000000000000e+00
1.000000000000000e+00
1.000000000000000e+00
1.000000000000000e+00
###1.320000000000001e+01
5.004471183144787e-07
1.282328952035646e-06
6.822948358519846e-07
9.555593200923686e-07
-2.610377940803067e-08
1.230116695312181e-06
1.251650415648222e-06
1.276942426081002e-06
1.837951965802893e-06
1.890132235882136e-06
1.736005281387417e-06
1.825750189258521e-06
1.810855489961130e-06
1.886182242502659e-06
1.960697189694199e-06
2.026693373050891e-06
2.058979935678992e-06
2.117306282192089e-06
2.235243949535608e-06
2.359884065727282e-06
2.464001151548023e-06
2.576391829775628e-06
2.693489154640499e-06
2.809843656020753e-06
2.973736388221380e-06
3.168954429744933e-06
3.343728305183701e-06
3.534046027560461e-06
3.747626873310392e-06
3.984745016681500e-06
4.246882770375867e-06
4.519526825111009e-06
4.883105093079194e-06
5.264903944156313e-06
5.700485024191882e-06
6.207775535097478e-06
6.809090121984538e-06
7.484205317393774e-06
8.309340340551543e-06
9.241527290420608e-06
1.039508027060582e-05
1.176875974949219e-05
1.341371771137287e-05
1.537565021714881e-05
1.772315689500747e-05
2.058297382702042e-05
2.396219498732627e-05
2.830521264170923e-05
3.335175273126985e-05
3.967082399956428e-05
4.742504887474287e-05
5.743082460231730e-05
7.031652557396627e-05
8.678683043944768e-05
1.088703027555305e-04
1.381296036106761e-04
1.760465868645546e-04
2.261355442874169e-04
2.935815764184114e-04
3.903423708165188e-04
5.380392910609121e-04
7.682753550132494e-04
1.129312388185166e-03
1.669475528532271e-03
2.463964939063814e-03
3.605568399113806e-03
5.174379626232156e-03
7.321856535273848e-03
1.034369113677210e-02
1.464243842816185e-02
2.063440205804721e-02
2.873694758328406e-02
3.943044634773994e-02
5.323391766516930e-02
7.071859077615653e-02
9.243699466216239e-02
1.190351549391951e-01
1.510290462343832e-01
1.887414488119222e-01
2.328321607233673e-01
2.842731948610183e-01
3.426208321290430e-01
4.062487449100881e-01
4.739741497691982e-01
5.436193805065757e-01
6.116806607135489e-01
6.750357765065785e-01
7.289876510062244e-01
8.047161029024874e-01
1.000000000000000e+00
1.000000000000000e+00
1.000000000000000e+00
1.000000000000000e+00
1.000000000000000e+00
1.000000000000000e+00
1.000000000000000e+00
1.000000000000000e+00
1.000000000000000e+00
1.000000000000000e+00
1.000000000000000e+00
###1.360000000000001e+01
5.144188574761559e-07
1.354553639583076e-06
7.364604314964203e-07
1.034373806208918e-06
4.785024835969649e-08
1.289023199105041e-06
1.301283338491671e-06
1.317565873613618e-06
1.939061315298190e-06
1.992602910727977e-06
1.850106580075335e-06
1.943253133353243e-06
1.948805057650344e-06
2.034006751426256e-06
2.115614376206423e-06
2.189660973985000e-06
2.235792714253656e-06
2.306852943267041e-06
2.436749952024572e-06
2.573370024276533e-06
2.698630680038632e-06
2.815672167494521e-06
2.950486465663708e-06
3.085912869280310e-06
3.265714070862404e-06
3.478045077815483e-06
3.674320722060044e-06
3.887544837692345e-06
4.125349085145415e-06
4.389333920963547e-06
4.680416318338025e-06
4.987271053139745e-06
5.382631523241775e-06
5.804397815413642e-06
6.284337743383491e-06
6.839626872657579e-06
7.496750634424254e-06
8.237887403348803e-06
9.136472389799454e-06
1.015702464897490e-05
1.140180810784665e-05
1.290099837651619e-05
1.468507491617573e-05
1.683665783130904e-05
1.938648381065732e-05
2.250704358743493e-05
2.623961586903602e-05
3.099205418821046e-05
3.660675199383205e-05
4.364852472165194e-05
5.237327826906343e-05
6.359515716533374e-05
7.817889634843357e-05
9.681167757586443e-05
1.220560008936150e-04
1.555006347395568e-04
1.995020251738148e-04
2.580510797503746e-04
3.376139650593751e-04
4.513120140540766e-04
6.219787462002877e-04
8.825142897486861e-04
1.282613073448945e-03
1.874604855990934e-03
2.737623044295515e-03
3.971537443944846e-03
5.668946474312352e-03
7.998696637338184e-03
1.125992507289125e-02
1.586010437134365e-02
2.222137817466838e-02
3.077640279728825e-02
4.201814974261726e-02
5.647263017387037e-02
7.472251845462662e-02
9.731767537017709e-02
1.249048800976454e-01
1.579669892800677e-01
1.968320515028133e-01
2.420453859111454e-01
2.945145450172351e-01
3.536616008750603e-01
4.178042998597161e-01
4.856332100721990e-01
5.548870805987717e-01
6.220087896388838e-01
6.837907433524513e-01
7.355504327135520e-01
8.089693005625256e-01
1.000000000000000e+00
1.000000000000000e+00
1.000000000000000e+00
1.000000000000000e+00
1.000000000000000e+00
1.000000000000000e+00
1.000000000000000e+00
1.000000000000000e+00
1.000000000000000e+00
1.000000000000000e+00
1.000000000000000e+00
###1.400000000000001e+01
5.017453319036139e-07
1.301216787219887e-06
7.437702219746531e-07
1.056086424591621e-06
1.167764568300239e-07
1.309693228656464e-06
1.330465490191125e-06
1.353889090818142e-06
1.965230260034826e-06
2.025730548269444e-06
1.929821862102091e-06
2.010636673256495e-06
2.030960960978950e-06
2.125591085226190e-06
2.217816445195796e-06
2.303699239539178e-06
2.364758240453624e-06
2.449967461883586e-06
2.590804494863638e-06
2.740178470138581e-06
2.879642750911382e-06
3.013440436819351e-06
3.165391783971843e-06
3.320098098321614e-06
3.517916583395815e-06
3.748228567283496e-06
3.967568970262035e-06
4.205054170377657e-06
4.468525643984602e-06
4.760526422499887e-06
5.083002997304968e-06
5.425854747239606e-06
5.856560983623894e-06
6.319718379688268e-06
6.848472994359787e-06
7.454669932930218e-06
8.171416675159715e-06
8.982210124065772e-06
9.961313943906834e-06
1.107559984081764e-05
1.243023531945033e-05
1.405558785670249e-05
1.599559817089787e-05
1.833335243335012e-05
2.112774190871565e-05
2.454045691208393e-05
2.864916697898213e-05
3.386933461751624e-05
4.012178978253079e-05
4.795297827554142e-05
5.774748369280597e-05
7.041239752443217e-05
8.689715243209684e-05
1.080635777496704e-04
1.368019560768471e-04
1.749344962409791e-04
2.257276072051100e-04
2.937856974515873e-04
3.866574266222293e-04
5.189671520071065e-04
7.145356810095533e-04
1.008004235918441e-03
1.450842540356048e-03
2.099403859462250e-03
3.037859775403206e-03
4.371643670141485e-03
6.206810719489078e-03
8.727579670234898e-03
1.224056646431919e-02
1.715197379979108e-02
2.389584979298241e-02
3.291590975928618e-02
4.472008189060681e-02
5.984256185570545e-02
7.886849258895216e-02
1.023592996101858e-01
1.309315902984833e-01
1.650840680341316e-01
2.050784629710770e-01
2.514117026225888e-01
3.048658597000588e-01
3.647756165302991e-01
4.294327700192179e-01
4.973342738648286e-01
5.661890772143695e-01
6.323262217840797e-01
6.925792081754374e-01
7.420889803224637e-01
8.133579766678048e-01
1.000000000000000e+00
1.000000000000000e+00
1.000000000000000e+00
1.000000000000000e+00
1.000000000000000e+00
1.000000000000000e+00
1.000000000000000e+00
1.000000000000000e+00
1.000000000000000e+00
1.000000000000000e+00
1.000000000000000e+00
###1.440000000000001e+01
5.550521927076169e-07
1.315863786899558e-06
7.616797614940173e-07
1.079617340924296e-06
1.431087986268175e-07
1.338434981547213e-06
1.361483471960860e-06
1.394523116067643e-06
1.991466287401061e-06
2.059091128024533e-06
1.988262166616572e-06
2.083600542342664e-06
2.116810705782748e-06
2.219689717315950e-06
2.321104622331531e-06
2.421394097635716e-06
2.497915562791516e-06
2.597890104634279e-06
2.750609487978007e-06
2.913308746052425e-06
3.068468238057666e-06
3.220158867000376e-06
3.390218426088741e-06
3.565109504411670e-06
3.782684960594181e-06
4.033002761428076e-06
4.276881150472524e-06
4.540334474876628e-06
4.831609896306532e-06
5.154272810247101e-06
5.509579518963324e-06
5.859067389094759e-06
6.360125140775867e-06
6.869833555953122e-06
7.449230754636860e-06
8.113300938312249e-06
8.895157270564519e-06
9.776988813569967e-06
1.084593225053003e-05
1.206412662655083e-05
1.353466292056693e-05
1.530164405508677e-05
1.741167418631513e-05
1.995359158670517e-05
2.301662040293238e-05
2.675269087371487e-05
3.127630723983546e-05
3.701486937857460e-05
4.398029114800654e-05
5.269765361166667e-05
6.369915182233629e-05
7.797791896086625e-05
9.656426212472219e-05
1.206726091814309e-04
1.532232865676039e-04
1.967272848092021e-04
2.550329237485378e-04
3.335261151861957e-04
4.410231941879230e-04
5.936322008324278e-04
8.161803000530463e-04
1.145817830447047e-03
1.635464231804536e-03
2.345592576445682e-03
3.365703297359406e-03
4.807570688806688e-03
6.789400490305024e-03
9.511613357297492e-03
1.328549462884166e-02
1.852139757153237e-02
2.566179523368060e-02
3.515895148217762e-02
4.754326700981182e-02
6.335248354101426e-02
8.316811787353756e-02
1.075575147363974e-01
1.371303574119997e-01
1.723619854874301e-01
2.134851599284067e-01
2.609178001484040e-01
3.153463258617921e-01
3.760013409858896e-01
4.410767956568589e-01
5.090558469270393e-01
5.774056159595685e-01
6.426496043367119e-01
7.014723819812947e-01
7.488671979401433e-01
8.176967577741900e-01
1.000000000000000e+00
1.000000000000000e+00
1.000000000000000e+00
1.000000000000000e+00
1.000000000000000e+00
1.000000000000000e+00
1.000000000000000e+00
1.000000000000000e+00
1.000000000000000e+00
1.000000000000000e+00
1.000000000000000e+00
###1.480000000000001e+01
5.654237066757961e-07
1.320442036175674e-06
7.653331360618540e-07
1.137972509793259e-06
1.780532047987633e-07
1.363586411367358e-06
1.392486162101021e-06
1.435297849029558e-06
2.031799204079212e-06
2.097873663331453e-06
2.048936577288591e-06
2.155706006896551e-06
2.202653553799686e-06
2.316312141940673e-06
2.429878757751689e-06
2.543115363915966e-06
2.635481557177747e-06
2.751036281822756e-06
2.916724875307964e-06
3.093613839441079e-06
3.265620715435775e-06
3.436148930936222e-06
3.625397893884186e-06
3.822346675785691e-06
4.060987499461969e-06
4.332927091833811e-06
4.602938506251638e-06
4.894304471579319e-06
5.216251305410154e-06
5.571680074894805e-06
5.962693572873211e-06
6.353933343392802e-06
6.896733461960710e-06
7.455734211885829e-06
8.090687242197219e-06
8.817467022651268e-06
9.668515344093779e-06
1.063321078349641e-05
1.179529863814032e-05
1.312442475205985e-05
1.472491060996461e-05
1.664704943125523e-05
1.893696418545284e-05
2.171529541831492e-05
2.505387837108062e-05
2.916379492749832e-05
3.413921287128590e-05
4.045493447261817e-05
4.818995191933991e-05
5.791252530676181e-05
7.025828541907487e-05
8.632118431755140e-05
1.071539780155904e-04
1.346712785746818e-04
1.715404617916747e-04
2.211001753931326e-04
2.876073850988742e-04
3.776746486199739e-04
5.011327989100887e-04
6.757091699883456e-04
9.278514722898481e-04
1.296472058926217e-03
1.836967538667501e-03
2.614029261546283e-03
3.722614265822946e-03
5.281048448472548e-03
7.418768136627982e-03
1.035341040363893e-02
1.439665755637792e-02
1.997071146409452e-02
2.752177015168595e-02
3.751380814308364e-02
5.049021533061963e-02
6.700059153202965e-02
8.761932441938533e-02
1.129212843556019e-01
1.435008985073842e-01
1.798190758348794e-01
2.220508616903880e-01
2.705800693166046e-01
3.259523841258840e-01
3.873074799944681e-01
4.527820487721001e-01
5.207772138726836e-01
5.886810137252344e-01
6.529805147739554e-01
7.103166407280200e-01
7.557725340516495e-01
8.223218061168590e-01
1.000000000000000e+00
1.000000000000000e+00
1.000000000000000e+00
1.000000000000000e+00
1.000000000000000e+00
1.000000000000000e+00
1.000000000000000e+00
1.000000000000000e+00
1.000000000000000e+00
1.000000000000000e+00
1.000000000000000e+00
###1.520000000000001e+01
6.248511886313882e-07
1.334086638661275e-06
7.888182339059845e-07
1.104967949234221e-06
2.158203006886147e-07
1.389317347860923e-06
1.415457882273777e-06
1.461023662807145e-06
2.055259854378705e-06
2.140628360464951e-06
2.100541577370508e-06
2.232368843338924e-06
2.308146293956475e-06
2.446458101188022e-06
2.543064598671706e-06
2.668618521536498e-06
2.777370705768617e-06
2.909193805386571e-06
3.088998344466622e-06
3.281322907950058e-06
3.471190937575923e-06
3.661637854638697e-06
3.871461276789480e-06
4.091633421957876e-06
4.353503024002598e-06
4.648566770446061e-06
4.946697507451330e-06
5.268118311584500e-06
5.622870001186751e-06
6.013912898621925e-06
6.443555082367291e-06
6.883091690540448e-06
7.466771619798564e-06
8.079447068708708e-06
8.775529778385159e-06
9.568659050610984e-06
1.050053921781112e-05
1.154923930831261e-05
1.280801072255471e-05
1.426534154734901e-05
1.600355297555519e-05
1.809513116171450e-05
2.059362813282888e-05
2.361569981548964e-05
2.728533150675280e-05
3.177670770763919e-05
3.715247269490766e-05
4.422385917474224e-05
5.280059934373540e-05
6.364286808521317e-05
7.750707128094595e-05
9.553643464223412e-05
1.189566842409080e-04
1.501036366528058e-04
1.918196636138841e-04
2.481269180876637e-04
3.237596387524806e-04
4.264739861905129e-04
5.674462627156677e-04
7.659660032751635e-04
1.049983651396648e-03
1.460811315944294e-03
2.056672747406037e-03
2.906362796929356e-03
4.109351384449111e-03
5.792980096729169e-03
8.097560293715857e-03
1.125204225205329e-02
1.557892901611302e-02
2.150116570683613e-02
2.947831953857524e-02
3.998284958207159e-02
5.356763280524835e-02
7.078857318448922e-02
9.222908099980649e-02
1.184658970850630e-01
1.500504775827852e-01
1.874618553987196e-01
2.308074275885790e-01
2.803901993876740e-01
3.366800164833971e-01
3.987244608083929e-01
4.645820145650732e-01
5.325565772941472e-01
5.999506858331557e-01
6.632922332599012e-01
7.190894177666270e-01
7.624446748811121e-01
8.267438538560898e-01
1.000000000000000e+00
1.000000000000000e+00
1.000000000000000e+00
1.000000000000000e+00
1.000000000000000e+00
1.000000000000000e+00
1.000000000000000e+00
1.000000000000000e+00
1.000000000000000e+00
1.000000000000000e+00
1.000000000000000e+00
###1.560000000000001e+01
6.255737839351730e-07
1.420812212512155e-06
8.206727299434547e-07
1.131865096597443e-06
2.343853575262247e-07
1.421422093786030e-06
1.447971624372634e-06
1.741077003850596e-06
2.089127384254996e-06
2.161747761278168e-06
2.165962158864626e-06
2.308878759491369e-06
2.399091906422472e-06
2.548610025002715e-06
2.660122742851502e-06
2.800206291789950e-06
2.925629201020828e-06
3.074352551241720e-06
3.269293934404141e-06
3.478144760591581e-06
3.686804559158987e-06
3.898485615068365e-06
4.130383317530960e-06
4.375451017152964e-06
4.661354228658770e-06
4.982287074159467e-06
5.310276517772463e-06
5.663807379789281e-06
6.054153678259317e-06
6.482576157746746e-06
6.955914229915593e-06
7.445655780068777e-06
8.075200819548893e-06
8.746185673514250e-06
9.506282520907361e-06
1.037238311214720e-05
1.138527192895028e-05
1.253625635921308e-05
1.390395032698777e-05
1.549170919625611e-05
1.737984638442546e-05
1.965641392030492e-05
2.238234523516008e-05
2.568112787346855e-05
2.969237193185478e-05
3.461519355223838e-05
4.058180399291761e-05
4.832816879912989e-05
5.784728960307897e-05
6.995685710271768e-05
8.546460756381319e-05
1.056929140126422e-04
1.320323380620708e-04
1.672087615833261e-04
2.142782701187294e-04
2.780598887491161e-04
3.637656576248709e-04
4.802952832620918e-04
6.403612286630930e-04
8.646926676067708e-04
1.183320006202197e-03
1.639855107945202e-03
2.295580882876630e-03
3.223269317987370e-03
4.528387580364028e-03
6.345298670766108e-03
8.825479209171282e-03
1.221179058820410e-02
1.683211136576608e-02
2.311906504906122e-02
3.153663437183314e-02
4.256706801148374e-02
5.677870955356105e-02
7.472851562948753e-02
9.700670704634791e-02
1.241830387257660e-01
1.567907830263593e-01
1.952804067876906e-01
2.397304070411534e-01
2.903923812419591e-01
3.475619583834172e-01
4.102497017924893e-01
4.764222793220227e-01
5.443724904114453e-01
6.113027565025380e-01
6.736769102688910e-01
7.279780621081821e-01
7.695370598868679e-01
8.314161296356944e-01
1.000000000000000e+00
1.000000000000000e+00
1.000000000000000e+00
1.000000000000000e+00
1.000000000000000e+00
1.000000000000000e+00
1.000000000000000e+00
1.000000000000000e+00
1.000000000000000e+00
1.000000000000000e+00
1.000000000000000e+00
