# NLO BK equation solver 0.0-dev build  (build Nov 18 2025 11:57:20)
# Initial condition: MV model, Q_s0^2 = 0.0892915 GeV^2, \gamma = 4.35688, coefficient of E inside Log is 1, x0=0.01, \Lambda_QCD = 0.241 GeV
# # LO Kernel RC:  Balitsky. NLO Kernel RC:  smallest dipole
# Nc=3, Nf=4
# Using RungeKutta method in K1
# Resumming double log
# Resumming single log, K_sub=0.65 resum rc: smallest
# BK K1 integration relative accuracy: 0.02# NLO BK as^2 terms: MC integration method: Vegas, points=1000000
# Kinematical constraint: none
# Target kinematical constraint: disabled

###1.000000000000000e-05
###1.160836920850890e+00
###100
###1.000000000000000e+00
###0.000000000000000e+00
2.342923701682214e-48
8.494202337786963e-48
3.079129667439588e-47
1.116022300197128e-46
4.044416126839875e-46
1.465464679326557e-45
5.309209694318109e-45
1.923170482843266e-44
6.965260992896286e-44
2.522243226004007e-43
9.131974373874254e-43
3.305739844870455e-42
1.196456666277560e-41
4.329597798935528e-41
1.566456348294687e-40
5.666397007615645e-40
2.049327492357149e-39
7.410184242816078e-39
2.678905696252180e-38
9.682645321079137e-38
3.498936699819671e-37
1.264098093173551e-36
4.565886730838218e-36
1.648792717865045e-35
5.952512537977746e-35
2.148446375262871e-34
7.752381016520968e-34
2.796587251469052e-33
1.008556917482708e-32
3.636194768931365e-32
1.310582181170327e-31
4.722231477484865e-31
1.700949597320099e-30
6.124798499015490e-30
2.204667629300794e-29
7.933044787048041e-29
2.853490040070569e-28
1.025997728703401e-27
3.687598319458146e-27
1.324833296725817e-26
4.757646440678246e-26
1.707768137185626e-25
6.127221324192751e-25
2.197292327063706e-24
7.875769038503423e-24
2.821433125758505e-23
1.010202709875373e-22
3.614923498998542e-22
1.292798508571869e-21
4.620538091066460e-21
1.650336765826616e-20
5.890589147392803e-20
2.101059651402417e-19
7.488562083139599e-19
2.667014686670748e-18
9.490858550829126e-18
3.374618621315274e-17
1.198861193798702e-16
4.255240499636631e-16
1.508956236510636e-15
5.345808971017131e-15
1.892005457284186e-14
6.689486786398496e-14
2.362739972831418e-13
8.336535222389861e-13
2.938318819912019e-12
1.034563653969369e-11
3.638873284755919e-11
1.278617681396706e-10
4.488471879356408e-10
1.574232238834783e-09
5.516830729786106e-09
1.932011765097166e-08
6.762218620326458e-08
2.365919098108830e-07
8.276095866828435e-07
2.895082383033366e-06
1.012998051119762e-05
3.546336130888506e-05
1.242457983114953e-04
4.357108820353117e-04
1.529413564787085e-03
5.369613011844909e-03
1.879500279790336e-02
6.480505616808896e-02
2.110924777108206e-01
5.687292157251221e-01
9.497216157582677e-01
9.999764615607889e-01
1.000000000000000e+00
1.000000000000000e+00
1.000000000000000e+00
1.000000000000000e+00
1.000000000000000e+00
1.000000000000000e+00
1.000000000000000e+00
1.000000000000000e+00
1.000000000000000e+00
1.000000000000000e+00
1.000000000000000e+00
###4.000000000000000e-01
1.056578228495813e-10
-3.591704158090245e-10
-7.243048264127555e-10
3.498845838647411e-10
4.480287287086237e-11
1.438765853404195e-09
-2.757894194539892e-13
-3.500480173937117e-10
6.740851640602825e-11
1.288197748733178e-10
-2.405798777400187e-10
-7.396408337226938e-11
2.612791552931418e-11
6.944356765798080e-11
-1.184785297192736e-10
-6.020412226874225e-12
1.438596666536313e-10
2.736423122523755e-12
1.999196902741553e-10
-6.284013235060745e-11
2.724173724481131e-11
1.441898058610523e-11
2.576313833346088e-11
-8.724793500083063e-11
1.029250100533640e-10
1.212915315221600e-10
2.242066376345662e-11
1.334626806636659e-10
1.410216667988683e-10
1.841635614579637e-10
2.002059564772084e-10
2.361019287076161e-10
4.056914642067236e-10
4.874268060414396e-10
6.610912475836417e-10
9.329048489801132e-10
1.281026760564502e-09
1.601158030423460e-09
2.243029553523859e-09
3.034616226475948e-09
3.978350933149860e-09
5.333076966927771e-09
7.079303101230999e-09
9.339907543515563e-09
1.216039803313861e-08
1.626056280198833e-08
2.119448102425004e-08
2.802993452891419e-08
3.654005279814266e-08
4.788131485347634e-08
6.250107251850489e-08
8.147704651534041e-08
1.066209874193608e-07
1.390410462724471e-07
1.819889223488230e-07
2.391328491392984e-07
3.161434594920153e-07
4.210740652614457e-07
5.610971850514605e-07
7.626723330188553e-07
1.018306851960850e-06
1.466220120311013e-06
2.081537594067262e-06
3.021613225030688e-06
4.073982133010639e-06
6.712650404840475e-06
1.018606944945130e-05
1.572696511257561e-05
2.430568876633098e-05
3.791880314909578e-05
5.916144028666632e-05
9.190477662948503e-05
1.428831945176159e-04
2.214785868978092e-04
3.421091942788738e-04
5.293965181755432e-04
8.206070086000365e-04
1.272928176915450e-03
1.991697717741398e-03
3.176048647184797e-03
5.272393593245255e-03
9.230576909645991e-03
1.758715064309432e-02
3.751024084518487e-02
9.088612738944629e-02
2.342356520948864e-01
5.503797587167376e-01
8.840364163020905e-01
9.610951288575816e-01
1.000000000000000e+00
1.000000000000000e+00
1.000000000000000e+00
1.000000000000000e+00
1.000000000000000e+00
1.000000000000000e+00
1.000000000000000e+00
1.000000000000000e+00
1.000000000000000e+00
1.000000000000000e+00
1.000000000000000e+00
###8.000000000000000e-01
9.278163507814479e-10
3.613006512665962e-10
2.976447555080308e-10
-3.446672386403124e-10
-4.559891302557626e-10
1.847689607447278e-09
-1.661887871298098e-10
-1.203559899879967e-09
3.642227661075936e-11
5.572583097162724e-10
-1.478041001002840e-11
-1.727882662588131e-10
1.098944299584394e-09
2.700092529631347e-10
1.542364712121960e-10
1.598988435746567e-10
-8.003526598387302e-10
4.925790510295477e-10
4.862686759924277e-10
-7.330534499087972e-10
2.744964390344813e-10
-3.462684608585860e-09
4.349147345587524e-10
3.614491425751901e-10
4.155712869609983e-10
5.312265493833364e-10
-1.933535592220374e-10
6.097011936938541e-10
9.035792726653159e-10
4.973863892009592e-10
9.456602231248782e-10
1.183528810020371e-09
1.115786980456516e-09
1.539355069353544e-09
2.048053668791689e-09
2.839205455184052e-09
3.749429012688633e-09
5.132657934873866e-09
6.294188950090243e-09
8.550066064454975e-09
1.107891336353877e-08
1.438989339770475e-08
1.869260113473719e-08
2.427853842903074e-08
3.154167772642925e-08
4.105527246707599e-08
5.287622527947191e-08
6.794996781694652e-08
8.619574679582256e-08
1.044731520789813e-07
1.406127717788448e-07
1.776799136497174e-07
2.248224765565068e-07
2.809570471468881e-07
3.535847263878059e-07
4.397216332681900e-07
5.485007594695028e-07
6.929714830497029e-07
8.817529440175819e-07
1.135252108837823e-06
1.485849698402094e-06
2.069231070959826e-06
2.966022298831467e-06
4.457706367054037e-06
6.653285879341240e-06
1.119239388893415e-05
1.842873665765951e-05
3.056799347869645e-05
5.044409181107439e-05
8.271891609253780e-05
1.338387850394900e-04
2.128086173432532e-04
3.339417387561637e-04
5.186322671661813e-04
7.978238928834716e-04
1.220631932447254e-03
1.861098350171038e-03
2.825409300192193e-03
4.291420285541379e-03
6.613235358768588e-03
1.049189378245869e-02
1.719728979556592e-02
2.963648762852324e-02
5.520751073887004e-02
1.140708468860573e-01
2.535280778286442e-01
5.348115947423444e-01
8.295355190521715e-01
9.255187967999506e-01
1.000000000000000e+00
1.000000000000000e+00
1.000000000000000e+00
1.000000000000000e+00
1.000000000000000e+00
1.000000000000000e+00
1.000000000000000e+00
1.000000000000000e+00
1.000000000000000e+00
1.000000000000000e+00
1.000000000000000e+00
###1.200000000000000e+00
8.970392259395741e-09
2.688363336583385e-08
-1.537232891260412e-09
2.814737545330028e-11
-5.183569910331044e-09
8.794873926002866e-10
1.835732760517661e-10
-3.929872470389700e-09
2.863925549661752e-10
7.697598904876157e-09
-8.700816572778455e-09
3.271069735407235e-09
-5.228675438104297e-09
2.152553035890079e-09
2.817735188147364e-09
6.469817104698131e-10
2.173436718104881e-09
2.223822193129537e-09
1.578541083789165e-09
2.571014531511522e-09
1.121418642553226e-09
-3.893993768995514e-09
-6.939353449803527e-10
5.895460307539918e-10
2.659397288627375e-09
1.395443186940475e-09
2.859727522729637e-10
2.038711756545800e-09
2.981705960445880e-09
2.188229769272954e-09
3.997754843983145e-09
3.125664982037960e-09
3.509127436170957e-09
4.084034338811846e-09
5.682844558947111e-09
6.431111412707407e-09
8.565970215597491e-09
1.191312013961091e-08
1.528801265011765e-08
1.917816475458352e-08
2.367899527293986e-08
3.178018087617011e-08
3.896612364883696e-08
4.967166532236597e-08
6.329257874309291e-08
8.092762802058300e-08
1.024919705088756e-07
1.277678623380653e-07
1.588412678471138e-07
1.914191938717176e-07
2.412611483079698e-07
2.915892828372277e-07
3.486838995916930e-07
4.044657618353917e-07
4.649237047679391e-07
5.153162084995157e-07
5.560763619123262e-07
5.798322516504965e-07
5.820524687952208e-07
5.409030393851029e-07
4.880872548735962e-07
5.711277285692085e-07
8.823791254090999e-07
1.880477189387550e-06
3.948481747062633e-06
9.291769543021167e-06
1.949370484023904e-05
3.837280831763873e-05
7.180478687632277e-05
1.278587571525330e-04
2.187117300752843e-04
3.589079000919237e-04
5.727235930820521e-04
8.923797140833330e-04
1.370212187308820e-03
2.078251630614999e-03
3.128598333739832e-03
4.670235641826620e-03
6.944905998766140e-03
1.044961115432405e-02
1.611608292653376e-02
2.547408636085657e-02
4.162452821811830e-02
7.200050348571099e-02
1.349378539364131e-01
2.700091486944720e-01
5.218787182215259e-01
7.842574188586154e-01
8.934831320793334e-01
1.000000000000000e+00
1.000000000000000e+00
1.000000000000000e+00
1.000000000000000e+00
1.000000000000000e+00
1.000000000000000e+00
1.000000000000000e+00
1.000000000000000e+00
1.000000000000000e+00
1.000000000000000e+00
1.000000000000000e+00
###1.600000000000000e+00
-1.176088287362898e-09
1.669065747528677e-08
5.774948167103396e-09
4.147521541158911e-09
-5.328834093520742e-09
-2.006487717045315e-09
1.107827855801321e-09
-4.578410331269389e-10
1.377910153633368e-09
1.668507453459244e-08
-6.413376049225587e-09
9.598716953559269e-09
-4.005708016973382e-11
5.313545279786868e-09
-2.185134432599715e-09
4.157156635707795e-09
5.325486399633598e-09
6.270506959913706e-09
6.114737100404817e-09
3.098199819283450e-09
3.692517492886347e-09
-6.400969783070568e-10
2.512888891488557e-09
3.502378082072865e-09
6.113619510060217e-09
5.471942694905984e-09
3.495006636513721e-09
5.462077644118623e-09
6.365033415281724e-09
5.857362174755176e-09
8.279137900426265e-09
8.971696697388401e-09
8.730125381049317e-09
8.282215094362638e-09
1.278554345249657e-08
1.541557869453539e-08
1.890272215533155e-08
2.435063875546893e-08
2.964202123208686e-08
3.731128778881296e-08
4.576638019731522e-08
5.839669197056595e-08
7.281097650759060e-08
9.054031291656768e-08
1.136315999556912e-07
1.427171506647373e-07
1.773789916118250e-07
2.152149663804559e-07
2.599400844562519e-07
3.054248293364139e-07
3.668561374617666e-07
4.222006743725969e-07
4.685611513117054e-07
4.915935468108115e-07
4.791327797117465e-07
4.155643758123206e-07
2.651591964284661e-07
-3.339904547379121e-08
-5.500085698907535e-07
-1.360247649897272e-06
-2.542594265027060e-06
-3.910487350076121e-06
-5.334747531504101e-06
-6.229066093341301e-06
-5.210809917517166e-06
-1.670386722845615e-07
1.170439777731516e-05
3.662861696592361e-05
8.494793973179321e-05
1.698280530874785e-04
3.105183101046139e-04
5.284417342971715e-04
8.572199752370317e-04
1.345534203666767e-03
2.061518795786983e-03
3.105103259404707e-03
4.628901699529015e-03
6.811008573983242e-03
9.953979778580741e-03
1.468395781813614e-02
2.215551989997244e-02
3.408584522700928e-02
5.363664094268876e-02
8.810464477708055e-02
1.540902955169288e-01
2.844629053946985e-01
5.114767548108908e-01
7.468878228248229e-01
8.651384519523864e-01
1.000000000000000e+00
1.000000000000000e+00
1.000000000000000e+00
1.000000000000000e+00
1.000000000000000e+00
1.000000000000000e+00
1.000000000000000e+00
1.000000000000000e+00
1.000000000000000e+00
1.000000000000000e+00
1.000000000000000e+00
###2.000000000000000e+00
-9.958685921414069e-09
4.889239759014051e-08
8.328706118949269e-09
2.339362906295626e-08
-2.315258985268959e-08
-5.371594639884784e-08
3.376280438747724e-09
3.650723291334874e-09
6.899450204371280e-09
2.029053147126699e-08
9.647516548202694e-08
4.401248331318638e-09
-3.819017675082672e-10
3.045553355157888e-08
-9.499350306064497e-09
6.108079314253863e-09
1.315134896619996e-09
8.304703963088788e-09
6.799873457313799e-09
5.317418634120919e-09
4.720192755190190e-09
2.753559102253747e-09
5.393227530377381e-09
4.230518345167657e-09
9.537901882091211e-09
8.061036380941865e-09
6.151577802406630e-09
7.906822407977686e-09
8.441883718999718e-09
8.856193457813520e-09
1.155672352798466e-08
1.465152753034112e-08
1.597777918412351e-08
1.541646666447024e-08
2.624853659452242e-08
2.458301526407289e-08
3.034369106888818e-08
4.016260720715817e-08
4.810323678939862e-08
6.154736115971843e-08
7.431947938747522e-08
9.376143713888648e-08
1.184553512904483e-07
1.466959519033545e-07
1.829839101969162e-07
2.272446500804397e-07
2.786002776434796e-07
3.307752580281979e-07
3.958828813184311e-07
4.606007114149626e-07
5.288841108614116e-07
5.854597325329598e-07
6.053071086956016e-07
5.745140807175013e-07
4.758064491088195e-07
2.662702404077229e-07
-2.675984619075939e-07
-1.217802120752187e-06
-2.656326501614801e-06
-4.777893478545500e-06
-7.777707395511956e-06
-1.162527707913597e-05
-1.632347947828682e-05
-2.076141065891502e-05
-2.304701701756249e-05
-1.929000588021145e-05
1.501112720117017e-06
3.387339260098932e-05
9.341988054504062e-05
2.109919992315808e-04
4.102665283104769e-04
7.231819748121966e-04
1.190673779996288e-03
1.878551357436068e-03
2.872436156955336e-03
4.305853657126089e-03
6.354824393287807e-03
9.239895629585189e-03
1.332162837634105e-02
1.931157704868770e-02
2.861499171077686e-02
4.304675214283452e-02
6.572967802854461e-02
1.037414990699262e-01
1.719465203426392e-01
2.975686289439607e-01
5.035360572055452e-01
7.165082735527111e-01
8.406831916338778e-01
1.000000000000000e+00
1.000000000000000e+00
1.000000000000000e+00
1.000000000000000e+00
1.000000000000000e+00
1.000000000000000e+00
1.000000000000000e+00
1.000000000000000e+00
1.000000000000000e+00
1.000000000000000e+00
1.000000000000000e+00
###2.400000000000000e+00
1.622682740803735e-08
4.514518018589980e-08
1.593184393015664e-08
3.871090889361638e-08
-1.599499851058970e-08
-4.825009047212527e-08
3.197873937328941e-08
-1.431898205040172e-09
5.511422691812308e-08
1.197636563515453e-07
1.080382207251888e-07
2.510019796252904e-08
3.020490597648738e-08
3.687161067611560e-08
3.211522765489888e-10
1.545782401227473e-08
6.340356191590702e-09
1.146011220243032e-08
1.151921370167916e-08
9.447182300572510e-09
1.594370049838120e-08
6.722457589022965e-09
1.138009665882783e-08
1.246005757905601e-08
6.593348828626440e-08
1.709655329499204e-08
9.858283476716870e-09
1.345922419982147e-08
1.624162480935508e-08
1.577120531914140e-08
1.978538999866953e-08
2.655016615290702e-08
2.707046841832713e-08
2.807181527485795e-08
3.880328934771319e-08
4.095260108578736e-08
5.169974059795688e-08
6.293946391470256e-08
7.759872058057511e-08
9.715717346572299e-08
1.139426366020369e-07
1.490192464618235e-07
1.807651108834051e-07
2.237414481547458e-07
2.770306458849329e-07
3.399475196445974e-07
4.113109214634589e-07
4.852880760104570e-07
5.724442024506598e-07
6.548703274755627e-07
7.378850662547363e-07
7.750813297880619e-07
7.562574852322858e-07
6.444992330060335e-07
4.200263768143241e-07
-4.920822630549283e-08
-1.171472542110291e-06
-2.955763034182445e-06
-5.665733014104781e-06
-9.604011893643727e-06
-1.514140423512483e-05
-2.255583581769502e-05
-3.179608277869308e-05
-4.112033794230139e-05
-4.844239074338943e-05
-4.738635176762262e-05
-2.122043794071495e-05
5.005361042146865e-05
1.242386057803455e-04
2.602631547792750e-04
5.271084239237725e-04
9.492956947733317e-04
1.577987524493887e-03
2.492073547448171e-03
3.803758194809631e-03
5.672526876566663e-03
8.299707313962497e-03
1.195081349547964e-02
1.711323954396561e-02
2.432832163925189e-02
3.544927374661212e-02
5.232298846840643e-02
7.791272276002824e-02
1.190492924945448e-01
1.889056487309960e-01
3.098675262749832e-01
4.979205277748650e-01
6.921401228260149e-01
8.200532866103144e-01
1.000000000000000e+00
1.000000000000000e+00
1.000000000000000e+00
1.000000000000000e+00
1.000000000000000e+00
1.000000000000000e+00
1.000000000000000e+00
1.000000000000000e+00
1.000000000000000e+00
1.000000000000000e+00
1.000000000000000e+00
###2.800000000000000e+00
9.033124798668623e-08
3.688020227895632e-08
1.581534040936813e-09
8.218849495087571e-08
7.785183387105082e-09
-4.195738219907992e-08
5.806814964336773e-08
2.156529252309867e-08
4.517141307688579e-08
1.222046917940443e-07
9.583274888596502e-08
5.513006731747537e-08
3.426907435191549e-08
4.060812939796371e-08
1.701854954872796e-08
2.846661714560404e-08
8.145364793299513e-09
1.716294298558775e-08
2.767124211001118e-08
1.677453483608273e-08
4.587058007073808e-08
1.371955385640576e-08
2.030655235507351e-08
2.272519305429950e-08
7.120992226195448e-08
2.733045478642381e-08
1.784836514465597e-08
2.446756680029298e-08
2.570592995057924e-08
2.722888185374181e-08
3.050858177375793e-08
4.096761860981029e-08
4.263942592785158e-08
4.551249859883961e-08
5.710471445580298e-08
6.363449574502294e-08
7.734144226257576e-08
9.641458591632772e-08
1.128157312803685e-07
1.424011958973945e-07
1.694118130170574e-07
2.164836603526248e-07
2.617390715228486e-07
3.222620906397066e-07
3.944119787719242e-07
4.799463822404744e-07
5.787287662449484e-07
6.804507810504372e-07
7.923193577085475e-07
8.976909311853075e-07
9.918652515608239e-07
1.029667205097185e-06
9.779686326378752e-07
8.971790290733776e-07
5.964339187806551e-07
-4.750179375078811e-07
-2.271026178060046e-06
-5.065113185144768e-06
-9.377072835111874e-06
-1.553828295768427e-05
-2.414142856403425e-05
-3.592193037551802e-05
-5.074565476013983e-05
-6.641816809633058e-05
-7.858746548552052e-05
-7.975219044354862e-05
-4.539785214935017e-05
1.016084859795837e-04
1.855015735040830e-04
3.267059036966093e-04
6.681877265450702e-04
1.210560725261058e-03
2.024117344832358e-03
3.193140556924901e-03
4.859160092345844e-03
7.202466600282789e-03
1.046493247306328e-02
1.493639505220992e-02
2.110966234524929e-02
2.969929943663323e-02
4.266966451066716e-02
6.188310675674183e-02
9.021021841939436e-02
1.340868595422527e-01
2.051490787983997e-01
3.216401343735694e-01
4.945398726755304e-01
6.728839347804462e-01
8.029075754961537e-01
1.000000000000000e+00
1.000000000000000e+00
1.000000000000000e+00
1.000000000000000e+00
1.000000000000000e+00
1.000000000000000e+00
1.000000000000000e+00
1.000000000000000e+00
1.000000000000000e+00
1.000000000000000e+00
1.000000000000000e+00
###3.200000000000000e+00
1.577372253636532e-07
8.953247450010270e-08
5.655836910498742e-07
1.144623897193875e-07
5.282789331674287e-08
-5.075854422099509e-08
3.193569645565305e-08
5.979647660901394e-08
5.805155472463305e-08
2.007133326553621e-07
1.196435513171277e-07
8.358626793162198e-08
1.005301906475108e-07
6.940227508310005e-08
4.967394012437957e-08
5.528300095218782e-08
3.617680305655544e-08
5.371511724114761e-08
6.606382130561093e-08
4.085973517932720e-08
8.268209082594393e-08
4.165234039076236e-08
4.684923846706183e-08
5.346195953763287e-08
1.008544966441342e-07
5.794436177800186e-08
7.067206686442099e-08
5.372928005561571e-08
5.958735531896881e-08
6.328841574818141e-08
6.557103635868311e-08
8.174858253163732e-08
8.201120011854929e-08
8.992281521920327e-08
1.043796780683512e-07
1.135579441598875e-07
1.358363104984310e-07
1.599455672089274e-07
1.848237659973681e-07
2.202658548720525e-07
2.685317719881194e-07
3.227167056997848e-07
3.823471518254873e-07
4.669626456799986e-07
5.621733755516004e-07
6.807696002442002e-07
8.125963901030516e-07
9.455498985073436e-07
1.111921548179630e-06
1.229019590233064e-06
1.342041928892471e-06
1.340544468368519e-06
1.321958010629708e-06
1.343473376170543e-06
1.026468771577199e-06
-7.305950195020304e-07
-3.315262254110664e-06
-7.230264259196202e-06
-1.320894309687018e-05
-2.179254569560015e-05
-3.382200588481183e-05
-4.996313500307428e-05
-7.029578984932069e-05
-9.179994696807818e-05
-1.083413657231761e-04
-1.070985264616346e-04
-5.326010736118263e-05
2.476426546435627e-04
3.263386196182380e-04
4.350486424328434e-04
8.541282988107441e-04
1.527944997071341e-03
2.541055842331873e-03
3.990715910056551e-03
6.041465797621045e-03
8.896185894442712e-03
1.283947019068058e-02
1.817394285882691e-02
2.541676588811029e-02
3.541428599742463e-02
5.020495156908844e-02
7.172656898528182e-02
1.026086567318005e-01
1.489253451576290e-01
2.207801698623471e-01
3.331956320200179e-01
4.930741824486964e-01
6.581974063879573e-01
7.891282442313132e-01
1.000000000000000e+00
1.000000000000000e+00
1.000000000000000e+00
1.000000000000000e+00
1.000000000000000e+00
1.000000000000000e+00
1.000000000000000e+00
1.000000000000000e+00
1.000000000000000e+00
1.000000000000000e+00
1.000000000000000e+00
###3.600000000000000e+00
2.306131529323427e-07
8.936420400515755e-08
4.938040688329217e-07
1.090019947547027e-07
6.433341678247503e-08
7.057045381085455e-08
3.815337811962127e-08
5.020267574583136e-08
8.068206789105680e-08
4.269357613198204e-07
1.770335250760511e-07
1.042600962198119e-07
1.160819974617501e-07
8.555423305726107e-08
8.531195737980454e-08
7.274860500073038e-08
6.061161403402481e-08
7.498220135492597e-08
1.059805271714950e-07
6.200887960394151e-08
1.025123477165999e-07
6.429345569670513e-08
7.069079451288928e-08
7.619350667659586e-08
1.166113334446605e-07
8.961208912244543e-08
9.558136007665584e-08
8.244673978741982e-08
8.959782800949954e-08
9.528851187310511e-08
9.821783405109916e-08
1.162182454460984e-07
1.144109553241951e-07
1.284224333495760e-07
1.465022112495460e-07
1.511615023532206e-07
1.875820700474921e-07
2.215191599414100e-07
2.562545854317010e-07
3.168690531926590e-07
3.667177231273025e-07
4.551584226834041e-07
5.223946142158651e-07
6.306337110764004e-07
7.604027785044890e-07
9.161691131098961e-07
1.093960153242542e-06
1.236599294886128e-06
1.491664113881780e-06
1.672631643641846e-06
1.848967531036885e-06
1.907357543950605e-06
1.960998286349291e-06
2.323097089226014e-06
2.244539976429147e-06
-3.640582404133160e-07
-3.675473241011602e-06
-8.519742193169932e-06
-1.586811846199859e-05
-2.658159159876684e-05
-4.126857449760841e-05
-6.073095541283705e-05
-8.477096433895686e-05
-1.088718215960913e-04
-1.231594918793181e-04
-1.056565529838864e-04
1.309690924995250e-05
6.552479318935005e-04
6.787503290093304e-04
6.533649750052937e-04
1.133006912312989e-03
1.938196170569376e-03
3.167663663493523e-03
4.918887460052567e-03
7.378852482190987e-03
1.078888892699403e-02
1.543667756232543e-02
2.167325747380968e-02
3.001433004895881e-02
4.144013608948216e-02
5.808814266899761e-02
8.182972665136076e-02
1.151431678364231e-01
1.636226202467135e-01
2.360725890104167e-01
3.447325990935993e-01
4.935351836295392e-01
6.471610061370262e-01
7.785091119931270e-01
1.000000000000000e+00
1.000000000000000e+00
1.000000000000000e+00
1.000000000000000e+00
1.000000000000000e+00
1.000000000000000e+00
1.000000000000000e+00
1.000000000000000e+00
1.000000000000000e+00
1.000000000000000e+00
1.000000000000000e+00
###4.000000000000000e+00
2.259889086931958e-07
-5.805805318239832e-08
4.039891686083174e-07
3.142173822255463e-07
6.439208590399627e-08
7.504619094758015e-08
2.215647830682291e-07
8.061532850366467e-08
9.373355706508172e-08
4.384578868989300e-07
2.012458908177562e-07
1.381094323994358e-07
1.300034862486197e-07
9.852759883470125e-08
9.816899321457156e-08
9.278078139637630e-08
1.055961836955185e-07
1.015229170865197e-07
1.554374706206233e-07
1.250634262712635e-07
1.205858956393378e-07
9.328992732557655e-08
1.017668728397298e-07
1.016716208979517e-07
1.378415741678630e-07
1.152130045072516e-07
1.194697324463814e-07
1.101859635282405e-07
1.162481902647531e-07
1.310540223965616e-07
1.386907932342538e-07
1.520924962661035e-07
1.512408541994449e-07
1.700846937417074e-07
1.941823287648932e-07
2.061302260050459e-07
2.521918221856046e-07
2.855402580295386e-07
3.321984140913256e-07
4.095890872956352e-07
4.721436501686102e-07
5.755537755767900e-07
6.698051072154825e-07
8.037004479967601e-07
9.630514487614725e-07
1.154903048483761e-06
1.372370541441071e-06
1.571287649065678e-06
1.870947246399971e-06
2.102198751471881e-06
2.327866236111742e-06
2.438509644473575e-06
2.574183312743177e-06
3.506371176504285e-06
3.920348266830290e-06
-3.406003756948493e-07
-4.737191054287662e-06
-1.110031726467539e-05
-2.057529129863816e-05
-3.434656929798983e-05
-5.330666009303090e-05
-7.823272832489926e-05
-1.087627596764124e-04
-1.398594526944197e-04
-1.584569812545278e-04
-1.347695034811906e-04
5.243577758017371e-05
6.286459970845652e-04
6.655423380349583e-04
7.545916296219870e-04
1.339143874299916e-03
2.314119982286048e-03
3.781671724555873e-03
5.858626717294354e-03
8.755775631271121e-03
1.274346367612298e-02
1.813781866685769e-02
2.532234497190827e-02
3.478279717249398e-02
4.764381924485568e-02
6.612410135003026e-02
9.200057367728894e-02
1.276013384723288e-01
1.780843814698359e-01
2.508959951860052e-01
3.561096315344340e-01
4.954731726622023e-01
6.395600598689610e-01
7.700475234734453e-01
1.000000000000000e+00
1.000000000000000e+00
1.000000000000000e+00
1.000000000000000e+00
1.000000000000000e+00
1.000000000000000e+00
1.000000000000000e+00
1.000000000000000e+00
1.000000000000000e+00
1.000000000000000e+00
1.000000000000000e+00
###4.399999999999999e+00
2.297268669521288e-07
-2.503318036821915e-09
5.435132845305315e-07
4.346339701443206e-07
5.508841449913880e-08
1.913126779950882e-07
4.116987795586072e-07
3.098842323119029e-07
2.796769734288992e-07
6.938191906482414e-07
3.778220422756629e-07
2.983987175969675e-07
3.649349843516913e-07
2.665648671589941e-07
2.863513230486518e-07
2.818829129747908e-07
2.945427795071460e-07
2.700092372385042e-07
2.547415442955483e-07
2.953006860328402e-07
2.923814077100127e-07
2.648451824349074e-07
2.818479774818340e-07
2.877191927993490e-07
3.173040657627788e-07
2.994294475478300e-07
3.070681200081612e-07
2.900203789604653e-07
3.116304738706002e-07
3.208210816644509e-07
3.395057324474190e-07
3.612228630496135e-07
3.654056934078758e-07
3.900274335105440e-07
4.220975006429223e-07
4.447839748557392e-07
4.974759098416028e-07
5.417749191494809e-07
6.058863826579813e-07
6.973338610319477e-07
7.877016123164194e-07
9.101687889576785e-07
1.036564684143216e-06
1.205151015900834e-06
1.399630359486157e-06
1.563336431825881e-06
1.905938327311633e-06
2.171811989129540e-06
2.456257612496107e-06
2.841105986310436e-06
3.052571689948347e-06
3.258322465123522e-06
3.484509275040717e-06
4.838603908612471e-06
5.692498685620314e-06
3.309308272285718e-07
-5.192767588788455e-06
-1.286878878158703e-05
-2.420486287589590e-05
-4.056245589923238e-05
-6.293775384181738e-05
-9.200490572026908e-05
-1.272905426183597e-04
-1.617499088814272e-04
-1.766290506939674e-04
-1.259494190886012e-04
2.461895131801781e-04
7.530361859527852e-04
7.159373274780105e-04
9.132780073391574e-04
1.606959105374223e-03
2.758419045737802e-03
4.474511434819316e-03
6.902041233113258e-03
1.025934587347460e-02
1.484756456421423e-02
2.100659761257326e-02
2.914291483117387e-02
3.977151807088628e-02
5.407292162920836e-02
7.435317573749214e-02
1.022999467627892e-01
1.400442461128529e-01
1.922564381164789e-01
2.654590022657058e-01
3.674818760259664e-01
4.985578555410543e-01
6.343739438655120e-01
7.641872675431788e-01
1.000000000000000e+00
1.000000000000000e+00
1.000000000000000e+00
1.000000000000000e+00
1.000000000000000e+00
1.000000000000000e+00
1.000000000000000e+00
1.000000000000000e+00
1.000000000000000e+00
1.000000000000000e+00
1.000000000000000e+00
###4.800000000000000e+00
2.357685849140519e-07
-2.818863304654011e-08
5.488595196138146e-07
4.664968778160703e-07
6.409141754729246e-08
8.644642375708057e-08
4.600746351632229e-07
3.366210075599704e-07
3.051702389732758e-07
7.137259229238898e-07
4.272990565336020e-07
3.596910270884078e-07
4.036350740928139e-07
3.160429459296572e-07
3.361967700260199e-07
3.346656542158601e-07
3.487208635573085e-07
3.255647074389632e-07
3.082979880927871e-07
3.885883485623323e-07
3.530212880839840e-07
2.837188309097958e-07
3.462996449347942e-07
3.534061499770989e-07
3.667182038377505e-07
3.673499285294859e-07
3.756995020664141e-07
3.645776711078442e-07
3.988900656849398e-07
4.014957741930185e-07
4.278190679309526e-07
4.489785270775595e-07
4.594415981805422e-07
4.895909522426007e-07
5.269498101547551e-07
5.641235310855307e-07
6.271955459969956e-07
6.818544651573708e-07
7.615661291281755e-07
8.666185032849878e-07
9.830585644298355e-07
1.133729265439500e-06
1.290031002507524e-06
1.503979317934394e-06
1.725731278962445e-06
1.965267418809047e-06
2.375011188043647e-06
2.722865699510043e-06
3.098419941870018e-06
3.562923303257045e-06
3.906636284639839e-06
4.250645568537173e-06
4.642202448328039e-06
5.960624496283898e-06
7.380319423253170e-06
3.078219224258899e-06
-3.751420593924777e-06
-1.202199906247884e-05
-2.411700490803643e-05
-4.145305946652362e-05
-6.478426967928329e-05
-9.413805633498679e-05
-1.273434980800073e-04
-1.536501585289553e-04
-1.410271808079090e-04
4.847920674126435e-08
8.396671587352014e-04
1.211301041164854e-03
9.468001753346478e-04
1.204528124183204e-03
1.995227884133261e-03
3.328172334967841e-03
5.306462695043642e-03
8.092103366917590e-03
1.192416997807799e-02
1.713408147709247e-02
2.409036912940435e-02
3.320085956049388e-02
4.501328080283012e-02
6.074834623897779e-02
8.277806064741866e-02
1.127520507855122e-01
1.524831641590010e-01
2.062969931892932e-01
2.797213754317394e-01
3.787823869183335e-01
5.027050121207816e-01
6.314559362689622e-01
7.598373476630853e-01
1.000000000000000e+00
1.000000000000000e+00
1.000000000000000e+00
1.000000000000000e+00
1.000000000000000e+00
1.000000000000000e+00
1.000000000000000e+00
1.000000000000000e+00
1.000000000000000e+00
1.000000000000000e+00
1.000000000000000e+00
###5.200000000000000e+00
2.161663564390897e-07
-1.729061068912124e-08
3.992669038323400e-07
3.369020194667302e-07
1.128619350052941e-07
8.856416473607469e-08
5.106057949226656e-07
3.469599723445846e-07
3.693615348619830e-07
7.904242214359903e-07
4.943638439103141e-07
5.645821452194388e-07
4.654587581893096e-07
3.852931037197303e-07
4.199769546312317e-07
4.180253725353061e-07
4.239954155937592e-07
4.036699524070288e-07
3.911886884699905e-07
4.652578892206019e-07
4.385608165394666e-07
3.750320701490101e-07
4.320430551178814e-07
4.415349267566810e-07
4.614357909427591e-07
4.679006511749372e-07
4.817717827666438e-07
4.694227442819608e-07
5.085384859814543e-07
5.139052233580462e-07
5.463516340880982e-07
5.689324160648554e-07
5.878661009105900e-07
6.208580108965285e-07
6.693781533588404e-07
7.167714617811923e-07
7.889279043734388e-07
8.605984498149833e-07
9.601636006113069e-07
1.082938262813720e-06
1.222595838407231e-06
1.404106755438597e-06
1.598236084516184e-06
1.853346893358413e-06
2.116911801022960e-06
2.446365305947844e-06
2.909877280539437e-06
3.364668824716426e-06
3.852428535570883e-06
4.434144019039985e-06
4.942408281455338e-06
5.473636137292438e-06
6.132896309445999e-06
7.722799297102548e-06
1.096934614203590e-05
8.949695505362177e-06
-9.354381006760453e-07
-1.028396262505020e-05
-2.325914755894824e-05
-4.141914793127432e-05
-6.532668963592816e-05
-9.418975693578876e-05
-1.238313271822580e-04
-1.371128589025657e-04
-8.279730202422170e-05
2.774958725142781e-04
1.187256677885001e-03
1.380815972174367e-03
1.136796279082598e-03
1.477857669969642e-03
2.394760480698808e-03
3.921876048702901e-03
6.178367588780018e-03
9.340055441042617e-03
1.366857938342168e-02
1.951977605340665e-02
2.727769147898969e-02
3.737720347013823e-02
5.038639075413390e-02
6.758418477355276e-02
9.130587062044886e-02
1.232251480671492e-01
1.648419416855580e-01
2.201127338744576e-01
2.936889334590145e-01
3.900232314209846e-01
5.078966228048748e-01
6.303083570056160e-01
7.570542149366051e-01
1.000000000000000e+00
1.000000000000000e+00
1.000000000000000e+00
1.000000000000000e+00
1.000000000000000e+00
1.000000000000000e+00
1.000000000000000e+00
1.000000000000000e+00
1.000000000000000e+00
1.000000000000000e+00
1.000000000000000e+00
###5.600000000000001e+00
8.057757017031238e-08
-3.889456605645737e-08
4.173484170345933e-07
1.822134612429959e-07
1.450423213909044e-07
1.358502558252601e-07
5.546357403182498e-07
4.125031192310593e-07
4.083758438544009e-07
8.125555324244044e-07
5.868452020600275e-07
5.865391575886031e-07
5.020909569729343e-07
4.122773835630103e-07
4.698500567134773e-07
4.702731598487672e-07
4.739312702282759e-07
4.625128911712313e-07
4.476801196797831e-07
5.007482993551148e-07
4.940457117904220e-07
4.414946262761482e-07
4.954132785465572e-07
5.086500236519611e-07
5.242849774488974e-07
5.413975712740555e-07
5.583231751204647e-07
5.518479256164481e-07
5.947215864121320e-07
6.041525876801133e-07
6.524924132898905e-07
6.560434438943318e-07
6.938703140205880e-07
7.356517721069432e-07
7.944005351934785e-07
8.491800978745531e-07
9.360276227511781e-07
1.021471742522288e-06
1.140997556017408e-06
1.283409412720993e-06
1.450797988615029e-06
1.659026887208126e-06
1.890650789194074e-06
2.193518494237386e-06
2.503495181957774e-06
2.902015896762220e-06
3.432792858283483e-06
3.973471358782534e-06
4.565159119981205e-06
5.247265282528148e-06
5.885248558584235e-06
6.550381940846388e-06
7.360537097556891e-06
9.073297187868108e-06
1.212026078357824e-05
1.091809038969133e-05
1.968548303274065e-06
-8.625009520508981e-06
-2.239184021908943e-05
-4.107817865303951e-05
-6.512104566486699e-05
-9.277067945130294e-05
-1.167054115800202e-04
-1.125877373545140e-04
4.479765639624358e-06
5.878862849986598e-04
1.362247120806603e-03
1.427917680593811e-03
1.304455342034479e-03
1.749374816648169e-03
2.810311271549095e-03
4.546947218003194e-03
7.094097069328133e-03
1.064821358936909e-02
1.548373519703733e-02
2.199565950179140e-02
3.058348857559057e-02
4.167628831131637e-02
5.588053499906753e-02
7.452827039870806e-02
9.994452518924306e-02
1.336881034644078e-01
1.771248229224637e-01
2.336430267530432e-01
3.072725999805527e-01
4.012882271378536e-01
5.138730188255105e-01
6.304956308522882e-01
7.553327200838621e-01
1.000000000000000e+00
1.000000000000000e+00
1.000000000000000e+00
1.000000000000000e+00
1.000000000000000e+00
1.000000000000000e+00
1.000000000000000e+00
1.000000000000000e+00
1.000000000000000e+00
1.000000000000000e+00
1.000000000000000e+00
###6.000000000000001e+00
9.712535836442237e-08
-3.065151042107726e-09
4.159841828869039e-07
1.719819053967344e-07
1.703680316208163e-07
1.659129601252357e-07
5.779277871447316e-07
4.521752017291922e-07
4.592391475988719e-07
8.229695044196021e-07
6.176756339571673e-07
6.085741441222511e-07
5.357100279196317e-07
4.601524658341295e-07
5.246225763027391e-07
5.150591618597582e-07
5.229649968698606e-07
5.139831278913543e-07
4.521796725339990e-07
5.574636147389743e-07
5.475116112922141e-07
5.161568653720569e-07
5.630746348832799e-07
5.714121415328016e-07
5.912216925243622e-07
6.179617883713089e-07
6.371628148255308e-07
6.404744421335210e-07
6.838678679698355e-07
7.011954948509388e-07
7.520246611920284e-07
7.596903502839790e-07
8.079091377950852e-07
8.560190754084833e-07
9.341606748774896e-07
9.874779394800826e-07
1.088228016513648e-06
1.192563698152562e-06
1.329125846001931e-06
1.493953382475073e-06
1.688266897037706e-06
1.921898052043970e-06
2.193103277462187e-06
2.532395377420173e-06
2.897865623912935e-06
3.360060221811219e-06
3.951520161925717e-06
4.562008525140803e-06
5.241909993944636e-06
6.016851826006268e-06
6.749163850798576e-06
7.511872106533096e-06
8.415027971997301e-06
1.014721345255185e-05
1.293171853752899e-05
1.321901024120386e-05
6.142848911633406e-06
-7.811404080660751e-06
-2.336946586274847e-05
-4.385535356411007e-05
-6.965713156360948e-05
-9.860270650931813e-05
-1.212615928758411e-04
-1.059615901469440e-04
7.928292450579591e-05
6.103844686318875e-04
1.272669326370795e-03
1.413541255034777e-03
1.418879652511691e-03
1.990862344567297e-03
3.210629442497642e-03
5.168489696545732e-03
8.021321334981740e-03
1.198191640241948e-02
1.734509893678716e-02
2.452356635129198e-02
3.395049785303739e-02
4.605487231574995e-02
6.147968274938495e-02
8.155589852686111e-02
1.085818826322713e-01
1.441062988659749e-01
1.892177580699410e-01
2.469667696671460e-01
3.205783078267274e-01
4.124271716142667e-01
5.203808467298974e-01
6.320075370828134e-01
7.544461193937956e-01
1.000000000000000e+00
1.000000000000000e+00
1.000000000000000e+00
1.000000000000000e+00
1.000000000000000e+00
1.000000000000000e+00
1.000000000000000e+00
1.000000000000000e+00
1.000000000000000e+00
1.000000000000000e+00
1.000000000000000e+00
###6.400000000000001e+00
7.564886469532344e-07
2.244505098580602e-07
4.818056837463394e-07
2.157389455922550e-07
1.584417378502962e-07
2.190592899001795e-07
5.502700301191890e-07
4.115436103641185e-07
4.721191806139153e-07
8.297847069266970e-07
6.688741712339014e-07
6.259578467577899e-07
4.484869307174515e-07
4.974707863664070e-07
5.462819119053666e-07
5.673693402418763e-07
5.613528112628613e-07
5.504717038596618e-07
4.973136829847833e-07
5.992059938030678e-07
5.968787356649328e-07
5.718287769902220e-07
6.188923761098638e-07
6.308282546008035e-07
6.572184523464726e-07
6.854250002016820e-07
7.151283161177198e-07
7.176618452426143e-07
7.713735648046109e-07
7.929459275523685e-07
8.531050890991262e-07
8.631992907722194e-07
9.182020690860036e-07
9.737862679577763e-07
1.063559167668522e-06
1.127873005274569e-06
1.241869592646189e-06
1.363780452554803e-06
1.522376193968986e-06
1.717955630123914e-06
1.933812896330251e-06
2.213116759241558e-06
2.530883853423563e-06
2.913946360817874e-06
3.349796129356141e-06
3.890454097230029e-06
4.571615614597983e-06
5.304607604400150e-06
6.119375224074673e-06
7.067018438217019e-06
8.011892023319486e-06
9.043603756762340e-06
1.029040412599680e-05
1.247636921917689e-05
1.582930362895675e-05
2.027480138113748e-05
1.805654791942873e-05
-1.553580411572757e-06
-1.801634413509306e-05
-3.823300457302623e-05
-6.213017523232212e-05
-8.607121148791947e-05
-9.453718776134466e-05
-3.693350722747847e-05
3.883801883395193e-04
8.428751073552613e-04
1.296004186528299e-03
1.471941445250114e-03
1.607576588373977e-03
2.305325034772656e-03
3.692895822741069e-03
5.882569482453729e-03
9.048111221811523e-03
1.342674368467870e-02
1.932927743028665e-02
2.719083410537965e-02
3.745890755718364e-02
5.058637625643837e-02
6.722340209857773e-02
8.869685004204776e-02
1.172986789012696e-01
1.545355685721304e-01
2.012195940733063e-01
2.600401733607537e-01
3.336401375696935e-01
4.235622499848494e-01
5.272943466616518e-01
6.342731989606669e-01
7.543770631366754e-01
1.000000000000000e+00
1.000000000000000e+00
1.000000000000000e+00
1.000000000000000e+00
1.000000000000000e+00
1.000000000000000e+00
1.000000000000000e+00
1.000000000000000e+00
1.000000000000000e+00
1.000000000000000e+00
1.000000000000000e+00
###6.800000000000002e+00
7.485271835812861e-07
2.358738924022610e-07
5.218488468954249e-07
6.727305521218362e-08
1.492723313483711e-07
3.168931005779241e-07
5.774513098820834e-07
4.117640370038592e-07
4.708572840859341e-07
8.267938206437763e-07
6.974556169382042e-07
6.464255124804708e-07
4.855833512459088e-07
5.405019102675995e-07
5.899429158841580e-07
6.086597190712108e-07
6.058719712567854e-07
6.168399934396992e-07
5.471184919366972e-07
6.351565705933962e-07
6.543922574218831e-07
6.330508746448888e-07
6.683666268778486e-07
6.943262252687644e-07
7.266911044714350e-07
7.565114370133849e-07
7.900541808279393e-07
8.120511244961999e-07
8.577572808985858e-07
8.848324383458278e-07
9.518196318878355e-07
9.771059483793716e-07
1.035942212364569e-06
1.101465676896815e-06
1.198572299597959e-06
1.278528049879922e-06
1.407382710973125e-06
1.549393707597173e-06
1.726445964891386e-06
1.949416840242722e-06
2.198571264397974e-06
2.519337214008401e-06
2.880082040676822e-06
3.322020403450244e-06
3.817211579172817e-06
4.436890591268439e-06
5.209297152516392e-06
6.056165001217205e-06
7.001167153167664e-06
8.095710878671744e-06
9.242399442419283e-06
1.052619538024332e-05
1.203941337691934e-05
1.446783865357644e-05
1.800079013800159e-05
2.283333563679711e-05
2.324444276185166e-05
6.989502642059019e-06
-1.150677912194635e-05
-3.079165579075233e-05
-5.138278047253064e-05
-6.720534898291523e-05
-5.441533988593641e-05
9.131160749779342e-05
6.247913768386818e-04
9.854481878691067e-04
1.341036133038488e-03
1.564404069079499e-03
1.820384462793987e-03
2.651273965525296e-03
4.216065389353551e-03
6.644304623250856e-03
1.013768566062946e-02
1.494014762822369e-02
2.139908922105041e-02
2.994695417539915e-02
4.106869292323678e-02
5.521591076149419e-02
7.307640872607596e-02
9.592746878772819e-02
1.261122450091551e-01
1.649100578240917e-01
2.131109901875615e-01
2.728633495832646e-01
3.465132726478510e-01
4.345876388384914e-01
5.344478572392597e-01
6.373154725399708e-01
7.547504817650166e-01
1.000000000000000e+00
1.000000000000000e+00
1.000000000000000e+00
1.000000000000000e+00
1.000000000000000e+00
1.000000000000000e+00
1.000000000000000e+00
1.000000000000000e+00
1.000000000000000e+00
1.000000000000000e+00
1.000000000000000e+00
###7.200000000000002e+00
6.987721615868018e-07
2.868222326655605e-07
5.705406845702119e-07
5.548482085999626e-08
2.546929723766082e-07
2.979161948690231e-07
5.815476613670483e-07
3.765628524156841e-07
5.082791401382636e-07
8.384096920192012e-07
7.133395152786587e-07
6.821045664165491e-07
5.113194349736976e-07
5.771125294946139e-07
6.288751728478902e-07
6.527572688983509e-07
6.451895189097298e-07
6.599379404320675e-07
6.005909261627036e-07
6.830992283618152e-07
7.137898577608947e-07
6.919198789509349e-07
7.203906338547949e-07
7.591579345687702e-07
8.019287972926496e-07
8.338320363636041e-07
8.704209657774617e-07
8.989530533239644e-07
9.517442491591506e-07
9.849485589886347e-07
1.055664686496482e-06
1.090409640763941e-06
1.159814417764482e-06
1.240850687764367e-06
1.343554332292025e-06
1.439893212216176e-06
1.581963998883574e-06
1.745076840709155e-06
1.947810517536209e-06
2.195903851920320e-06
2.486217995696017e-06
2.850577121417050e-06
3.254492472101409e-06
3.764721870184454e-06
4.326209867874643e-06
5.054844207529851e-06
5.920327515749776e-06
6.895738550088711e-06
8.014982508912192e-06
9.313039336276082e-06
1.073049468195850e-05
1.233185540057272e-05
1.429782249634154e-05
1.721586703033571e-05
2.149290188562166e-05
2.733861643718119e-05
3.474548332613701e-05
2.686783505776569e-05
6.876121031615872e-07
-1.797522488461949e-05
-3.380543526008659e-05
-3.773628742503687e-05
1.139319389320828e-05
3.064050241381271e-04
7.719709382429524e-04
1.026185404138963e-03
1.383677671940793e-03
1.666536054984295e-03
2.049196896692211e-03
3.024494912318771e-03
4.773480922775490e-03
7.452216283947512e-03
1.128424596899313e-02
1.652772037641221e-02
2.354622600969776e-02
3.278949503155535e-02
4.477280474011554e-02
5.995791918935248e-02
7.901008509975661e-02
1.032597583768957e-01
1.349635509646955e-01
1.753019409273809e-01
2.248889495744668e-01
2.855726486074182e-01
3.591770074135686e-01
4.455378474322350e-01
5.421646404300694e-01
6.409050642755086e-01
7.562771943495322e-01
1.000000000000000e+00
1.000000000000000e+00
1.000000000000000e+00
1.000000000000000e+00
1.000000000000000e+00
1.000000000000000e+00
1.000000000000000e+00
1.000000000000000e+00
1.000000000000000e+00
1.000000000000000e+00
1.000000000000000e+00
###7.600000000000002e+00
6.896844151609143e-07
2.659704742387874e-07
6.293780763378299e-07
8.967923886101709e-08
3.116152144806510e-07
2.872283198634694e-07
5.707519526264771e-07
3.987775564681542e-07
5.021070824550152e-07
8.472078711807793e-07
6.988572639286496e-07
7.034217534925024e-07
5.368663103441920e-07
6.164088185010421e-07
6.686814278163625e-07
6.880147807923932e-07
6.873599413604310e-07
7.036773714056085e-07
6.554730308515636e-07
7.343625740428851e-07
7.666643673945363e-07
7.570641192371578e-07
7.864470938946007e-07
8.306022830570722e-07
8.742254926701929e-07
9.104831089661950e-07
9.540684660999730e-07
9.840027364544628e-07
1.054677701130086e-06
1.092999634840597e-06
1.167955807752861e-06
1.215113804590318e-06
1.290666260699150e-06
1.385454802056513e-06
1.497482341686481e-06
1.607635028826206e-06
1.769079552899946e-06
1.958347776200022e-06
2.178928366144152e-06
2.459565580105011e-06
2.784576440524098e-06
3.186579664595050e-06
3.645933920678070e-06
4.209837999643770e-06
4.845317902137961e-06
5.656502121727441e-06
6.628849210236647e-06
7.715267285267361e-06
8.989638368463349e-06
1.045476397722029e-05
1.209023316905795e-05
1.395261969510102e-05
1.624754336679939e-05
1.945147867741565e-05
2.402177408640573e-05
3.026403828740569e-05
3.778813472202078e-05
3.546432515932149e-05
1.665254265935207e-05
-5.461966368557314e-06
-1.661775933457506e-05
-5.752452761026856e-06
1.190512791229663e-04
3.890494867675743e-04
7.728640484106976e-04
1.044320430394611e-03
1.415614487726620e-03
1.772656875633570e-03
2.286237494561359e-03
3.412214679439512e-03
5.356663022411032e-03
8.299619576001921e-03
1.247447829589016e-02
1.817171975465971e-02
2.576076448921476e-02
3.571641483236460e-02
4.856806964273246e-02
6.479234214538993e-02
8.503829350605915e-02
1.106303773961938e-01
1.437938281654392e-01
1.856463347482150e-01
2.365150278561518e-01
2.980496314309791e-01
3.715040829784119e-01
4.564843298855900e-01
5.500795633471478e-01
6.450419053474297e-01
7.578014450248217e-01
1.000000000000000e+00
1.000000000000000e+00
1.000000000000000e+00
1.000000000000000e+00
1.000000000000000e+00
1.000000000000000e+00
1.000000000000000e+00
1.000000000000000e+00
1.000000000000000e+00
1.000000000000000e+00
1.000000000000000e+00
###8.000000000000002e+00
6.703746915316056e-07
3.297298396583661e-07
6.425705219637063e-07
9.308462197560155e-08
2.946534711798853e-07
3.820484693982718e-07
6.362968253652147e-07
4.154935399285240e-07
5.005521765931482e-07
8.457005904323490e-07
6.962677287054309e-07
8.038299617642076e-07
5.854735493172700e-07
6.632257971160318e-07
7.052352151251854e-07
7.243027473295353e-07
7.357355230866298e-07
7.557217079372733e-07
7.140221515072447e-07
7.965093335045238e-07
8.289913111843208e-07
8.245081675394286e-07
8.565467278115143e-07
9.008235210501429e-07
9.530493089074024e-07
9.898712709019321e-07
1.043488874466771e-06
1.080932141886498e-06
1.154006358293419e-06
1.202524288389250e-06
1.285334379891911e-06
1.343969997109915e-06
1.427243347154507e-06
1.540238950610760e-06
1.668803607060474e-06
1.793420550137689e-06
1.970335706886410e-06
2.186468188543674e-06
2.431837883130553e-06
2.737239793326242e-06
3.104157841242670e-06
3.549178607392342e-06
4.059749663163087e-06
4.676700655146283e-06
5.398158963264314e-06
6.291591053437467e-06
7.357648993042696e-06
8.578240469513037e-06
1.000669389016521e-05
1.165785002694429e-05
1.350129125127606e-05
1.565423669805075e-05
1.825307381138552e-05
2.182015251218741e-05
2.667472532813859e-05
3.335081684911685e-05
4.136350145874436e-05
4.319947986709875e-05
3.250583882070118e-05
1.223913647823617e-05
3.799130035313475e-06
3.983872799622323e-05
1.714509954052682e-04
4.152273566621521e-04
7.756246120846098e-04
1.065073723108604e-03
1.464449415020784e-03
1.898831343029766e-03
2.545838709806698e-03
3.829971848169785e-03
5.976858774947871e-03
9.190795008867211e-03
1.372462266683716e-02
1.988065472502367e-02
2.805379634586641e-02
3.872724157462915e-02
5.245246828589355e-02
6.972057093383312e-02
9.116825669608455e-02
1.181116912704828e-01
1.526835593509638e-01
1.959790033892080e-01
2.480391710451716e-01
3.103841013915686e-01
3.837313034697151e-01
4.673005013786442e-01
5.580469501137524e-01
6.495550827396811e-01
7.597125661606550e-01
1.000000000000000e+00
1.000000000000000e+00
1.000000000000000e+00
1.000000000000000e+00
1.000000000000000e+00
1.000000000000000e+00
1.000000000000000e+00
1.000000000000000e+00
1.000000000000000e+00
1.000000000000000e+00
1.000000000000000e+00
###8.400000000000002e+00
7.413344084910286e-07
3.311710637646418e-07
6.287518891710711e-07
6.377376958210946e-08
3.318235918643876e-07
4.639861154836731e-07
6.521580867543138e-07
4.423133092100742e-07
4.307334584638319e-07
8.061283280816509e-07
6.538739438153254e-07
8.238922834679006e-07
6.294398525614250e-07
7.092508851393623e-07
7.462749111361684e-07
7.706876095591134e-07
7.932280575810385e-07
8.163725644060009e-07
7.698558145458915e-07
8.606796916221496e-07
8.935770080562042e-07
8.981480267599402e-07
9.337527657622806e-07
9.841124698707758e-07
1.041266793303712e-06
1.083339173704872e-06
1.142485544685675e-06
1.187763281476301e-06
1.267768226457923e-06
1.326098732044454e-06
1.415285374976057e-06
1.486534327086977e-06
1.583388583703007e-06
1.707737596177410e-06
1.849595390544215e-06
1.995268047452255e-06
2.194834801557138e-06
2.431452295335402e-06
2.702225754115975e-06
3.038166248802246e-06
3.441686392563602e-06
3.930057375265049e-06
4.493759926487228e-06
5.168876684076410e-06
5.966033463362696e-06
6.943890055975899e-06
8.100403941101468e-06
9.438997927140200e-06
1.099808523281063e-05
1.279964535725138e-05
1.482333675905360e-05
1.719231892928397e-05
2.001525481082540e-05
2.378615368607101e-05
2.875616648811279e-05
3.546403245799420e-05
4.326710821913188e-05
4.570741016181346e-05
3.703401297269459e-05
2.094481858248489e-05
1.744494694692842e-05
5.746476303613230e-05
1.885986699539269e-04
4.272024830391224e-04
7.793911109829208e-04
1.093171737528078e-03
1.527693860322379e-03
2.046187300921614e-03
2.827782281512404e-03
4.278357879789270e-03
6.636381296684962e-03
1.013419422571041e-02
1.503655264249813e-02
2.165923318383506e-02
3.042476402050585e-02
4.183748973880011e-02
5.643730173835706e-02
7.472796036711751e-02
9.738432731326875e-02
1.256457837759281e-01
1.616342021773813e-01
2.062645437445541e-01
2.595019523844782e-01
3.225265131076084e-01
3.957245973083277e-01
4.780218115263039e-01
5.661498999195382e-01
6.542004088729514e-01
7.620929140364991e-01
1.000000000000000e+00
1.000000000000000e+00
1.000000000000000e+00
1.000000000000000e+00
1.000000000000000e+00
1.000000000000000e+00
1.000000000000000e+00
1.000000000000000e+00
1.000000000000000e+00
1.000000000000000e+00
1.000000000000000e+00
###8.800000000000002e+00
7.459335671750586e-07
3.718872918970976e-07
4.452216974342877e-07
6.061225356922323e-08
4.661792435912115e-07
4.864322490025891e-07
5.899794399207958e-07
4.616277913261052e-07
4.550103267542487e-07
8.056738167778857e-07
6.431027177689173e-07
8.555232938017101e-07
6.159569774437366e-07
7.474002303095413e-07
7.927902133611305e-07
8.201763121965207e-07
8.445858917855097e-07
8.635367953037306e-07
8.336709366883834e-07
9.193457394641096e-07
9.564049091622815e-07
9.704675278241767e-07
1.011231570142076e-06
1.069915843279686e-06
1.128464880245702e-06
1.177050023507129e-06
1.244882456320346e-06
1.295542812861840e-06
1.383549500262373e-06
1.452965201604781e-06
1.546934700725982e-06
1.642399870593294e-06
1.743932078350138e-06
1.884233065259184e-06
2.043543906596105e-06
2.205635293965367e-06
2.423453512162293e-06
2.684435699044031e-06
2.986426018072632e-06
3.355282903435678e-06
3.798758960750920e-06
4.327455040346281e-06
4.927643186544551e-06
5.688280817603402e-06
6.573715617394620e-06
7.624344002529492e-06
8.880508157444773e-06
1.035902136931144e-05
1.205006544993713e-05
1.400946343075664e-05
1.623517704155168e-05
1.884431820222419e-05
2.193143392185913e-05
2.595463148418269e-05
3.117692789549978e-05
3.801334286993163e-05
4.590063244137088e-05
4.913966098592878e-05
4.292806386904951e-05
3.141979143227054e-05
3.376636459678329e-05
7.840787192853172e-05
2.109585291408532e-04
4.484464037007548e-04
7.976542595349329e-04
1.139100499187711e-03
1.616010649000135e-03
2.221852717752956e-03
3.142387768519229e-03
4.765266345933349e-03
7.345372223908134e-03
1.113496198939778e-02
1.640899642162170e-02
2.351686272746542e-02
3.288982726163377e-02
4.503357275371150e-02
6.050856605309095e-02
7.983784248744810e-02
1.036853155044583e-01
1.332595647616385e-01
1.705939605575928e-01
2.165572854463508e-01
2.709046418935103e-01
3.345438541177556e-01
4.075655869872328e-01
4.885878634248961e-01
5.743287645283010e-01
6.591171454542903e-01
7.645448579597006e-01
1.000000000000000e+00
1.000000000000000e+00
1.000000000000000e+00
1.000000000000000e+00
1.000000000000000e+00
1.000000000000000e+00
1.000000000000000e+00
1.000000000000000e+00
1.000000000000000e+00
1.000000000000000e+00
1.000000000000000e+00
###9.200000000000003e+00
8.123202676824066e-07
4.035208976614041e-07
4.650347802621040e-07
1.048325657486236e-07
5.009846594686556e-07
3.957332850421049e-07
6.123883893293224e-07
4.852872726198125e-07
4.553704499053697e-07
8.198928202067537e-07
6.707002557893342e-07
8.543738575694591e-07
6.547155981192161e-07
7.830570724526397e-07
8.301237989792568e-07
8.655872122716441e-07
9.088701680871702e-07
9.142007924809965e-07
8.946293282496876e-07
9.794761841278737e-07
1.022361540581922e-06
1.043948236568493e-06
1.090043873407294e-06
1.155496156189002e-06
1.218557790538983e-06
1.276590535212160e-06
1.349774808164761e-06
1.409409338247548e-06
1.506075356000939e-06
1.590905188599241e-06
1.702592686640306e-06
1.798850816669895e-06
1.915464968437953e-06
2.069568855532823e-06
2.246632020551653e-06
2.428926436113145e-06
2.668387861414853e-06
2.956575618199286e-06
3.286947302349379e-06
3.694837746936118e-06
4.177890224252882e-06
4.756659135367526e-06
5.395082352633911e-06
6.243015791892395e-06
7.202631749557745e-06
8.348783631780717e-06
9.721383285697032e-06
1.132278695459537e-05
1.316405998614847e-05
1.530902278039884e-05
1.776890702706620e-05
2.062351758266026e-05
2.401601363815897e-05
2.839027197620747e-05
3.395217356629929e-05
4.111572761271312e-05
4.950494378619792e-05
5.380762957424104e-05
5.038415158937370e-05
4.374127931955560e-05
5.235227413403353e-05
1.030851881686415e-04
2.392107897103405e-04
4.785367745916470e-04
8.310954875691628e-04
1.204174523733777e-03
1.728978323460599e-03
2.427956525142350e-03
3.491362416818766e-03
5.293147084732234e-03
8.106226859774676e-03
1.219510199317164e-02
1.785695239602535e-02
2.545724509450223e-02
3.544429508574663e-02
4.833047660946471e-02
6.467959828665397e-02
8.506956794720071e-02
1.100737492533897e-01
1.409447658804198e-01
1.796058695301510e-01
2.268242353949216e-01
2.822270311834519e-01
3.464582496060864e-01
4.192638583159481e-01
4.990678046081376e-01
5.825568543511364e-01
6.644728515702122e-01
7.672991715376009e-01
1.000000000000000e+00
1.000000000000000e+00
1.000000000000000e+00
1.000000000000000e+00
1.000000000000000e+00
1.000000000000000e+00
1.000000000000000e+00
1.000000000000000e+00
1.000000000000000e+00
1.000000000000000e+00
1.000000000000000e+00
###9.600000000000003e+00
8.239907049604470e-07
2.932922810767524e-07
4.612357223053615e-07
2.230607028879089e-07
4.963268343644497e-07
3.993395047042838e-07
6.360893697060875e-07
5.070397390651119e-07
4.872742695722886e-07
8.332352265864595e-07
7.253850013542723e-07
8.831028424830596e-07
6.989095856588056e-07
8.189214938967780e-07
8.597501412328720e-07
9.118727499636186e-07
9.525938762073289e-07
9.676142387814769e-07
9.574332282447523e-07
1.043119694063712e-06
1.091931952861442e-06
1.120708009706924e-06
1.169082498090174e-06
1.257513946126331e-06
1.314020296995390e-06
1.389792344079202e-06
1.460750356780117e-06
1.533048423714021e-06
1.638018504048120e-06
1.732952176911852e-06
1.854490203542954e-06
1.967467034698471e-06
2.099007401753428e-06
2.273815982398245e-06
2.469040885542971e-06
2.667872403203186e-06
2.932138122019638e-06
3.249304791353655e-06
3.609957320456851e-06
4.054139056157685e-06
4.578879998119632e-06
5.203492472945101e-06
5.913450912210002e-06
6.831677602055086e-06
7.876166039855485e-06
9.121952432750876e-06
1.060854803915200e-05
1.233506208493930e-05
1.436914573000511e-05
1.670279133244121e-05
1.936402246303357e-05
2.259691614923624e-05
2.633675650476972e-05
3.111434367506546e-05
3.713805421997065e-05
4.482456099082087e-05
5.388702258262434e-05
5.979595332419304e-05
5.951103652618452e-05
5.836517042292171e-05
7.389188974885477e-05
1.321544193877553e-04
2.739284971935224e-04
5.189016940079538e-04
8.805175896982856e-04
1.288958942696911e-03
1.868903864050345e-03
2.664878092890531e-03
3.875398988532785e-03
5.866603359485786e-03
8.918307561580291e-03
1.331795647948535e-02
1.937605403936568e-02
2.747969705703555e-02
3.808442566648221e-02
5.172316945706787e-02
6.896636687689124e-02
9.039093927116586e-02
1.165750673920252e-01
1.486971983054898e-01
1.886728549230425e-01
2.371110464811013e-01
2.934724351757481e-01
3.582222293793561e-01
4.308271905560686e-01
5.094911053926453e-01
5.908177117809738e-01
6.698573769277246e-01
7.703268906847437e-01
1.000000000000000e+00
1.000000000000000e+00
1.000000000000000e+00
1.000000000000000e+00
1.000000000000000e+00
1.000000000000000e+00
1.000000000000000e+00
1.000000000000000e+00
1.000000000000000e+00
1.000000000000000e+00
1.000000000000000e+00
###1.000000000000000e+01
8.445173552566743e-07
2.977438132215634e-07
4.699228956855274e-07
2.624830306122518e-07
6.177391226810369e-07
4.253617624212624e-07
6.557940937234150e-07
5.215842532136797e-07
4.848108138801572e-07
8.377591454260897e-07
8.049977303464826e-07
8.989642695360843e-07
7.388441644962903e-07
8.563222110324244e-07
9.013245579837754e-07
9.587225503095502e-07
1.001181767338719e-06
1.025426141358336e-06
1.023671814684285e-06
1.108424846915470e-06
1.165133768604932e-06
1.201824415677695e-06
1.257670811326890e-06
1.350508381650390e-06
1.419255745393137e-06
1.499208913232818e-06
1.579381239463572e-06
1.662350142122376e-06
1.781274599884813e-06
1.885874498134674e-06
2.019783289516499e-06
2.146729277202677e-06
2.307076704550720e-06
2.489159011976282e-06
2.702733295602979e-06
2.927706119207479e-06
3.222337800171679e-06
3.559800223032861e-06
3.964908282757968e-06
4.442687014095216e-06
5.013475795812527e-06
5.691608179372568e-06
6.473569380718722e-06
7.458085709605587e-06
8.600776026207194e-06
9.962675373435290e-06
1.156436218386522e-05
1.344688896872783e-05
1.565514019768489e-05
1.822235798186575e-05
2.110654506346071e-05
2.474275473981963e-05
2.890743412689815e-05
3.406579175101151e-05
4.078198909021631e-05
4.921881789134389e-05
5.925459376430632e-05
6.714279425005425e-05
7.065165114885384e-05
7.537233335975394e-05
9.862511192975758e-05
1.656383491538513e-04
3.158744910236654e-04
5.705121104138902e-04
9.460543623018185e-04
1.395393292791067e-03
2.036262776439840e-03
2.935630970499054e-03
4.298226594684879e-03
6.483279706357921e-03
9.783533097100805e-03
1.450395452598303e-02
2.097383164945249e-02
2.958621713807057e-02
4.082669880243485e-02
5.522031212531466e-02
7.335985231539001e-02
9.583780752358244e-02
1.231750594297081e-01
1.565662307051036e-01
1.977744982935706e-01
2.473500923252460e-01
3.046260496584207e-01
3.698933796096811e-01
4.423095540277667e-01
5.199326882167538e-01
5.990922020268916e-01
6.754753601693984e-01
7.736274844089178e-01
1.000000000000000e+00
1.000000000000000e+00
1.000000000000000e+00
1.000000000000000e+00
1.000000000000000e+00
1.000000000000000e+00
1.000000000000000e+00
1.000000000000000e+00
1.000000000000000e+00
1.000000000000000e+00
1.000000000000000e+00
###1.040000000000000e+01
8.606735742070899e-07
3.134842046612107e-07
5.057642317255890e-07
3.454565558091515e-07
6.277299061797279e-07
1.177047591687442e-07
6.788851712582470e-07
5.575726737719768e-07
4.882453579480304e-07
8.494380388466664e-07
8.364207979232730e-07
9.517314267169226e-07
7.826538865429565e-07
9.035132414485460e-07
9.559852093301443e-07
1.017164830319616e-06
1.058897361218199e-06
1.092888478131490e-06
1.098135846543051e-06
1.184059667255495e-06
1.248599281070683e-06
1.293042712097685e-06
1.357331558989447e-06
1.454680039626908e-06
1.532492190599278e-06
1.621120678990354e-06
1.711886066284280e-06
1.805695699885394e-06
1.935043736260583e-06
2.052907729159853e-06
2.200001525316596e-06
2.343592404188266e-06
2.520556797904111e-06
2.713638300787177e-06
2.962960027048599e-06
3.208647436898262e-06
3.528793025148791e-06
3.901076202247472e-06
4.342372991134011e-06
4.865518391737915e-06
5.486314295197426e-06
6.221933071572629e-06
7.070548353108141e-06
8.138876520682095e-06
9.382730604288407e-06
1.085673506236464e-05
1.259913756470749e-05
1.465092030163379e-05
1.706176277418942e-05
1.988212195748070e-05
2.300952402686952e-05
2.710106787067967e-05
3.175516278443648e-05
3.753987988603595e-05
4.494808854263079e-05
5.439871029917020e-05
6.579907767277807e-05
7.618294793538985e-05
8.377588390780339e-05
9.523444183769347e-05
1.272142836737746e-04
2.046260489136265e-04
3.656781924831395e-04
6.333423507360925e-04
1.028779540252242e-03
1.523603874028440e-03
2.231699452131024e-03
3.240283132192504e-03
4.759704292344805e-03
7.147952565304132e-03
1.070652523098418e-02
1.575972471175716e-02
2.264526565811678e-02
3.178216672434401e-02
4.366592832134040e-02
5.882353775800161e-02
7.786804540828185e-02
1.013803873181491e-01
1.298909859357185e-01
1.645216699247196e-01
2.069481359453347e-01
2.576194030210691e-01
3.157800253773487e-01
3.815090717599124e-01
4.536651915415462e-01
5.302653586004188e-01
6.073878697918057e-01
6.812099132931105e-01
7.769966945107570e-01
1.000000000000000e+00
1.000000000000000e+00
1.000000000000000e+00
1.000000000000000e+00
1.000000000000000e+00
1.000000000000000e+00
1.000000000000000e+00
1.000000000000000e+00
1.000000000000000e+00
1.000000000000000e+00
1.000000000000000e+00
###1.080000000000000e+01
8.601034391739693e-07
3.045917235054261e-07
4.118478407403575e-07
3.243295098586499e-07
7.132150744076606e-07
1.315490342604297e-07
6.329206969344761e-07
5.747259503049208e-07
4.912329922095325e-07
8.502916586347820e-07
8.563831662500944e-07
9.713222268473007e-07
8.036004831642157e-07
9.375104544271032e-07
1.036105387001750e-06
1.064704388337093e-06
1.090088143705062e-06
1.152014026922879e-06
1.168808528386449e-06
1.258609061895433e-06
1.327281302141693e-06
1.380271815312404e-06
1.453176742784359e-06
1.556540417631392e-06
1.644078123435509e-06
1.747349263124772e-06
1.843358396914427e-06
1.953942184676645e-06
2.090018435940466e-06
2.222105608372486e-06
2.382070864339811e-06
2.542378644161030e-06
2.739956188384221e-06
2.953454537906802e-06
3.222649375111399e-06
3.498023908405679e-06
3.850464100265671e-06
4.221174153792238e-06
4.736371671103156e-06
5.305356687827303e-06
5.979325639749384e-06
6.779207295320881e-06
7.703031940529530e-06
8.856216774048328e-06
1.020433318064460e-05
1.180017990170570e-05
1.369685353117850e-05
1.593819733795151e-05
1.857201735051925e-05
2.167305987347300e-05
2.510622489629489e-05
2.968558397968111e-05
3.476762721694518e-05
4.145560768372862e-05
4.980622141698378e-05
6.045470670717082e-05
7.356048537605983e-05
8.688189936949512e-05
9.936271566983885e-05
1.180727207528599e-04
1.598564516938686e-04
2.493502557560738e-04
4.237990756487536e-04
7.087291429185960e-04
1.129342989786996e-03
1.673746003567884e-03
2.456295080053565e-03
3.579837780344348e-03
5.264336508211536e-03
7.862603097363944e-03
1.168838851458915e-02
1.708638334554183e-02
2.439832882792942e-02
3.407163980240371e-02
4.660641102285300e-02
6.253793712264555e-02
8.248625567522445e-02
1.070473123158832e-01
1.367057202196982e-01
1.725628576878912e-01
2.162110484091471e-01
2.679217725856078e-01
3.269033902492261e-01
3.930156589195191e-01
4.649149257195099e-01
5.404329540501593e-01
6.158421421438310e-01
6.872279396031087e-01
7.804524625534582e-01
1.000000000000000e+00
1.000000000000000e+00
1.000000000000000e+00
1.000000000000000e+00
1.000000000000000e+00
1.000000000000000e+00
1.000000000000000e+00
1.000000000000000e+00
1.000000000000000e+00
1.000000000000000e+00
1.000000000000000e+00
###1.120000000000000e+01
1.152924753608195e-06
3.818234376524310e-07
4.325920795834149e-07
3.080884313096860e-07
6.882790608160090e-07
9.547536896590293e-08
6.398542262439752e-07
5.911851287131949e-07
5.492528788259706e-07
7.856819617857929e-07
8.847321217062206e-07
1.002279658253794e-06
8.271304552267689e-07
9.737568994055538e-07
1.084100160032143e-06
1.123856506992591e-06
1.148881644991822e-06
1.217517279420605e-06
1.251124874512090e-06
1.337970656764251e-06
1.413183152655482e-06
1.475726907248053e-06
1.557435329472262e-06
1.664055145510006e-06
1.766639891893408e-06
1.878381895408755e-06
1.986285673707090e-06
2.115527631035371e-06
2.257849855388430e-06
2.405586354495057e-06
2.580121339222605e-06
2.763668691989169e-06
2.975756198733310e-06
3.211803109009406e-06
3.507701553161576e-06
3.811801405060664e-06
4.197185035021385e-06
4.604375301511055e-06
5.160183058648309e-06
5.783710904207934e-06
6.508813679777982e-06
7.375315404569592e-06
8.361430366208421e-06
9.627456261319607e-06
1.108933733704838e-05
1.282449340946376e-05
1.489982002163845e-05
1.732926388482535e-05
2.021155839435873e-05
2.362588727651398e-05
2.741550199883438e-05
3.255590882542083e-05
3.834753328466617e-05
4.585263324006174e-05
5.534971383120852e-05
6.748586808545745e-05
8.273693879234700e-05
9.950740146064391e-05
1.174657529525227e-04
1.443764695392334e-04
1.969895280038242e-04
3.003205219479039e-04
4.909004342089445e-04
7.968167305128902e-04
1.247847203989128e-03
1.848084583537270e-03
2.711440929109618e-03
3.956284552878882e-03
5.813941607428204e-03
8.627389198382067e-03
1.273328140980399e-02
1.848234686519617e-02
2.623758235567929e-02
3.645716785263770e-02
4.965401118996794e-02
6.637305849309751e-02
8.722831074469647e-02
1.128267715680231e-01
1.436178724610615e-01
1.807005289106105e-01
2.255187939092027e-01
2.782630431784859e-01
3.380084236057729e-01
4.044484217088625e-01
4.761492476909793e-01
5.506534030719357e-01
6.242877001989222e-01
6.931145340389735e-01
7.839523835765847e-01
1.000000000000000e+00
1.000000000000000e+00
1.000000000000000e+00
1.000000000000000e+00
1.000000000000000e+00
1.000000000000000e+00
1.000000000000000e+00
1.000000000000000e+00
1.000000000000000e+00
1.000000000000000e+00
1.000000000000000e+00
###1.160000000000000e+01
1.201843645137298e-06
3.677557645108413e-07
4.685174658702460e-07
5.473419698315207e-07
6.621834491638542e-07
9.968827687370859e-08
6.871158727535144e-07
5.985519243104128e-07
5.753204771400524e-07
8.066223253742629e-07
9.078864284696648e-07
1.014951359965462e-06
8.705391355568081e-07
1.019837551448706e-06
1.126207830554659e-06
1.174598858938800e-06
1.208888897504522e-06
1.282137811795951e-06
1.326000232470887e-06
1.417455384147851e-06
1.499988525705638e-06
1.572056300709626e-06
1.662864451074268e-06
1.778026762707137e-06
1.890383345537351e-06
2.012795263129031e-06
2.133122114123859e-06
2.275650105926162e-06
2.431829641016413e-06
2.595878343446904e-06
2.787099865617218e-06
2.987916897978732e-06
3.232158000407908e-06
3.486537776659078e-06
3.806412829221507e-06
4.143168590169071e-06
4.557835248583326e-06
5.009459157370297e-06
5.612265157669239e-06
6.285361659910042e-06
7.073719974130405e-06
8.011424936320560e-06
9.037635909967153e-06
1.044865797558269e-05
1.203602065368768e-05
1.392552304023181e-05
1.618730762943849e-05
1.882967108180713e-05
2.199473150548331e-05
2.575571669253604e-05
3.003472259218142e-05
3.573773279118748e-05
4.232547857820267e-05
5.084619542532786e-05
6.168100436142300e-05
7.565614665132869e-05
9.337830625328671e-05
1.141089556633082e-04
1.383301975245047e-04
1.743548777528937e-04
2.391927300767507e-04
3.580440421689493e-04
5.676839450164972e-04
8.982833165891630e-04
1.385516484704466e-03
2.046512332114734e-03
2.997092204824055e-03
4.371331200793702e-03
6.406799259494738e-03
9.448031472995213e-03
1.384208462577015e-02
1.995288916572664e-02
2.816035579054938e-02
3.893952867371513e-02
5.280716823554841e-02
7.032265614953898e-02
9.209067585035369e-02
1.187304009709027e-01
1.506542732460293e-01
1.889134494162722e-01
2.348734563788939e-01
2.886305543507002e-01
3.491067082301870e-01
4.158792871394995e-01
4.872961689629680e-01
5.608495446017987e-01
6.326888532442546e-01
6.990791700825945e-01
7.874492782755169e-01
1.000000000000000e+00
1.000000000000000e+00
1.000000000000000e+00
1.000000000000000e+00
1.000000000000000e+00
1.000000000000000e+00
1.000000000000000e+00
1.000000000000000e+00
1.000000000000000e+00
1.000000000000000e+00
1.000000000000000e+00
###1.200000000000001e+01
1.210350443717695e-06
7.691631702560318e-07
3.219248325078499e-07
6.259939524295247e-07
6.648543556047238e-07
2.830052385323028e-07
7.325936626572461e-07
6.734995416772815e-07
5.955136720538464e-07
8.613964411101004e-07
9.528011616027383e-07
1.054346271255952e-06
9.334631467390103e-07
1.082154716320547e-06
1.193366622594033e-06
1.250313983585193e-06
1.289573220014041e-06
1.368215786658677e-06
1.421570454910866e-06
1.519106982120955e-06
1.610001274551463e-06
1.694542610474914e-06
1.792415164254027e-06
1.916501723383913e-06
2.040219348848968e-06
2.173869002355108e-06
2.308176287759691e-06
2.464366107597027e-06
2.636076812894854e-06
2.818948842860275e-06
3.027073647374056e-06
3.249744134433512e-06
3.513462904949097e-06
3.797006821183225e-06
4.144503993949446e-06
4.516312760063650e-06
4.966441652410805e-06
5.465331895989185e-06
6.117090689556055e-06
6.816573979965153e-06
7.695692188370202e-06
8.720916818364011e-06
9.799920564968627e-06
1.135777371637340e-05
1.308188284292938e-05
1.512996218988252e-05
1.759092399517919e-05
2.048195743659711e-05
2.396466342619441e-05
2.812682303496613e-05
3.295230047536839e-05
3.926679488830127e-05
4.679755345983483e-05
5.646006931647177e-05
6.880902370668201e-05
8.500725745388791e-05
1.056799422871914e-04
1.309746586374676e-04
1.622702852891002e-04
2.083286672210506e-04
2.868638605677083e-04
4.232843712593578e-04
6.547249603336667e-04
1.014374993261819e-03
1.543007834027080e-03
2.270188864938558e-03
3.314958377372634e-03
4.825430598914958e-03
7.047068851973983e-03
1.032552681933350e-02
1.501731909250827e-02
2.150044337115554e-02
3.017687069076522e-02
4.152586061595753e-02
5.607303753170012e-02
7.438878925229643e-02
9.707971361246223e-02
1.247696797722298e-01
1.578331512046434e-01
1.972576786749346e-01
2.443346108119064e-01
2.990576527135893e-01
3.602208758975022e-01
4.272859967753982e-01
4.984261848206151e-01
5.709483613477666e-01
6.410566864364644e-01
7.051751287070067e-01
7.909972842702138e-01
1.000000000000000e+00
1.000000000000000e+00
1.000000000000000e+00
1.000000000000000e+00
1.000000000000000e+00
1.000000000000000e+00
1.000000000000000e+00
1.000000000000000e+00
1.000000000000000e+00
1.000000000000000e+00
1.000000000000000e+00
###1.240000000000001e+01
1.198589353888844e-06
7.603941871848782e-07
3.117803008421686e-07
6.350734774925477e-07
6.832963989594071e-07
2.861180416020217e-07
7.438358854478468e-07
6.775873337873301e-07
6.353241177273367e-07
8.883859678779489e-07
9.775819723174332e-07
1.090947379139982e-06
9.873635405877301e-07
1.086085926789095e-06
1.246380999601815e-06
1.308875345863407e-06
1.357928345617931e-06
1.439848236238964e-06
1.505463631264928e-06
1.610748634876385e-06
1.714793520169864e-06
1.804050107608162e-06
1.913850514073311e-06
2.046165184626310e-06
2.181568769449598e-06
2.327604673611420e-06
2.476958821523116e-06
2.647840758152567e-06
2.835769729518647e-06
3.036501813130290e-06
3.265834327149574e-06
3.509755718041893e-06
3.798727244674759e-06
4.110963541935774e-06
4.487687499203437e-06
4.896874085409214e-06
5.389295829008129e-06
5.931598542051689e-06
6.633479295692071e-06
7.397331566261049e-06
8.345481324182909e-06
9.451538021616391e-06
1.064988292078200e-05
1.231517450543661e-05
1.418783261764774e-05
1.641173234853036e-05
1.909217479921445e-05
2.225775753235689e-05
2.610148646488962e-05
3.070103842050629e-05
3.613081939150461e-05
4.319858656332343e-05
5.175625551492776e-05
6.273887476797924e-05
7.692749420074225e-05
9.560754669889520e-05
1.198172265070723e-04
1.502842329708495e-04
1.894362124918794e-04
2.467207887738666e-04
3.403568892151421e-04
4.963572155057911e-04
7.526205454255150e-04
1.145603413249776e-03
1.720736951243675e-03
2.520595288417420e-03
3.666467769955330e-03
5.320817493571845e-03
7.735687491294206e-03
1.126188233815984e-02
1.626172083191440e-02
2.312982851229673e-02
3.228697955325143e-02
4.421543699522447e-02
5.946441085127856e-02
7.857970068777061e-02
1.022102506527867e-01
1.309483900900107e-01
1.651307274446199e-01
2.057073987314411e-01
2.538716764101072e-01
3.095149475237695e-01
3.713279682608161e-01
4.386571539158070e-01
5.094370071545146e-01
5.810112415738499e-01
6.495603313949910e-01
7.114910700132543e-01
7.949017954880638e-01
1.000000000000000e+00
1.000000000000000e+00
1.000000000000000e+00
1.000000000000000e+00
1.000000000000000e+00
1.000000000000000e+00
1.000000000000000e+00
1.000000000000000e+00
1.000000000000000e+00
1.000000000000000e+00
1.000000000000000e+00
###1.280000000000001e+01
8.779408934737146e-07
7.169148702866578e-07
3.304206551600449e-07
6.445075459534328e-07
6.770635237239309e-07
2.977883354351619e-07
7.640351433032454e-07
6.632066497735173e-07
6.785735952586100e-07
9.414501410751535e-07
1.016108945084268e-06
1.122121168584465e-06
1.056241782191417e-06
1.140265276160417e-06
1.296260591936908e-06
1.371543447407714e-06
1.420609825767464e-06
1.512639552355919e-06
1.589340965834055e-06
1.704306190259649e-06
1.817148044734225e-06
1.917782530627962e-06
2.038634473347931e-06
2.181836578410833e-06
2.329499635919925e-06
2.489063097840118e-06
2.655402920039570e-06
2.840829723912518e-06
3.046095799776821e-06
3.266292177419769e-06
3.516994321669909e-06
3.786200740623020e-06
4.104269856056886e-06
4.446665227092048e-06
4.856793760125618e-06
5.300017621738366e-06
5.834586991987262e-06
6.429008104722750e-06
7.186378479381387e-06
8.019596148749695e-06
9.040361359863216e-06
1.023564373846145e-05
1.155783333018943e-05
1.333996942075112e-05
1.537181032729588e-05
1.779416711928291e-05
2.071016482924229e-05
2.419083575795173e-05
2.841939237176675e-05
3.352175598039628e-05
3.963897149885698e-05
4.751328776514801e-05
5.728745474097327e-05
6.980144639092441e-05
8.609457057257929e-05
1.076711070866849e-04
1.359654134488576e-04
1.722605273959612e-04
2.201867319499462e-04
2.898418441699430e-04
3.999922125864345e-04
5.778319083012943e-04
8.622261591034036e-04
1.292635587728745e-03
1.920640022829750e-03
2.798135534423137e-03
4.053570236310457e-03
5.858693603029653e-03
8.475663870483440e-03
1.225762288911382e-02
1.757908779388348e-02
2.484482138861135e-02
3.449328425295595e-02
4.701805719327609e-02
6.297184864353855e-02
8.291173336956902e-02
1.074776370290045e-01
1.372608312830695e-01
1.725673808663059e-01
2.142786927958001e-01
2.635142370520746e-01
3.200266993429746e-01
3.824743013764643e-01
4.500216986386389e-01
5.204680526204056e-01
5.911042734427239e-01
6.581070446645124e-01
7.176149270491745e-01
7.988386384176207e-01
1.000000000000000e+00
1.000000000000000e+00
1.000000000000000e+00
1.000000000000000e+00
1.000000000000000e+00
1.000000000000000e+00
1.000000000000000e+00
1.000000000000000e+00
1.000000000000000e+00
1.000000000000000e+00
1.000000000000000e+00
###1.320000000000001e+01
8.732925176954960e-07
7.212233588066923e-07
3.303037205037925e-07
6.755013806401667e-07
7.002179836436273e-07
3.146256648290277e-07
7.787222767137262e-07
7.088322984200684e-07
7.129132784116403e-07
9.679335796870011e-07
1.040825280617752e-06
1.155338108583966e-06
1.101964979724534e-06
1.193665135791474e-06
1.349984540278185e-06
1.435217511579550e-06
1.493394096159852e-06
1.591929941446927e-06
1.678635641494973e-06
1.801408276721650e-06
1.923700932342411e-06
2.036179824928781e-06
2.169204445706553e-06
2.323458028307757e-06
2.484381686971488e-06
2.658511185962063e-06
2.841190671361623e-06
3.043801058535626e-06
3.267805649172108e-06
3.509751949802723e-06
3.778419096442962e-06
4.082169485772705e-06
4.423944475952505e-06
4.798560517634192e-06
5.244413820127232e-06
5.734664165991459e-06
6.306779931646294e-06
6.957990364637532e-06
7.775405558626674e-06
8.682772635219642e-06
9.782875542700288e-06
1.107878273162529e-05
1.253168204477060e-05
1.444934134643625e-05
1.665173984519158e-05
1.929098829398029e-05
2.244236197059883e-05
2.629983373472149e-05
3.097257978659605e-05
3.661975207839164e-05
4.349382981462811e-05
5.236236392720400e-05
6.344193666540098e-05
7.771391809904569e-05
9.632450596143958e-05
1.212505848481373e-04
1.541286755545009e-04
1.971178549288962e-04
2.547681760616333e-04
3.379570405619736e-04
4.664761855642990e-04
6.686546308315042e-04
9.844256236389449e-04
1.456534452509961e-03
2.142519394435365e-03
3.104218560256293e-03
4.476114289884087e-03
6.440390182527738e-03
9.268086921996720e-03
1.331760728214221e-02
1.897150336323498e-02
2.665006257151343e-02
3.679887716094188e-02
4.992897371244667e-02
6.659964544429052e-02
8.737814763539405e-02
1.128866693676889e-01
1.437043761036416e-01
1.801497049462431e-01
2.229779308111363e-01
2.732590923480263e-01
3.306050919832880e-01
3.936626148011109e-01
4.613655909935026e-01
5.315069072001939e-01
6.012243301127509e-01
6.666367879244569e-01
7.239903989266783e-01
8.027524048439219e-01
1.000000000000000e+00
1.000000000000000e+00
1.000000000000000e+00
1.000000000000000e+00
1.000000000000000e+00
1.000000000000000e+00
1.000000000000000e+00
1.000000000000000e+00
1.000000000000000e+00
1.000000000000000e+00
1.000000000000000e+00
###1.360000000000001e+01
8.431429569253761e-07
7.149373592755036e-07
3.262816716186558e-07
7.025884844224385e-07
7.196385505622397e-07
3.607843301730210e-07
7.690744141280511e-07
6.931209932073113e-07
7.504009145983486e-07
9.979515682169350e-07
1.074292269016607e-06
1.205100280679870e-06
1.149883033742870e-06
1.249461498314701e-06
1.406162956268682e-06
1.498917314707427e-06
1.567686347860160e-06
1.674045352631595e-06
1.771312531151670e-06
1.902311824358461e-06
2.034557826014455e-06
2.150238072621312e-06
2.304904879783678e-06
2.471718295567610e-06
2.647022615852116e-06
2.836146781960688e-06
3.036700220948098e-06
3.257586890199299e-06
3.502159380183132e-06
3.766117083251366e-06
4.060576587714337e-06
4.391385470994290e-06
4.762331625523972e-06
5.172980050095818e-06
5.655769285285981e-06
6.190864551902903e-06
6.813547990128124e-06
7.524319320665004e-06
8.406256703937569e-06
9.389843915881783e-06
1.057482814496786e-05
1.197945464029632e-05
1.357284954475790e-05
1.564412751009200e-05
1.803281673064875e-05
2.090761207674330e-05
2.435097825696545e-05
2.858809002434577e-05
3.377802139817346e-05
4.002761987351538e-05
4.774561553602435e-05
5.771840817631683e-05
7.028895774615641e-05
8.648878190009300e-05
1.079113533565283e-04
1.365841970187288e-04
1.746889829462448e-04
2.250125411924353e-04
2.934617787708326e-04
3.915322695272093e-04
5.402619118620507e-04
7.690790220141218e-04
1.119545516274735e-03
1.638205540109596e-03
2.387606965507411e-03
3.440539473669541e-03
4.936267325975288e-03
7.068135995407218e-03
1.011628393442978e-02
1.444203217397750e-02
2.044088871385267e-02
2.854026725604918e-02
3.920725268821888e-02
5.295849775513030e-02
7.035974067930856e-02
9.198114882768668e-02
1.184430056736762e-01
1.503053354233759e-01
1.878622197830725e-01
2.317967906684976e-01
2.831052601551408e-01
3.412746637265091e-01
4.048480708727292e-01
4.727173201447232e-01
5.425077969859327e-01
6.112825124889045e-01
6.752313628626658e-01
7.304935554335936e-01
8.065580599655158e-01
1.000000000000000e+00
1.000000000000000e+00
1.000000000000000e+00
1.000000000000000e+00
1.000000000000000e+00
1.000000000000000e+00
1.000000000000000e+00
1.000000000000000e+00
1.000000000000000e+00
1.000000000000000e+00
1.000000000000000e+00
###1.400000000000001e+01
8.558672493922883e-07
7.173906430080882e-07
4.159536494631106e-07
6.603361248715576e-07
7.246189288863766e-07
3.965582950314486e-07
7.874621097454022e-07
7.310428607640630e-07
7.813465697510203e-07
1.025701823450852e-06
1.108164759590306e-06
1.239423703379105e-06
1.202878065615247e-06
1.311351990510014e-06
1.464909539541758e-06
1.561973081506251e-06
1.644743930708765e-06
1.759458925362948e-06
1.867388527754215e-06
2.007517350830805e-06
2.150335080219021e-06
2.279065696917295e-06
2.446583143457772e-06
2.627027717250592e-06
2.817425570884567e-06
3.023215677582021e-06
3.242235071045813e-06
3.482950503841448e-06
3.749102129742707e-06
4.037320111073238e-06
4.358087738761690e-06
4.717766650003214e-06
5.121597763009445e-06
5.570112626499578e-06
6.093475271658757e-06
6.675590271960079e-06
7.353310855092687e-06
8.125686876387529e-06
9.075094250907838e-06
1.014668744680599e-05
1.142630772839281e-05
1.294907655035311e-05
1.469095976530890e-05
1.692575547046335e-05
1.952114113253056e-05
2.265575763448830e-05
2.643797522630611e-05
3.108155893423797e-05
3.681401282789322e-05
4.376415060711033e-05
5.243518353795658e-05
6.364105506413616e-05
7.781081638867026e-05
9.635027454807240e-05
1.208570472847931e-04
1.537536655841967e-04
1.977007688545036e-04
2.563505561138331e-04
3.366076472377543e-04
4.510116843478674e-04
6.219582002924066e-04
8.797069766524399e-04
1.268606594530247e-03
1.838347798378111e-03
2.656891394816030e-03
3.808062460986955e-03
5.435122766805022e-03
7.743776135516523e-03
1.102133363465933e-02
1.563446680656627e-02
2.198957793736740e-02
3.052379609395978e-02
4.172507177475229e-02
5.610888070151747e-02
7.425328564606243e-02
9.672707487079393e-02
1.241503433374859e-01
1.570625703446072e-01
1.957202501007002e-01
2.407700208795431e-01
2.930360131594620e-01
3.520236978142486e-01
4.161216115020175e-01
4.840966691289881e-01
5.534642208290664e-01
6.213483460499989e-01
6.838063737498843e-01
7.369147943767107e-01
8.104932803043812e-01
1.000000000000000e+00
1.000000000000000e+00
1.000000000000000e+00
1.000000000000000e+00
1.000000000000000e+00
1.000000000000000e+00
1.000000000000000e+00
1.000000000000000e+00
1.000000000000000e+00
1.000000000000000e+00
1.000000000000000e+00
###1.440000000000001e+01
7.371750712486161e-07
7.268926501687507e-07
4.358473439594013e-07
6.716119867945104e-07
7.233974638041173e-07
4.141816915003974e-07
7.877672809761489e-07
7.545436052132956e-07
7.705817772807980e-07
1.056847482687995e-06
1.140344063875760e-06
1.277561296954341e-06
1.250443256950800e-06
1.369656120023062e-06
1.524363433517403e-06
1.628143886582175e-06
1.724148890606918e-06
1.847822638633108e-06
1.966834854106954e-06
2.122429012167342e-06
2.270831227641539e-06
2.413576560950300e-06
2.594551611273577e-06
2.789443732134080e-06
2.995836852170771e-06
3.219217878523191e-06
3.458051983229681e-06
3.719824635532542e-06
4.009071427486136e-06
4.323179398385882e-06
4.672131240456624e-06
5.063670668326968e-06
5.502299391632620e-06
5.991124559728119e-06
6.564348348476726e-06
7.190550118498407e-06
7.925256288448564e-06
8.766736725578738e-06
9.791877432932275e-06
1.095320133327051e-05
1.233895364484532e-05
1.398830881607628e-05
1.589296660638233e-05
1.830667099642847e-05
2.113053100774059e-05
2.454320501851409e-05
2.868824839302680e-05
3.380016440391229e-05
4.006035468588893e-05
4.788403156649966e-05
5.760118713754252e-05
7.019590183497059e-05
8.627552011426358e-05
1.073448762903809e-04
1.353321738907409e-04
1.729246645084736e-04
2.234644854744748e-04
2.912545950321521e-04
3.844468074588774e-04
5.166917194517031e-04
7.119502060433165e-04
1.001555624523817e-03
1.432138473071451e-03
2.057499936417255e-03
2.951695519769099e-03
4.207123671987364e-03
5.974066554904536e-03
8.468583697017621e-03
1.198436952884555e-02
1.689692087711681e-02
2.362334543680595e-02
3.260458422335746e-02
4.434898469258679e-02
5.938973472909966e-02
7.828469657195337e-02
1.016247809863331e-01
1.300107791097538e-01
1.639662695482899e-01
2.037401559042958e-01
2.498634077313634e-01
3.030939208097597e-01
3.628517357713945e-01
4.274086174326059e-01
4.954636144658496e-01
5.644493871345025e-01
6.313868535622569e-01
6.924001854581050e-01
7.435106110882330e-01
8.146480804072412e-01
1.000000000000000e+00
1.000000000000000e+00
1.000000000000000e+00
1.000000000000000e+00
1.000000000000000e+00
1.000000000000000e+00
1.000000000000000e+00
1.000000000000000e+00
1.000000000000000e+00
1.000000000000000e+00
1.000000000000000e+00
###1.480000000000001e+01
7.214040241843120e-07
6.615206036847054e-07
4.092319699107500e-07
6.930549478319149e-07
7.424373970254531e-07
4.624691817610242e-07
8.207733680290384e-07
9.352020842975495e-07
8.038672116223868e-07
1.085456371554617e-06
1.175539592055369e-06
1.277420674576834e-06
1.301429907095465e-06
1.427595203240215e-06
1.590242257886563e-06
1.699829588416918e-06
1.806471316095666e-06
1.940880196604673e-06
2.070227188567635e-06
2.235845930465523e-06
2.396748113018771e-06
2.554410018999047e-06
2.749231710880753e-06
2.959670163615572e-06
3.183066495226435e-06
3.425200310661624e-06
3.682801063247312e-06
3.968706525874127e-06
4.282890352061033e-06
4.624834127426321e-06
5.003978599416399e-06
5.429874676754208e-06
5.904980235456787e-06
6.437202976195484e-06
7.056717349127904e-06
7.738634299883789e-06
8.536052878307240e-06
9.451039051686340e-06
1.056058578284222e-05
1.181739090628243e-05
1.331397854104051e-05
1.509874980449761e-05
1.718142907586353e-05
1.979022236062605e-05
2.286390448829969e-05
2.658998628363809e-05
3.114711209230421e-05
3.677011386546038e-05
4.367692817008392e-05
5.240247827022561e-05
6.329776829612019e-05
7.743534133532033e-05
9.556891724510572e-05
1.195597838389379e-04
1.514011076111493e-04
1.942465656933122e-04
2.520651253897314e-04
3.300621869213433e-04
4.373497750166579e-04
5.892192304425963e-04
8.102401176819557e-04
1.135117916902825e-03
1.611279775638816e-03
2.297653264463933e-03
3.273199838431821e-03
4.640150139920608e-03
6.555308825156553e-03
9.244049355586124e-03
1.300980065644664e-02
1.823301933867568e-02
2.534311533860446e-02
3.479087232132931e-02
4.709238226663957e-02
6.279504184507570e-02
8.245936554001616e-02
1.066813453001117e-01
1.360337586546206e-01
1.710328287064056e-01
2.119062656942273e-01
2.591033147676060e-01
3.132697297841859e-01
3.737580828911546e-01
4.387641582333524e-01
5.068572593520333e-01
5.754535607548242e-01
6.414566063229353e-01
7.011038099262590e-01
7.501931111685736e-01
8.188912279703343e-01
1.000000000000000e+00
1.000000000000000e+00
1.000000000000000e+00
1.000000000000000e+00
1.000000000000000e+00
1.000000000000000e+00
1.000000000000000e+00
1.000000000000000e+00
1.000000000000000e+00
1.000000000000000e+00
1.000000000000000e+00
###1.520000000000001e+01
6.191085320112702e-07
6.543399250850060e-07
4.021132029452703e-07
7.020543454959799e-07
7.362608283006744e-07
4.555952549381582e-07
8.218965683839177e-07
9.597306637297117e-07
8.278585396670743e-07
1.122323661077612e-06
1.206489936729247e-06
1.318086486146869e-06
1.356442933090826e-06
1.487037559666023e-06
1.654272483745037e-06
1.773516729639756e-06
1.891175665948741e-06
2.035438136589495e-06
2.177003138104763e-06
2.353261966788356e-06
2.527307182180653e-06
2.700754550692145e-06
2.910016439741347e-06
3.137043411631408e-06
3.378689710061442e-06
3.640619802210954e-06
3.920839238546250e-06
4.230402403046729e-06
4.570876961717681e-06
4.942237810908930e-06
5.354231465879903e-06
5.816705447519060e-06
6.330845511317521e-06
6.909515250950488e-06
7.579043664917628e-06
8.319716469586006e-06
9.184791737417864e-06
1.017744904186966e-05
1.137511412162579e-05
1.274044719302251e-05
1.436121669985476e-05
1.629349601822279e-05
1.856275272102256e-05
2.139068590499240e-05
2.474154378008816e-05
2.881097088851201e-05
3.381797467799094e-05
4.000047295749058e-05
4.766514908218647e-05
5.736037947583334e-05
6.957002600726717e-05
8.542220568587173e-05
1.059407585621914e-04
1.330701573852835e-04
1.692053792116678e-04
2.180005966585301e-04
2.838332668205793e-04
3.729793178490036e-04
4.959011134122990e-04
6.689712482481194e-04
9.185693043546946e-04
1.281000312592899e-03
1.806957638613118e-03
2.559060277830406e-03
3.622532812891941e-03
5.108127477187214e-03
7.180233767521135e-03
1.007359356041392e-02
1.409851512092685e-02
1.964662690701660e-02
2.715346097771896e-02
3.708030235992622e-02
4.995397535219571e-02
6.633261765732668e-02
8.677897423379788e-02
1.118949775619100e-01
1.422267540631285e-01
1.782789665043881e-01
2.202479434396018e-01
2.684957581602078e-01
3.235826415554640e-01
3.847713579544365e-01
4.501772044318540e-01
5.183240481496399e-01
5.864291606159701e-01
6.515356553984288e-01
7.097383795797060e-01
7.568940649604123e-01
8.232812628384103e-01
1.000000000000000e+00
1.000000000000000e+00
1.000000000000000e+00
1.000000000000000e+00
1.000000000000000e+00
1.000000000000000e+00
1.000000000000000e+00
1.000000000000000e+00
1.000000000000000e+00
1.000000000000000e+00
1.000000000000000e+00
###1.560000000000001e+01
6.169100235239232e-07
6.509978656141578e-07
4.241079497021683e-07
6.876926284876822e-07
7.417898293680248e-07
4.786687318665580e-07
8.420075638215593e-07
9.656088488293313e-07
8.602512008343173e-07
1.154273725818130e-06
1.255922773539600e-06
1.362729511316110e-06
1.410766147801380e-06
1.548002474640754e-06
1.720256543408016e-06
1.852805889791914e-06
1.978491342868127e-06
2.133154736952397e-06
2.287352999811626e-06
2.475084799431950e-06
2.663070205119508e-06
2.852834919424924e-06
3.076817560965132e-06
3.323391457550773e-06
3.583318578721683e-06
3.866161886965654e-06
4.170203587083321e-06
4.505003332057221e-06
4.873893066460517e-06
5.276504538614365e-06
5.723374592031447e-06
6.224354320952880e-06
6.781863884540669e-06
7.409072836462998e-06
8.133453004189080e-06
8.936403540702155e-06
9.874198593498587e-06
1.094973051838315e-05
1.224088865767315e-05
1.372290960950412e-05
1.548519662515700e-05
1.757407734129096e-05
2.004983766498852e-05
2.311565559691086e-05
2.677052619111048e-05
3.122323949596316e-05
3.671500679191296e-05
4.352421941066908e-05
5.201445542142275e-05
6.280343743367408e-05
7.645015568127884e-05
9.423289971904188e-05
1.173745825010107e-04
1.479953020993355e-04
1.888970154248188e-04
2.442520394709646e-04
3.189850747595528e-04
4.204154133202620e-04
5.602875038689762e-04
7.563266570860156e-04
1.036824293129872e-03
1.439932230430035e-03
2.020090995114245e-03
2.843245997174446e-03
4.000670351767707e-03
5.613501661602711e-03
7.850729961800498e-03
1.095842594220872e-02
1.525299089891780e-02
2.113893129864701e-02
2.905629821026340e-02
3.947567263082090e-02
5.293988049242928e-02
7.001074099542598e-02
9.125439047827426e-02
1.172687379189463e-01
1.485765203133882e-01
1.856920642222988e-01
2.287413910520628e-01
2.780421142293181e-01
3.340160355139808e-01
3.958693002393438e-01
4.616773129594782e-01
5.297849510474089e-01
5.974345141304076e-01
6.615880551568964e-01
7.183964378346116e-01
7.635509379783881e-01
8.275542661578108e-01
1.000000000000000e+00
1.000000000000000e+00
1.000000000000000e+00
1.000000000000000e+00
1.000000000000000e+00
1.000000000000000e+00
1.000000000000000e+00
1.000000000000000e+00
1.000000000000000e+00
1.000000000000000e+00
1.000000000000000e+00
