# NLO BK equation solver 0.0-dev build  (build Nov 18 2025 11:57:20)
# Initial condition: MV model, Q_s0^2 = 0.0882544 GeV^2, \gamma = 4.42463, coefficient of E inside Log is 1, x0=0.01, \Lambda_QCD = 0.241 GeV
# # LO Kernel RC:  Balitsky. NLO Kernel RC:  smallest dipole
# Nc=3, Nf=4
# Using RungeKutta method in K1
# Resumming double log
# Resumming single log, K_sub=0.65 resum rc: smallest
# BK K1 integration relative accuracy: 0.02# NLO BK as^2 terms: MC integration method: Vegas, points=1000000
# Kinematical constraint: none
# Target kinematical constraint: disabled

###1.000000000000000e-05
###1.160836920850890e+00
###100
###1.000000000000000e+00
###0.000000000000000e+00
3.968927206032911e-49
1.468299715207755e-48
5.431217757180667e-48
2.008719219460827e-47
7.428127002578064e-47
2.746477006096242e-46
1.015330927965580e-45
3.752948858083924e-45
1.386977387722910e-44
5.125026029697842e-44
1.893437264209693e-43
6.994103153685589e-43
2.583077636408348e-42
9.538172326710623e-42
3.521381127855743e-41
1.299806964250186e-40
4.796896535155568e-40
1.769926028085190e-39
6.529210348199862e-39
2.408099254092454e-38
8.879603420972769e-38
3.273522914153710e-37
1.206526506021077e-36
4.445851162264013e-36
1.637820498660747e-35
6.032087415589574e-35
2.221034694055890e-34
8.175714768293328e-34
3.008672352996058e-33
1.106875425104682e-32
4.070923969770582e-32
1.496763310928172e-31
5.501415248325270e-31
2.021398375078108e-30
7.424724735385143e-30
2.726178338780158e-29
1.000616920140283e-28
3.671258842611469e-28
1.346447236895775e-27
4.936101602751742e-27
1.808806647744421e-26
6.625307072270161e-26
2.425592260930894e-25
8.876038847279213e-25
3.246395679418456e-24
1.186739412325683e-23
4.335820144503395e-23
1.583211607886656e-22
5.777604664154116e-22
2.107107335170655e-21
7.679692020230382e-21
2.797094161146960e-20
1.018037700329543e-19
3.702550903404285e-19
1.345566404973948e-18
4.886100031239007e-18
1.772795646329679e-17
6.426581290233254e-17
2.327621383154614e-16
8.422518947672400e-16
3.044779960603439e-15
1.099618370628118e-14
3.967249618197515e-14
1.429847697526783e-13
5.147976620301863e-13
1.851514075821591e-12
6.652156269256476e-12
2.387532452691491e-11
8.560520695318675e-11
3.066444503219681e-10
1.097444401880765e-09
3.924465441902496e-09
1.402418854106310e-08
5.008807108246304e-08
1.788224804324291e-07
6.383000261248706e-07
2.278438974277508e-06
8.135128338391984e-06
2.906109746569907e-05
1.038948401548279e-04
3.717896241174357e-04
1.331772382927920e-03
4.772132598367840e-03
1.705463373247218e-02
6.010079541257118e-02
2.005469784853120e-01
5.551988282173883e-01
9.470894714462946e-01
9.999772027801435e-01
1.000000000000000e+00
1.000000000000000e+00
1.000000000000000e+00
1.000000000000000e+00
1.000000000000000e+00
1.000000000000000e+00
1.000000000000000e+00
1.000000000000000e+00
1.000000000000000e+00
1.000000000000000e+00
1.000000000000000e+00
###4.000000000000000e-01
9.316004532904195e-11
-5.421274732046702e-10
-5.301956155307422e-10
-1.903081985307306e-10
-4.216329516445915e-11
-2.679751585402214e-10
-2.457798711228447e-10
-1.018961851106648e-10
-4.113091580664770e-12
1.618730680559731e-11
1.675797367653666e-12
-1.464347273260829e-10
5.235587551654831e-11
6.283890049713438e-11
3.700234053877024e-10
2.765479895777092e-11
-4.330306746660207e-14
4.347456294952140e-11
6.934835601088478e-10
-7.112401471274031e-12
4.749866539003875e-12
1.597504602202250e-11
3.195417207690113e-11
9.494860488218722e-11
5.105409353819255e-11
3.004214215620774e-11
4.767741470782291e-11
1.373202136592383e-10
1.235299194121645e-10
1.694663675023478e-10
2.624531113295098e-10
2.690491174698646e-10
3.818684610007648e-10
5.054138597963126e-10
7.493213493264251e-10
9.289555815568509e-10
1.359247655793814e-09
1.766688676530954e-09
2.337894732678979e-09
3.084455422446857e-09
4.116323852493712e-09
5.398174335968484e-09
7.162070506215614e-09
9.604887991840665e-09
1.246481677298440e-08
1.652037783376212e-08
2.159628003870337e-08
2.830956235403372e-08
3.719482735294269e-08
4.847433870136953e-08
6.333375964815883e-08
8.301100001872614e-08
1.078766256242702e-07
1.403020461119849e-07
1.836527686088504e-07
2.402614064897542e-07
3.173947230099079e-07
4.202753079811322e-07
5.619242005209789e-07
7.563074539053795e-07
1.039388395248656e-06
1.445683899080186e-06
2.045778352867891e-06
2.965684387051386e-06
4.357736306307554e-06
6.568411278288727e-06
9.966991704287369e-06
1.514964891377067e-05
2.390732350147367e-05
3.734928894696470e-05
5.828641006928673e-05
9.081638531337408e-05
1.413555636095289e-04
2.190621875766898e-04
3.388910944591716e-04
5.238768740382663e-04
8.118805518149616e-04
1.257067839963632e-03
1.962066282288512e-03
3.118571177017442e-03
5.149690096364724e-03
8.950776010552336e-03
1.689573828218599e-02
3.586904804366105e-02
8.650530425735806e-02
2.249221430627551e-01
5.383179412083742e-01
8.798935163155556e-01
9.598018461598407e-01
1.000000000000000e+00
1.000000000000000e+00
1.000000000000000e+00
1.000000000000000e+00
1.000000000000000e+00
1.000000000000000e+00
1.000000000000000e+00
1.000000000000000e+00
1.000000000000000e+00
1.000000000000000e+00
1.000000000000000e+00
###8.000000000000000e-01
2.332895413474600e-08
-3.564407509068667e-09
-4.663764028830901e-10
-3.731580532819201e-10
2.710991621148209e-09
-1.255816045836967e-09
-1.278212035367607e-09
7.446214561479394e-11
5.342992597673616e-10
2.284830805643980e-11
1.248489971727159e-09
9.597236954561619e-10
1.886822738930343e-11
-6.206121728270724e-10
5.436293455811835e-10
1.008929207265854e-10
-3.839942023123520e-10
-2.170929802529196e-10
6.185589335770207e-10
1.176923391664484e-11
-2.989869113191656e-10
6.589545775251431e-10
1.391625314166645e-10
2.364658615712805e-10
2.848842704080817e-10
2.341747905241055e-11
2.465104650538506e-10
3.071066212604201e-10
3.958485597916425e-10
5.647303748899386e-10
6.556554039420081e-10
1.200301936661708e-09
1.314820147925689e-09
1.666635341218974e-09
2.281352050060891e-09
2.389168899487468e-09
3.356372108142320e-09
5.048272350742077e-09
6.866855602733967e-09
8.239036479289907e-09
1.125510689190100e-08
1.471226603891746e-08
1.947937474400472e-08
2.512141254094727e-08
3.255717500425190e-08
4.132376898023377e-08
5.399293384975616e-08
6.976157586110874e-08
8.824972895899866e-08
1.124539324828137e-07
1.431154532553221e-07
1.807568793090575e-07
2.272791995774442e-07
2.831310486136011e-07
3.512441909973218e-07
4.360179660625940e-07
5.414895268571612e-07
6.732252815625625e-07
8.481191491641383e-07
1.075050903316547e-06
1.365018628392152e-06
1.897515049299327e-06
2.729061276757863e-06
4.069179785668195e-06
6.315741826289016e-06
1.051647743417515e-05
1.752040286042851e-05
2.913391352285330e-05
4.909811320513285e-05
8.117367938099653e-05
1.320701773724929e-04
2.108673737791946e-04
3.319474907321751e-04
5.160657133449786e-04
7.944939572528393e-04
1.215226157960760e-03
1.851621940160755e-03
2.804919577313237e-03
4.249842159920880e-03
6.531121947085086e-03
1.033088351995216e-02
1.686120740567728e-02
2.888107568113243e-02
5.354290684254420e-02
1.099502911132996e-01
2.452363742390226e-01
5.239527961417770e-01
8.243427547580863e-01
9.231637232599185e-01
1.000000000000000e+00
1.000000000000000e+00
1.000000000000000e+00
1.000000000000000e+00
1.000000000000000e+00
1.000000000000000e+00
1.000000000000000e+00
1.000000000000000e+00
1.000000000000000e+00
1.000000000000000e+00
1.000000000000000e+00
###1.200000000000000e+00
2.325212313672659e-08
-4.404962283391072e-09
1.423770571209602e-07
2.139998731601417e-08
2.432235698659648e-08
-2.135091724314466e-10
2.229834828802307e-09
2.173128008368121e-09
4.665391637369896e-09
1.293497475431584e-09
1.885528235241370e-09
3.385052850998064e-09
2.851973903921401e-10
7.423568831566896e-10
1.914682078512837e-09
4.045605430164085e-10
6.191376099817963e-10
9.499545098870419e-10
1.151777007056271e-09
1.375312836559755e-09
6.449645450860191e-10
1.384897590402967e-09
1.788137701707495e-09
1.449218315337535e-09
4.077561335610980e-10
1.264570126113696e-09
1.360239959238122e-09
1.298350637487270e-09
1.761825995852799e-09
2.457766356880451e-09
2.775491566401304e-09
3.011611875218224e-09
3.972973677981831e-09
4.180049078162337e-09
5.561583763277562e-09
6.941473069156710e-09
8.757192402087680e-09
1.101126699741264e-08
1.534629791842007e-08
1.917669288379253e-08
2.392604457060770e-08
3.194028488985209e-08
4.085540867617270e-08
5.284448406122499e-08
6.596297652536266e-08
8.368569810334158e-08
1.048869807199677e-07
1.320270591685381e-07
1.633598277074136e-07
2.004885058106840e-07
2.462294155152153e-07
2.944301928575170e-07
3.490903665704216e-07
4.054409375689287e-07
4.529457160228184e-07
4.969978055492031e-07
5.154060359828704e-07
4.896668594951766e-07
4.467768398990717e-07
3.391497767836530e-07
1.549082265960568e-07
4.663252315733468e-08
1.053230566537764e-07
7.383339404688234e-07
2.693087358212803e-06
7.350794403078468e-06
1.697979933582828e-05
3.509680413154659e-05
6.803174001057651e-05
1.211211576811744e-04
2.148567031003101e-04
3.558238899369687e-04
5.697456076565789e-04
8.922500283757935e-04
1.370072714917483e-03
2.078941655836953e-03
3.125669790374597e-03
4.657849271448354e-03
6.903959574728464e-03
1.035836605888994e-02
1.593760638508667e-02
2.510702024327790e-02
4.084131008719397e-02
7.034937557569559e-02
1.311323078648583e-01
2.625663383539323e-01
5.120655125286071e-01
7.784769662300366e-01
8.903387932894585e-01
1.000000000000000e+00
1.000000000000000e+00
1.000000000000000e+00
1.000000000000000e+00
1.000000000000000e+00
1.000000000000000e+00
1.000000000000000e+00
1.000000000000000e+00
1.000000000000000e+00
1.000000000000000e+00
1.000000000000000e+00
###1.600000000000000e+00
5.442334698833776e-08
-9.012809693326332e-09
1.532161462510456e-07
1.831968682881302e-08
3.101368057117547e-08
4.461247686560487e-09
2.864486039530692e-09
3.751689969437215e-08
1.421898010825553e-08
9.386572340147205e-09
1.761449802843108e-09
3.760971106305594e-09
1.289895241544564e-09
4.037497597146010e-09
6.401931079824719e-09
3.071459874439897e-09
1.360875598044735e-08
4.463136154370533e-09
4.311648816531501e-09
4.429585651268652e-09
3.712298378364281e-09
4.899899509237077e-09
7.035832344730930e-09
4.288042406411273e-09
4.403072384417500e-09
6.238601005040583e-09
5.136796437483694e-09
3.709851620422884e-09
5.676048870822623e-09
6.393724123666908e-09
7.522468533335618e-09
7.717943592530410e-09
1.154992961175531e-08
1.197974817629403e-08
1.382459647248053e-08
1.519361594246961e-08
1.846742869928681e-08
2.414668933498022e-08
3.112471680624125e-08
3.806826952642719e-08
4.692671122348063e-08
6.166210093974136e-08
7.783168881545801e-08
9.645818244514431e-08
1.193369616508825e-07
1.467369790541649e-07
1.825878471484155e-07
2.265933590498559e-07
2.704348989380484e-07
3.222678750511221e-07
3.786769353977962e-07
4.323150021152112e-07
4.753625997562716e-07
4.979944559754299e-07
4.691999103896458e-07
4.048163493209595e-07
2.111059130031246e-07
-2.222472342166478e-07
-8.411310801163414e-07
-1.835359251870116e-06
-3.237579608681734e-06
-4.991901256581094e-06
-7.020388890061788e-06
-8.609406800001698e-06
-8.569239392959380e-06
-4.686475101877978e-06
1.015273510394644e-05
3.346731371296383e-05
7.840300437070835e-05
1.614505748000682e-04
3.050251974484625e-04
5.243269936069870e-04
8.557845201797443e-04
1.347938371876934e-03
2.068235224117350e-03
3.117960829295022e-03
4.641781021297814e-03
6.815500135537628e-03
9.934413986112145e-03
1.460995057487050e-02
2.198677141617244e-02
3.373272437372628e-02
5.285554917046929e-02
8.652863326312631e-02
1.505993357113184e-01
2.777906948939544e-01
5.025717301546909e-01
7.407718664804266e-01
8.613826422447803e-01
1.000000000000000e+00
1.000000000000000e+00
1.000000000000000e+00
1.000000000000000e+00
1.000000000000000e+00
1.000000000000000e+00
1.000000000000000e+00
1.000000000000000e+00
1.000000000000000e+00
1.000000000000000e+00
1.000000000000000e+00
###2.000000000000000e+00
4.869163452892710e-08
2.589107604239868e-08
1.448597417718141e-07
1.436381758970751e-08
2.616777666086061e-08
2.913443939787484e-08
1.256889417832960e-08
4.364408048906062e-08
-1.141658481911210e-08
2.629907709565087e-08
1.082353699118872e-08
1.440944982533506e-08
6.220886666181482e-09
1.421836228124480e-08
9.370863939478887e-09
1.204146788783862e-08
1.900532034263045e-08
1.169560581804291e-08
7.956424432333400e-09
1.012584204236295e-08
8.357576114736224e-09
1.314908745916744e-08
1.424540454645203e-08
1.116491637116453e-08
1.044342380538577e-08
1.279225612332898e-08
1.256020272503091e-08
1.095635001748479e-08
1.429829265911998e-08
1.196894062058666e-08
1.657413451452201e-08
1.782488526027134e-08
2.244216535034641e-08
2.348944714525268e-08
2.774277794252122e-08
2.966400379227043e-08
3.639445562135160e-08
4.580623561442591e-08
5.497068539552461e-08
6.900907273085432e-08
8.418435359376767e-08
1.028737181602363e-07
1.310251260933980e-07
1.615448781389355e-07
1.973361991857989e-07
2.405731828082081e-07
2.954761594683755e-07
3.574143356387055e-07
4.163221358803148e-07
4.809987524338588e-07
5.519463461502548e-07
5.971599505319644e-07
6.178144862320768e-07
5.755327648221192e-07
4.619760428821768e-07
1.985529524560503e-07
-4.137888570800876e-07
-1.522832777712938e-06
-3.190115234717399e-06
-5.550300556366654e-06
-9.021755376566883e-06
-1.352547673103262e-05
-1.918756692521332e-05
-2.476740972642836e-05
-2.865031201050867e-05
-2.698823118123243e-05
-6.395593571398239e-06
3.592041702128473e-05
8.692080741383924e-05
2.022439072290058e-04
4.047496962978168e-04
7.189186219369753e-04
1.191900604426071e-03
1.887356173331613e-03
2.892163043624577e-03
4.336527280139703e-03
6.393646786176410e-03
9.279306762981334e-03
1.333032536090708e-02
1.927747576856999e-02
2.847952671517020e-02
4.272017373547961e-02
6.500289231959093e-02
1.022748864561047e-01
1.688040748956369e-01
2.916048920406527e-01
4.954696241860554e-01
7.102818819025415e-01
8.366368882827067e-01
1.000000000000000e+00
1.000000000000000e+00
1.000000000000000e+00
1.000000000000000e+00
1.000000000000000e+00
1.000000000000000e+00
1.000000000000000e+00
1.000000000000000e+00
1.000000000000000e+00
1.000000000000000e+00
1.000000000000000e+00
###2.400000000000000e+00
5.634808788976812e-08
4.188970714191689e-09
1.443229446209098e-07
6.676180389979291e-08
8.337525581631329e-08
3.662754565734903e-08
2.373396307436675e-08
8.252496626333266e-08
-7.030183572245016e-09
4.026578426866361e-08
2.895911022895528e-08
2.912067347221459e-08
3.089983260672719e-08
3.572768142995002e-09
2.018429237788411e-08
2.542680089106649e-08
2.917471364760134e-08
2.207662435048873e-08
1.892528213776431e-08
2.513388307425469e-08
1.858097151666307e-08
2.793433337561890e-08
2.639920051110109e-08
2.628712905574954e-08
2.602185162775254e-08
3.457186785346168e-08
2.763895106456352e-08
2.572825519597390e-08
2.952522054651344e-08
3.010580176956816e-08
2.941996717471200e-08
3.845883342884600e-08
4.327078857489179e-08
5.488611498282087e-08
5.380220002537698e-08
5.762602218926903e-08
8.029770543754332e-08
8.174700768876643e-08
9.476155660435711e-08
1.127258167619192e-07
1.402447175661752e-07
1.691114127344728e-07
2.102191720295922e-07
2.515879028835789e-07
3.069547083955186e-07
3.722847205128455e-07
4.476710975493113e-07
5.274334488152802e-07
6.167258057214442e-07
6.940755386906293e-07
7.757705571098795e-07
8.452085684632851e-07
7.924243977501290e-07
7.050832173140772e-07
4.682901276758103e-07
-1.617098414610277e-07
-1.374607341314772e-06
-3.381708114265678e-06
-6.432325598211320e-06
-1.073072921044153e-05
-1.701540632395089e-05
-2.520291447244755e-05
-3.610044719698555e-05
-4.708889668901271e-05
-5.619433672974946e-05
-5.781495888674837e-05
-3.149804589906150e-05
5.887627378505937e-05
1.231123008242433e-04
2.515236990535955e-04
5.224990282815066e-04
9.459015697359946e-04
1.585413428415515e-03
2.513112805565619e-03
3.839470906753113e-03
5.724863691871864e-03
8.371768259584723e-03
1.202621808359325e-02
1.707433366188814e-02
2.434873464837353e-02
3.539448230221864e-02
5.208661582190677e-02
7.730163735473802e-02
1.177571508850289e-01
1.860278700598563e-01
3.045451027887576e-01
4.906509174566153e-01
6.859178416874827e-01
8.157809455788398e-01
1.000000000000000e+00
1.000000000000000e+00
1.000000000000000e+00
1.000000000000000e+00
1.000000000000000e+00
1.000000000000000e+00
1.000000000000000e+00
1.000000000000000e+00
1.000000000000000e+00
1.000000000000000e+00
1.000000000000000e+00
###2.800000000000000e+00
6.358693539118507e-08
7.529247073260464e-09
1.380976115040937e-07
8.533449299209502e-08
8.252138419843106e-08
-1.113565898707349e-07
2.443990331129782e-08
9.958591144799429e-08
2.880468281925478e-08
4.529986551184583e-08
4.428286311274312e-08
4.725565551893528e-08
4.539997976947246e-08
1.744172264958174e-08
6.232456687481740e-08
5.903476400668441e-08
3.114703004958434e-08
4.644306373457900e-08
3.947217315753349e-08
4.492594930789946e-08
3.621358773017533e-08
4.900180997365881e-08
5.116511681068670e-08
4.659414630818314e-08
4.800205248583754e-08
5.407832251125966e-08
5.057263419481744e-08
4.971940781256894e-08
5.067416394675508e-08
5.173334709555769e-08
5.168609916716672e-08
6.821791654048631e-08
7.186181560313507e-08
7.889225128723016e-08
8.559343611059268e-08
9.483199093439392e-08
1.190620898453667e-07
1.328763395896767e-07
1.455944520344560e-07
1.731893349701130e-07
2.102060401195366e-07
2.522638654037206e-07
3.096670090255065e-07
3.682524586463549e-07
4.488811660752181e-07
5.375890342106071e-07
6.259709847965019e-07
7.544528154689736e-07
8.700642929685443e-07
9.708143436510163e-07
1.066655979708989e-06
1.124433398911404e-06
1.045320159616141e-06
9.816248951641787e-07
6.705816645134336e-07
-6.012551702521704e-07
-2.555659547791279e-06
-5.605847260640119e-06
-1.033462587130825e-05
-1.708973858171817e-05
-2.676381396399454e-05
-3.939536243711240e-05
-5.618141744334692e-05
-7.400603907844448e-05
-8.926909920500325e-05
-9.366024312587899e-05
-5.814067071219100e-05
1.102995503426634e-04
1.827592908051922e-04
3.169481955167926e-04
6.616281188967462e-04
1.206076030916107e-03
2.035143976421452e-03
3.223702115314521e-03
4.908507278088368e-03
7.284660259942731e-03
1.057650589869221e-02
1.506371757706393e-02
2.114542443711273e-02
2.977563384998549e-02
4.267498319421130e-02
6.174732168526561e-02
8.969886765442933e-02
1.329575033613449e-01
2.026050030267362e-01
3.169944146465481e-01
4.879943716815596e-01
6.669678779850995e-01
7.988032403651516e-01
1.000000000000000e+00
1.000000000000000e+00
1.000000000000000e+00
1.000000000000000e+00
1.000000000000000e+00
1.000000000000000e+00
1.000000000000000e+00
1.000000000000000e+00
1.000000000000000e+00
1.000000000000000e+00
1.000000000000000e+00
###3.200000000000000e+00
8.776731085240711e-08
1.036509364530228e-08
1.971459389768474e-07
1.164640826119770e-07
6.668055992193229e-08
-1.244808187730608e-07
4.673351068223392e-08
1.275520515878550e-07
1.009521620381417e-07
6.508299038238470e-08
6.214360402721008e-08
8.761166093326716e-08
3.345419445915796e-08
3.571018378425429e-08
8.156138670802416e-08
8.080416175944016e-08
4.717747392313934e-08
7.193389126552036e-08
6.146632314385359e-08
6.374715709909809e-08
5.636050635683192e-08
6.746882001376717e-08
6.761587941770674e-08
6.672799981670889e-08
7.154006613091292e-08
7.576042876754648e-08
7.291521503585504e-08
7.204853151069785e-08
7.472344166336620e-08
6.649352035431627e-08
8.150432350118457e-08
9.572558160820831e-08
1.024548491826327e-07
1.141697260687408e-07
1.193294547411758e-07
1.333796343711461e-07
1.629216449632961e-07
1.880849751204856e-07
2.085565800800342e-07
2.453006870135179e-07
2.946615866048584e-07
3.533908273215323e-07
4.279302309225946e-07
5.086642718205956e-07
6.155855681209072e-07
7.314451882299604e-07
8.598908708652735e-07
1.027586860552037e-06
1.167859482918129e-06
1.310989178350257e-06
1.429030970811441e-06
1.491568595073102e-06
1.408929791718552e-06
1.461885456534344e-06
1.149145591858174e-06
-8.955461133163522e-07
-3.678336503973344e-06
-7.876286990519711e-06
-1.450905892572977e-05
-2.377460913903622e-05
-3.708504158404949e-05
-5.461383143753956e-05
-7.729684743630136e-05
-1.016681272271605e-04
-1.219507985985784e-04
-1.247747556624726e-04
-6.580985059184929e-05
2.600768062624900e-04
3.253287164510453e-04
4.250471924680538e-04
8.456701740299981e-04
1.523130009915312e-03
2.556712935718480e-03
4.033940722060209e-03
6.111706983629229e-03
9.008017560577321e-03
1.298211196832850e-02
1.834446690310548e-02
2.551402621417860e-02
3.555337878639701e-02
5.030616402817710e-02
7.170331875961870e-02
1.022921655561994e-01
1.479903971105896e-01
2.186193180880470e-01
3.291072254913259e-01
4.874007213250047e-01
6.526181289283901e-01
7.852436537768632e-01
1.000000000000000e+00
1.000000000000000e+00
1.000000000000000e+00
1.000000000000000e+00
1.000000000000000e+00
1.000000000000000e+00
1.000000000000000e+00
1.000000000000000e+00
1.000000000000000e+00
1.000000000000000e+00
1.000000000000000e+00
###3.600000000000000e+00
7.799271555509702e-08
1.282751169213377e-08
1.933022392360902e-07
1.274522425334238e-07
8.500363552794833e-08
-1.168978577303480e-09
1.096160786453775e-07
1.440074220247784e-07
1.105757432636608e-07
9.820518144223592e-08
1.127131735492903e-07
9.385894627538592e-08
7.158502394583235e-08
5.499991227227435e-08
9.747008756663108e-08
1.000788529019957e-07
6.903523011379649e-08
9.509339999563665e-08
8.189014563677937e-08
7.743047510276907e-08
7.626978994502739e-08
9.275074384521601e-08
9.629399062857254e-08
4.671755119305097e-08
1.113029989015942e-07
9.736429710956341e-08
1.033831409591739e-07
9.501584500774129e-08
9.963787744273805e-08
9.383577532562440e-08
1.054645650784339e-07
1.288924642550982e-07
1.363143374838229e-07
1.514474407752719e-07
1.682730972212780e-07
1.832454790530753e-07
2.143335190197134e-07
2.496510870891591e-07
2.785197570674284e-07
3.329953695081995e-07
3.969744823103546e-07
4.711321705160619e-07
5.691441738338165e-07
6.780106916346522e-07
8.189999768671886e-07
9.772164226678370e-07
1.154346771471870e-06
1.371950645255175e-06
1.575560270183141e-06
1.775416240023851e-06
1.954255098124400e-06
2.083645857690118e-06
2.089678003740282e-06
2.530202555322659e-06
2.533362504810060e-06
-4.800256416183784e-07
-3.997468316945391e-06
-9.124507370980300e-06
-1.724823163090792e-05
-2.867092506024050e-05
-4.483512015118523e-05
-6.579486789267930e-05
-9.232134913079545e-05
-1.194364219223153e-04
-1.372677627928459e-04
-1.273788471299632e-04
3.939037012153067e-06
7.188400831081637e-04
7.199254836641885e-04
6.561132973408623e-04
1.134165915641033e-03
1.947890568613182e-03
3.196232894627336e-03
4.981317063294577e-03
7.476241178692190e-03
1.092647882650660e-02
1.562680272048029e-02
2.190124173319473e-02
3.020598114681505e-02
4.167314739682701e-02
5.829507818480024e-02
8.193531760102184e-02
1.149486262092923e-01
1.628671554250405e-01
2.342751619074551e-01
3.410949140320714e-01
4.884935350272347e-01
6.421562011042512e-01
7.749297974867330e-01
1.000000000000000e+00
1.000000000000000e+00
1.000000000000000e+00
1.000000000000000e+00
1.000000000000000e+00
1.000000000000000e+00
1.000000000000000e+00
1.000000000000000e+00
1.000000000000000e+00
1.000000000000000e+00
1.000000000000000e+00
###4.000000000000000e+00
-2.398557317459017e-07
4.750621558235230e-08
2.837622769822831e-07
1.602144886172190e-07
5.638531201568785e-07
-3.244838486197790e-09
7.733657038419366e-08
1.727173658356022e-07
1.449701661481802e-07
1.167690984283491e-07
1.572219847479070e-07
1.152031041395009e-07
8.565265488013300e-08
7.483929186420057e-08
1.169752938345713e-07
1.234456347293021e-07
1.046473094337565e-07
1.180407191787260e-07
1.112545933446067e-07
1.109953723794672e-07
1.106375363923325e-07
1.513349786520909e-07
1.323194990022149e-07
8.301252025942914e-08
1.426371671515104e-07
1.303278707733752e-07
1.549884038270493e-07
1.348797723425325e-07
1.381480021005252e-07
1.329284865076258e-07
1.458146040243304e-07
1.714768574443950e-07
1.808888430824324e-07
2.054282155176652e-07
2.241263840884555e-07
2.443113704460804e-07
2.874123612118330e-07
3.252101996136771e-07
3.703552839513502e-07
4.349696436580895e-07
5.148039492111513e-07
6.130374143807527e-07
7.328725493833904e-07
8.693472315745465e-07
1.044147944772516e-06
1.241663991237715e-06
1.464320551637053e-06
1.728344255534874e-06
1.978979862958514e-06
2.241413595737508e-06
2.476876137858684e-06
2.662505947400830e-06
2.754744560433051e-06
3.890051110263835e-06
4.457314015079541e-06
-3.570812366943124e-07
-5.135084915259156e-06
-1.178178629788362e-05
-2.216746329054762e-05
-3.688968277024118e-05
-5.744581397513105e-05
-8.421280305753993e-05
-1.179239846981838e-04
-1.525750755617886e-04
-1.758278553644035e-04
-1.619778281851646e-04
1.502248336418153e-05
7.160097437109773e-04
7.483667812660604e-04
7.717541023700491e-04
1.351148411326867e-03
2.337118745731418e-03
3.824735426732332e-03
5.941799296374862e-03
8.884441872866291e-03
1.291615285842856e-02
1.837951361262086e-02
2.559335125744779e-02
3.506126473054805e-02
4.797802473963729e-02
6.643643549943515e-02
9.225529604280940e-02
1.275682914648403e-01
1.774806923380702e-01
2.494612568826339e-01
3.530049160113731e-01
4.910661271806864e-01
6.348569797347414e-01
7.669145242573100e-01
1.000000000000000e+00
1.000000000000000e+00
1.000000000000000e+00
1.000000000000000e+00
1.000000000000000e+00
1.000000000000000e+00
1.000000000000000e+00
1.000000000000000e+00
1.000000000000000e+00
1.000000000000000e+00
1.000000000000000e+00
###4.399999999999999e+00
-3.193278420983583e-07
4.998790665621035e-08
2.817602369991896e-07
1.834403813645782e-07
5.137502444198533e-07
9.022996508291784e-09
1.201343053701208e-07
2.129943076740210e-07
2.307764254593687e-07
1.153187870751440e-07
1.570269034479358e-07
1.102596565088797e-07
1.291039582435471e-07
8.853121484948714e-08
1.330539826796194e-07
1.439507174859366e-07
1.221461471330475e-07
1.355672824006276e-07
1.358727775223192e-07
1.431089688925946e-07
1.374180420549864e-07
1.723041738851545e-07
1.564517987230349e-07
1.096017278989989e-07
1.704379581329584e-07
1.599322439727429e-07
1.816872285351282e-07
1.625740071219213e-07
1.760068380133283e-07
1.718432661034887e-07
1.841016106347579e-07
2.073752320924997e-07
2.188757403140348e-07
2.562929941210506e-07
2.834764415193669e-07
3.058549029459304e-07
3.533523652153440e-07
4.072687268845326e-07
4.668816630241712e-07
5.584251293237562e-07
6.369332005529403e-07
7.579795804056121e-07
9.066727641431363e-07
1.075415923949881e-06
1.284449537082590e-06
1.524881006787195e-06
1.790288662950873e-06
2.106571600255241e-06
2.404724399247994e-06
2.743755187740714e-06
3.041623207655464e-06
3.302583375573498e-06
3.505329035177232e-06
5.318995743105582e-06
6.478616399597147e-06
-1.726512019272823e-08
-6.126193575992126e-06
-1.445054579789255e-05
-2.711561348622448e-05
-4.519690950081847e-05
-7.028468930259164e-05
-1.027896689468061e-04
-1.437698515716826e-04
-1.852686735968128e-04
-2.124733604042742e-04
-1.890996298015585e-04
7.496698063762876e-05
7.055530599239992e-04
7.460593629088591e-04
8.925972635766546e-04
1.589497935558092e-03
2.758848383799974e-03
4.502484025109063e-03
6.971347330638891e-03
1.038187433220293e-02
1.502892671130549e-02
2.126121541378214e-02
2.945761318433655e-02
4.011890420002993e-02
5.449675676454269e-02
7.477114866853396e-02
1.026939765026698e-01
1.401547068195846e-01
1.918801656325180e-01
2.643244423705551e-01
3.647824713821162e-01
4.948101438975204e-01
6.302354353885823e-01
7.608650131345877e-01
1.000000000000000e+00
1.000000000000000e+00
1.000000000000000e+00
1.000000000000000e+00
1.000000000000000e+00
1.000000000000000e+00
1.000000000000000e+00
1.000000000000000e+00
1.000000000000000e+00
1.000000000000000e+00
1.000000000000000e+00
###4.800000000000000e+00
-2.951697448491513e-07
4.344864663336610e-08
2.689209519034134e-07
1.821206663821056e-07
5.087604203621831e-07
1.986073074284329e-08
1.281600388868402e-07
2.172116644956073e-07
2.235320848942237e-07
1.373961124360661e-07
1.808577303805488e-07
9.467796547931548e-08
1.286009567803434e-07
1.255167561038058e-07
1.355897067010432e-07
1.682353907079083e-07
1.325883081919261e-07
1.518856470755129e-07
1.417963835467264e-07
1.608404198328211e-07
2.481497925339790e-07
1.951256237369808e-07
1.784855247849416e-07
1.370341039518966e-07
2.014676120619779e-07
1.843370874296326e-07
2.092655107138657e-07
1.933310574667818e-07
2.104564131561004e-07
2.046962719344884e-07
2.234766503515600e-07
2.430256051015622e-07
2.668889378435970e-07
2.991414743744201e-07
3.354378369806231e-07
3.649322580671788e-07
4.207755922851710e-07
4.865978351726687e-07
5.598558245735263e-07
6.646114147540909e-07
7.659414499442095e-07
9.129290489776248e-07
1.086253049307757e-06
1.287605127792984e-06
1.538561407826380e-06
1.826403217127945e-06
2.146829922561528e-06
2.523140428853878e-06
2.884006650714555e-06
3.292121368562060e-06
3.657686410385132e-06
3.964001669530677e-06
4.236747652958995e-06
5.915224157018918e-06
7.037977090516145e-06
8.473040074937816e-07
-6.438437868749211e-06
-1.604698117296727e-05
-3.049321874535610e-05
-5.103928763850164e-05
-8.052319748305769e-05
-1.155746332488995e-04
-1.602476587281617e-04
-2.026742817498418e-04
-2.214003390251107e-04
-1.576182968576340e-04
3.649976272794113e-04
9.114395880102286e-04
8.490664014514491e-04
1.094837566501135e-03
1.906716900673512e-03
3.265707188283967e-03
5.277760681516192e-03
8.118387733055758e-03
1.200917260602115e-02
1.728605153706862e-02
2.431488989827084e-02
3.350608991755256e-02
4.536738195040402e-02
6.121038546023994e-02
8.323656119579481e-02
1.132045154387100e-01
1.527321427417952e-01
2.060981225961093e-01
2.788554825256102e-01
3.765663603069204e-01
4.996049793713865e-01
6.277606315364310e-01
7.568640069700677e-01
1.000000000000000e+00
1.000000000000000e+00
1.000000000000000e+00
1.000000000000000e+00
1.000000000000000e+00
1.000000000000000e+00
1.000000000000000e+00
1.000000000000000e+00
1.000000000000000e+00
1.000000000000000e+00
1.000000000000000e+00
###5.200000000000000e+00
-1.975587770692402e-07
6.741300450246951e-08
3.228890779668306e-07
2.572375297839873e-07
5.586589478323027e-07
9.835888255753835e-08
1.424313828792704e-07
2.673133274234735e-07
2.309387488193148e-07
2.075200089252800e-07
1.868707198942348e-07
1.036011033713238e-07
1.508433199602478e-07
3.935023893002753e-07
1.635964231588319e-07
2.043856172212423e-07
1.619314157460938e-07
2.044226093595629e-07
1.802744063075658e-07
1.825301470482979e-07
2.726851470917775e-07
2.190934256490826e-07
2.040716887471433e-07
1.686974044761763e-07
2.301347700198207e-07
2.179433189528402e-07
2.420327760534329e-07
2.301894846502882e-07
2.467227345242897e-07
2.472609381834629e-07
2.668677615299515e-07
2.903357577492466e-07
3.210506353914415e-07
3.547399447209292e-07
3.963755809356822e-07
4.379211361963721e-07
4.993799709587913e-07
5.818562363585732e-07
6.703896276107483e-07
7.887379463315070e-07
9.210690600228825e-07
1.091957540734095e-06
1.301495467500551e-06
1.548206000007966e-06
1.849709074940602e-06
2.201855647544161e-06
2.599740649897668e-06
3.061746752563973e-06
3.512878923596849e-06
4.067989421094248e-06
4.581661104222444e-06
5.062805148747899e-06
5.589987968291563e-06
7.342871023165742e-06
8.529163775644924e-06
4.954609251560116e-06
-4.007056096919776e-06
-1.422192500800094e-05
-2.920966079697456e-05
-5.022846378197435e-05
-7.990101410959588e-05
-1.139769692113679e-04
-1.545516354573553e-04
-1.840631126607010e-04
-1.665182953506039e-04
1.279638259595138e-05
1.091633858376902e-03
1.477164840176027e-03
1.144876829896658e-03
1.447905936259268e-03
2.366822964419026e-03
3.916361660037010e-03
6.201748012684216e-03
9.417695993011529e-03
1.381241262964557e-02
1.973718905725721e-02
2.758751050821187e-02
3.777055706058528e-02
5.085633507142714e-02
6.814177667769340e-02
9.192016357175517e-02
1.237981580306345e-01
1.652853821254100e-01
2.201581184257679e-01
2.931219378469700e-01
3.882768693392274e-01
5.051997149120492e-01
6.271747734883915e-01
7.542294455321363e-01
1.000000000000000e+00
1.000000000000000e+00
1.000000000000000e+00
1.000000000000000e+00
1.000000000000000e+00
1.000000000000000e+00
1.000000000000000e+00
1.000000000000000e+00
1.000000000000000e+00
1.000000000000000e+00
1.000000000000000e+00
###5.600000000000001e+00
-2.428875085396375e-07
-6.263030603234322e-08
3.005168670381052e-07
2.016334839587631e-07
5.597688644113892e-07
1.173646091861964e-07
1.560018678750091e-07
2.785038617506564e-07
2.476999888079888e-07
1.983818717755764e-07
2.421050294186876e-07
1.215579868210252e-07
1.784401287436081e-07
4.023238917099085e-07
1.882808756875545e-07
2.265452939435604e-07
1.885544603262280e-07
2.377760610695060e-07
2.213547809034462e-07
2.092299816301793e-07
3.027225991166937e-07
2.504216496911673e-07
2.383386728417157e-07
2.096596351318790e-07
2.645598352181135e-07
2.578523683656033e-07
2.751386991553862e-07
2.722539929373946e-07
2.906390474988401e-07
2.943528510001724e-07
3.204156561920426e-07
3.453692335266141e-07
3.814304100887386e-07
4.197232794519968e-07
4.690946715726855e-07
5.174901619580039e-07
5.855309974458065e-07
6.780071544448507e-07
7.822964345611978e-07
9.233371918262342e-07
1.082131588883449e-06
1.279108271421431e-06
1.521764356325893e-06
1.810004387742131e-06
2.162329120924574e-06
2.575767078326458e-06
3.046182749928067e-06
3.589992095100300e-06
4.134321647119640e-06
4.800965135224976e-06
5.454869530505515e-06
6.072765635243266e-06
6.852845641411079e-06
8.780064767031213e-06
1.216320784821771e-05
1.077142069683989e-05
-1.966608045343157e-06
-1.383742627801973e-05
-3.054694838777954e-05
-5.364587646683425e-05
-8.557964840508322e-05
-1.218569360512060e-04
-1.627264800451780e-04
-1.860583668916361e-04
-1.420912183996206e-04
2.009439860271009e-04
1.157435255892822e-03
1.432254573078669e-03
1.260364942617290e-03
1.678923771894692e-03
2.748978252076427e-03
4.511381310385448e-03
7.093149970424193e-03
1.070743672871105e-02
1.561986914782827e-02
2.221248146903149e-02
3.088760823838897e-02
4.208987275825796e-02
5.638763640150943e-02
7.514087531524738e-02
1.005948866843466e-01
1.343581373818377e-01
1.776807939994121e-01
2.339071119009551e-01
3.068584713790591e-01
3.998864459740896e-01
5.115522379285692e-01
6.278395991390534e-01
7.528808059944070e-01
1.000000000000000e+00
1.000000000000000e+00
1.000000000000000e+00
1.000000000000000e+00
1.000000000000000e+00
1.000000000000000e+00
1.000000000000000e+00
1.000000000000000e+00
1.000000000000000e+00
1.000000000000000e+00
1.000000000000000e+00
###6.000000000000001e+00
-1.706407118230459e-07
2.970371593357807e-08
3.281118732472756e-07
2.366288185744207e-07
5.639654277429222e-07
1.653229945480562e-07
1.867508601182669e-07
2.924883635220085e-07
2.660050808177354e-07
1.989784944216139e-07
2.608419927298783e-07
1.357162281497713e-07
2.009155004111690e-07
4.070540995966167e-07
2.187613199835863e-07
2.465439588030136e-07
2.162090488190236e-07
2.812594161690465e-07
2.452276879022931e-07
2.417030453072820e-07
3.230026563831508e-07
2.684784269073716e-07
2.695058224651557e-07
2.437217005611721e-07
3.049334724733094e-07
2.955577275623103e-07
3.157918604758834e-07
3.115641218040270e-07
3.339378731629241e-07
3.387476073116774e-07
3.703994769076494e-07
3.975865736089455e-07
4.391059388016986e-07
4.898759682386236e-07
5.457034118420567e-07
6.101173364688885e-07
6.792360777568336e-07
7.882598559875253e-07
9.080618951599097e-07
1.074526188738777e-06
1.256928456368301e-06
1.492903612727742e-06
1.776722331519465e-06
2.122361107059574e-06
2.532883378385448e-06
3.022685647688313e-06
3.593285978176407e-06
4.252311091876270e-06
4.950075748151733e-06
5.798795032375167e-06
6.660996234895409e-06
7.601008566737970e-06
8.761858144235728e-06
1.114170376964266e-05
1.563939616400287e-05
1.656297327923642e-05
4.427428674927867e-06
-8.220404811271563e-06
-2.441100378966752e-05
-4.591011747885167e-05
-7.451919482979339e-05
-1.039700591344728e-04
-1.295130350962110e-04
-1.160334284446206e-04
3.681864085496075e-05
9.362094070729019e-04
1.697327216646240e-03
1.623540120562302e-03
1.548464103118636e-03
2.062499428479129e-03
3.280904028351211e-03
5.258858598871845e-03
8.142477557902898e-03
1.216436381350989e-02
1.761009027195836e-02
2.487656248034703e-02
3.440831726121471e-02
4.662309396830476e-02
6.212479247899570e-02
8.233895414701652e-02
1.094362982147172e-01
1.449760865383527e-01
1.900253430804172e-01
2.474850026600805e-01
3.205699746211060e-01
4.114372919540528e-01
5.184638981548723e-01
6.296180252113782e-01
7.525584397708848e-01
1.000000000000000e+00
1.000000000000000e+00
1.000000000000000e+00
1.000000000000000e+00
1.000000000000000e+00
1.000000000000000e+00
1.000000000000000e+00
1.000000000000000e+00
1.000000000000000e+00
1.000000000000000e+00
1.000000000000000e+00
###6.400000000000001e+00
-1.727408312264785e-07
1.646419658452877e-08
3.574804635703710e-07
1.951625572678919e-07
6.211045537448964e-07
1.560072149537860e-07
1.875216985881146e-07
3.534985017085274e-07
2.719607142372016e-07
2.167614201557660e-07
2.762012450479814e-07
1.644718292926790e-07
2.185953835605474e-07
4.017712159091539e-07
2.416325171122252e-07
2.557206722115792e-07
2.211323798371226e-07
3.004609631633716e-07
2.719151802818023e-07
2.676926812529291e-07
3.451507075231081e-07
2.998948677960497e-07
2.909093879507246e-07
3.024718954274294e-07
3.416013469519963e-07
3.366100042030179e-07
3.512349213921607e-07
3.522852899512031e-07
3.792754325715942e-07
3.922088023537858e-07
4.276095161091711e-07
4.601349794353376e-07
5.099960650149315e-07
5.626599218442816e-07
6.253739733914981e-07
7.005828175029297e-07
7.809006538548463e-07
9.014234188481552e-07
1.041065414852394e-06
1.228764034852272e-06
1.445835275441800e-06
1.711370910303045e-06
2.038810124948435e-06
2.439086855371259e-06
2.904962453485312e-06
3.474965841760829e-06
4.132384372434234e-06
4.904054460033874e-06
5.743419935886797e-06
6.749836912458362e-06
7.825305202536287e-06
9.054223531083697e-06
1.051931488408191e-05
1.329822332880845e-05
1.810536149471388e-05
2.293147590745065e-05
1.575600740324157e-05
-2.235129075300460e-06
-1.921441096414410e-05
-4.047833888930385e-05
-6.703072933927283e-05
-9.122013254314449e-05
-1.026234193833667e-04
-4.718078665259616e-05
3.373350070714444e-04
1.130413170621969e-03
1.674367087280456e-03
1.693430461802570e-03
1.741320256640313e-03
2.391317926952691e-03
3.775641260629513e-03
5.988133905033560e-03
9.189939678495540e-03
1.363776105943171e-02
1.962424777077634e-02
2.757455240471781e-02
3.796674616549683e-02
5.120370802448752e-02
6.792686279690983e-02
8.956581024818601e-02
1.182991041035451e-01
1.555131365947038e-01
2.021422825388245e-01
2.607117137877014e-01
3.338702558799545e-01
4.229015950614392e-01
5.257626322895136e-01
6.322632644143894e-01
7.529094426528333e-01
1.000000000000000e+00
1.000000000000000e+00
1.000000000000000e+00
1.000000000000000e+00
1.000000000000000e+00
1.000000000000000e+00
1.000000000000000e+00
1.000000000000000e+00
1.000000000000000e+00
1.000000000000000e+00
1.000000000000000e+00
###6.800000000000002e+00
-9.056764178834631e-08
3.175523474448754e-08
3.993132249380770e-07
2.418037207710311e-07
4.023401679093774e-07
1.560846898592943e-07
6.178463807940724e-08
3.608431195147812e-07
2.991218586106550e-07
2.380619339299036e-07
3.505662512644130e-07
1.728040287057108e-07
2.159047746151368e-07
4.264489530505943e-07
2.530372319018359e-07
2.833559505319241e-07
2.460544808823309e-07
3.126543050617188e-07
3.007796653717583e-07
2.969809256096181e-07
3.703457506205120e-07
3.326644855635135e-07
3.321641893916779e-07
3.396038817934570e-07
3.784411273490088e-07
3.818184432127645e-07
3.592523100520882e-07
3.997696350174538e-07
4.282000753048016e-07
4.463613824262254e-07
4.901592197129274e-07
5.245274482649619e-07
5.785943650849389e-07
6.391598832067385e-07
7.102913222422519e-07
7.976001597900545e-07
8.923007311879452e-07
1.031415787310037e-06
1.189447183592038e-06
1.397828749449420e-06
1.642459759134715e-06
1.943411806769055e-06
2.316354151083725e-06
2.771142094730780e-06
3.302286773269609e-06
3.949582164533992e-06
4.699505646771898e-06
5.590221960528706e-06
6.574605224372832e-06
7.751556925369753e-06
9.050370453452297e-06
1.053972743239654e-05
1.234176343093276e-05
1.544108524384158e-05
2.061078602891501e-05
2.664496232350613e-05
2.377200498269917e-05
7.469608555681620e-06
-1.173475320826153e-05
-3.191928628273615e-05
-5.500731788931613e-05
-7.078867704890122e-05
-6.025068952901207e-05
7.774565403112727e-05
5.954945565871101e-04
1.263002167916009e-03
1.692631272084176e-03
1.785868489855125e-03
1.964623824239763e-03
2.755337265570330e-03
4.317999410245127e-03
6.772132776496347e-03
1.030710186529425e-02
1.518593620433294e-02
2.172725045856194e-02
3.038005844265716e-02
4.162482124133866e-02
5.589483059877404e-02
7.384155753285351e-02
9.687713206344378e-02
1.271967770780971e-01
1.660474871741151e-01
2.141454827409533e-01
2.737398908898155e-01
3.469090157948555e-01
4.342128223638455e-01
5.334787849534549e-01
6.355969657094035e-01
7.538839627739314e-01
1.000000000000000e+00
1.000000000000000e+00
1.000000000000000e+00
1.000000000000000e+00
1.000000000000000e+00
1.000000000000000e+00
1.000000000000000e+00
1.000000000000000e+00
1.000000000000000e+00
1.000000000000000e+00
1.000000000000000e+00
###7.200000000000002e+00
-1.286623155623236e-07
2.055646209679149e-08
1.786775011542763e-07
2.721936656110102e-07
3.779295532326167e-07
9.066104521757362e-08
1.074617032207743e-07
3.953831507426119e-07
3.231350133879417e-07
2.410542763458125e-07
3.556509351355569e-07
1.880621907586158e-07
2.301750968985010e-07
4.330142631936346e-07
2.740336180041487e-07
3.099014957386656e-07
2.594986104034507e-07
3.386287089493840e-07
3.282434848796579e-07
3.254221193438029e-07
3.980188748324740e-07
3.720600258638555e-07
3.704816754012605e-07
3.801981871377335e-07
4.225607250322663e-07
4.252479147728306e-07
4.107081562824219e-07
4.523599364573247e-07
4.815225934536905e-07
5.029041540027843e-07
5.559316206085763e-07
5.937425488328018e-07
6.550073938042400e-07
7.184312447418146e-07
8.037109630284295e-07
9.055647851635111e-07
1.014000514217559e-06
1.164786562204908e-06
1.345572548131469e-06
1.572354406006421e-06
1.853907180376761e-06
2.191139294652762e-06
2.613446231875278e-06
3.124988415614894e-06
3.727560129160526e-06
4.457257825509368e-06
5.325025902509781e-06
6.339612171213899e-06
7.472381958875898e-06
8.864832893186974e-06
1.041262917001407e-05
1.222662560426277e-05
1.444727700694390e-05
1.795869128618984e-05
2.368601227087389e-05
3.036407252949340e-05
3.334566623661255e-05
2.429179642222014e-05
2.152622677417414e-07
-1.887900309698676e-05
-3.637662630947107e-05
-3.890313925834131e-05
9.695890321625407e-06
3.140530480018854e-04
7.712892705957920e-04
1.284482231691055e-03
1.715687434978476e-03
1.887836912358684e-03
2.204970915461404e-03
3.144473605035147e-03
4.896046555202920e-03
7.604757795201512e-03
1.147965819649480e-02
1.680433724643636e-02
2.391196383461540e-02
3.327311712844799e-02
4.537724000494230e-02
6.068743985582013e-02
7.985607741457150e-02
1.042913194191257e-01
1.361302241205659e-01
1.765447213372331e-01
2.260518086394559e-01
2.865874240748603e-01
3.597086648935772e-01
4.454330856260915e-01
5.414879310750981e-01
6.395458890802324e-01
7.553998673070589e-01
1.000000000000000e+00
1.000000000000000e+00
1.000000000000000e+00
1.000000000000000e+00
1.000000000000000e+00
1.000000000000000e+00
1.000000000000000e+00
1.000000000000000e+00
1.000000000000000e+00
1.000000000000000e+00
1.000000000000000e+00
###7.600000000000002e+00
7.724985772738174e-08
9.777110615136721e-08
7.382706369441392e-08
2.116485560806757e-07
4.981312071335176e-07
1.017369830478450e-07
1.482270297447100e-07
3.880083218495773e-07
3.331786742836487e-07
2.501428783012687e-07
3.628849542666556e-07
1.983188837741355e-07
2.469668776588510e-07
4.359793839719798e-07
2.858127795264631e-07
3.621855297900244e-07
2.841395698144643e-07
3.612863614414087e-07
3.543064886933027e-07
3.596841202897048e-07
4.232528561208612e-07
4.044716730496997e-07
4.334878400113176e-07
4.189354879139195e-07
4.599735221166139e-07
4.693078449012391e-07
4.615331471220112e-07
5.018580007830416e-07
5.353672491852064e-07
5.686802523908371e-07
6.176877196595368e-07
6.619129644426270e-07
7.287663772062375e-07
8.028033394824053e-07
8.938572002114466e-07
1.013674032881156e-06
1.136293778677201e-06
1.301597123527006e-06
1.504442337503984e-06
1.756295596449370e-06
2.069099252432914e-06
2.437382659295215e-06
2.909974819227221e-06
3.475609528017895e-06
4.146611605668089e-06
4.951130515967243e-06
5.923552292870097e-06
7.059889385403989e-06
8.332887524245390e-06
9.899829457289133e-06
1.166134635021502e-05
1.373396119220073e-05
1.626372718485088e-05
2.006430842720072e-05
2.593667084249880e-05
3.288003862612799e-05
3.655015726303187e-05
3.270191581986959e-05
1.546643983692084e-05
-5.878375923143647e-06
-1.821162638697751e-05
-4.796969585379951e-06
1.223820836910459e-04
4.035000356221634e-04
7.870230389247874e-04
1.284536989956937e-03
1.725436230460204e-03
1.993500347113839e-03
2.450925204274962e-03
3.549375230397700e-03
5.499839576176111e-03
8.472051591306057e-03
1.269660309250143e-02
1.847580092101430e-02
2.616496594677737e-02
3.623735923653535e-02
4.921873724098121e-02
6.557415777645907e-02
8.595438252132671e-02
1.117603765958996e-01
1.450634554204086e-01
1.870052844636232e-01
2.378416493684328e-01
2.992194442858068e-01
3.722889511012022e-01
4.565113987225347e-01
5.494811505484113e-01
6.439242822152639e-01
7.573683535499327e-01
1.000000000000000e+00
1.000000000000000e+00
1.000000000000000e+00
1.000000000000000e+00
1.000000000000000e+00
1.000000000000000e+00
1.000000000000000e+00
1.000000000000000e+00
1.000000000000000e+00
1.000000000000000e+00
1.000000000000000e+00
###8.000000000000002e+00
8.887219324145679e-08
5.684518933447767e-08
5.642667577751703e-09
2.197450036728670e-07
4.839111413714376e-07
1.277574457207310e-07
7.160516670891971e-07
4.215411571125716e-07
3.576814457139146e-07
2.963397436974988e-07
4.336522928405899e-07
2.393307971334153e-07
2.869675868166753e-07
4.651355966071775e-07
3.172539057750363e-07
3.970142658312527e-07
3.287703232346893e-07
4.028479391509004e-07
4.019981871936007e-07
4.059402416089712e-07
4.706112974890531e-07
4.569953976193300e-07
4.858054886917584e-07
4.797548505998475e-07
5.236821591810259e-07
5.318198292895934e-07
5.325760824459867e-07
5.731662767645825e-07
6.108671578422495e-07
6.499547842533445e-07
7.066034931169080e-07
7.584128963581177e-07
8.373126295437555e-07
9.147426382339125e-07
1.020312285935272e-06
1.146377348815224e-06
1.287070167653278e-06
1.468909533507993e-06
1.694910566122904e-06
1.981477126570612e-06
2.317532765501538e-06
2.730819617405767e-06
3.249674949595894e-06
3.881650778202094e-06
4.620309365891669e-06
5.517199171617579e-06
6.604662828375615e-06
7.864386511705499e-06
9.306279117174505e-06
1.107701257244783e-05
1.308577032736150e-05
1.546886499177541e-05
1.837722432791478e-05
2.260655756517460e-05
2.887575808969573e-05
3.638329250392195e-05
4.163320943593954e-05
4.360763810268310e-05
3.746055290484879e-05
1.935840335643108e-05
9.823767533206570e-06
6.286831072750878e-05
1.960609536545806e-04
4.420108522233666e-04
8.084465721713708e-04
1.293557463871512e-03
1.760578450550537e-03
2.124471806530056e-03
2.724818775175245e-03
3.987794725888578e-03
6.144934738173105e-03
9.390698016941298e-03
1.398043918513121e-02
2.022473323753753e-02
2.849806854131962e-02
3.930550802461846e-02
5.316201675498624e-02
7.057468200113259e-02
9.214192379625075e-02
1.193006191976085e-01
1.540785983552948e-01
1.974324888221270e-01
2.495399700341604e-01
3.116537498297891e-01
3.845689044851420e-01
4.675276193449353e-01
5.577356312871622e-01
6.485797366433949e-01
7.596229641347705e-01
1.000000000000000e+00
1.000000000000000e+00
1.000000000000000e+00
1.000000000000000e+00
1.000000000000000e+00
1.000000000000000e+00
1.000000000000000e+00
1.000000000000000e+00
1.000000000000000e+00
1.000000000000000e+00
1.000000000000000e+00
###8.400000000000002e+00
1.482469355242780e-08
6.355151648558263e-07
2.585867240596224e-07
2.154443334575658e-07
3.629624811764784e-07
3.513891683168560e-07
7.071756504108306e-07
2.979024217480141e-07
3.765129242066797e-07
3.349567518854477e-07
4.367095194030461e-07
2.715262549588830e-07
3.113314519691627e-07
5.004733930511455e-07
3.404361813803777e-07
4.208838337042562e-07
3.620868100954788e-07
4.387653493587751e-07
4.443353161358608e-07
4.413983815851055e-07
5.054337414735292e-07
4.872415206563310e-07
5.268236076312557e-07
5.318652275941034e-07
5.711860899194262e-07
5.991993126028866e-07
5.910803955440098e-07
6.347557422945129e-07
6.842766005565512e-07
7.227959448874680e-07
7.859202577651624e-07
8.431811813800849e-07
9.289480402065183e-07
1.017763582172362e-06
1.131713806201053e-06
1.266887956395798e-06
1.434010058815297e-06
1.628662422594588e-06
1.876802921717355e-06
2.192096447797593e-06
2.558120852305817e-06
3.013712079102908e-06
3.586162032440223e-06
4.269052543338484e-06
5.064424130236150e-06
6.049686322802051e-06
7.228285853921895e-06
8.598410527115587e-06
1.018595580665366e-05
1.211190044715370e-05
1.432043110627411e-05
1.691184683650862e-05
2.009010423463904e-05
2.452120577340854e-05
3.086873704883425e-05
3.840498405478616e-05
4.401198387327505e-05
4.668480939771317e-05
4.251958307341059e-05
2.899126711657135e-05
2.571484893429458e-05
8.177096870795128e-05
2.160931144913726e-04
4.590015139237547e-04
8.232083773716509e-04
1.308963864681088e-03
1.808555932895914e-03
2.271934528453048e-03
3.016665939430656e-03
4.451366597023825e-03
6.825886506906942e-03
1.035944626180749e-02
1.531734589321187e-02
2.203785690073052e-02
3.091497549789791e-02
4.245873423955452e-02
5.719669378416774e-02
7.565771901439548e-02
9.843755533458644e-02
1.269145497130482e-01
1.630647763530829e-01
2.077801382842607e-01
2.611444601339310e-01
3.239160113035422e-01
3.967761725820615e-01
4.784376232629599e-01
5.661216010351142e-01
6.535312186239874e-01
7.617720349650241e-01
1.000000000000000e+00
1.000000000000000e+00
1.000000000000000e+00
1.000000000000000e+00
1.000000000000000e+00
1.000000000000000e+00
1.000000000000000e+00
1.000000000000000e+00
1.000000000000000e+00
1.000000000000000e+00
1.000000000000000e+00
###8.800000000000002e+00
3.855640785669963e-09
7.103368712824371e-07
3.087013175900841e-07
1.413168184091634e-07
3.932619049239794e-07
3.412152533446435e-07
7.407094346065588e-07
1.630672477017316e-07
5.295683559202549e-07
3.777990179907664e-07
4.543533821002571e-07
3.104630024674036e-07
3.460002197238053e-07
5.245121446622497e-07
3.705272611723826e-07
4.502685312193783e-07
4.111535757334236e-07
5.168781048964304e-07
4.888229099655584e-07
4.901270476889713e-07
6.107926321178142e-07
5.282509590921771e-07
5.781945942090808e-07
6.007638944303355e-07
6.334119426939169e-07
6.619957418726481e-07
6.607585137711346e-07
7.077088610523480e-07
7.671710416162417e-07
8.068290903147248e-07
8.790983686890344e-07
9.414428431092734e-07
1.036578794052604e-06
1.135076338056528e-06
1.260513192310638e-06
1.414797976292625e-06
1.599289383462109e-06
1.808840428612547e-06
2.085570412083895e-06
2.424837555608750e-06
2.825588585495336e-06
3.325834099432194e-06
3.944527248324866e-06
4.686556989936105e-06
5.557312012619144e-06
6.615553379711593e-06
7.906842201908150e-06
9.398362353265127e-06
1.113179462980666e-05
1.323135599943285e-05
1.561641787606545e-05
1.848868131343325e-05
2.196294529210477e-05
2.666233017725171e-05
3.319464042008862e-05
4.090056383626875e-05
4.707019520429750e-05
5.087200471273236e-05
4.901773380071944e-05
4.035914155963053e-05
4.367412383423500e-05
1.038042765571908e-04
2.411428892766095e-04
4.846726884393379e-04
8.512624303495099e-04
1.344994233204861e-03
1.884413025874703e-03
2.448984781397663e-03
3.339571552818616e-03
4.954355377402622e-03
7.555838223110290e-03
1.138641160324395e-02
1.672029031196631e-02
2.393474553973684e-02
3.342209252987848e-02
4.570109822608939e-02
6.133317702887661e-02
8.084200279901144e-02
1.048160952396523e-01
1.345947928305031e-01
1.721124375431714e-01
2.181543309578325e-01
2.726048261912816e-01
3.360331328784648e-01
4.087765876110384e-01
4.891763068252015e-01
5.744740257802031e-01
6.589646485708791e-01
7.644021566888185e-01
1.000000000000000e+00
1.000000000000000e+00
1.000000000000000e+00
1.000000000000000e+00
1.000000000000000e+00
1.000000000000000e+00
1.000000000000000e+00
1.000000000000000e+00
1.000000000000000e+00
1.000000000000000e+00
1.000000000000000e+00
###9.200000000000003e+00
7.068504392572977e-08
6.732835706771441e-07
3.762421707057453e-07
1.590735815229686e-07
4.311204695867647e-07
3.588484696961568e-07
7.237949307918373e-07
2.457683212934534e-07
5.419780539852087e-07
3.901405618110334e-07
5.151831738869798e-07
3.432233655302623e-07
3.752674828104227e-07
5.419172890249847e-07
4.042647664893382e-07
4.819160174239871e-07
4.506113557995702e-07
5.546441379344173e-07
5.211012114240886e-07
5.361839998811770e-07
6.512337836365794e-07
5.835872082420043e-07
6.328543818388616e-07
6.573220399451709e-07
6.806179434948011e-07
7.261550504430594e-07
7.313979338557109e-07
7.851498350090830e-07
8.537534654982531e-07
8.955000199683580e-07
9.718182363613617e-07
1.047262738413253e-06
1.148020454210290e-06
1.260216576128698e-06
1.396920852726181e-06
1.568435713371718e-06
1.766849336703630e-06
1.997963780965045e-06
2.300075959810519e-06
2.672536551928098e-06
3.113040551487293e-06
3.649694282649121e-06
4.322330386702445e-06
5.128616463479876e-06
6.073339403984267e-06
7.217301199312761e-06
8.622011524894420e-06
1.023960296894440e-05
1.213640490814790e-05
1.442755611993429e-05
1.704096867538642e-05
2.019203834708197e-05
2.400195951301450e-05
2.905781663397593e-05
3.589888830944174e-05
4.399419650024417e-05
5.095942962386446e-05
5.621171853699178e-05
5.713616480634804e-05
5.373965627244313e-05
6.431408107107332e-05
1.299820513734787e-04
2.723220730447716e-04
5.201477318393862e-04
8.936822642576334e-04
1.402228873740882e-03
1.988389201329707e-03
2.657674768370103e-03
3.698533200170914e-03
5.500126862894405e-03
8.335834337069000e-03
1.247452102174855e-02
1.819610513727595e-02
2.590988271772300e-02
3.601518159071068e-02
4.904826191044349e-02
6.556006856835470e-02
8.612780599185539e-02
1.112924424114366e-01
1.423579981925422e-01
1.812279916561534e-01
2.285199118954762e-01
2.840041607606068e-01
3.480397545739453e-01
4.206344425841124e-01
4.997809209653450e-01
5.828634469157463e-01
6.643202701465433e-01
7.671094814996833e-01
1.000000000000000e+00
1.000000000000000e+00
1.000000000000000e+00
1.000000000000000e+00
1.000000000000000e+00
1.000000000000000e+00
1.000000000000000e+00
1.000000000000000e+00
1.000000000000000e+00
1.000000000000000e+00
1.000000000000000e+00
###9.600000000000003e+00
8.612168169357485e-08
5.828740745065473e-07
3.430276518724381e-07
1.369535428991892e-07
4.472798115026700e-07
3.696563175692724e-07
2.034564935183373e-06
2.885086696776069e-07
4.176304118963184e-07
4.413911721058701e-07
5.308299746979648e-07
3.966151919021569e-07
4.019526551208831e-07
5.628561385586721e-07
4.399708488095459e-07
5.083729015260420e-07
4.822010954835585e-07
5.878598707726085e-07
5.628336166716679e-07
5.875200063554289e-07
6.955687701434023e-07
6.365724327693356e-07
6.844888495665286e-07
7.181962320348232e-07
7.428220244030544e-07
7.955381542861091e-07
7.954909665939912e-07
8.673769100663203e-07
9.359844522484792e-07
9.859605987134361e-07
1.069736710030049e-06
1.155927329140319e-06
1.267279549489353e-06
1.388544560969462e-06
1.537582019886294e-06
1.729303321879523e-06
1.947624210415038e-06
2.200404237027755e-06
2.525335202848148e-06
2.935181182438774e-06
3.410025490575681e-06
3.995128833413784e-06
4.720144154714285e-06
5.585398970856907e-06
6.620438519631176e-06
7.858370548380466e-06
9.376281958949469e-06
1.113280410568190e-05
1.321396773161137e-05
1.570627151013964e-05
1.858008998187534e-05
2.203337600448273e-05
2.624858610994222e-05
3.173110882153324e-05
3.905507274811109e-05
4.771492138998448e-05
5.574853885595300e-05
6.283465585932554e-05
6.693864615807235e-05
6.933671926909645e-05
8.763969085892933e-05
1.603128324704391e-04
3.098414380690307e-04
5.652903394548034e-04
9.507939230373612e-04
1.481453643051649e-03
2.120274348463208e-03
2.897904248827704e-03
4.094268902585404e-03
6.089703609026695e-03
9.171712358716760e-03
1.362870164052743e-02
1.974888934104834e-02
2.796849742247548e-02
3.870191014484410e-02
5.249800349586975e-02
6.990070027876033e-02
9.151753309119073e-02
1.178511985996122e-01
1.502164990621806e-01
1.903777808306023e-01
2.388978554292591e-01
2.953330067539641e-01
3.599872733727669e-01
4.322867175535882e-01
5.103574376476266e-01
5.911776106156377e-01
6.696362965190251e-01
7.700886456024837e-01
1.000000000000000e+00
1.000000000000000e+00
1.000000000000000e+00
1.000000000000000e+00
1.000000000000000e+00
1.000000000000000e+00
1.000000000000000e+00
1.000000000000000e+00
1.000000000000000e+00
1.000000000000000e+00
1.000000000000000e+00
###1.000000000000000e+01
1.372616917010107e-07
6.030326931402036e-07
3.554593629677520e-07
1.729604169123008e-07
3.954923309792384e-07
3.899976810292548e-07
1.986682622899330e-06
3.149478953842595e-07
4.435714896954686e-07
4.680494557912358e-07
5.012349893938841e-07
4.293686481728237e-07
4.652893726582035e-07
5.880260300995271e-07
4.795488506459324e-07
5.456595430974449e-07
5.263354775754782e-07
6.273886213976723e-07
6.102512711314930e-07
6.385209755145992e-07
7.424127718634597e-07
6.955616796810577e-07
7.446551443178597e-07
7.825597434246071e-07
8.126103970432619e-07
8.666024528335579e-07
8.784727196645426e-07
9.526260609954432e-07
1.031478254070025e-06
1.087661465368755e-06
1.184734132857361e-06
1.270373550097573e-06
1.398938180560968e-06
1.531680455975868e-06
1.691558705673901e-06
1.904096960426989e-06
2.140099214289266e-06
2.423704556128814e-06
2.780183712410043e-06
3.215520430315221e-06
3.732806450876057e-06
4.361395358323003e-06
5.148800745189039e-06
6.087078157059112e-06
7.208727894085007e-06
8.539545844200772e-06
1.018856280932294e-05
1.210249428054751e-05
1.437852376800854e-05
1.709052310913712e-05
2.024584844141833e-05
2.406880956427888e-05
2.874113688469794e-05
3.472246095653975e-05
4.269270897953109e-05
5.216553976428941e-05
6.151530977354917e-05
7.083378403973485e-05
7.861570359626482e-05
8.734189576507106e-05
1.145444759002905e-04
1.954005940079254e-04
3.547967069607961e-04
6.212765588372934e-04
1.023760572249106e-03
1.582491816441980e-03
2.281924120817536e-03
3.172516922758003e-03
4.527676116249998e-03
6.724002192297896e-03
1.006133122281202e-02
1.484358970803045e-02
2.137866429828843e-02
3.011806805603068e-02
4.148792997730356e-02
5.605424615988317e-02
7.436382587017250e-02
9.702956796658868e-02
1.245519011867105e-01
1.581698911049783e-01
1.995717929274163e-01
2.492799642763354e-01
3.066339890840879e-01
3.717705642915645e-01
4.438252696233052e-01
5.208677995070292e-01
5.997477019334273e-01
6.754040805902578e-01
7.730368729108492e-01
1.000000000000000e+00
1.000000000000000e+00
1.000000000000000e+00
1.000000000000000e+00
1.000000000000000e+00
1.000000000000000e+00
1.000000000000000e+00
1.000000000000000e+00
1.000000000000000e+00
1.000000000000000e+00
1.000000000000000e+00
###1.040000000000000e+01
1.936413559341649e-08
5.138109463715524e-07
3.473089198887010e-07
1.805657147262737e-07
3.834707444232811e-07
3.643221175172154e-07
1.996969674205045e-06
3.049730910390474e-07
4.199027918965074e-07
4.886170688748213e-07
5.150515046473959e-07
4.377389760983023e-07
4.990754342379279e-07
7.675275355974613e-07
5.230306513532206e-07
5.890451084012763e-07
5.709654250057851e-07
6.748614740913681e-07
6.599874099442474e-07
7.024192882281655e-07
7.976701252584951e-07
7.574251664717757e-07
8.074851726091929e-07
8.508979490316162e-07
8.870035059590893e-07
9.456721977785670e-07
9.661573410453685e-07
1.044381709677109e-06
1.130073314057933e-06
1.196262459852585e-06
1.300991542312839e-06
1.397504694349327e-06
1.537466709973537e-06
1.686021604199588e-06
1.859545354474759e-06
2.092513138496119e-06
2.341252681318008e-06
2.662993541354476e-06
3.045200156298533e-06
3.520904068562300e-06
4.076283985347290e-06
4.757464126916204e-06
5.603265073986649e-06
6.616203777999374e-06
7.833685205586360e-06
9.269239949384069e-06
1.105882040868128e-05
1.314520964412021e-05
1.562354000472862e-05
1.857871298608456e-05
2.207182275318670e-05
2.629077240638669e-05
3.150926160428025e-05
3.810733538109112e-05
4.681360150383529e-05
5.737139151341186e-05
6.845928924614796e-05
8.048131968650668e-05
9.250974186733752e-05
1.082548031451785e-04
1.449829031946055e-04
2.359409321068304e-04
4.073496985947122e-04
6.884686187611809e-04
1.112953291273904e-03
1.706667498130971e-03
2.472582816949404e-03
3.480649138483739e-03
5.000542981577193e-03
7.407341797670878e-03
1.100789888644101e-02
1.612679392057404e-02
2.308980002580218e-02
3.235139068786069e-02
4.437326081060272e-02
5.971354821064424e-02
7.893614303743647e-02
1.026474527018187e-01
1.313400022977352e-01
1.662086613667605e-01
2.088326883498335e-01
2.596511761559740e-01
3.178430339157213e-01
3.834349508657325e-01
4.553438325835039e-01
5.313273854332932e-01
6.081481155136559e-01
6.813799348817612e-01
7.763092058882092e-01
1.000000000000000e+00
1.000000000000000e+00
1.000000000000000e+00
1.000000000000000e+00
1.000000000000000e+00
1.000000000000000e+00
1.000000000000000e+00
1.000000000000000e+00
1.000000000000000e+00
1.000000000000000e+00
1.000000000000000e+00
###1.080000000000000e+01
9.345947418237322e-08
5.209407613402068e-07
3.493701408110387e-07
1.961744522770193e-07
3.804413404185233e-07
3.317686656030034e-07
1.970325298368061e-06
3.263722823589882e-07
5.124473313465721e-07
5.532165442917038e-07
5.539909481078849e-07
4.699525699495975e-07
5.395778607043723e-07
8.222726808829272e-07
5.665975332691934e-07
6.307364791738189e-07
6.184783795380249e-07
7.251343807545079e-07
7.117060911418477e-07
7.533496884822539e-07
8.508903766825098e-07
8.259561249978709e-07
8.785549891384862e-07
9.226723174757099e-07
9.652322647349400e-07
1.027850789503449e-06
1.059231478461718e-06
1.141628832756322e-06
1.236061169357501e-06
1.310261119953889e-06
1.423918619912616e-06
1.535878849295623e-06
1.685493508331322e-06
1.851868174984323e-06
2.040795657383283e-06
2.287310236971734e-06
2.563350272358970e-06
2.911804522403648e-06
3.334259972390187e-06
3.842110649536767e-06
4.444251876439604e-06
5.183286824344380e-06
6.091066195200457e-06
7.187346025475912e-06
8.500425561246934e-06
1.004897472889029e-05
1.199768592889104e-05
1.426160583673949e-05
1.696430728600489e-05
2.019825147515841e-05
2.406642239601792e-05
2.875002785278759e-05
3.457731600637091e-05
4.195702586521136e-05
5.163308320958718e-05
6.348750286813104e-05
7.659871192757671e-05
9.176997002898275e-05
1.087816412915407e-04
1.322744201508270e-04
1.795758023051581e-04
2.825400146160305e-04
4.683425595651826e-04
7.681731423815329e-04
1.219493439899258e-03
1.854392533820461e-03
2.694202298866080e-03
3.825859263423677e-03
5.515771835412035e-03
8.140281427161444e-03
1.201600578615746e-02
1.748059729539168e-02
2.488287663752141e-02
3.468505588978266e-02
4.736825932190376e-02
6.348402573645258e-02
8.362459263049823e-02
1.083857231662089e-01
1.382355644096401e-01
1.743314530201087e-01
2.181671964357681e-01
2.700624334843325e-01
3.290709115907325e-01
3.950471457498870e-01
4.667193361227531e-01
5.416781093690526e-01
6.165914741572879e-01
6.873083854587935e-01
7.797015462921247e-01
1.000000000000000e+00
1.000000000000000e+00
1.000000000000000e+00
1.000000000000000e+00
1.000000000000000e+00
1.000000000000000e+00
1.000000000000000e+00
1.000000000000000e+00
1.000000000000000e+00
1.000000000000000e+00
1.000000000000000e+00
###1.120000000000000e+01
5.149845427561726e-08
4.718211323658100e-07
2.589298988934669e-07
3.634340030956272e-07
3.954188088697636e-07
3.451688553332682e-07
1.778723279502029e-06
3.368297751457482e-07
5.313024208436661e-07
5.926303623415505e-07
5.535013250156668e-07
5.038569868405314e-07
5.691685052195268e-07
8.420293804394105e-07
6.104052860816250e-07
6.965713299675281e-07
6.681424900406613e-07
7.708238663202611e-07
7.674565196689310e-07
8.108343621679570e-07
9.072085536310008e-07
8.941095866048325e-07
9.552678894143116e-07
9.941830020408148e-07
1.047115833313197e-06
1.115241663777949e-06
1.156505791932596e-06
1.244712957461771e-06
1.346217214500500e-06
1.428897764096427e-06
1.554023182139230e-06
1.679432828199520e-06
1.844278194075726e-06
2.031451300164712e-06
2.232998608132419e-06
2.499346222904938e-06
2.808734192086494e-06
3.178097311732700e-06
3.633412584215454e-06
4.184372729270462e-06
4.838199774444768e-06
5.641383137586201e-06
6.615426653986722e-06
7.754911847373911e-06
9.210101610877176e-06
1.089070780182013e-05
1.299589490023600e-05
1.546526688516871e-05
1.841847874120588e-05
2.197692050894263e-05
2.625596873396799e-05
3.149960558959429e-05
3.801347515627193e-05
4.629536667301086e-05
5.715562282498877e-05
7.059423062762047e-05
8.618405175864526e-05
1.050091596698603e-04
1.276327636664438e-04
1.597330766778976e-04
2.188224189014726e-04
3.354637589999317e-04
5.384818950328983e-04
8.609641824183975e-04
1.344417119571224e-03
2.028214780583132e-03
2.947178481759821e-03
4.207961429630168e-03
6.076369859935221e-03
8.925140642738770e-03
1.308434305520110e-02
1.890601883013432e-02
2.676014348266138e-02
3.711149486374675e-02
5.046219436569119e-02
6.737477390047307e-02
8.842846694634188e-02
1.142463371423918e-01
1.452562701247476e-01
1.825542692729457e-01
2.275681116817946e-01
2.804959292359678e-01
3.402682346720292e-01
4.066261231809472e-01
4.779929022739119e-01
5.520418802756413e-01
6.251712116658324e-01
6.931562477229538e-01
7.833362050613025e-01
1.000000000000000e+00
1.000000000000000e+00
1.000000000000000e+00
1.000000000000000e+00
1.000000000000000e+00
1.000000000000000e+00
1.000000000000000e+00
1.000000000000000e+00
1.000000000000000e+00
1.000000000000000e+00
1.000000000000000e+00
###1.160000000000000e+01
1.192076803668199e-07
4.812808879963606e-07
2.732865277561741e-07
3.906837020190972e-07
3.929934462760415e-07
3.203330247890600e-07
1.756591209339603e-06
3.617372449160625e-07
5.522102241832750e-07
6.215740768663205e-07
5.792298273897448e-07
5.173754938226175e-07
6.065205755926910e-07
8.604510964083041e-07
6.569409923755188e-07
7.384124620527302e-07
7.196263988836384e-07
8.184787129571796e-07
8.227772297888325e-07
8.704765123099727e-07
9.665629635571175e-07
9.640374005821254e-07
1.028455270620199e-06
1.074471457866472e-06
1.133261812102114e-06
1.207505905494544e-06
1.258579142342336e-06
1.354483282569923e-06
1.463279641263843e-06
1.557594942640220e-06
1.692877344174215e-06
1.832290376553027e-06
2.011821182805705e-06
2.214391905606503e-06
2.438532416316259e-06
2.726399871690927e-06
3.063532017946230e-06
3.463797321311425e-06
3.954674286159942e-06
4.546479946084334e-06
5.258645873153488e-06
6.122395183001978e-06
7.170345510631848e-06
8.409597998395977e-06
9.974683775103322e-06
1.180248424760343e-05
1.408045333194643e-05
1.676459604311655e-05
1.999816557732204e-05
2.392387727733667e-05
2.867412022805185e-05
3.454757037343391e-05
4.184650571490490e-05
5.121137971399427e-05
6.343759366082794e-05
7.880080217783797e-05
9.727707879934401e-05
1.202750548733554e-04
1.493672125521433e-04
1.909630643930779e-04
2.630200537118817e-04
3.953154378123777e-04
6.185204639425311e-04
9.674084112146501e-04
1.488270878497705e-03
2.226770031684568e-03
3.234013236016947e-03
4.628520127636176e-03
6.684484657498269e-03
9.763171749826282e-03
1.421783686761026e-02
2.040519151614528e-02
2.872176441912097e-02
3.963566832145822e-02
5.366928694179360e-02
7.139436100055929e-02
9.336681835695369e-02
1.202249367558174e-01
1.523949988772219e-01
1.908768827540428e-01
2.370359195557623e-01
2.909711199804668e-01
3.514656627180898e-01
4.181489116375083e-01
4.892602151524210e-01
5.623586649189246e-01
6.337023204428227e-01
6.993017048583759e-01
7.869896443649607e-01
1.000000000000000e+00
1.000000000000000e+00
1.000000000000000e+00
1.000000000000000e+00
1.000000000000000e+00
1.000000000000000e+00
1.000000000000000e+00
1.000000000000000e+00
1.000000000000000e+00
1.000000000000000e+00
1.000000000000000e+00
###1.200000000000001e+01
-4.334917670593523e-08
5.118027844007449e-07
2.822653131967126e-07
4.143477540368974e-07
5.659534644016385e-07
3.259949001652925e-07
1.745280454175730e-06
3.915538784567433e-07
5.768928654780627e-07
6.386650614997579e-07
6.108350402261359e-07
5.577113122412274e-07
6.461559081749533e-07
8.878194000112135e-07
7.052816458344448e-07
7.854393983005133e-07
7.752647071587692e-07
8.720982330146789e-07
8.823687422910231e-07
9.362740757439933e-07
1.032946729151746e-06
1.040887552303044e-06
1.109263645443096e-06
1.161616485837665e-06
1.227952197033852e-06
1.310138334890313e-06
1.370680535690763e-06
1.473880207934958e-06
1.591247443498533e-06
1.698924275149593e-06
1.844825905909513e-06
2.001755277514473e-06
2.194403477523994e-06
2.415201869689232e-06
2.660433342636421e-06
2.972768221031092e-06
3.340436932561779e-06
3.771944370730628e-06
4.307342767306504e-06
4.942423669306211e-06
5.709457118514497e-06
6.641708358501286e-06
7.774341318081089e-06
9.116106496254182e-06
1.080299782351011e-05
1.278860120038638e-05
1.525361926108459e-05
1.818728522030812e-05
2.173557907421725e-05
2.607539166100569e-05
3.135150979614478e-05
3.791104130247978e-05
4.615743736101984e-05
5.672705537413514e-05
7.058581909675905e-05
8.825165854345397e-05
1.100476869047563e-04
1.378702110832576e-04
1.741178536339673e-04
2.263323441601087e-04
3.126054405861083e-04
4.628803943970803e-04
7.090180597195102e-04
1.088413983816854e-03
1.651870813576303e-03
2.452029428771212e-03
3.554300709056347e-03
5.091276141224343e-03
7.338840490179127e-03
1.066067540331370e-02
1.542029990195258e-02
2.198489853130423e-02
3.077748950240954e-02
4.227170151097395e-02
5.698785244495657e-02
7.553190073954834e-02
9.843302591387450e-02
1.263498696341651e-01
1.596535257003819e-01
1.993118406069183e-01
2.465950551085756e-01
3.014975690865211e-01
3.626861974712987e-01
4.296765544169418e-01
5.004755828898115e-01
5.725941033823887e-01
6.423428224128278e-01
7.053749075641009e-01
7.909582860157836e-01
1.000000000000000e+00
1.000000000000000e+00
1.000000000000000e+00
1.000000000000000e+00
1.000000000000000e+00
1.000000000000000e+00
1.000000000000000e+00
1.000000000000000e+00
1.000000000000000e+00
1.000000000000000e+00
1.000000000000000e+00
###1.240000000000001e+01
3.314920349384677e-08
4.922019811895663e-07
2.051822232822483e-07
4.215736911914063e-07
5.781384228786701e-07
3.375083580564790e-07
1.736629248272055e-06
4.011068901804304e-07
5.969735157773899e-07
6.833053240202706e-07
6.395492784500132e-07
5.987246935542911e-07
6.869089864552998e-07
9.170187791136844e-07
7.533215838703589e-07
8.356015496973974e-07
8.324965326712491e-07
9.290563290931346e-07
9.469403081074122e-07
1.005347269180631e-06
1.103452811841581e-06
1.125764622353251e-06
1.194965705898816e-06
1.255016556653602e-06
1.328354138454477e-06
1.417416942704486e-06
1.489718716777218e-06
1.601934986493592e-06
1.728262307204944e-06
1.854266401546652e-06
2.011914791315544e-06
2.180898981190733e-06
2.389072544624872e-06
2.628890588399632e-06
2.898865901885560e-06
3.235484634077657e-06
3.636858379183049e-06
4.101736240298069e-06
4.681830572717619e-06
5.367433313775680e-06
6.189613499304227e-06
7.202592931518876e-06
8.424897875328199e-06
9.876623172284703e-06
1.168981461549091e-05
1.385852184771088e-05
1.652268943617857e-05
1.973210157005731e-05
2.362558388378330e-05
2.843294495968437e-05
3.430153702995039e-05
4.167283835618869e-05
5.098697649470335e-05
6.293840413425366e-05
7.871007450763198e-05
9.902953154726575e-05
1.246175130481364e-04
1.579325895623064e-04
2.022559594099991e-04
2.660952630205953e-04
3.681186500180159e-04
5.384402511824477e-04
8.105872226042600e-04
1.224726526667806e-03
1.836108625878920e-03
2.705448051403105e-03
3.909115620130381e-03
5.595763610344496e-03
8.044561880789980e-03
1.161712099741985e-02
1.669303233053261e-02
2.364560228085811e-02
3.292674734549572e-02
4.501479039093168e-02
6.043344489286461e-02
7.978748821641640e-02
1.036335922453036e-01
1.326056003814179e-01
1.670544115834720e-01
2.078767189990226e-01
2.562253427971150e-01
3.120400706156154e-01
3.739252448292553e-01
4.411611225639732e-01
5.116560553086440e-01
5.828096744627237e-01
6.509083672305465e-01
7.117702326793447e-01
7.946392465546914e-01
1.000000000000000e+00
1.000000000000000e+00
1.000000000000000e+00
1.000000000000000e+00
1.000000000000000e+00
1.000000000000000e+00
1.000000000000000e+00
1.000000000000000e+00
1.000000000000000e+00
1.000000000000000e+00
1.000000000000000e+00
###1.280000000000001e+01
1.141229256277407e-07
4.933434649693735e-07
2.158694198235606e-07
4.220967726833896e-07
6.945881866213658e-07
4.688090324200167e-07
1.723156022218845e-06
4.227004917534392e-07
6.546240134895923e-07
7.466136890283570e-07
6.948191273579731e-07
6.405882928754807e-07
7.266549516498618e-07
9.466079168202431e-07
8.020680038296287e-07
8.846146598250595e-07
8.892129813416392e-07
9.857608009704552e-07
1.011722723300394e-06
1.075062037033603e-06
1.175031509196203e-06
1.207539934102496e-06
1.282458868971687e-06
1.350613311163439e-06
1.432525617065632e-06
1.528990399329560e-06
1.609998009595793e-06
1.739815963458832e-06
1.871185781148573e-06
2.011713228531143e-06
2.179626220699034e-06
2.368151134759505e-06
2.594116570811620e-06
2.854511673834351e-06
3.152123695788005e-06
3.518343984191917e-06
3.949913149118706e-06
4.451483951392873e-06
5.074019028445364e-06
5.821447011282899e-06
6.702746560022829e-06
7.802553433301439e-06
9.113915013177842e-06
1.068960124540781e-05
1.265243729334299e-05
1.500069042052622e-05
1.788999788088958e-05
2.141380642307524e-05
2.569133703282326e-05
3.101909126777386e-05
3.755116541183392e-05
4.584522552364669e-05
5.633656746660093e-05
6.994617460670835e-05
8.785754946015403e-05
1.112424806103967e-04
1.411586216955506e-04
1.806248571039303e-04
2.339751243835410e-04
3.106272141962783e-04
4.300168601717838e-04
6.225605484199554e-04
9.238816921455931e-04
1.377518870487250e-03
2.041892272018463e-03
2.986672066971556e-03
4.300154577457637e-03
6.144077819103602e-03
8.801181095111297e-03
1.263690746106586e-02
1.803994325737251e-02
2.539757091741328e-02
3.518004795643625e-02
4.786652751253585e-02
6.399529716549981e-02
8.418155832056720e-02
1.089822064037411e-01
1.389910614074087e-01
1.745814747385657e-01
2.165572588806239e-01
2.659792351516060e-01
3.226854300942130e-01
3.852154263314431e-01
4.526414084671637e-01
5.228609083352437e-01
5.930524551978142e-01
6.596026899718388e-01
7.179538528056506e-01
7.983663290720084e-01
1.000000000000000e+00
1.000000000000000e+00
1.000000000000000e+00
1.000000000000000e+00
1.000000000000000e+00
1.000000000000000e+00
1.000000000000000e+00
1.000000000000000e+00
1.000000000000000e+00
1.000000000000000e+00
1.000000000000000e+00
###1.320000000000001e+01
1.605983244999394e-07
5.567243191742966e-07
2.193294172823895e-07
5.250492558838892e-07
6.995646871622109e-07
4.878411359506817e-07
1.730065161369796e-06
4.492105839319973e-07
6.495127733759746e-07
7.770393089389701e-07
7.316292245204395e-07
6.834568005100338e-07
7.663122723872800e-07
9.808118849531011e-07
8.567627824837195e-07
9.373666138519206e-07
9.486192741379453e-07
1.045582092741004e-06
1.080771783160633e-06
1.148826391952729e-06
1.251462510404857e-06
1.294042827158641e-06
1.375379173210992e-06
1.452445110051815e-06
1.542399162836243e-06
1.647484176445209e-06
1.741567790248073e-06
1.880612558315603e-06
2.024038390736420e-06
2.178280725411199e-06
2.361615824998870e-06
2.567804732958835e-06
2.814444512083493e-06
3.096567867035250e-06
3.424119227839931e-06
3.821787959218788e-06
4.282646225919371e-06
4.831317729420065e-06
5.499119802301032e-06
6.304445152591939e-06
7.256101008976483e-06
8.440506561477525e-06
9.860519228837167e-06
1.156828878103954e-05
1.368531115084884e-05
1.624280431276333e-05
1.937620614372000e-05
2.324768296547308e-05
2.796179176403770e-05
3.385299984950160e-05
4.114871807150720e-05
5.045096269744857e-05
6.230884512814577e-05
7.774520877651642e-05
9.815117381907967e-05
1.249622061343691e-04
1.598555659318439e-04
2.062314670858292e-04
2.696498849689465e-04
3.602895938009841e-04
4.988043459456500e-04
7.161034458405065e-04
1.050180907235534e-03
1.546990320679999e-03
2.270647402995922e-03
3.297420949045392e-03
4.728479443433401e-03
6.735828393100557e-03
9.610865993564225e-03
1.371999475295734e-02
1.946073757986334e-02
2.724131353180805e-02
3.752971635940253e-02
5.082948288350526e-02
6.769247596245327e-02
8.871371005669812e-02
1.144733711973320e-01
1.455311926201255e-01
1.822496976380414e-01
2.253605836765351e-01
2.758150898480380e-01
3.333788560509928e-01
3.965069146648962e-01
4.640761723050390e-01
5.339564955352968e-01
6.032430692836356e-01
6.681107651214725e-01
7.246176169232851e-01
8.024080483292357e-01
1.000000000000000e+00
1.000000000000000e+00
1.000000000000000e+00
1.000000000000000e+00
1.000000000000000e+00
1.000000000000000e+00
1.000000000000000e+00
1.000000000000000e+00
1.000000000000000e+00
1.000000000000000e+00
1.000000000000000e+00
###1.360000000000001e+01
2.061451369747419e-07
5.813329544707594e-07
2.173076389850619e-07
5.381293225588603e-07
7.201915045124590e-07
5.013074922020864e-07
1.677528401498133e-06
4.793896742222430e-07
6.823082413216313e-07
8.403543459446656e-07
7.660731066062975e-07
7.275559395109266e-07
8.116109136305757e-07
1.014287082183024e-06
9.097194186115659e-07
9.914690459814382e-07
1.010881884563852e-06
1.109335366317153e-06
1.152527020500398e-06
1.226497573100367e-06
1.332658362116505e-06
1.385319919780166e-06
1.473845151429127e-06
1.559874290056900e-06
1.661237372360072e-06
1.773690568309199e-06
1.880486535357635e-06
2.029844168670641e-06
2.186813647281778e-06
2.356633124922405e-06
2.556099534039160e-06
2.781147146522054e-06
3.048401179683261e-06
3.355357774620071e-06
3.710285996729091e-06
4.140263464756748e-06
4.639703684611214e-06
5.235753480941667e-06
5.956477063601149e-06
6.822379412217513e-06
7.853249366610392e-06
9.128339329597295e-06
1.065895542514614e-05
1.250898383065976e-05
1.480738550020213e-05
1.758713161740866e-05
2.101147441065188e-05
2.524150058190177e-05
3.045034117309069e-05
3.695993410729168e-05
4.511560660966427e-05
5.556655999339541e-05
6.896025654492638e-05
8.647417452595300e-05
1.096800460351112e-04
1.404489902169341e-04
1.808465781670497e-04
2.349608006232714e-04
3.094567583016014e-04
4.155002821187587e-04
5.750340522955772e-04
8.196551505247840e-04
1.189635375719572e-03
1.734423580488947e-03
2.522873175152053e-03
3.639461435125374e-03
5.195516495731547e-03
7.375130418240905e-03
1.047723218418919e-02
1.486943294221268e-02
2.096178102030851e-02
2.917402685406585e-02
3.998399164817350e-02
5.391542880937238e-02
7.151990393753105e-02
9.339130118251338e-02
1.201088890964906e-01
1.522167039517913e-01
1.900690516923840e-01
2.342841293784162e-01
2.857691979410668e-01
3.441449565702955e-01
4.078233459879141e-01
4.755188841979205e-01
5.451063518190319e-01
6.133601795155682e-01
6.766786588942125e-01
7.309461521640280e-01
8.064454913406567e-01
1.000000000000000e+00
1.000000000000000e+00
1.000000000000000e+00
1.000000000000000e+00
1.000000000000000e+00
1.000000000000000e+00
1.000000000000000e+00
1.000000000000000e+00
1.000000000000000e+00
1.000000000000000e+00
1.000000000000000e+00
###1.400000000000001e+01
1.045755803299829e-07
6.430003504518903e-07
2.278037244891662e-07
2.467212557029645e-07
7.357688268611773e-07
5.125228181699758e-07
1.641181845505160e-06
5.728942949429848e-07
7.329417029884992e-07
8.705120048327400e-07
7.886554862972222e-07
7.828961658496732e-07
8.640000020243647e-07
1.060390423682999e-06
9.702070353660879e-07
1.057559860550532e-06
1.084433062162541e-06
1.181220269415432e-06
1.232625513098156e-06
1.312896296941965e-06
1.423438989660005e-06
1.486371353999475e-06
1.582796183235201e-06
1.678522077110461e-06
1.789430124844534e-06
1.912613886297315e-06
2.032815480895716e-06
2.193791352475742e-06
2.364879739881073e-06
2.551448662619709e-06
2.765075495695581e-06
3.013810144470156e-06
3.303780381463440e-06
3.636386696042468e-06
4.023186813213585e-06
4.486765028115722e-06
5.027057436242802e-06
5.672002550603759e-06
6.450962885581626e-06
7.384829239408506e-06
8.501122750780523e-06
9.877218366319729e-06
1.153067131652001e-05
1.353159228440078e-05
1.602374042677734e-05
1.905818918205618e-05
2.278790349880644e-05
2.743474611190966e-05
3.318890249987110e-05
4.040902220298203e-05
4.951189099154499e-05
6.123205453484463e-05
7.637050243422941e-05
9.620295893909263e-05
1.225858287250326e-04
1.577509936720746e-04
2.043159482008553e-04
2.670995525489324e-04
3.537390017998015e-04
4.767743798928556e-04
6.590238017713198e-04
9.336657134341786e-04
1.343236046642130e-03
1.940623526332385e-03
2.799760812475975e-03
4.013469563515028e-03
5.702549921008568e-03
8.064201325759898e-03
1.140172626273449e-02
1.608802826076657e-02
2.254445188436658e-02
3.120242990651148e-02
4.255258703048551e-02
5.712626249510912e-02
7.548291268466333e-02
9.821269944888644e-02
1.258967499074317e-01
1.590675468096517e-01
1.980274468653182e-01
2.433426789563436e-01
2.958262866623419e-01
3.549894896732764e-01
4.191725587893630e-01
4.869772421562541e-01
5.561664087213016e-01
6.235083266981786e-01
6.853653257845749e-01
7.376667907676387e-01
8.105529516783722e-01
1.000000000000000e+00
1.000000000000000e+00
1.000000000000000e+00
1.000000000000000e+00
1.000000000000000e+00
1.000000000000000e+00
1.000000000000000e+00
1.000000000000000e+00
1.000000000000000e+00
1.000000000000000e+00
1.000000000000000e+00
###1.440000000000001e+01
1.531860740505472e-07
6.154982402068870e-07
2.009518745275300e-07
2.518953802628400e-07
7.361693199339509e-07
5.295435583455110e-07
1.623400165096868e-06
5.985628574333648e-07
7.478616518335921e-07
8.971766186380977e-07
8.265109832038699e-07
8.249661269958474e-07
9.082051007644679e-07
1.099030877697390e-06
1.030843686028804e-06
1.112203596829773e-06
1.149527968259933e-06
1.249506345059190e-06
1.309275616930890e-06
1.396375049065454e-06
1.511927847677278e-06
1.585640096708497e-06
1.690415917935785e-06
1.796422343725267e-06
1.917749800585638e-06
2.052347019695229e-06
2.186373126718865e-06
2.360354967760169e-06
2.546275139520447e-06
2.750893227625322e-06
2.983369839172644e-06
3.253984815481539e-06
3.568671907837730e-06
3.928827317309401e-06
4.349634769692794e-06
4.849261933261078e-06
5.435076586506570e-06
6.141699177947918e-06
6.971665824384461e-06
7.982393116167102e-06
9.186782189818149e-06
1.067613828593306e-05
1.245912332903689e-05
1.462760840769673e-05
1.733770488982606e-05
2.064610275982814e-05
2.472806265786319e-05
2.982985014376183e-05
3.617975503283073e-05
4.418980834360379e-05
5.436075444897888e-05
6.750083896930221e-05
8.458256983818420e-05
1.070721922278790e-04
1.369899683114440e-04
1.771085627007173e-04
2.304854468045813e-04
3.029093951597174e-04
4.028928454002192e-04
5.443225582178704e-04
7.515678455706436e-04
1.058868921805023e-03
1.511840241042842e-03
2.166646739614872e-03
3.102460888064382e-03
4.420415301447251e-03
6.251385446501090e-03
8.803582616853893e-03
1.238636561258514e-02
1.737828184853609e-02
2.421171090505681e-02
3.332924250685905e-02
4.523437485021345e-02
6.046448971141177e-02
7.958584633065315e-02
1.031912944880983e-01
1.318470115883900e-01
1.660891845210712e-01
2.061416132334520e-01
2.525495381099452e-01
3.059992409916992e-01
3.659116666362149e-01
4.305618342368863e-01
4.984435559709172e-01
5.672351782428128e-01
6.336708625704079e-01
6.940858485523793e-01
7.443484910285419e-01
8.150088490965981e-01
1.000000000000000e+00
1.000000000000000e+00
1.000000000000000e+00
1.000000000000000e+00
1.000000000000000e+00
1.000000000000000e+00
1.000000000000000e+00
1.000000000000000e+00
1.000000000000000e+00
1.000000000000000e+00
1.000000000000000e+00
###1.480000000000001e+01
2.537372948405934e-07
6.187610672849797e-07
2.573874370889720e-07
2.769723205633615e-07
7.291722503229141e-07
6.011784465475834e-07
1.625527065271589e-06
6.120170975213226e-07
7.436277698555181e-07
9.320321883169318e-07
8.704485679807130e-07
8.696135944516111e-07
9.551745034596125e-07
1.141657882167999e-06
1.086563002190284e-06
1.171359382436662e-06
1.217641494283775e-06
1.321077750701723e-06
1.389209827755537e-06
1.484038393980049e-06
1.604910827384635e-06
1.690076592151362e-06
1.803538992659792e-06
1.920399764491574e-06
2.053064135139245e-06
2.199717436023633e-06
2.348737229633278e-06
2.536777876053916e-06
2.739019195100943e-06
2.961958431180106e-06
3.215776298111292e-06
3.509606268274494e-06
3.850135692292877e-06
4.241286688625520e-06
4.697345292480050e-06
5.237709862225585e-06
5.870804450978178e-06
6.631754701245151e-06
7.529464550401157e-06
8.619141929978297e-06
9.926787783469105e-06
1.153309476691816e-05
1.346524082381379e-05
1.582024448248570e-05
1.876175302159965e-05
2.236604599518891e-05
2.684765995974328e-05
3.244672618127405e-05
3.945480557276681e-05
4.835957509519320e-05
5.973880051896151e-05
7.444664271365965e-05
9.369250576345271e-05
1.191633076110058e-04
1.530106288751565e-04
1.986303007409003e-04
2.596041330821808e-04
3.426265186084951e-04
4.572653285828368e-04
6.188467765834706e-04
8.532031217000164e-04
1.196040485310338e-03
1.696224341031073e-03
2.413330086142231e-03
3.432639537966344e-03
4.862310015553144e-03
6.843397090595072e-03
9.594961250917172e-03
1.343369314848400e-02
1.874491328923495e-02
2.597019253527535e-02
3.555871830990536e-02
4.803301672151060e-02
6.393617255649359e-02
8.383429230997377e-02
1.083254971637561e-01
1.379652786328717e-01
1.732568806051091e-01
2.144302029750583e-01
2.619079473558998e-01
3.163007979936032e-01
3.769384806655081e-01
4.420358850491388e-01
5.099621072345919e-01
5.783472351104328e-01
6.438044302664740e-01
7.028243079736245e-01
7.509434215644889e-01
8.194468972604337e-01
1.000000000000000e+00
1.000000000000000e+00
1.000000000000000e+00
1.000000000000000e+00
1.000000000000000e+00
1.000000000000000e+00
1.000000000000000e+00
1.000000000000000e+00
1.000000000000000e+00
1.000000000000000e+00
1.000000000000000e+00
###1.520000000000001e+01
2.287612845991661e-07
6.344661363351942e-07
2.227880813190770e-07
3.073737419476297e-07
7.656098351035481e-07
6.133601561259212e-07
1.639619631644809e-06
6.491864783639360e-07
7.697707979556971e-07
9.618980605457912e-07
9.276198867695349e-07
9.235511999427846e-07
1.005701896301848e-06
1.192165733593480e-06
1.147109096687308e-06
1.228656516416879e-06
1.286261086228612e-06
1.396949399334681e-06
1.475470958645135e-06
1.575270004312246e-06
1.703132442202356e-06
1.799347373134228e-06
1.922592206328180e-06
2.050930214859119e-06
2.195695379724060e-06
2.355464994628225e-06
2.520234966043195e-06
2.723079510952061e-06
2.943301587682920e-06
3.186396969671686e-06
3.462536494992767e-06
3.781595543443139e-06
4.150172676427617e-06
4.574334564237043e-06
5.068229143430174e-06
5.653321487133028e-06
6.335782505966858e-06
7.156124227209627e-06
8.127081648498335e-06
9.303270135745364e-06
1.071681297999958e-05
1.245413241710246e-05
1.454561426932870e-05
1.710793215370272e-05
2.030577911577282e-05
2.424130545894700e-05
2.915603623747282e-05
3.530443010897021e-05
4.305849034954013e-05
5.294681265501400e-05
6.565068142670700e-05
8.208478392895935e-05
1.037808149426549e-04
1.325644114250740e-04
1.708151947572411e-04
2.225049436594842e-04
2.918493946175697e-04
3.864813793086143e-04
5.171553817609603e-04
7.006012854211018e-04
9.645142903860589e-04
1.346123146270532e-03
1.897459927088275e-03
2.682258181735842e-03
3.790976782503549e-03
5.340701145010762e-03
7.480367960947230e-03
1.044114883965951e-02
1.454628546822355e-02
2.018829818895200e-02
2.781894117971473e-02
3.789129366306308e-02
5.095515582852989e-02
6.754890734542839e-02
8.822978522788062e-02
1.136190997487571e-01
1.442428986326950e-01
1.806114653777622e-01
2.228722878305949e-01
2.714140954624608e-01
3.267136677345983e-01
3.880760548887882e-01
4.535406062126069e-01
5.215175688884192e-01
5.894228043231047e-01
6.539454299885845e-01
7.115939436947826e-01
7.575827681683286e-01
8.239114121124226e-01
1.000000000000000e+00
1.000000000000000e+00
1.000000000000000e+00
1.000000000000000e+00
1.000000000000000e+00
1.000000000000000e+00
1.000000000000000e+00
1.000000000000000e+00
1.000000000000000e+00
1.000000000000000e+00
1.000000000000000e+00
###1.560000000000001e+01
3.724310321004633e-07
6.582215434463412e-07
2.232047191226140e-07
3.544955019640602e-07
7.460737322098149e-07
6.295168955672657e-07
1.631291464517017e-06
6.751626245668957e-07
8.198037186149142e-07
9.907890990710113e-07
9.646245991328432e-07
9.662581979478947e-07
1.054829544994627e-06
1.237795776203581e-06
1.207165484644514e-06
1.293687918299804e-06
1.359611601845231e-06
1.475245949016682e-06
1.562749001449146e-06
1.671060815738477e-06
1.805990556026880e-06
1.914090138863949e-06
2.047976096144474e-06
2.188513281241265e-06
2.347651218036499e-06
2.519871301070262e-06
2.701370087726712e-06
2.920655416400988e-06
3.159732809657928e-06
3.424059276008338e-06
3.724836370802227e-06
4.070691735030130e-06
4.469352706458095e-06
4.928780300973299e-06
5.463250604699017e-06
6.095537372436427e-06
6.833022650410026e-06
7.718697226600007e-06
8.766399627551815e-06
1.003729156114072e-05
1.156342310471158e-05
1.344684010603096e-05
1.570801583633410e-05
1.850152422840633e-05
2.198149412351283e-05
2.627963570978158e-05
3.166039474485598e-05
3.843973661626489e-05
4.701265469502470e-05
5.799203240666953e-05
7.216862453586130e-05
9.058009774948737e-05
1.149289122254684e-04
1.473590534856633e-04
1.904991285582029e-04
2.489753239863913e-04
3.274993625892330e-04
4.349165830362231e-04
5.830613244796996e-04
7.902287266442611e-04
1.086051920756432e-03
1.509707109136750e-03
2.116253870992206e-03
2.974000388091654e-03
4.179171941389551e-03
5.856502600199611e-03
8.164156061211042e-03
1.134548645616367e-02
1.572726863576077e-02
2.171484111834680e-02
2.976279103457214e-02
4.034031930153993e-02
5.399612359760064e-02
7.129474570168777e-02
9.278722023330105e-02
1.190779767507035e-01
1.506979087013601e-01
1.881367438992635e-01
2.314808724311318e-01
2.810604167219617e-01
3.372759901652432e-01
3.992986549189343e-01
4.651329859251592e-01
5.330916031393814e-01
6.005238859002803e-01
6.641137136572460e-01
7.203095949039460e-01
7.644893418758754e-01
8.284340991585538e-01
1.000000000000000e+00
1.000000000000000e+00
1.000000000000000e+00
1.000000000000000e+00
1.000000000000000e+00
1.000000000000000e+00
1.000000000000000e+00
1.000000000000000e+00
1.000000000000000e+00
1.000000000000000e+00
1.000000000000000e+00
